70
39.08945451209484 78.77699752100722 0.0 72.25914913376783 23.860166716751444 36.95224853286596 29.775250615687803 0.0 62.61066619632734 15.310310613837636 140.32418905520655 6.660550455528025 95.07386025295082 65.3347910664454 64.30682860253594 77.88826770666432 39.08945451209484 78.77699752100722
0.0 23.89634452399359 136.82472865869568 0.0 257.40515588452547 120.70951167239934 116.87193642631682 229.90169508851614 23.13073577439762 142.33471798483902 0.0 23.89634452399359
0.0 0.0 96.51298659582162 46.24967873443664 112.60183016110695 5.296557652538567 133.19856372563072 42.897436175712016 155.42349816646328 47.78588327695253 211.186131442946 54.12500212992819 191.34824753551922 95.61380067556345 221.44442637253243 156.15682271067777 164.9527489635578 167.3614409987486 123.9573336303358 185.87284068895917 91.5520097887352 148.6961192016695 52.40953596216464 144.87944485131663 4.3102013006754305 116.91865745390344 73.98898336487139 74.7587990293757 0.0 0.0
0.0 50.8124940401506 26.64303369534992 14.748593066052834 72.27420663574217 20.812605602984227 110.95434225615065 0.0 108.53302549754405 52.6108201606508 122.51840135485884 69.12040797607402 156.76450923850453 114.06248321673115 103.15285732152309 107.80964005695444 76.8141290534291 151.20175369067744 25.50861921728343 145.4608678774286 26.89226408733103 89.25420096023305 0.0 50.8124940401506
171.75069169657854 107.02414015680877 127.9707075575162 122.82981171195992 96.96905851769823 130.9849923530124 62.20386992745769 133.13939021472652 42.44218147961288 104.67200815298683 0.0 70.49558458246794 63.92836948785768 54.77537080251106 90.69315826309393 67.15346453709068 108.81613448979742 0.0 136.7753984143519 32.981935764706144 142.26391819030266 65.84028320421385 171.75069169657854 107.02414015680877
54.210958269784754 102.495175484778 48.868261795228435 89.58314370714528 23.498694666093513 89.12824894466786 17.249983577952037 70.58188858925338 0.0 42.12972003665959 38.93530096945335 41.223788612127834 38.18720929605283 0.0 68.16569599940811 7.60490343287011 93.62591951075608 12.08094865123428 107.00750051223592 32.575299638434785 104.05683718192068 56.62802040308641 137.09676031878377 71.49541035699333 108.15981394377164 89.08920434097472 93.6778591523188 98.53367339732878 77.56502751623597 96.61844268271498 67.38091079066554 96.47037787085253 54.210958269784754 102.495175484778
50.15833121253351 19.51916922288772 67.91485289113412 17.846760499081505 99.08161377655404 0.0 145.56014457285386 10.668017300247485 83.05155175657262 53.08083059408626 106.14335662894112 77.67106218262546 103.61095973969813 119.41864435731327 66.3438334906655 84.31966233837366 46.29982978951901 86.59122174373564 31.359491474394076 72.39108425280455 0.0 50.92857769187598 21.758818588868564 25.114845505309482 50.15833121253351 19.51916922288772
68.72170034406486 84.42941751187581 91.97511137745309 30.74760217183463 147.99857203742005 0.0 176.97518777586083 84.05301186360428 232.30359199958573 78.58007454736145 320.0448123986631 103.25602714632046 210.4252658309911 160.91517184142094 280.0193314955421 230.4520409150047 209.0685996450928 242.2396237304891 175.55773315067194 294.7628116544507 129.7248185895292 223.73525101091283 67.6156595401226 259.76081018586575 0.0 237.27070850481093 85.97472791781101 159.79009595865767 34.32325333447028 118.40501624600714 68.72170034406486 84.42941751187581
95.57620519310106 0.0 187.56557950340246 44.35632903362147 131.95419283620845 171.49201821669138 0.0 122.02001139445417 3.10445387905051 1.1596863004251432 95.57620519310106 0.0
14.999238172288429 23.58812294507716 16.334904246806715 0.0 38.51404777216028 7.856336332755845 54.06144629337702 13.291276983130842 62.87233085729228 28.31717334412403 78.39740144497621 55.078356276757575 52.585295393801275 67.9234742447467 30.3321266681818 57.33987385767482 7.676388711412031 59.94954641865991 0.0 39.279709616268335 14.999238172288429 23.58812294507716
0.0 11.740404488872386 54.159100184992695 0.0 77.16606300808331 43.62868910756917 45.713832693342624 63.952838004276344 9.287476241452907 63.08790335690445 0.0 11.740404488872386
10.822410487528856 51.975631351013114 0.0 0.0 49.786962829666834 2.170602416882815 69.93980230798908 33.00900817505481 130.70103274424974 40.78961666355094 107.04156686528125 86.64405747353695 72.66714885091287 113.47283516892725 38.13136247046694 96.54935752024437 7.5694980846539295 85.84916044683834 10.822410487528856 51.975631351013114
37.15254090552138 15.770776388175094 12.482457286733307 26.383839813115003 0.0 14.717966095680978 12.871060115436265 0.0 37.15254090552138 15.770776388175094
158.95438801853973 125.57410557814396 137.36673937228494 179.9667005563188 82.85851447196033 173.97878226900798 0.0 189.51069576006188 28.66886020770079 102.83552714045966 28.23915245685191 60.60106284733136 34.82937166475682 4.260993463047768 96.56625412823912 73.88677917227457 138.34137298405338 0.0 205.44886800111442 18.97048603575992 221.39368422321166 84.81051860036406 158.95438801853973 125.57410557814396
3.0502019913402023 34.66101642231716 0.0 20.926363686962134 18.275958646797704 15.785423016834812 22.800501315605132 10.640931802890037 27.517851402241718 0.0 38.35178656614126 0.16828077449214618 39.25882224099469 13.973495187758871 47.365641575998254 16.613669120766033 57.2925765497545 24.660942878939665 31.26717506937203 22.768095549879916 49.496822073644694 50.01368303024026 34.44397243422435 43.0115014513251 23.72869033038222 49.60339689191328 20.220735499341643 35.50626945508044 3.0502019913402023 34.66101642231716
243.16241765350009 73.18077101017971 82.28053089195367 109.47390131173721 75.19411501286527 222.83659045532977 11.012723416386393 151.02051858357504 9.559363024391331 97.29924806554915 0.0 42.401159125182936 53.804852938148045 0.0 133.6662387474616 5.840139608527977 243.16241765350009 73.18077101017971
105.07055839957587 217.549420374779 74.26694604286081 159.25490286725568 11.561695717538555 155.33137175318382 24.892720359902597 102.70454944809896 0.0 0.0 92.20362544630326 36.92041694001672 153.60718420858834 31.19413714974 230.74613690745852 66.02726396869444 188.53600215648456 142.785367863089 153.92911834448094 187.7959144183854 105.07055839957587 217.549420374779
0.0 67.2853227471958 119.01114226202058 0.0 214.23690216781432 87.64135457076425 136.82630906904666 151.56795891798163 57.04134171953333 184.04277163088523 0.0 67.2853227471958
0.0 0.0 30.96647818029426 3.4855570908158455 38.32704454754192 7.621414845652367 54.40318831676997 20.373640685143343 36.625765724503296 36.302086861237996 10.517227647830339 31.373292971654564 0.0 0.0
248.05913882394285 173.97675989754674 141.5998689672779 171.4370501167208 98.88886966621456 130.20880900607597 47.14161185134952 106.22633011889235 0.0 0.0 119.02357507993973 34.90844070111402 186.2698433236492 8.32537270864293 231.10200803813925 75.11017780937775 248.05913882394285 173.97675989754674
53.812167076537435 107.004318323039 40.114679377292276 52.712272329300006 90.14925065520879 26.628323744570025 136.2913713088899 26.51082034232826 167.63687368418135 0.0 180.83623751085895 70.90177767325925 228.96239810065546 40.815772131832844 239.0751590636736 74.58362744360886 243.15582933410894 105.15361648551385 314.84199165410087 163.12089954827871 229.75877774940153 164.3527114138363 209.8238382341156 203.46453510195823 169.68020214833416 186.279021677833 139.84294397175557 173.62205555513407 74.66010085262471 197.02563650295923 0.0 174.27983073121823 53.812167076537435 107.004318323039
10.640968338413614 91.29840785389676 31.07124612788965 0.0 118.30843603950579 52.32517986985483 189.47319541995228 36.71869313652042 227.22082675585364 110.85743540446451 167.1570751689638 162.1494666126385 102.16136005750441 210.36865147981592 0.0 189.6446365508795 10.640968338413614 91.29840785389676
126.64571413801971 0.0 142.9724883966552 38.7564312087667 199.60319588031803 47.97779395187325 195.88803087031184 97.5895116907334 112.97044909592364 70.38638228087854 117.32138592588396 115.31708626802575 72.66119080867088 143.97597070260827 24.7481759671478 118.93281236455951 0.0 65.14422791109038 25.083310835612366 9.950726425977095 93.04180568145185 20.52665635981181 126.64571413801971 0.0
84.8819849672887 57.784403144648394 130.01284302900424 36.7928252161984 179.99696975501223 0.0 264.6583746287196 2.8655934688212454 264.4162669891902 90.58122235812968 266.0981369339056 161.44925154671378 198.30373930592538 187.3022348794302 139.14064167091507 206.5117967275319 110.12234740993253 149.7797230921529 0.0 120.47318728724017 84.8819849672887 57.784403144648394
266.5064592319905 114.91010840032364 251.54109550418116 229.58276522596782 150.13939449105192 218.11888821839563 0.0 218.59253369715225 79.23654019928819 101.17526725884741 183.44381933607218 0.0 266.5064592319905 114.91010840032364
22.448128625654277 68.4240698750186 9.359546819606805 38.697905439691944 36.2814737289855 23.80381840375371 58.08396642257159 5.114670835370902 87.82544841174175 0.0 106.46665474374754 26.520598526910028 114.5094989918529 51.28706008696653 153.510629822028 89.93613092818373 113.17199147786755 110.00314100634776 73.11863600953866 85.06096276018778 46.74935466405202 125.1780498925134 0.0 119.9539893952969 22.448128625654277 68.4240698750186
48.870555449366854 93.33739632710716 21.561294817878128 81.3666210860989 0.0 59.162333166336296 26.099425974090387 36.54995022877439 39.771511384710614 28.513403006960388 63.39863267719469 0.0 97.38941632512876 16.423512346014817 101.83151730206967 55.7222463914797 80.48366862726485 84.90822585747578 48.870555449366854 93.33739632710716
128.81069176403088 66.78387968978099 153.82494332214713 121.18038968461597 105.50371592289004 108.43250644378757 81.58166813261322 105.45274862917653 68.57294185228092 78.18167680927415 29.42376439896892 97.4020304299875 55.99457193907455 57.56090144740901 0.0 46.86026430897439 15.65589023903975 19.728237796112552 62.97538799498675 28.357605588890195 73.6824755301126 28.63918056427285 81.61873677594359 21.871955980311938 101.0416487426808 0.0 117.03195452752747 10.146831092913864 132.87511423576626 25.25205956110956 148.63873882225153 46.40302938873539 128.81069176403088 66.78387968978099
140.5622867748508 110.79320603010844 49.02998133038939 100.2704833111019 0.0 20.719994314819658 83.22936612784005 0.0 186.86521495646934 0.2635762213937767 140.5622867748508 110.79320603010844
71.60627647843697 191.2668463492213 32.08350040566404 190.7229699378854 24.75851044016477 151.83507824760738 0.0 106.80073117920894 17.124542891965945 45.84542297452242 75.01062486516174 0.0 110.36552126498997 93.1373252044477 154.78787490653949 104.08105806811406 206.48324424958702 154.2859996284003 148.71526923638942 194.35539194940438 88.15307172839809 151.7584131227074 71.60627647843697 191.2668463492213
184.92925166675386 145.7830797305228 134.4350761822888 143.67404841214187 114.77988889234733 200.97342454090943 58.00175195310777 199.94948375004458 48.03728497754781 145.0756022829973 0.0 99.73382292609547 16.150386043480097 31.225134341541647 108.63302063496886 93.06242929278184 145.56765271639844 0.0 206.61907962977364 31.571251917246215 209.11866239663306 100.0439786100521 184.92925166675386 145.7830797305228
136.90701983893328 11.069471216553872 203.89249262406696 26.23900365645715 213.9394387039373 88.83068922371726 125.45389869895813 87.81162237194141 121.38622124132297 203.39797193743158 71.62310462557039 118.21428312861252 22.325626500866008 108.81526376656728 0.0 60.09958120302171 98.17290131180295 57.423239024181164 82.60998737514402 25.091262182482488 105.50954452918197 0.0 136.90701983893328 11.069471216553872
108.54751091317576 203.58428582653664 0.0 89.50455460429849 138.7947015140651 0.0 308.396371696337 34.71310670240524 232.0500075071604 192.02757120005174 108.54751091317576 203.58428582653664
0.0 39.499608680847125 158.5880379745207 0.0 253.03976246266274 126.50224872752489 102.79457524873555 160.96135275930067 0.0 39.499608680847125
0.0 128.6223767636413 41.94463903265256 0.0 152.46587194194268 40.57554793915465 206.79166167259658 82.82650073581146 155.3647356835383 121.96904705472468 97.54470328172286 204.35491122319013 0.0 128.6223767636413
133.12117485542456 119.28468254825484 104.66889396872763 142.6344022489453 57.57158230490964 136.04806636108688 0.0 84.73121676584792 57.80457801464593 38.74310520470864 106.89371243985278 0.0 150.61313648367232 44.761001168498986 185.93257872209867 89.97108006636913 133.12117485542456 119.28468254825484
38.03589133024116 56.33068045759377 21.577344399959173 59.431506153886176 33.725334481934766 40.819778010996004 44.66745262609767 35.608510860669156 0.0 12.580573545210996 36.76425020825339 23.26792547641142 47.818917026678236 35.73189371927171 48.963870378415876 9.883693704542054 64.17239303133147 0.0 49.81986515260165 33.84091963613979 70.37371903963373 26.985838073192554 60.84204130682889 36.22540108375151 83.47346199707833 52.458155870742914 54.631703316678184 43.13888989575784 58.358790072654074 66.69965454996114 46.45788565778088 61.14438878499561 38.03589133024116 56.33068045759377
47.57181627668664 64.12422923125344 30.84407196836893 66.45496361679652 20.780911460568383 51.290065121320296 28.6799147001531 30.70877253352424 0.0 27.42558412011489 25.89285198224477 18.06190037046484 16.215321574555624 2.4474365566411365 33.226642156345385 5.927716520081276 40.36255122709897 0.0 49.464384208009896 1.985024403517457 45.81246951511539 19.42685749658581 63.80052010242667 11.590257998950136 93.8122631535609 17.529137455930922 54.006693881202615 26.133802895358926 44.85929486784878 24.315331319880983 56.686618267673204 47.647654121268474 47.57181627668664 64.12422923125344
351.1966367740629 260.44607863890917 179.5942150972002 245.29217085315935 101.23036650858941 155.6787114818028 0.0 28.603697893348638 163.36799752326823 0.0 223.92618647545666 52.76836293421438 311.6436201041803 80.79899635172191 351.1966367740629 260.44607863890917
87.78818112163856 78.76626968855778 53.21210673985289 71.94574758797644 39.919793389322685 83.36836309161983 29.07178441212357 67.95199777857255 10.166667445036488 67.62867095166456 26.73712975696602 49.07153566768545 5.005600284989804 33.12682914985716 0.0 0.7906138699575607 31.53487313991723 12.797540552470323 46.834510742142164 20.22033627098196 80.33383291061989 0.0 65.08710955638946 37.82120665968539 95.2343465330818 53.49839388096267 87.78818112163856 78.76626968855778
26.598880302632296 30.260321835268698 0.0 14.898162767910264 20.717041094624108 17.090797330134507 23.833900868449987 2.7986740881625423 36.03072196649441 0.0 46.87102486884331 5.531992871304212 67.7862361736254 5.454865729760343 55.25843165172141 26.05215918996602 56.182990634473285 36.35659098701312 52.86348677373759 46.66572831464566 50.0541675176932 63.81050898394763 34.08756937842067 65.85945690925415 20.479953190943718 62.11818834480782 10.27202528518471 52.810399341099654 3.995997016687056 42.29022029056499 26.598880302632296 30.260321835268698
149.14064896533574 76.97456614404942 82.47075331158372 127.96455287027605 0.0 47.85851325937216 105.76109107973926 0.0 149.14064896533574 76.97456614404942
0.0 80.6618020584701 17.583280392375656 18.127096573496864 73.11140213508834 35.77451821863385 135.6459338011878 0.0 120.04748555112792 66.26734123456401 77.67074491030948 65.30889632650923 47.09662694291569 130.68581140723035 0.0 80.6618020584701
0.0 71.5406486473432 26.148412490103055 22.04189043956557 61.63732280349299 0.0 103.3437172654937 11.054825082132673 104.4611502473012 48.87739668205919 72.86838879627776 52.01812765315538 59.328964950928764 73.14415630968696 0.0 71.5406486473432
69.3573555508149 55.9556412414524 60.91474572859037 65.29876413169559 55.95764330097794 89.4644326523706 39.46537363745431 52.69866363231462 29.652952753369426 62.41543557831152 11.121141736810536 67.06622213895635 0.27966771439664484 54.780154283218906 11.055993098025489 39.57433352959657 0.0 22.060174912650368 18.315992528433632 17.43549593793051 25.46170936750955 0.0 40.57727696306758 35.930901696063884 55.91635288197025 7.715773163467546 70.05493682927926 15.004164399203162 56.15902144422841 35.701379220371834 98.22999537773484 44.58011875846893 69.3573555508149 55.9556412414524
26.064238457784228 31.504579002988436 6.128990170530258 7.2934763112281615 25.741965334641307 6.603742712354432 39.41894921501148 0.0 52.05262536818914 10.861564456064016 69.64231126250114 15.422281646347514 82.08215299934939 31.760787685742102 63.86740730855111 47.06020704457924 64.52117096475143 72.3483790742079 36.7907637153976 34.089174157040944 27.111341271807348 61.14768186896994 7.532429266295225 60.36201229726302 0.0 43.84078265195134 26.064238457784228 31.504579002988436
50.83360717469208 8.58817953251608 84.07885331422217 0.0 95.43511200196093 51.22335075854535 113.13360549191 58.25665619392731 124.90026657744198 74.40849053188794 138.90956742624704 96.96000084591313 159.53496354254162 139.63801508192523 106.1483054963123 130.82089635725129 81.40852207820336 112.65214268945365 59.426292182524165 147.92534612521402 38.11957371864236 131.65468390790735 54.003671668358095 96.11377558776415 0.0 85.48258168676757 35.2849705993103 66.76124585080794 30.374403215107634 35.04418409652957 50.83360717469208 8.58817953251608
76.86770210179321 10.685679753608618 116.61383045267098 3.1805159861216055 151.83533116174848 27.77048155357373 111.71208308966337 70.47540649363444 170.24482768452236 119.13798863965758 80.51352513663984 88.04524698595567 87.47019680018518 147.9667359447417 54.14721627089335 133.19322690369611 0.0 157.33568587523226 20.086492152362354 93.65301761725419 6.857884280444722 71.58756465641184 31.169263672056104 54.082697234300525 7.6914288679939204 0.0 51.15751953526842 14.325385980824024 76.86770210179321 10.685679753608618
54.859277007352176 156.7863451571367 0.0 76.47918861696324 134.36093943334384 92.41515395509772 196.44383868369596 145.74042337885152 201.05952575951244 57.4865647190896 264.1118748942564 0.0 273.76381894459837 84.23180422622762 293.289826933127 119.15416494746151 351.1050339901209 155.92248407606797 365.7972194330764 225.32225126593892 321.9436576135368 275.12325501244004 278.5792680471871 338.88010592194087 202.69354151193937 262.74330382110134 159.1388179390997 262.85928528591296 172.92631974364312 186.87149898167627 33.84532807723036 225.50674714789523 54.859277007352176 156.7863451571367
85.00618132145989 76.10050351356334 156.48765075611217 23.336351722265093 140.50060714985705 87.58712342014162 152.18715010369155 141.30083613472095 97.22772390037309 150.42434137433753 49.53348177791179 153.43523966470036 46.00480865260245 106.31809980014978 0.0 63.33473112681672 24.31498799634477 0.0 85.00618132145989 76.10050351356334
12.13905432390274 17.953735830959317 30.294932132068638 5.042484669504063 47.9893315545966 11.929132881373533 60.742751238776734 2.455547958174421 96.56683614817683 0.0 71.31450943398278 27.774009655766278 67.17261205911754 41.75567694966705 53.541698058362215 46.82685483990103 41.5535641648964 41.00713030776295 0.0 49.0955001084844 12.13905432390274 17.953735830959317
159.63510204350064 40.91238304585865 229.01945464547805 68.91245904436815 200.0531648127514 125.73621081518922 162.20175267618202 162.36175293884565 110.36465304877159 153.67497688504346 80.70290331033229 130.33294268288995 62.7367794380244 129.62734714370293 0.0 160.62117089910026 8.01082746982766 110.63236947502622 3.9414851520649563 78.19747325369178 42.75030930842075 64.91943877549127 42.2468476782662 32.849729287717565 68.13060826085744 23.40283358544157 91.20255241762658 43.36321476748816 144.4555118366444 0.0 159.63510204350064 40.91238304585865
87.40368485159865 135.51743322097133 0.0 68.17069476003041 111.36253140311062 37.43920312220385 182.6584725480983 0.0 239.83987697650525 91.18403174897963 158.01275910510148 137.7848927505052 87.40368485159865 135.51743322097133
114.22578660097707 114.06956433738024 87.6351239267488 186.86307986757305 0.0 148.31199230765205 0.5703283465730635 57.02985863540064 71.62462579679467 36.98754336430015 206.0294268758389 0.0 114.22578660097707 114.06956433738024
67.5779518739843 0.0 72.48031664258603 54.636495917279326 35.30584914910969 53.82876331140343 0.0 7.6548350544213335 67.5779518739843 0.0
55.88752361570167 14.791549041294921 63.84543125144454 26.825285380027957 75.65984896427815 43.51926176694244 52.25849536102271 49.004806609038546 48.79420067073332 64.80412078246619 35.45655723305212 44.00588887260344 16.856100539203027 68.34908912415085 15.165046476831947 48.712852533862964 0.0 37.908825118952514 3.350235313899816 21.663363864736972 14.930437206945768 10.651294469157698 30.143525269057122 6.058211610020841 46.30678385764293 0.0 55.88752361570167 14.791549041294921
155.8320165658069 69.33702121980586 133.03608769586506 100.50136155618702 174.2673178570946 174.00087565456892 108.3359702582751 169.10425294927177 73.12908633934478 133.73447407936743 54.307047078978314 118.9093741141594 7.853661801142749 109.22725731981565 0.0 67.44990430767643 32.64943639853931 38.21974133626276 60.95439577251611 6.673421865093573 106.86477604391206 0.0 153.30752803640775 17.320927882699365 155.8320165658069 69.33702121980586
68.22945101646602 0.0 104.67001369991135 13.684464377489881 128.24852988128256 40.30295900002382 182.00238801163678 73.46184780189091 123.4198093649583 106.32147668272007 108.21877527937008 144.80955830328566 69.99588416328102 149.81383089358525 8.166227170863671 177.03890665305465 29.982582912905222 97.76969706451654 15.860374649628874 75.20591474438652 0.0 35.89027408964145 27.55915973817367 6.204063622261572 68.22945101646602 0.0
134.47529355279462 0.0 251.86958425966978 97.98697383777412 72.31948314414342 151.89835666822972 0.0 8.994218740595649 134.47529355279462 0.0
44.75574372676738 7.445281956505482 51.54131876403258 15.3003440716072 62.988999562205834 16.64765968175149 66.1677359283762 26.57802485610354 67.96971197217854 36.12029239357993 63.04723428342338 45.006997545184234 77.87200841561275 76.93965216482168 45.051800185308934 44.605121471583985 39.64288254740201 58.31676358570495 34.41610947833436 46.92531503068031 19.27160613485664 51.977967572783584 0.0 46.26145700556914 29.772574767886994 32.29273011000846 14.358435144394235 18.360383959411323 18.23325292187802 4.236508544586101 32.28032132451351 0.0 44.75574372676738 7.445281956505482
51.22552365810009 0.545685777081772 68.13018904536082 14.46695235871455 79.8842836278487 21.29419865946481 102.00634338207553 44.844470384817555 81.31702465799667 80.97269622041297 40.337847856329645 76.87153539044523 13.706427605774934 44.566795101835325 0.0 0.0 51.22552365810009 0.545685777081772
84.04612050267998 13.387355428643815 103.28508350056093 28.704577064840493 85.7773086406701 51.31156782661371 62.26641620188305 52.76167867809974 63.34028912120529 68.46906131475495 50.55101103315019 86.32684385118316 40.69786600057628 65.55470428949079 18.413376854111192 65.82313254189202 0.0 47.59341409730432 30.554536108864596 35.02557813612708 17.907437026150546 0.0 48.518794958212 23.986404247626226 64.61690745281423 6.5831943502862345 84.04612050267998 13.387355428643815
163.17754308051173 9.669241010932772 140.04902840138737 81.57920904598086 108.34702986959128 133.91239474156566 37.267037374824994 155.54010526177808 40.191643564817454 73.26616563195458 0.0 30.211266251142952 50.185865119736135 11.897216339425242 91.90353095000705 0.0 163.17754308051173 9.669241010932772
102.13494481093934 22.94174073207651 97.14530917572085 61.43571263616528 81.50339884466845 87.07420442419561 50.787890539097 76.42202921193339 39.91766816486257 70.12221075642609 27.99133357499442 66.9700790855205 6.233994685787842 52.60221274487347 0.0 15.559290880683804 32.02133617199568 0.0 65.44621458933477 9.850123923597941 102.13494481093934 22.94174073207651
128.98989956503203 108.32987026923175 74.61925474793472 104.29886489668263 33.11947363215669 124.76980932537978 0.8153665997276107 92.23596021919991 0.0 48.083275743574916 20.17327900229421 6.861470131873219 65.38413054606448 0.0 104.73181385413343 20.900336373593433 122.58075138856785 56.770502730729916 128.98989956503203 108.32987026923175
98.4260086253593 161.01355897462105 27.084538616720003 171.83095551623177 0.0 106.4889487358971 37.13872792563976 62.01937913382815 56.20027786327486 0.0 114.90911099799935 23.35855744637849 123.70627498743995 75.1039470817564 204.11718578097702 158.69060325233653 98.4260086253593 161.01355897462105
50.35722430449905 71.46591441209335 0.0 66.11723479335302 17.31767063131568 15.317247186269839 50.19892213557187 7.795700937660172 68.01608485162885 0.6568591605031031 102.10541459281274 0.0 86.3537681361787 32.68162798427974 91.56892341674933 75.29907095287098 50.35722430449905 71.46591441209335
79.78510538994371 124.39432521145362 0.0 86.6713624967636 56.397418992095766 18.647293731984284 112.9435927320366 0.0 133.9979421337386 51.00555538188301 164.82747928725536 61.40161383441418 168.51417788650036 103.18496054503792 131.49035370420017 150.53497566285853 79.78510538994371 124.39432521145362
44.30771397787252 51.9070577569219 0.0 57.73722435967781 6.851870769066863 8.838168864347168 44.243270731018605 0.0 85.83961630175986 6.646924306245012 88.78732541432967 55.90943689892437 44.30771397787252 51.9070577569219
110.49575431143404 42.70907369465971 153.073225947745 0.0 173.82467157340338 37.958973988763276 188.3389602791711 100.22073927837792 130.46157111230036 127.12824829551482 81.96585127524148 98.29876530678524 73.17292931030437 60.12048721216327 0.0 17.139081654034072 85.87821448236005 7.970695946402969 110.49575431143404 42.70907369465971
