70
0.0 0.08806556297862755 72.08050251760639 0.0 109.76443744762406 58.63726215468728 56.800107316468 28.598538453353086 0.0 0.08806556297862755
55.23664120749905 35.678920806386046 73.29087339242449 13.867664094745194 101.11489782721502 9.127119562065111 124.04361634005645 0.0 145.07560209787928 9.579351322154771 159.06096917678258 26.721014892469285 181.85685096783095 45.726733381091705 181.3555172074867 74.98898401691794 158.96052557868765 91.54248339343452 132.740688685288 89.88037075009909 115.06612804349196 108.06477470771584 108.14564671104101 73.26247742601 89.3230057011027 73.87357762069125 0.0 71.03389819289244 55.23664120749905 35.678920806386046
132.52070413528804 82.87519039056289 152.26460934105114 147.20821229300742 123.40460128820251 115.11784991876495 85.37862533868747 158.19390557182214 101.77548024679182 95.7067154742714 41.41990400549838 99.66561483039449 0.0 56.55663168027807 66.5740248957056 37.154526863902014 121.89870913160235 69.71536505068504 116.12344364486628 7.288353338960903 136.66318749386244 36.704692717138066 188.29933108840635 0.0 261.4485339577791 7.9048319237130755 198.87291360007316 73.3316072508133 178.6502692204387 96.90244032724792 132.52070413528804 82.87519039056289
63.709071153474795 84.37594158094268 57.02527960174643 60.23670759249612 65.07157743709894 42.864233811196016 30.205841665774585 56.1971712072597 0.0 41.56454115966544 17.12383593381412 21.29291052183825 48.53833351992398 24.711291153893782 51.06540981211094 4.060974323468805 67.46259002140303 1.2212278869340167 65.07157743709894 42.864233811196016 110.65365673723034 0.0 106.89203364763551 27.766039023929423 67.62407868618672 42.95797350943454 86.10120011261293 52.65985891254668 106.3319510937935 88.03423991764205 78.59607004755671 78.55266859540157 63.709071153474795 84.37594158094268
54.11269903814426 24.496689429167418 89.85943529838156 0.0 97.921624767664 54.193306279753884 51.21175581599786 50.97356125153716 0.0 34.2363124446385 54.11269903814426 24.496689429167418
0.0 29.24542644857783 87.85907023970636 17.021987279491327 136.67596337270209 2.2358874871808183 187.9295408585796 0.0 244.37903254404577 10.486685192508304 256.90811554323227 67.87507646302805 293.2979562376335 114.80404386080666 265.14920467977186 164.8646933939085 228.74643051701455 205.37268885103146 187.7548695361087 252.64422174163036 138.65330944923403 193.27889676450582 91.58894848361268 194.36181081397348 66.18098502250886 154.32122257138735 39.67804483430814 110.17689131846511 0.0 29.24542644857783
196.1876195296482 51.16448594286173 212.01532934891628 100.16484379639452 194.97529127808767 150.86311202010125 136.07199932727372 153.6581585085927 99.5010785748074 155.73528087754443 75.87122280038506 130.08918709147656 35.00348390041566 130.02819030166427 0.0 95.56274501634107 10.202216361861247 49.01992521055156 50.690311241828454 30.213284857396403 80.90244206919647 8.730228845068822 105.02997482037368 64.30362957112044 176.79840596655248 0.0 196.1876195296482 51.16448594286173
115.9071461273241 109.55558451313829 36.44118405935502 113.91659285977022 0.5367665163318804 68.04645997890796 0.0 7.231605521623365 59.76533911911587 0.0 147.29678346381877 16.14332470134695 115.9071461273241 109.55558451313829
19.235400271514393 34.93634786092459 56.17571894433766 0.0 93.83705481039101 43.009756193428935 59.586666937601024 83.60163437656516 0.0 88.49717654806435 19.235400271514393 34.93634786092459
190.68271467985224 287.0536557005113 153.08271028410493 128.88923806797274 84.34674936272543 192.967039809925 0.0 160.92063351634894 26.626315513992523 89.62455476835504 102.37959316462639 76.16260593075755 136.08616947436516 58.431281345707575 187.80100484186562 0.0 230.66699525135084 53.654752921207674 320.4383514338922 83.75582515914421 221.8076361240739 148.99155008833364 225.22850856840216 207.8773387537033 190.68271467985224 287.0536557005113
62.68737055603522 137.80702387686716 11.322742888821239 88.08828862044297 0.0 0.0 81.68601795854609 31.084643009581335 89.55912719541372 58.082297583623905 153.28718505888844 130.91071522197387 62.68737055603522 137.80702387686716
0.0 148.30192863170848 125.13896234224876 124.39312334558522 151.83573372140967 0.0 232.78819835942943 80.13937759679975 307.5394563011906 90.77526651598072 306.6257359920341 172.8766691137916 284.0997473053997 224.1663393233115 304.79237760286446 307.1960738699681 214.9446281764023 262.0724777611201 198.3492525924826 199.38296615311884 114.68882429102561 278.8163567479512 64.93336057884918 233.65198693758975 0.0 148.30192863170848
77.93628874683901 194.82351415892583 48.85700352780876 166.64874988531193 18.561759107696957 136.01004830788025 76.51565440918182 98.73827315630174 0.0 34.86258642826901 69.1011847716207 32.896950574090056 94.78014348228876 0.0 123.0501481578425 103.46869879442603 180.40545824158403 0.8521295314615571 250.01619752688526 4.442647003693736 285.5728585454359 56.064772396070246 193.2564487445686 111.48432597782518 213.75868812298606 151.858343373485 215.15545200396014 213.38109896735335 150.84515517468222 190.54222046773623 119.03315578852354 164.54659673331497 77.93628874683901 194.82351415892583
0.0 185.19646278890934 11.174287559511072 64.43004129608667 114.31935843633 0.0 223.31784204651962 102.55315005775009 125.6775119813908 189.04716925970803 0.0 185.19646278890934
45.04311232501887 35.28915729385902 0.0 22.279860609539284 31.08054806737772 5.015456418836578 55.69024296755268 0.0 93.50897255178904 5.125967452980689 98.44230522979434 45.15939692805716 65.76177695109872 64.11610376479248 35.537746734314865 81.16571159778886 45.04311232501887 35.28915729385902
12.624614800577461 0.0 29.370267959286736 15.239147329888425 51.21722454609818 35.16342377928456 24.2593520768677 47.52078360804208 9.437416016092115 33.39581199205995 0.0 19.05333365967266 12.624614800577461 0.0
41.572870107913275 121.50116940134613 45.79458789647899 97.47026492569212 36.694344978319236 68.49158838167335 20.915390106319876 10.101402108309657 68.78243382417116 10.019761194289941 106.93947433214511 13.339358884775748 121.6351045573069 61.13791333323931 212.99462405643902 0.0 215.71942660464458 59.09016973091516 150.16436315232505 103.25177503706051 174.60099906620158 135.03969874507547 125.94891282301816 126.79332322648212 120.40914585687706 155.30453725397533 95.32021700190853 193.03204534479406 49.34040209716156 208.04937260342206 0.0 188.95985923871285 41.572870107913275 121.50116940134613
0.0 103.79416201939136 63.70062366087032 0.0 138.19525301365547 28.89758652011585 131.67757881428372 125.38427899216185 0.0 103.79416201939136
61.00123448646801 51.70562549089051 40.37118417445572 57.46650840988474 21.910980946440773 55.79134853288511 0.0 41.33567025822043 11.601341618392766 14.750670542092621 36.50715123307455 27.280644438226787 65.32917838530373 0.0 82.54396602739008 28.561403060731962 61.00123448646801 51.70562549089051
164.95881102036554 195.48472572389045 130.18793081519684 186.26053250992007 0.0 173.85494772234077 59.14013135881524 89.34941872453587 117.89518133595924 47.93658261208827 173.79183352840568 0.0 227.17365678680858 51.15744023169513 302.00105851156115 67.60146985502304 287.22620700291463 145.316372785782 210.05001217785448 161.1809242454978 197.8326753161939 189.12006505658468 164.95881102036554 195.48472572389045
46.85949283576099 108.81273531411244 0.0 28.686544874158116 117.21010200207343 0.0 189.42225851795186 111.41588602754764 85.39515626566714 174.39868602740904 46.85949283576099 108.81273531411244
0.0 9.403061922256086 18.3524388323207 6.956435345779326 32.95009703117242 0.0 35.61956933806928 21.000296522583312 57.06690036824838 24.056053037252013 70.6310813539688 47.3181107101515 42.988199895885046 52.76842281407437 27.094937079988483 48.706509356975275 3.905464845271297 67.94553553655388 20.43349189295502 32.83630651341696 1.1778619290103336 27.67932138280308 0.0 9.403061922256086
55.238884446648335 0.0 103.0244160673804 57.9726552920065 143.62373700460853 30.15390456516141 199.8687406578739 33.20116960728231 214.01161655860665 81.17062314046305 247.48629475809287 127.15123509441992 207.37088762102798 168.1476319556166 176.76461115310937 201.16027636893193 146.04916135339232 241.53969887689993 98.32285702318903 190.95816773568464 41.29262515841797 245.5388011673931 18.23278562655115 192.99140373898405 9.097247917251195 151.50399828435178 0.0 114.30794230660335 28.10603481475823 85.55219875605442 50.14560295532477 66.76126695626812 55.238884446648335 0.0
43.30200917961021 32.7288832845142 62.545270899940164 57.36024038977743 41.3789167879647 51.70427876921292 30.480300159077444 54.227769655464144 21.74120713505053 47.4083480404406 10.653085088992867 44.30719596660538 0.8078916243076151 34.08011099594856 0.0 19.446300466140485 23.08074046115567 20.29307395753841 21.558446637901937 0.0 35.24133213268041 4.483590679384008 41.97974358770938 13.890763374609989 44.317361208912416 21.803245722234877 48.25754363809445 27.415499008156544 43.30200917961021 32.7288832845142
94.84946713827688 66.12697849959031 81.52016370909311 73.7344417802147 69.32015015844773 99.14330667754871 54.42891673616987 76.7170728549155 19.46097953341259 85.21582501224523 0.0 57.85170863216909 27.36130750439888 34.41773542527642 38.181340065768936 14.177720824979467 61.205620701184145 0.0 77.76194357656486 26.580313405403317 105.24661896596837 25.015572800631205 125.49194544712569 48.21993824964912 94.84946713827688 66.12697849959031
31.740876820906905 53.40801776661267 20.182022885254383 33.6402993623003 0.0 33.39700936503223 10.545087746635787 19.428301313416 19.370012406171853 15.312588747108606 28.505278411320063 0.0 32.345829163913066 17.455221993931843 60.86707101094869 21.890719250415586 50.656169800283436 42.87450907033839 31.740876820906905 53.40801776661267
32.95312337262001 28.626323973805327 28.242535207087627 20.267567384099493 29.044667549118287 0.0 40.059580132744145 17.229646324107975 46.574463487356965 18.451030108651224 54.14606021606748 21.675031032131486 39.004228352807516 30.56951450388756 59.07622137373224 39.29948272463518 57.33284766282277 51.37848945568611 40.887832448724325 40.39044400025544 35.080241770678015 48.47449695991942 29.181675244017867 42.77935292546147 19.200563401309353 41.33010128752281 0.0 33.843192675257086 32.95312337262001 28.626323973805327
0.0 27.1939297877668 26.51015304267942 0.0 80.86296683309126 15.416676146039755 52.17229369761057 64.6573922992875 7.25189175131311 67.24666927921669 0.0 27.1939297877668
104.63882504406149 193.76835394261525 108.73674174220025 124.49919975939626 0.0 122.18832652549243 40.15364482444289 63.926300531880116 54.48124856203111 0.0 130.55173871660864 48.7668530863189 174.25820753703638 11.406344412226943 235.97688074283352 21.91995736412386 202.53634408001565 90.72841393891768 178.23781216537017 115.66925539214778 223.12365295575665 203.2760410823808 155.98506433625744 207.66423568482423 104.63882504406149 193.76835394261525
76.640857376583 84.96354399125966 0.0 109.65198691953645 0.5397148653064221 71.45002725543371 32.577334474400665 44.61016002434971 63.26492140994189 39.80031391893792 76.08781827242001 24.348745818918694 92.5926299397368 45.2872503748965 132.1650276197953 0.0 140.6510765876195 34.432272441700405 183.24114585619583 53.195528189251405 138.64648491419257 81.5035108472813 189.7121468951505 143.16151578460088 135.68966409013382 150.83023132813756 97.08615520646661 162.06608633151467 86.49455551863522 80.31599322111953 76.640857376583 84.96354399125966
120.29475469713732 174.7398752785714 72.31299240491816 223.98626728926615 2.466985281337884 169.41212589483143 0.0 48.13365646528254 129.8755487715901 0.0 241.5976047010426 75.19318121747911 209.9363483853648 189.91969750557578 120.29475469713732 174.7398752785714
78.47022085313448 106.52497124821869 50.22264916584885 105.3407972179109 31.274639802740694 84.94674965853235 0.0 62.40846585323744 36.70822302093049 36.522354787208364 53.94184821213659 23.54295394311216 66.01075502751871 4.175310836400321 86.74115893323817 21.332849042833963 114.90946621611059 0.0 148.12877281557644 7.787128684517981 151.6868624129993 42.04234701708051 100.0785466156081 56.4679031679272 93.48811488383036 60.29412312599364 103.91092305842925 103.97938913461664 78.47022085313448 106.52497124821869
30.275596175448385 0.0 152.60146555918834 16.181811348573305 171.84155742611705 143.58788539396375 0.0 162.15375671358441 30.275596175448385 0.0
208.26042294314098 116.69100323065294 137.22481899188975 202.2609920070459 0.0 55.27851237972819 198.12683664855524 0.0 208.26042294314098 116.69100323065294
208.426405181508 0.0 259.81631090773124 24.059882467171107 273.92130570700135 80.23401673386805 259.17388279444015 139.81230163565533 207.34630196410805 164.44471384460525 160.14385298503802 84.13331153637544 152.47390257173294 97.34507753882676 131.40437858883683 100.82495006286418 0.0 83.11533240560755 114.49998868442185 57.78649436151882 113.37682204014689 6.0705886977783905 159.59757760434212 55.16730655874687 208.426405181508 0.0
178.3297472846083 54.80381716520269 230.69095254659715 73.25409776394582 155.46344643648808 127.24402850147202 278.5996468098559 196.48673986915736 198.95714524297358 210.99262337006382 131.05729729562682 157.48938877197065 115.50932143854365 215.89716012527373 82.48448440699694 198.96274660371301 42.24535429187796 189.27894381369975 75.2481089364076 139.49795235666937 0.0 105.88689230925591 59.94146448908641 85.63800586856686 41.75640309643704 0.0 109.48632943120654 53.87822552364649 135.23938354429794 72.92287612396873 178.3297472846083 54.80381716520269
64.39019129721139 0.0 151.64201601233117 5.6757106289143024 182.01260137448463 110.30023503995714 84.54145006951026 159.35392809641996 48.703099680233436 62.2712328226646 0.0 57.304928554084526 9.15053597145564 5.442085608938761 64.39019129721139 0.0
153.75414602382727 142.23940956131437 14.116927026217958 141.30478349083268 0.0 16.050553580087467 132.7244053999184 0.0 153.75414602382727 142.23940956131437
129.33501786346852 35.10409049996572 188.0843869195193 34.706696988568716 103.46841430844998 76.66031974018267 190.129559419421 125.19159744874322 164.1261462584716 169.40402383456723 109.90755400609154 155.3671392162612 78.90688354448378 136.09779493449037 55.5230717246132 121.86230313985665 8.942753549027202 112.84418901709508 9.392981294701656 72.48345676657505 0.0 28.010231428448506 60.86706772896977 32.86844085693497 79.5147353416563 0.0 109.74226373889428 12.42233276839103 129.33501786346852 35.10409049996572
0.0 225.26434049462944 48.57854420963507 113.7350696763843 98.9490822594276 0.0 186.7985416001718 87.07007599597847 268.9501317171271 143.8636294699294 229.65904409716796 251.04864821872866 123.90746800868718 240.36085196435675 0.0 225.26434049462944
0.0 18.903073069269084 7.428977566388056 0.0 21.22829113896333 6.641744129105476 50.69227784237539 20.322913091949914 21.300187397781286 47.96459303948912 0.0 18.903073069269084
0.0 170.52200694265787 26.065690506487478 39.111466776255114 76.31040579491301 31.069016229104548 191.88746266561253 0.0 167.42421570947516 155.64652193505577 0.0 170.52200694265787
32.19933132379941 113.04085644132742 62.256109821612654 68.65906785311758 0.0 63.58501557038447 21.632522647348537 41.960856374166326 33.75084494736754 8.373059442547941 68.08500979382075 0.0 98.02016033297991 16.70676095762829 111.06136849366571 46.5690751396984 125.92653995331911 74.3694610578368 78.49825213207127 79.95608920598008 87.37130857618533 124.73007574098902 58.26866794489871 111.48178816957143 32.19933132379941 113.04085644132742
9.576532618127743 92.02991561861121 0.0 0.0 70.36552489791161 17.727543415981998 148.10811871784864 19.49259943589516 114.14490770661322 121.50078270863533 9.576532618127743 92.02991561861121
0.0 29.87991364329963 112.04189783924272 0.0 128.06898248293734 123.45658746146492 33.12524918983811 109.22816928118414 0.0 29.87991364329963
144.03091570293506 47.89991352091289 193.93302229851844 37.40748669914627 253.36615534387624 66.36600108461727 176.3812483552132 103.40195479137185 176.25004070393703 136.64217062412763 168.69515552541634 205.27261762288623 113.15878045282334 252.03451642468877 104.96046061851888 116.72398553494432 0.0 170.38084463668446 19.409734668804504 101.75945429232296 37.12048846319965 59.45932038218038 31.29543194924321 0.0 105.69409981150073 44.25193007750185 127.56380142184632 18.37792936182268 144.03091570293506 47.89991352091289
44.34250622981716 83.92767908476323 109.07454000880935 77.7780065518236 103.88868808695156 31.155797234015267 132.96902872381918 0.0 150.63825098191984 89.92020000419886 148.7461725763007 101.14174638900205 190.5119545733582 84.10542355617048 160.85551364927102 103.8395211919291 228.88629442570152 138.5604518144134 196.64905246410854 157.87363418650312 184.44453511490218 215.00012307481552 145.64284818718937 110.55183670904158 115.21252905698174 157.4012013007644 135.50419493656494 111.97145336044743 0.0 134.29080916822988 44.34250622981716 83.92767908476323
135.33467625263512 267.8950215069706 60.2208250634485 235.75083604829754 0.0 158.78876509149234 61.33754297616542 90.14372010818889 114.00995888283819 0.0 191.78217219865493 73.9681963506718 303.3789118913887 95.86842184966174 200.94278282831237 174.0175177880248 211.30438987693435 257.36211336134795 135.33467625263512 267.8950215069706
58.22844149076897 14.237711173164428 124.9546194175924 27.59473581727262 85.40985920310715 116.31451270025087 4.863963923375337 72.55535862900973 0.0 0.0 58.22844149076897 14.237711173164428
138.71362441805027 48.877107031152626 201.0275470863378 0.0 281.54604047758255 48.171224688586435 244.81147773304443 123.35903750931053 208.7683371957265 161.52026497562082 113.54101400544869 208.98628165186793 0.0 116.69987463079977 138.71362441805027 48.877107031152626
13.189289614785437 6.218065134697881 25.655812485167672 3.7873927057897703 36.55292634414937 0.0 47.46613371718834 3.7787001581236694 58.10191522779783 8.738611322990224 56.66212132753036 20.92287554107868 73.24069648108201 31.768573984152752 74.77532618202582 50.31865636521262 55.891808981247124 56.332331061159124 36.24515855400436 29.449978150367386 29.045077409223367 55.88148863104635 18.399224489037834 50.148646141774904 0.23494024884280407 47.18290640556499 0.0 30.257184170534103 11.61411133756907 18.51684876897329 13.189289614785437 6.218065134697881
228.68056057754757 132.6952095609969 251.4697587582611 166.63312808855554 218.6238864583518 191.15632171535484 215.24827350283766 240.76043343334644 171.2916664943135 236.26669674163432 131.1466783956339 253.0152347792379 94.26311015740646 231.02109459320448 117.13344755513086 171.79673384485648 0.0 174.34655590081596 92.31347894748441 134.8754100942218 52.45596730001412 79.51094167213944 114.32551836902223 87.32034664937068 126.39437700729114 0.0 172.93352571956893 65.05200512683246 216.65662451790777 58.65266746621792 270.12190847922926 71.05686496731396 228.68056057754757 132.6952095609969
168.69874796283995 210.28499141742398 148.1571927768308 263.7035457725083 103.26942059092364 170.25266704191398 61.3197466893678 225.41740361996716 38.96213938851999 196.1902830725287 10.308170452178103 168.43452978800488 21.85215161856337 128.72403480403798 0.0 69.29713733598314 17.231295309780094 0.0 92.91957599325518 60.42070843289102 116.90623849632956 104.72463978448584 155.95641372814504 85.55936571693199 227.367993646767 89.09937974474198 264.8462419912506 140.20144850750077 172.38605333538862 171.05764547672752 168.69874796283995 210.28499141742398
161.53588482182877 107.7744051329463 89.6046538311687 110.96459598378922 53.350489546298974 125.90825507832949 35.74853697358162 89.19543418794902 0.0 43.12078372250845 42.49515336416684 0.0 99.77986230323694 9.302354116126729 113.0878257388182 56.39031773937835 161.53588482182877 107.7744051329463
40.2159563963999 18.564575558990057 69.36617055707634 13.98841917902189 52.3216271588708 43.49489793599054 25.36849059206922 34.49841718450918 0.0 0.0 40.2159563963999 18.564575558990057
42.732923000851216 64.04933117133685 17.399337597734288 52.527780070438425 18.979126852007624 26.297645552317036 0.0 5.796845955806035 40.74618284417096 18.29139891022689 41.581745189164906 6.1934959186206555 56.50076695621691 0.0 54.564497577605394 15.314997316797815 73.1629982507322 29.350709453966275 69.69611588800608 57.44267381165004 42.732923000851216 64.04933117133685
85.12584798719247 0.0 179.77014219494515 38.88040451436585 91.13615266693614 109.35105058667648 0.0 52.90741738844285 85.12584798719247 0.0
113.10739776409442 84.78377874747478 132.96288140007286 137.73660276937352 103.56098703034164 135.15701628740368 58.6165991581685 189.63633840981043 79.41776356067899 93.7850420712288 67.89017602139415 85.13554311243503 0.0 65.8746206469137 11.895397688902818 26.373685426425325 65.57476477826137 27.87384118035937 82.09955769408158 0.0 112.02842565902388 3.7249724738669556 123.22963593306582 39.88704947313842 152.2880426786482 41.59696519801703 163.14615198612424 64.63760309476518 192.9230613027069 99.6857035284919 113.10739776409442 84.78377874747478
0.7144072853803181 0.0 70.75406894899223 40.251469095342145 124.0347318944508 81.876012995435 57.712681110111994 95.01708136381555 0.0 87.87033186677922 0.7144072853803181 0.0
0.0 78.58205981289116 140.5235327112515 62.739898715910435 180.29880245694005 70.82749234395513 204.39397525641468 32.778294364726506 275.1455015828034 0.0 294.0251352107664 67.73470830105907 344.01111432474033 128.17364163799493 327.6656118157263 214.912085515368 210.94749873767654 147.8253982970947 188.29817669453314 149.67267320565975 81.35053251042815 248.41284828183473 34.290629592774934 169.65767610810013 0.0 78.58205981289116
101.37615694184413 49.20632611592147 100.47436063919426 74.62825019579708 87.60470131444734 98.4252744402774 60.550476736029935 100.73234272261982 34.77262614399616 98.61986312999954 20.254762597753114 77.36485468515788 31.595078461746425 54.967905826806046 0.0 26.90707269490349 35.33326031399882 24.194339927423385 50.26035213383379 0.0 72.61327055940524 13.961302584591145 97.76017901588094 23.134692465135473 101.37615694184413 49.20632611592147
29.462724909944086 9.33953132330899 105.75193321470724 0.0 118.31835072119497 94.99546372107844 35.610246344760185 111.8161906593856 0.0 57.26160935453812 29.462724909944086 9.33953132330899
9.074491923766303 40.573931724435056 7.485021867644363 26.03263975953324 0.0 7.755651674673231 22.224700861850124 6.678157542372006 33.47733038307274 0.0 49.37094900754511 1.2005850782498868 57.36655292128751 15.152817185780648 66.72315379473434 32.40260869844293 49.448767093411504 42.70464631284763 35.509990491073495 42.37721309933926 28.236313742235822 34.009887168347234 9.074491923766303 40.573931724435056
80.64773869437265 33.52234967032916 117.79671815397535 74.85290752577203 71.30688134163917 108.46661552175738 34.0079501725544 87.50929742895553 0.0 68.691220559389 7.870122665043084 27.735486257259424 47.74225160401156 0.0 80.64773869437265 33.52234967032916
45.46500109873318 130.1197659556788 0.0 67.02398793104948 56.05444968866189 13.612318298316339 122.28700063493345 32.23101823333593 213.8589080385728 0.0 260.9056508215808 81.93821892346281 170.55605702299886 132.84508786436626 163.45954419095887 252.88098116948652 75.24175949544608 188.47193896624648 45.46500109873318 130.1197659556788
56.896079417195786 59.36328032023882 52.59874852475125 76.06184793154355 37.967405026414745 68.33328787644191 29.991558729838353 59.51407005215041 14.234607681289695 58.58139667527224 23.201968128887934 44.55323389913587 0.0 22.931016095867356 21.271600557281097 15.51956333798028 35.96205209941066 0.0 47.95480924289809 24.959456431590745 61.49929001643154 26.543269147794625 66.2440862443492 39.0364299337462 85.73494394456358 56.302109397852114 56.896079417195786 59.36328032023882
167.1586325862684 3.542171532832569 217.09549516975665 78.6416899359082 164.22399097195475 148.972180809488 82.50858871216931 144.20734780300188 0.0 69.67736978699433 84.7574989573298 0.0 167.1586325862684 3.542171532832569
173.5037423925318 143.12537429909588 112.06237748633193 113.85262223611235 50.477136309604035 132.80843321434466 0.0 75.47435116003743 61.2685249890446 30.288559882819996 92.91639271704825 0.0 140.34620798846083 0.9415011512024591 183.1371336029708 28.54360784136159 205.94144512694365 85.04101938782051 173.5037423925318 143.12537429909588
89.78733992822583 77.05675909035611 67.82187562085818 82.64349720098568 50.56836040448707 78.2122072910116 34.52220239380666 91.99384455083501 45.54510451776077 52.69641039952723 16.13656464153366 66.35992143645905 12.846304227446332 51.88393246843808 0.0 30.25253114688028 8.209422083788617 6.208040808266382 34.204935961408985 0.0 54.311731137953124 14.441799376287285 59.11428209994455 36.25525451486927 94.67433935609486 30.95484208580458 97.1489127588988 54.69239319651874 89.78733992822583 77.05675909035611
149.24523526450105 196.2057665122836 87.27623583473363 238.0725838728201 20.572767023622703 204.5030055708443 19.979002380873993 133.7584791443419 0.0 74.22929771837315 36.84610012449508 19.437266225149614 98.38080352748042 15.650845589056914 149.3470501950938 0.0 179.60225285792126 48.749975406292805 263.96824002239146 63.4433617664199 196.07934240023772 122.85465120716364 245.33973864695872 218.69477850701654 149.24523526450105 196.2057665122836
