70
126.88345451108768 39.419908391718536 145.37311143739646 90.59336966057054 99.55502791501335 126.28394470369824 40.85301720093155 125.57598223913581 0.0 72.29294412859211 17.112650306187234 0.0 86.4428948912478 21.51285637694385 126.88345451108768 39.419908391718536
61.45145738791149 28.76532698910509 77.98992713854743 9.879338513855437 119.51787211381749 0.0 129.24034646105713 37.8353904966952 92.73557628622044 58.27089691798879 99.57105949496798 97.66383700599823 66.6053237845423 93.13171540508489 36.29005791675078 87.08980299739491 52.28140584112809 52.7112938479452 0.0 13.050240698232614 61.45145738791149 28.76532698910509
94.9045943844752 41.754678205140976 55.486358474945206 80.56142603390629 0.0 50.577893427924224 46.929682420568554 0.0 94.9045943844752 41.754678205140976
185.97392393788863 169.9997982207846 202.54926495354277 273.71841638580906 123.90784069089432 216.2529865731178 61.19944679920426 270.5275794196548 5.42057885228256 233.5877563361341 18.48046530630934 157.60027266987277 0.0 111.87003296876729 60.51939513350849 88.31615205919971 73.93698210183062 65.91454568637094 91.85334623914365 29.684411764169113 132.23061392955708 0.0 180.4146237692156 9.739409400631246 207.1100223356342 54.11000783881874 220.3763728720984 96.33518677677563 288.97976297050894 155.0625418499579 185.97392393788863 169.9997982207846
69.05860733683616 57.85930428692386 48.235461754543536 62.010973862752664 32.587147447397456 66.87729241234958 9.919003740545435 71.67721951222994 9.64741219557753 45.50062947414317 0.0 33.024969585386074 10.895623827845824 21.002499729985786 9.222531284130099 0.0 29.55837403754711 5.887874439193183 37.15266616076681 20.349693999741064 52.25544974030282 12.996528110603336 36.12921775358275 30.53175764979062 76.16623409437666 38.83115469749373 69.05860733683616 57.85930428692386
65.80610515206024 71.64236780740448 36.37185715770494 82.19600553045565 28.753273417502044 52.39908993947428 0.0 19.88448246444493 39.09980867152949 4.634086226438512 66.58471831226016 0.0 91.97340134051171 15.183192873947505 108.91884746682402 41.669492594071215 90.91917374923997 68.6375330862801 65.80610515206024 71.64236780740448
60.80450708333774 73.8050596138449 29.52922914231611 80.50226422112 0.0 63.23889536124939 35.08348886424949 38.483569518872144 29.666582300367182 17.554584178185806 53.799078392370774 0.0 56.979332301286334 32.13459773104758 89.08643836142795 52.799163331002234 60.80450708333774 73.8050596138449
12.50368160977061 52.512588624152556 33.698902054564314 0.0 87.49789778301952 13.488992506345475 92.55026711849575 59.968782194310165 157.0168203694825 109.79229536142306 98.73635532586668 145.34678975582187 54.16398397112927 106.70583554464879 0.0 103.00358132233207 12.50368160977061 52.512588624152556
52.79129867588506 0.0 82.87346270450648 7.013408726759117 96.26640622053857 23.093174897256198 183.70009389712715 17.987723693672102 210.33787249345738 97.2437976691237 106.72260305719836 89.56098068803377 72.42376105538087 131.67397173668 47.262179545099414 79.93996917724454 0.0 63.04029006959194 28.578622845800716 21.40018542221683 52.79129867588506 0.0
0.0 13.080846447229888 77.50231650255076 24.0739821290881 101.9752999353609 0.0 123.83193743003835 30.487227574384605 191.42143642374083 26.25653651426679 209.3731084964873 82.60520326512525 157.89737866643011 113.13638299461087 129.7938216088388 160.9284696757058 73.4401850512251 161.36621419931058 37.77861073896885 116.66055403431994 28.708069271342524 72.14299608067375 0.0 13.080846447229888
129.02123276051083 68.76580034460191 130.79511312096312 105.49237844928108 97.51912467344297 114.1928683007916 59.00876386155413 141.91425991067968 0.0 132.15693613908377 38.89292996730865 70.4021052788661 40.07330232615221 42.170889016238576 55.797843938284274 0.0 97.26913366729057 12.496014686101987 160.84750473233262 5.16285555182823 129.02123276051083 68.76580034460191
166.86861825325857 198.0356603161374 0.0 126.11438634165299 149.63813125489713 0.0 250.16769248445266 112.37310834357947 166.86861825325857 198.0356603161374
110.2916491529668 48.21837095029346 174.12091379030608 0.0 179.61058450846383 76.25820049838053 174.19867507364427 143.05975093097385 107.14863360840452 157.98156038384639 38.284933985625884 126.26539335569792 0.0 32.01631800754898 110.2916491529668 48.21837095029346
192.7060540172725 0.0 202.76633684074255 94.5578457859394 262.14366262372096 125.43979036902466 286.862553741669 196.85583744804242 176.21250378374407 190.9548533030958 161.10576571287334 254.02986024555182 119.90031087108837 206.77050412413897 42.376553013838304 238.35471379214576 16.439044635101865 176.8037501714475 0.0 105.26189719325365 77.92307222315532 84.835094051543 129.88107052375022 111.56525698360656 192.7060540172725 0.0
76.67132513145636 21.601930400678057 124.37767413947803 0.0 172.52434441885939 5.512574044756036 182.09907278233888 80.4965778562458 256.4324656174424 52.371512765115696 291.77010790601656 96.14391251909203 239.64986481654262 143.61387781195305 327.4111284033506 233.91640109777143 201.70885325452483 193.78768890516233 193.2798809161692 293.2861095636529 139.72692208483878 209.92367229431258 108.5122865107889 198.3287771041071 69.04020422184301 188.40563635481226 0.0 162.50029203589213 33.24792515677457 107.77196365322462 20.318763093201767 44.82089745612413 76.67132513145636 21.601930400678057
119.52637753076124 88.89612045635062 96.69710623179371 114.42723361614242 52.745491253568204 133.58884183832956 0.0 108.32176647408636 37.06139444747266 53.71973637641144 40.03882685250159 9.745282247922852 84.45785068446136 12.404524943138412 142.40114424983943 0.0 132.38556300019465 58.34915354708675 119.52637753076124 88.89612045635062
0.0 144.66522802712916 42.586147157712446 14.70925054245653 162.73860570317845 0.0 164.17557265072733 92.12702900400971 174.16354197260551 135.88592137895063 126.39009505239981 157.24389959903675 0.0 144.66522802712916
240.96002437981173 140.94494604446632 189.18287646286598 182.42117651649974 162.64034265644523 214.6647077550191 116.43816058200905 179.57730515297885 82.45991410078506 238.41868497724258 70.04812097707762 187.0918658496834 0.0 182.60458708823987 41.17459962170284 135.32120617483983 82.67360760291113 127.16737314011056 43.365920203350925 13.25097170528312 114.1569017087529 0.0 161.57670736383585 59.33594288913325 273.4593538930112 46.474771910585346 240.96002437981173 140.94494604446632
46.15943902654851 37.867929807565915 52.79686983763219 17.35478431328233 77.10055624670024 0.0 61.71643606833169 53.61502316369703 95.89600748857211 43.94549509754192 108.93000061418726 64.68158562088684 85.11411286914348 74.86061428740429 71.48083247790372 86.89025540760625 51.29284492537407 93.6478028402482 47.39258088641505 68.5647463394478 16.19786696389349 67.45843865342147 0.0 37.94246141158443 46.15943902654851 37.867929807565915
87.83658045760812 65.62667542483909 93.1643865149784 102.39220805902353 67.66064609437245 147.0666549485956 49.296186347651656 104.15697537705582 63.84196538955176 65.49184941991454 0.0 68.58309524194678 33.48338266625916 43.72937003970543 12.179896230496013 3.4448877806488483 61.11664482214907 21.772265487586694 75.69254766224286 0.562745430293468 99.59042893254977 0.0 98.87756053045992 34.571067419152584 106.9225640309921 43.57066180072181 162.09349772956188 57.384703545158416 153.49528767692965 89.58748799947911 87.83658045760812 65.62667542483909
0.0 28.1958724276423 10.68341125878149 10.517566816396638 31.581709163614747 0.0 35.74423428124568 24.53376815338966 60.88609779404872 32.30366699658582 28.82957972515385 30.767093711337083 26.929929779404418 49.463030176574776 14.463195657142279 42.86882932225828 0.0 28.1958724276423
31.299845551170492 23.174049259309598 58.95596880397753 52.58706223584264 26.478911143732944 31.12751372651681 17.95951149282891 34.975345495807645 7.775000732180644 28.534805563932053 0.0 12.914518834558194 13.415174416782463 0.0 28.707910010023 7.367767144985947 48.986768002985116 3.996512147188568 31.299845551170492 23.174049259309598
104.18151912873948 71.97520349106797 103.68255590512288 105.0190847748081 72.37833663878575 114.22321301679966 37.807163924392 104.06686598456801 0.0 76.38984147684324 46.214007639466786 46.505510227406674 58.92293824312267 27.397724289124724 84.65176415505042 5.2095470373430715 131.75517769068688 0.0 116.84836030478331 52.04611836716596 104.18151912873948 71.97520349106797
167.79542745406772 40.971522951617985 203.8445993921103 68.53991530973772 267.9169643097081 99.85696342579324 259.47089669853364 169.6953664235349 133.55856809318846 135.88709852947343 140.30847737953115 166.66137689899074 119.14952783626113 183.11123873913505 69.48086017367982 206.7842220325413 0.0 188.0211361698331 35.43085089322727 124.13713341243627 110.9491647788141 120.37233924883179 80.73908799875667 51.412272575282415 119.08947746312968 0.0 167.79542745406772 40.971522951617985
11.290369397588385 53.53006122318591 17.779372848071596 35.17124892897431 0.0 23.035363716569066 8.904500991706762 7.868538091397824 31.76783932599431 20.0044153851356 37.74772414997749 4.705075504092264 54.686184208525184 0.0 66.21853020125607 11.983143184950393 70.12829823957355 28.042482772087524 66.80194287020541 43.11032923623509 62.869784486061796 63.86428143728736 40.0996455546207 50.95829768488605 25.03941671537931 64.03958444878833 11.290369397588385 53.53006122318591
282.99657153914904 228.84710685529498 263.65681998828893 305.42335116905457 183.211272417592 300.1386526889612 150.2277135123088 210.10071395961177 121.32455373922983 201.5992248018011 33.57176843755383 198.85662639905672 0.0 130.21791045061144 149.71389914669982 137.3589203516134 121.24881180168396 68.87740263465881 155.36261618503448 0.0 186.5965681449452 112.1218875085666 239.85373442582375 86.80433571090508 213.86323553167682 139.63939814504423 306.6118101365365 170.78844561178724 282.99657153914904 228.84710685529498
101.52114840424733 3.7863823878062988 176.03302036550014 57.80418588007542 89.85518628169046 94.8736626404723 0.0 78.17767690150347 47.31746424085193 0.0 101.52114840424733 3.7863823878062988
103.33480949875833 110.97142973400882 82.24623930878165 91.85485831136576 78.8772859955542 69.56122321198346 0.0 43.91515836904857 37.7817882902478 0.0 90.32550069139879 17.427812510348012 117.74874647175409 7.8403869863530815 133.22853582075663 31.520144864726788 130.57064980607487 53.92065683736077 144.53114681162327 76.58643711542483 142.01910074511932 116.55279478911923 103.33480949875833 110.97142973400882
164.32857711246737 51.10626089852228 214.95253577063085 78.2225975704617 205.13140654764578 130.32417840114528 146.92228269904035 144.79795284247365 127.03337947825786 173.97819309585913 92.16070791052272 185.72698080626049 61.08245484743449 167.100345857153 0.0 172.54261033247053 24.7752018396355 113.76907707793112 8.164151455134899 77.28391396429052 25.631602644321447 41.62841382689002 52.34338803249676 1.1273737872724183 100.66213998008357 14.4267955937581 150.13364181922998 0.0 164.32857711246737 51.10626089852228
74.34720133811635 100.1130131829582 0.0 57.092500208621004 68.66770150147454 18.75149875086727 124.65941438559422 0.0 198.24907515391783 14.471512987863989 192.49455746345555 90.29948127374313 148.0225898768488 130.22092077358542 104.4481622799472 107.31371456300091 74.34720133811635 100.1130131829582
72.84581749726453 0.0 120.3810639820789 24.33815265658999 93.76131857695398 72.06007080061838 66.19160501701131 78.07409914214051 47.46450508302745 93.35308094583229 5.45872162215494 90.4747297655093 0.0 45.25167909888204 30.174990664683122 15.767934609836374 72.84581749726453 0.0
172.60903980886116 62.98798438366232 105.45729744226777 81.3846662451989 98.06122182270519 93.77897873077778 93.98358092229978 139.61527719054675 76.69273962252119 81.33261693788533 55.937456347268494 95.19999852044914 0.0 96.9963126712594 67.2280537442122 68.48528823054086 6.969026287914602 16.001385049102865 63.74345124846653 37.10346035782385 81.06766559179883 0.0 99.45200972009835 34.0649332296927 152.29163640047022 24.190408122576606 172.60903980886116 62.98798438366232
112.78702320702293 0.0 177.104304821685 9.54935612084249 296.3985480999972 91.34707209760118 196.84892706308267 192.05475613904144 63.77743319102011 226.2551475396329 0.0 103.94244553242316 24.66393330738626 4.731259457499291 112.78702320702293 0.0
129.8133475751601 93.41741350157656 0.0 112.17730636744639 52.392374948536784 3.0544277205888406 134.87453879464198 0.0 129.8133475751601 93.41741350157656
275.4244507459814 112.21228303370181 221.18723955524797 142.46292201210352 243.16396247324127 191.2080341510828 214.5358663714147 229.00633872390716 165.7497896582268 215.44463921116795 145.60649961308073 169.47115315627047 80.91833922612241 204.5242985042412 96.28289962733547 149.32785410539108 0.0 112.38761485906188 85.23505482401096 81.06910543962599 113.32631801236234 57.440741892177414 142.1029898487756 31.637099548058558 186.87787880109133 0.0 247.89226477271293 6.197204973116342 237.58253054918922 80.95347028079965 275.4244507459814 112.21228303370181
198.16200783224096 0.0 160.00901438209266 95.4378483731553 94.7339170953494 167.14255583851008 0.0 82.26340373486228 99.19236733322322 31.11618623800974 198.16200783224096 0.0
22.212894700179135 66.93797812193361 94.55583261124983 22.22485175882673 167.32253066583428 0.0 212.62232412468487 58.0939745473878 175.2714008580528 111.01723451061612 322.58174745794946 251.7417290273293 168.87636328650214 203.18591029758056 77.20198909581549 240.88268232267814 0.0 165.2563606055813 22.212894700179135 66.93797812193361
107.89151452281722 66.33690852704387 203.05415174202653 64.71820749175139 208.5289096336557 149.92901633183374 130.82424037143798 188.40499949064088 74.93287165744997 137.3162500822106 19.499902313819746 139.7257077680299 0.0 83.50165800158423 20.452176485393295 20.283523903448938 81.8769721311428 0.0 107.89151452281722 66.33690852704387
73.9204394432797 0.0 140.89490647228342 31.392545850477028 88.77845391825726 82.66000645866802 48.07839357068649 118.57127925965233 6.891819315856374 72.89103996965494 0.0 2.8881657663915377 73.9204394432797 0.0
237.75735412316178 143.44035364855768 117.72363887135262 215.98571659357196 0.0 174.76115513377118 22.347941011359012 65.92397222717808 79.80812431031677 0.0 116.71930023447445 79.57245343496855 237.75735412316178 143.44035364855768
0.0 3.4082506165392132 47.16901790288804 10.614524401011884 90.93291203236069 0.0 86.06726010335461 42.14663894677431 69.58641415427562 70.67967711072046 33.7919134429716 74.91656568572628 1.1592378539570518 51.40153186553085 0.0 3.4082506165392132
70.85269142992031 55.91583776064979 107.60692220022858 82.44283620962267 100.24354528852535 107.11866825038007 70.98588459690728 96.59987538168508 54.329823764545296 92.4489735439173 43.55847782255489 81.5088899951621 23.391807241713906 82.17189681748457 56.53367291851586 54.93850717709096 7.379009717727293 48.78632721714357 0.0 20.30799118803261 27.510103027522234 11.726969079133966 47.458865802144416 9.61212821861865 65.98823801622746 0.0 76.01602497594935 23.901846912923666 95.49654380252724 26.452657385801622 131.1406212718525 36.11065352280567 70.85269142992031 55.91583776064979
19.253851681224205 157.02747548358747 7.292925398935367 85.05423350899747 0.0 0.0 82.69972784687745 37.22406064500744 185.6288534814334 22.753938879534722 254.94435548389828 154.74804131407564 104.13780119150213 199.07222496137132 19.253851681224205 157.02747548358747
0.0 77.41517193218087 46.56159228548293 4.494173077594624 127.52274709867754 0.0 213.79414589872562 15.699679657547208 258.57143947777666 107.38252243586828 214.8603709377673 213.53977646165603 109.09042868901022 150.12272613481542 115.19461967252808 91.78774273959533 0.0 77.41517193218087
150.51817057025977 0.0 178.2530381829344 161.92311639513792 269.79798908130505 231.4944557813056 150.8592726400705 227.25312483575982 106.00574984704699 248.8492174347341 20.432081812974687 211.4612695485672 0.0 74.36885574891681 150.51817057025977 0.0
25.59460569339646 47.267747818827885 6.230799923725712 44.381545387697074 5.842629444689706 25.798205326124815 0.0 0.0 25.766977776706455 0.38744858353788914 48.08458043837153 3.154152535543858 82.96181852902407 25.49253916902593 53.44661316465442 53.76762162580731 25.59460569339646 47.267747818827885
79.06704180618993 0.0 165.43345795617782 53.24625672580642 76.90862071199568 117.57425314047819 0.0 42.46916397541111 79.06704180618993 0.0
57.90573375357977 147.19421039870016 69.8634170180803 100.67236311447955 0.0 76.46368360209291 94.90771814474512 74.95752672293725 54.163420878313445 0.0 102.01471617469284 26.52620976599706 130.39364298261324 30.568805807053607 176.0156057132758 29.803880866508713 181.63187183195868 68.77470012652216 191.8568160542273 109.23755987560705 145.40545643404948 121.3005873534045 137.39814220683343 177.63245836119765 95.20697047582843 157.98591023573994 57.90573375357977 147.19421039870016
0.0 77.93433550939223 190.6916066406268 0.0 318.10958475384496 88.3992463574621 193.84159896308284 161.87779193520652 0.0 77.93433550939223
102.2949230046481 0.0 118.54562235110467 32.883672664475455 90.0322492399412 65.40720601497219 0.0 62.59692043367707 71.20793587450993 6.867163329182887 102.2949230046481 0.0
58.39170441240619 60.89528254870355 16.205774049639793 46.38537313425584 0.0 3.0238218351355783 46.44239889037981 24.901038085756724 65.36718467352028 0.0 79.29113474695686 28.368233270815907 124.28298000454336 18.857232706393297 110.01297849116736 54.55122544173183 93.73415015010468 72.50188477332088 97.97717626659878 99.5219776181598 64.29960380075687 76.7711391274 54.93012135824139 92.90962086436623 36.919856613589864 93.81958456705827 34.4534465599022 76.01052561556669 58.39170441240619 60.89528254870355
26.407692722614478 45.1769332411601 5.446938949812925 48.528344381958874 21.595217912505696 30.914653524720592 26.639147087302554 25.237123865499314 0.0 0.0 26.20150349856184 7.024417010688239 36.61563924467803 11.028761270009454 45.24421279483325 2.9486528294282977 48.06942606130254 16.289936529329424 60.5569858426072 15.84703262119855 74.28337178850762 23.3140864344186 46.15457223381423 30.06862976954538 68.43990937639836 49.543899372286646 43.60073074704204 35.93142599983304 43.905525760881154 65.94295400568211 33.03914834185496 50.873935274539505 26.407692722614478 45.1769332411601
56.84318561525548 73.29010951879962 26.983912007166026 112.33213182994825 0.0 84.08045486731072 31.363252726597167 50.77463782167525 3.159812993991409 10.97513487814878 38.02512330758418 0.0 70.06559328712918 2.244201345652762 77.99196984278102 35.51947569218792 129.65017691978917 56.927653711355426 107.92590810806621 97.7827125575696 56.84318561525548 73.29010951879962
46.59385850798614 58.57870875775052 34.994450525161255 70.94496406090478 29.583472139070523 48.84978119768569 4.871043589304293 58.58610017573638 0.0 41.59855875981246 20.484657329866494 30.56411352009006 24.508205881694778 23.703182855856596 25.17639680228254 2.992691867283085 38.8266775783984 15.819728777341126 57.79713996490858 0.0 60.371566412928644 20.117620829650733 55.704996876251855 32.92492509271841 76.11677430552845 48.158848717324204 57.48058720247627 54.683393374475855 46.59385850798614 58.57870875775052
20.928116666864504 35.04614797703796 88.6994027175614 51.302468738121235 206.24661148402396 0.0 262.3239861726805 121.66697969014125 155.72322158161387 192.49974066282192 68.71061646057615 260.2136405172126 11.501503500099048 170.26165376654376 0.0 99.49950453993971 20.928116666864504 35.04614797703796
133.33528577263058 209.54670187735428 80.52794585698183 157.50132796818258 0.0 90.9927544354881 77.31579493738445 18.300335678345306 148.15400138056077 0.0 207.7727213764508 26.436620247014048 251.52859495860605 71.37966797012217 211.17318656194615 120.10894484543444 203.18804042855155 185.15970208334693 133.33528577263058 209.54670187735428
92.99035007460822 168.92375522342002 51.64637885863013 149.06559908821995 0.6644810776126633 118.13107552334455 0.0 43.27833182054236 64.75529917076642 0.7062084552634502 153.52610634696484 0.0 188.253279523191 82.58684365044871 164.5376553503682 161.53821424117785 92.99035007460822 168.92375522342002
190.2014071985032 0.0 125.33417675310479 176.1860922331061 0.0 87.93751713784107 37.335460298470935 9.684676734755818 190.2014071985032 0.0
15.389981589784924 0.0 57.880265509638804 13.153596607203625 24.036283364612473 49.9436247206616 0.0 23.443985406937955 15.389981589784924 0.0
128.738366936749 238.76022241236475 125.6282967551594 187.37826226924318 16.64363897171745 219.6627125697456 0.0 158.01025214002112 34.26191205975181 102.01790234242719 79.10532943059317 74.03749784921449 114.01799276652488 0.0 168.09858392734458 77.4397364518095 224.6854121828507 70.33467639940275 301.13424923980443 89.11064521112105 302.41688005563077 161.83999613810582 314.21355767151834 244.42067723523192 231.24229652536772 266.04244950780196 177.85706640426793 292.9910184677649 128.738366936749 238.76022241236475
72.68198061563659 19.063579481467556 105.17627329419741 0.0 123.06154367844218 42.61980610756639 124.80867238582944 64.85013347688333 164.83386358470426 85.08636801377244 131.67960434571012 103.6864326286785 126.27174188016245 145.4618982915361 86.42402679604054 157.93398938008113 47.76259892904428 142.59457246805232 69.88705135124376 88.6367287061817 0.0 63.511347063550474 59.90604770776554 48.845038608865224 72.68198061563659 19.063579481467556
267.20796388093447 0.0 248.55192851289715 129.94535314877174 219.78142412479525 198.76831797167276 139.22842724324414 228.77447372240442 48.694763106328864 182.14925147913502 0.0 53.31130201388656 143.29801973817663 58.51880767954306 267.20796388093447 0.0
110.83780956557024 44.582601086621246 132.8099464936323 69.27028212937265 116.13029549936914 95.39498324555288 89.7300442831046 106.4815697195587 65.71453097186641 104.29431557244058 45.254078129976676 97.9271897160288 37.37338866169986 79.26830733409938 0.0 73.35450089649342 15.339363168114772 47.81537223621725 14.316064944793055 18.866969365007073 47.643293511292654 24.47245734152805 63.28638591770036 0.0 83.27432548859116 15.190600641901554 109.57687142515564 18.78961735557653 110.83780956557024 44.582601086621246
31.76055725439103 117.3127406446981 39.08195178359698 75.76558230467765 13.052474008199056 67.94238732218918 0.0 36.35058395515437 17.01226071582159 4.669673566898624 56.310592118233714 52.47879770543606 89.55790023626746 0.0 119.2053581303637 25.43765650704978 56.829161586184185 63.291222449455866 133.20481250888224 101.55363941822498 77.14609502365366 92.61359199226791 59.042532994846 92.30397535203309 31.76055725439103 117.3127406446981
154.16865932208816 47.7703659512749 170.74227186188222 109.71383871031897 110.89567465827346 122.73874066058202 71.24599150512451 103.76235536608753 27.74686335318549 82.6336318849315 0.0 8.5757518875931 78.44236637065283 0.0 114.86512783555757 28.662854247853943 154.16865932208816 47.7703659512749
0.0 62.58814686290607 154.83597184881683 1.2623829697998872 230.7011557340075 24.897232840792007 275.4108228803164 0.0 346.3232078089914 13.724515699879262 329.72294978469205 80.99055157503646 316.83942456719933 137.00014438835586 277.5762353760373 214.94281120912927 199.52464567235376 177.73308631099388 149.2825282538552 134.9735690021805 0.0 62.58814686290607
36.759852032640254 87.81829532860148 12.52357901417296 58.197104413073035 0.0 13.986716318006529 45.22832968418592 0.0 71.65361942971121 25.587520018243865 100.01035387104571 22.40050392988445 128.2778164553113 51.439192807158264 97.58330769735758 74.7364058401459 70.79557368252081 93.80780414183285 36.759852032640254 87.81829532860148
58.722891944433755 92.2376388475053 19.066480563758176 112.20069340076402 0.0 68.85372606339511 7.846635413778216 0.0 61.95718731227788 49.682070496711134 109.90814529209294 49.107269587956225 125.064143254646 108.29784084525902 58.722891944433755 92.2376388475053
87.55600121230887 34.20651328157696 112.87334038062951 41.08826585281081 167.85787361227122 63.166814619635744 152.18789608166682 102.72499127363086 120.462069131508 129.0994231857308 86.92002040438882 141.8601429317722 51.71791234986312 163.31046302657472 49.77565444303887 84.82985564315018 23.433135065427685 92.36179201569045 10.603778746587665 76.29597522867624 0.0 51.83870388231179 18.552776698067333 34.79095405414127 36.915684280502255 23.266903442555503 53.63991168492473 0.0 75.67655679947899 19.879571645560603 87.55600121230887 34.20651328157696
175.8719729761362 204.06905785431468 93.9476645219359 238.37344957061794 0.0 92.47518633744875 169.22603782468502 0.0 310.74677745604 88.39847632258474 285.54132368394767 237.12113215686432 175.8719729761362 204.06905785431468
