70
59.80470394044656 9.392766129235596 78.84615975433272 64.34029447653333 0.0 68.38711832779313 11.15258856326983 0.0 59.80470394044656 9.392766129235596
36.80395715462198 5.651472560457918 42.10870760539501 15.25599263147862 53.79144099561334 27.032066047561955 48.816827862055035 41.770374817370566 33.84538066585114 45.61803166274382 24.69429809712203 29.293575428107445 12.991487517249169 35.886311459542185 0.0 28.850854196350397 5.867127246201562 15.435455061699187 9.72664508874162 0.0 25.270828952579464 2.0562770290607943 36.80395715462198 5.651472560457918
197.79331032341184 155.63551033577826 125.7446990623366 178.59853624192007 77.10766484634809 124.42786150664872 52.034258055180686 102.71182108931228 20.88818931683653 73.3212093057239 0.0 2.9872414121485775 92.99850268811657 68.12804952820869 120.71317642493085 0.0 128.4184719862967 51.076275755899616 212.29847688392536 76.82759057614344 197.79331032341184 155.63551033577826
44.1474880594927 58.6013023170547 45.55176068816405 27.21171970341112 88.53360921537275 35.11067078956623 104.78957912868562 7.517587016709783 133.96759763737586 3.2218743684893383 175.61112890650196 0.0 192.61430532241593 35.23920568402733 212.16110628346456 71.27910773905926 190.8134045497551 105.50813049831466 158.32368376640517 121.94667842644829 127.64466501225604 121.54077949905307 104.69016449073544 136.39485481902886 74.41251767458076 139.5848588646253 51.0878831819376 119.27349291687183 0.0 98.26970954536483 44.1474880594927 58.6013023170547
76.0814034471639 0.0 173.765609241093 46.91897184670054 278.487995050358 120.5604823235405 233.10743538891708 259.60926646193127 98.91838117287907 240.67449326643407 13.197932069433136 194.72388069736547 0.0 86.80289391122977 76.0814034471639 0.0
215.52504583190637 119.60266796525983 155.48908077101527 148.01186752150144 118.49949325531031 156.37811934746134 90.75907377415326 144.2599293355054 24.226443963467318 165.3468157636073 0.0 111.03489880305226 12.972774756578005 53.03483547567118 62.73469353012822 33.31799950386697 105.92781295419329 0.0 125.49017450118389 68.11314532879663 196.68745023315245 60.132951347037526 215.52504583190637 119.60266796525983
65.87775958306892 62.12370071880394 0.0 72.15797040160902 58.2698881282343 41.92522472941513 42.233359547147124 13.650424063373343 68.97724663835363 14.191558655866167 90.50198159521071 0.0 102.7784125683375 21.37797901681835 150.86482751487188 24.758058360340705 147.85515168807316 61.68231426316364 103.82606179696742 69.93398060292506 85.59773317742852 68.07180164741919 79.49815500614815 46.7685674224119 65.87775958306892 62.12370071880394
19.56231837913704 20.481881828658516 20.90711773835052 0.0 34.383285028949814 5.877914592113868 39.461007991771055 16.488333855854222 52.82161589392594 25.27441472944301 50.078379933956356 40.63059829480497 32.74573549789335 41.440847364455024 22.80712907114986 51.31621264632578 10.851737719186943 43.96861075580166 0.0 34.71988225803149 4.860717359939514 21.04441285149973 19.56231837913704 20.481881828658516
88.31567310840609 0.0 97.711635159654 60.152167721443405 149.6858891654497 36.73798975588952 147.9513375579805 70.87636081558286 189.29462746937568 105.91724138216651 109.16289254088626 105.6137155131603 117.02410962174113 141.1331637988373 94.56794068397825 161.31471894039208 75.01978360754882 115.47215471176375 35.2739577036563 145.7633043072864 0.0 131.09856196814374 32.40723597505928 89.91231197871312 52.10472936298676 75.89652683728393 67.48696795143752 72.70412540143 61.66328386245195 32.655493293935166 88.31567310840609 0.0
0.0 111.04425618962287 55.913135574727164 36.75709351475765 166.69645096339195 59.032992820581164 179.5721914138714 0.0 212.51509984852848 60.42395562688554 231.42519642289196 68.71292199221558 292.3123897899408 72.57424028226542 305.92476363880917 119.70225095741546 283.563797613233 167.03775639675376 242.01368662752537 192.40889357273116 196.4265477211919 181.66839376006646 138.98460788145633 199.06075928777733 156.99592102813665 125.79358576565755 0.0 111.04425618962287
71.39206500597402 44.65405919690776 103.97015597751835 1.3328057317952613 155.71776710618803 0.0 180.73566883677944 50.87107012816308 220.89280146413103 70.44656739767701 215.95885045249514 114.10073467795709 145.14799303331483 105.81290912545376 176.86788061162386 206.63517939645806 133.34225534615513 131.2598867694395 80.24814560774684 168.40480465099847 0.0 149.86630767781082 79.50754680246814 90.18946624650371 71.39206500597402 44.65405919690776
0.0 174.20282712394288 28.41795468392894 126.73951521375974 51.467448605421026 100.31475263572919 20.654189083309603 22.635712622338687 94.72822134814831 73.15745925272412 120.87559245386255 44.50546885405058 184.83462792114682 0.0 219.47653728218904 49.33046303454117 145.34266785876179 121.47977970796624 189.064345083808 147.65576901338736 201.40092000157682 197.48598284680725 150.0564244060946 199.45343049237005 114.65075419289303 188.6398302161944 92.58744113170005 178.7543219938192 77.7680759104212 162.11997915973285 0.0 174.20282712394288
49.827625800599435 29.19783370593214 81.32522084731195 0.0 98.81215806889728 26.501957403241647 135.95198857748494 70.9191336915698 67.7099390550801 67.71195374710605 51.47490331713364 118.19172724342407 23.16634172634869 84.57126986117667 0.0 62.907714290644634 50.144422508504476 44.88326656759274 50.144422508504476 44.88326656759274 49.827625800599435 29.19783370593214
13.681576177244409 0.0 27.213695944704398 2.1718035843358194 36.3944777391099 4.9560529245614475 42.096762762318306 12.419650981611696 64.44578113355547 20.341719141082137 45.96988620661094 31.244280324156108 37.42252427599489 36.78662585265127 28.19860987467426 26.075253505268577 19.17890227339757 37.798546955770206 18.181805613688596 27.625795382808477 0.0 23.060000418935587 10.075412654179445 12.328991941164603 13.681576177244409 0.0
127.17010727562484 48.207224539821325 95.58610293521981 78.533220399578 56.476973966306986 77.31632170331105 14.514755214591297 65.64351200811848 0.0 19.779392747337766 49.24697470482502 3.649084880038231 66.67383590976026 0.0 71.61069950487575 20.18429592888586 101.97825992431555 13.362371759739077 127.17010727562484 48.207224539821325
0.0 79.07821238578255 43.954842895021564 0.0 121.67237678537504 18.572881349870443 183.92168183515693 69.85530600862401 119.36194172590756 109.15340540596002 83.00070856787174 96.17535618583602 0.0 79.07821238578255
74.40341234829889 96.49350369410868 54.40460802401627 123.77715013441377 52.04683460655215 88.88862700568423 0.0 89.33763568491395 1.9421018614735885 53.61705439904647 24.50390785003526 28.657764048975523 55.570629804989295 23.83805027465654 87.21680023456385 0.0 107.43042302185765 34.37766881429139 125.81178042415797 58.08451411025777 92.34873037961442 79.72517617225256 99.85001023463128 105.36956843757989 74.40341234829889 96.49350369410868
52.94591038467182 72.81969286031463 0.0 111.70465551102518 56.273272602761736 58.30099659457291 41.514262570997644 56.02849845805723 35.14936521627351 44.51736138449074 48.98249381800659 43.6239445001613 39.8699447439098 0.6718081514038445 63.168002773487586 1.4261509688124718 87.92045059699713 0.0 87.26496467310423 33.47236767530555 120.89609921541442 35.805999388054204 112.20819812724649 60.08959424648063 97.78276251418752 74.27293884979392 85.08406073997456 84.5882283676219 72.68064383490216 90.77012104838573 58.791711135176485 93.10577394843725 52.94591038467182 72.81969286031463
0.0 186.48554944240303 41.6187338525245 132.46459785311228 50.78152411295841 92.4367729482135 84.52223898451096 75.01202634234264 106.49895703275479 9.27462809731989 163.9518189510431 0.0 231.7255014954029 11.06459855862903 227.11218173764215 91.69392089773984 236.39185949556293 134.42801501703713 252.70612665325154 182.2929865267607 195.95924182358846 198.3569404966105 154.55548082135408 187.9432391745224 134.8753420883815 246.41516729286948 102.74824407311144 212.9034817453126 76.64513637031214 192.01015202392117 0.0 186.48554944240303
69.45340015879728 76.11144783926842 104.01534074575076 57.74644758290968 134.3726365364111 0.0 189.8761700641104 17.330302049942333 201.50276564729242 75.76192399459705 230.40414341918822 105.68445385885964 160.3320158209091 127.0669192486875 219.251915208803 199.64452475236288 168.63176455520536 206.75555231754527 129.4351494105297 180.6308229673556 119.46320520448738 147.48127953884088 101.57430848323354 138.8631051842667 0.0 111.68353917573637 69.45340015879728 76.11144783926842
0.0 46.20834943192237 24.82158042979647 26.235176936027827 17.51039949655997 15.045734793953756 23.305393817956812 4.796951531356427 34.05095484624698 0.0 44.9684319031699 7.831249510193231 50.14466924813381 12.657347624273072 53.952282544202944 16.519725697842816 69.88286949089346 14.996645546747033 83.24612012227001 24.59098980554556 66.17979278064011 33.869313769238346 74.5080635891514 53.28387185996756 63.014899712385684 65.82966112445146 45.26183296058528 42.899355290969936 34.804829190935024 52.100401293719315 22.92659027146911 48.514187531301815 0.0 46.20834943192237
0.0 7.0724458361647535 28.715809485128574 0.0 46.87270870779825 15.71331881386434 60.481841396075254 24.445900964595033 55.60233412256896 40.193705296864984 81.47370979471162 77.15182561296305 45.411396756113945 78.62674089236313 21.94162129292819 73.97258360381574 7.88842894426611 56.42765081033797 15.514335491137217 37.23366481517342 0.0 7.0724458361647535
89.0408052840843 61.31028244725515 57.915387061205394 58.55915001305513 49.2042406343613 59.40970615362113 41.581827786731466 74.38997890349755 19.750718712833148 91.86547675821303 21.410386183199847 62.289816117480214 0.7822244112778947 56.688544641712156 5.084321827734982 38.470728816157234 0.0 17.632506788404754 23.753879905625993 15.724318779288438 35.73612004903967 0.0 54.239507391695284 0.8379186053996008 68.51452135023624 11.190028144281811 113.06822804249121 4.9849746797282535 108.4711049936428 39.156285199766344 89.0408052840843 61.31028244725515
0.0 137.7758286382649 23.923384850377033 0.0 170.66557664744 2.7647537169954006 130.17456524381038 125.99201197768149 0.0 137.7758286382649
79.70606540685714 23.80169792689408 148.66134792968532 55.23503586062505 194.10962615612993 0.0 251.34456452846334 29.83200554943312 186.55433377780219 106.58478431148761 236.59283512630256 135.68593874589317 256.11178829633286 214.15429327710086 185.00580893449137 207.94708493933732 132.82481669282367 210.35595944227234 57.384075726562145 209.71469512264096 0.0 147.2591289389354 46.889077632507366 76.88181317774571 79.70606540685714 23.80169792689408
44.4071510894541 34.786151847203286 115.77163655435682 42.141541001249465 156.96117262257474 0.0 214.6751760947436 6.451679607127346 276.6037667071505 31.545897870258514 229.97834653143912 107.4659766082965 202.83597602670525 136.777189275886 235.78458963703838 194.32284128826905 217.76071284572492 263.4075386308375 153.35553739207438 184.6197752819968 103.87406810332094 227.97238852089828 87.4402578008219 177.72185234295728 69.45681456414428 143.96389766941132 0.0 88.10638067418866 44.4071510894541 34.786151847203286
34.53337910079916 86.12079431284657 42.28622250594582 47.20081442040431 28.920207733256298 44.771581697327704 0.0 27.978548596659422 5.6863652486658225 0.0 45.53709433607093 22.489327445859075 55.143207686310184 3.6863413627712447 74.27248216260301 2.721926166486057 112.66607436885207 3.4297658429752715 109.9805518796513 35.82607757921599 105.8038474722322 64.64559128911898 96.83389604546323 101.80211428419513 55.036442335067484 58.338391333474746 34.53337910079916 86.12079431284657
86.85806944822289 63.565534786017295 49.40403094409328 63.316944122766984 39.77173288429016 81.1461279169779 15.968072128279644 82.34338699585795 14.963889886020809 58.02798482078903 0.0 37.78578565079174 7.506502825942704 10.488637574119316 37.91898251583649 0.0 56.85778567353836 24.128153167658255 77.02578385587603 36.44304437234224 86.85806944822289 63.565534786017295
64.58067980153277 17.81224954592257 97.89674824721257 0.0 98.23400128611098 39.60867373438218 72.77420604081027 77.50802455181925 0.0 76.03055633928993 14.497134816861077 4.655229738782438 64.58067980153277 17.81224954592257
68.01190595135321 22.351686399812927 103.1376342560608 0.0 145.8519731928692 17.477728819862087 100.7380339432394 62.28297779425342 136.65805471472325 108.33683336434703 96.98249776994388 127.29015569627148 60.51957325456428 109.04859075144597 0.0 134.2940663875334 18.254811938403066 72.30818626040133 18.593679469474637 42.31044428149165 24.68574684457485 1.9192085847719227 68.01190595135321 22.351686399812927
58.197580010014974 81.86274941103352 93.00362307226189 52.54329756912085 117.59869366450815 0.0 162.9058068155813 56.04078005776007 233.12510383991622 5.573627445278589 273.5385961843852 54.13812799389079 278.5961465375178 115.08763368023939 266.03386474525297 165.64980559993117 224.33993328022927 198.0223328271993 171.35519858353547 181.1531249852739 135.55934111979252 240.00769786494556 71.64979072432499 238.70142701590396 43.991618125806696 184.07808400302457 0.0 132.1047336673094 58.197580010014974 81.86274941103352
40.63874220063758 96.01476343127842 22.30876181240498 73.66057343150507 0.0 53.70281969004468 15.644031423525206 27.69161583317282 30.89317651843757 5.857994503756366 58.614990506042474 11.127339726963555 104.98114626746856 0.0 51.351089283911946 47.05763635171482 121.53318486407558 90.55949901513299 79.55732746628387 113.74057254235018 40.63874220063758 96.01476343127842
263.01328512201206 173.3819582701267 75.45352305102824 212.34531449258873 0.0 0.0 196.80722814874363 32.07484651958619 263.01328512201206 173.3819582701267
137.3519650992504 173.34941056377622 87.6360243195139 160.31142545487904 0.0 171.27794405818332 8.787304094852345 87.4447600569432 51.54801695268182 42.6467778050886 87.2757086062584 0.0 140.4942421312324 12.250540910476957 165.72804373702527 49.643841591278 186.99981652209922 88.87819650863736 167.09155830279252 129.97834207768767 137.3519650992504 173.34941056377622
0.0 51.60547545062691 108.93942675539246 64.65001206760806 100.4615904624456 6.47413594761268 133.9360754090696 51.32055353096534 160.3347881519826 38.02766831388091 274.25652377086715 0.0 186.57251440309787 81.23066693568316 248.0862744675169 141.82639068154123 221.5598820996101 209.63902897861732 145.02222934113655 190.73023706199967 101.86171433009372 159.75046055206298 85.93521030191357 123.72809802236627 25.94835752813009 108.04342434415952 0.0 51.60547545062691
200.73858652511308 267.2500964374287 119.63645069920398 305.88953928405317 147.1498168989353 191.42189332466907 0.0 189.46222262179467 174.38961782615752 135.5092234610982 145.2739103510578 96.1376350755668 136.6152671781478 20.69435658270774 193.99183972006614 0.0 224.79955066576812 93.52229654902382 253.6248208507554 91.28884700304314 365.0138616230307 65.44881474656114 281.36498067353307 138.66958181113947 322.195807190594 183.98558346470003 302.6472449310594 235.9663276962713 257.38950056234455 275.30778993757554 200.73858652511308 267.2500964374287
0.0 96.21387025939595 75.52785551029204 62.84893178742935 2.809550915996738 29.506945503669158 34.84056024598976 14.73943530130856 58.760883119643154 0.0 84.06575982593144 17.968254250832835 107.60211289384326 15.790186706681666 113.092430576864 40.05445294794009 120.20262202564153 55.71983328140897 156.6668269499122 83.53676653983197 116.92561635672472 93.2145271308571 98.51976334297824 101.26723690357571 80.74634865273117 99.3941594016782 53.72339564983912 134.31195984307186 35.46383732318159 108.55039992975264 0.0 96.21387025939595
157.8638408241411 87.00039968177992 90.29657587961992 82.83760552576132 33.77697200800213 93.84659031415157 0.0 19.689955912943326 82.28678165468118 0.0 157.8910431996403 6.40581859250107 157.8638408241411 87.00039968177992
206.7935810470253 90.18627838261897 260.3651066627527 145.11143732436597 153.833849538888 123.84720910463614 163.5356873352162 204.82854448340203 119.14719083190937 160.03310915668231 56.97356394255277 203.87330635049796 2.087290349341032 172.71206673861855 60.4167356511993 104.81433873221552 0.0 49.247494913420425 63.85358007513034 29.267709123345256 101.40426700112467 15.049570235352292 129.15123093290228 97.47329528993744 189.10551178665264 0.0 256.99403071072237 16.83551187313809 206.7935810470253 90.18627838261897
56.75759740363657 3.9912316656556115 158.21231440262386 34.49738752748368 248.55664399554007 0.0 204.29840253437646 82.92409035807712 159.68817114482573 64.52053313794575 0.0 152.55708942311975 56.75759740363657 3.9912316656556115
89.86902031736206 78.82811917405161 55.48037486166086 65.76397571004503 48.061417740142375 73.79451072431326 39.95084197756205 62.29319099019627 32.140929900745476 63.41534971152199 0.0 75.51854559120841 19.29949319100936 51.84960604488847 25.82175422096428 43.50527553649382 10.68782694976099 25.240296992871002 28.5368248341685 24.994556780395776 36.106373352742736 14.05423298851614 51.927555475253584 0.0 57.67339987673776 25.007185437774915 89.59443715067053 14.81823906665371 67.7269884487612 41.9724512947568 63.60915905901808 50.93026918485945 89.86902031736206 78.82811917405161
70.24421941602617 69.14944410774062 31.600985398849183 68.15486090187038 10.965857853875029 40.47289553958686 0.0 0.0 44.511949779215705 7.661143561440795 56.39761888854377 20.240848413071006 88.29437268528912 33.66782136387522 70.24421941602617 69.14944410774062
139.6215118121741 0.0 281.70322253240204 95.30450665310403 107.7936525160704 132.3177913850286 0.0 32.147242055423966 139.6215118121741 0.0
17.66911086674301 48.11317482414522 0.0 22.048309355006424 45.28443379213215 20.279761568694255 45.39750894675471 0.0 63.395025772757705 0.9254190787961534 65.92736207337171 19.503577768528416 63.65459297745852 38.05327651891673 46.13946709015451 62.57499609691635 17.66911086674301 48.11317482414522
0.0 141.17729959677195 62.556714505856235 0.0 148.2794235404995 2.9021531020024938 268.75746864805524 58.289574292496795 155.0303105394229 141.08323492486397 0.0 141.17729959677195
26.70462038910442 115.7520620792734 7.428641117485995 93.3334485251106 13.478429452694158 65.60548801975843 21.511213292994455 35.32504577290646 52.13417293963013 28.416006025895882 80.0999125399206 21.418749542525532 122.91350749693892 0.0 99.71130674581745 75.51953305920006 179.05418474733307 60.90884705690779 211.37141073673735 106.31587465245111 132.01232738609002 123.385005956148 142.72278347908855 169.02626329142777 99.96155985721532 161.21444253134598 76.71885600189827 107.5248253224306 34.47919887791021 187.5243301071348 0.0 167.96398058679233 26.70462038910442 115.7520620792734
57.33177631078071 31.104304795525394 82.90549645551451 0.0 111.83335199045227 21.762057437799115 90.8317206084382 72.96540277210505 157.87167701122377 67.71216211230241 159.6138047701267 104.45293950829645 150.8037243791937 144.15995388990953 103.59477436315817 135.8559990712215 76.48171706613606 157.71317509022438 47.49582769278814 142.02583437961778 23.901361954200837 124.12031452408425 35.97214582937477 90.46876506147495 0.0 60.2790443126231 50.926725960366724 55.79605271389855 57.33177631078071 31.104304795525394
234.67612531242813 152.3257009632245 175.9382478505927 172.01746640623776 115.33793466301523 113.64386720987096 90.26990009205522 232.9047689576468 67.65919207072713 157.76487307421854 78.54174801997752 111.21519006845448 12.112364091768058 110.27264260280857 0.0 64.15821441350131 44.02890437252907 40.49111278823951 67.38899919130094 16.595066821517406 104.48438331067274 47.08218611153462 138.43467614291785 0.0 131.6080601373102 65.51395932887614 158.996689055774 68.53384880093941 286.1787327643552 96.46932270327031 234.67612531242813 152.3257009632245
82.61812505401295 204.21451048354794 58.66023856000919 164.4384790704384 99.15494679357934 105.94939626908999 0.0 110.1551860682491 53.1605605203419 86.3717110100983 52.10713953462363 51.16294794162234 69.99440755032455 0.0 115.10172577413991 27.341569715213424 152.27440219995225 35.52470016245077 199.5001965044022 56.02965218221846 148.87783659738167 104.64153844434996 222.01935340267516 159.39158505377728 192.87074822318272 210.22529593354992 123.348630939963 195.57235280178796 82.61812505401295 204.21451048354794
13.483720300767118 115.88427144251598 0.0 80.22472960962773 14.682255837305377 45.2117249921741 58.03594654298206 36.96808249656972 79.2665945960178 32.93402797889647 93.45976633868509 0.0 111.44841603413562 30.787980109073345 137.0303998865745 24.877670332244676 165.815920921604 36.816709947710436 181.64037842065574 65.40767024343991 136.39215446396327 83.07234383037547 159.9441084093362 121.82185570739934 110.81212504383623 94.31084163305464 102.32552984815463 115.00517491412235 72.39687863048361 154.33093319162788 77.10475409347971 96.5798763355641 13.483720300767118 115.88427144251598
37.43212408451339 44.20490545599378 0.0 47.48425267436227 14.526261416117961 23.956884211431955 18.957608865717518 3.2526711378581723 42.23335679782463 7.744901056669775 60.66720678701799 0.0 76.32481771143784 11.430164760319613 82.80277068198816 30.15796184124096 80.93863922652143 51.33474763316423 53.076968089577605 44.202140990878576 42.62693599268313 76.2173379833993 37.43212408451339 44.20490545599378
50.22923150579335 43.84615825811808 46.03712490303879 41.45931671198889 18.760481523618267 45.27378562532708 0.0 22.128770509025387 37.233678774335914 20.013583192102516 41.87662914406354 0.0 60.44321610287142 2.1328903670147668 86.12256924993375 0.5491585111194865 99.12613673661303 22.093471665226176 62.712428857015624 37.52876119499233 88.49793818572721 69.133105223342 59.51775172332326 59.67299270539367 50.22923150579335 43.84615825811808
30.13783312976311 34.07236257832433 11.548362058781194 34.57195653256376 0.0 7.362535150122881 29.51137708693284 0.0 62.47154774524499 5.017168611697244 37.208229099861484 27.332552413981958 30.13783312976311 34.07236257832433
95.32976679849466 67.11206074109542 69.28539007742583 68.56133544220519 52.90787093736639 63.18231153465068 32.322967813125935 79.1364695544817 34.4440183551256 51.2363137033867 11.087179173401942 45.09122721266165 0.0 19.76581247104724 33.80004782393329 17.484439455647262 45.56583417152407 9.224849701482697 61.6361124903269 0.0 77.41029124331865 9.214520430216453 94.74810227069668 21.52429140737121 78.60071916362779 41.1355045015991 95.32976679849466 67.11206074109542
36.81460208428925 91.22934067565917 9.107766736376533 76.33334103267568 0.0 41.8544913379459 13.134090082631616 0.0 54.565988006124584 9.034337928974757 82.64425594133753 22.87520087008683 94.57783210159359 48.95777606639932 88.00095047022654 77.63401394996633 64.41224423849204 92.60978626464511 36.81460208428925 91.22934067565917
25.312234359829525 19.226429957341814 78.96326501179607 0.0 92.88991077178596 48.42714540494644 111.04374091815757 107.70317848855646 56.23133480218379 78.20169171880133 0.0 71.79875776293878 25.312234359829525 19.226429957341814
183.4140084494142 21.598799131207173 230.86032352145497 75.85894824245416 155.71163036149332 115.9274296091232 114.18542680582749 111.26328745601197 95.00018203868548 156.9656123955604 30.779723342507907 178.37476973893797 73.22366282044958 96.42927655802828 0.0 63.7551668640304 13.02554227068849 0.0 88.99631741500664 33.89034275029171 126.0264671578263 13.868753623820822 183.4140084494142 21.598799131207173
73.00643451113483 89.35109267609134 62.27381045152556 94.01876367005706 51.51112327976081 92.6517856872482 35.09834721516334 108.49024612333918 27.78805384800721 92.49242965518549 0.04251855395348514 87.98081726685814 0.0 67.02753019842808 26.38446528504157 58.11452471405602 11.432389230113017 21.424669694060746 41.003837036879204 34.7445902805474 62.26166351079449 0.0 78.39483137697384 28.874760356390425 111.08310688974102 32.1432904197277 87.43692073776673 65.10637934182661 98.17806075722599 83.78526312158533 73.00643451113483 89.35109267609134
248.55228131039394 197.51634816630053 128.06485546882885 258.0690729737953 0.0 168.50361766076497 24.752367759444112 0.0 170.76768231050994 31.671633773354117 264.58869654955566 80.27148099856716 248.55228131039394 197.51634816630053
5.982186071656955 20.68880864840432 0.0 8.357537410989039 21.307476891958103 17.388462898971255 18.46058984223727 0.0 26.59519336331283 12.043574052669257 35.92170168176213 2.8241273089720664 36.77310592285012 13.522104305860424 36.98359038462043 19.31057488411213 57.07672484084512 25.684126131471416 47.00789588294114 33.77293406416419 36.53069925725336 35.85678779254228 33.254929215194025 47.51143082261687 24.339377935687978 36.42226539481476 13.77481310199326 44.3580373173896 12.923232803143947 32.89452284475419 1.617958786929492 29.67399629030581 5.982186071656955 20.68880864840432
33.56431939316289 77.95244179228368 0.0 84.8941277875692 18.463463569774433 55.295349254583776 21.523060235247556 42.34552632877048 15.782769066558103 23.783404718810225 35.83261109947277 23.115212490825435 42.56546022958695 0.0 57.422499779221255 21.145004943053486 68.13660191381003 23.346905028553472 64.87448625598996 39.85045267344825 89.94000403995427 40.307215662104106 95.94953636884584 56.97809977162462 72.5000955988067 62.02013176089471 67.96803415811947 70.94895749868658 58.135713700762324 72.82089336446978 48.51495027637992 71.27323552217308 33.56431939316289 77.95244179228368
0.0 0.0 23.075592896173333 9.41813441779503 40.017448929662095 12.391349024819519 57.19161417664006 39.486123269764846 27.042874210258276 50.54897152135179 10.47660156254696 37.92719444962313 2.853618686640189 24.483874245663614 0.0 0.0
281.5682790223176 0.0 221.67042293629993 205.64258274871966 0.0 247.76847729498704 107.24615930839875 75.39267186436305 281.5682790223176 0.0
82.48275748516346 72.88077339961622 139.6520142002834 93.48527908836945 164.18977755896245 0.0 193.48272217671615 59.496322089008494 241.64404252738453 81.85230670282115 298.20171485220465 150.42052096418203 242.61114271171868 216.2227861236243 159.7410896804673 178.46811946437492 95.1715015698743 246.68356894771455 49.47964679605141 181.38143202316832 0.0 117.83114649128547 82.48275748516346 72.88077339961622
100.47961931261484 63.72706173858196 91.06360147676666 89.39352344633397 60.225420950855565 85.54736550779953 43.2605266007906 73.89644971123315 18.94648470227989 82.67829344026097 21.72977587805886 58.419571633384386 16.908970529538237 44.07748328744601 0.0 15.655835687113758 21.400718123585804 0.0 46.593801642992744 11.044158401647856 56.52056356984555 29.543352507683927 68.1463698711599 31.837235749613676 78.43534598259406 41.82721714113115 100.47961931261484 63.72706173858196
23.670231852854954 74.91931156793717 0.0 34.56132723915863 19.282843536723433 0.0 75.93351574057925 30.78403123704527 23.670231852854954 74.91931156793717
70.61634219537454 0.0 95.79955978192169 2.209565254133622 83.62495363554672 30.00237028774925 82.94934968360015 43.69882431618068 79.09110144716948 56.4449006750126 63.21106667800551 57.54439575265928 57.56748021148012 68.66523958673469 45.937957201873644 78.49984356453189 30.260599493244797 78.9388869192997 3.5797081799084367 80.82885948308015 0.0 56.92843761699208 2.7494799632986826 36.79979648703628 7.8032347280924625 19.175437447669616 16.99773040123827 3.6398502778365867 40.45830771362371 13.470349426999114 50.723149415561394 21.1976491661378 70.61634219537454 0.0
171.31848404714876 246.52476782695862 154.0415755022825 207.18775140836541 76.8154571356942 244.42569137864555 31.778760441841257 203.16768479682455 73.4513294627688 148.28135015502292 0.0 48.45421872210443 137.38211224693228 104.72964716218422 166.61694758226423 100.5896283259832 224.47595810182617 0.0 238.8309802063996 90.5382214637795 309.21289684817685 103.2494273594331 338.75002079597493 160.2284152950033 225.69767686112283 185.30599517576684 234.22930250387313 224.76483643578453 194.68503067693553 213.79687206183053 171.31848404714876 246.52476782695862
44.785528805453126 47.580963175726055 15.27027690882285 70.22976527310509 0.0 19.800913108950894 53.04550301760304 0.0 99.8871072267395 40.154045548903284 44.785528805453126 47.580963175726055
0.0 137.80061086382085 76.03330040297251 31.98571933543206 123.91504308547259 0.0 150.50036722458984 41.82813035356086 161.40314512638136 57.80216725602822 181.01492813659686 105.7463279190988 133.68950727607796 84.59703895268953 0.0 137.80061086382085
