70
60.40427555894942 22.536559901592412 88.52524942159184 35.45806304721981 97.37339632415112 71.97161601752438 60.556272582410216 84.80952868419698 27.2347976694423 94.39241176902092 14.169548813434545 62.07099660181163 0.0 26.940925962292965 30.253221588345184 0.0 60.40427555894942 22.536559901592412
58.84080813680619 7.6264715842448965 42.28491681976172 30.135311972391662 57.26614399932663 32.360378945057874 44.749554725529066 36.94015561052633 48.11883730301014 44.9709480255091 45.623816918400024 55.45923425094844 36.218063216877525 53.090146777406716 28.632618609845807 51.45672737838902 30.51097263053039 38.62956461168926 22.79603234878519 39.66519443514714 17.867629322452103 34.8747841570831 0.0 21.769885732567644 11.238393754367706 13.044022930279937 29.569867105070216 22.59924464455024 34.19925630435394 18.25156280205873 47.28893838846311 0.0 58.84080813680619 7.6264715842448965
61.66543717335926 140.8329447646007 95.08499640585313 104.7456842165978 0.0 69.63631120787534 12.607730220352494 0.0 88.78203058862053 30.758433350594316 124.71186281724829 39.098093738831494 188.478694242791 28.23090898976062 205.88706286832672 82.98371055943468 265.8551543109234 160.37112914004817 153.82694495312757 160.52698872960642 111.41205681866106 135.90659715252323 85.45956692710227 160.05604374639236 61.66543717335926 140.8329447646007
0.0 65.87542509791055 33.5325817605362 0.0 110.2779817117049 1.6574574259886674 91.82934031947468 103.17357347923476 0.0 65.87542509791055
263.41312761796723 127.91186922095119 210.8592334378279 147.067266925092 257.7799699855009 202.7525949279902 211.7040338205053 199.58570305498424 189.6481922548251 240.59105429103127 152.60140748592755 223.5254350706385 100.92143827604107 230.10920418543284 80.81620784214746 189.48905953445794 134.59454074135581 141.11872990258843 0.0 79.91380249835461 67.48668601289015 43.72393153569128 121.3055302742731 26.85398528190744 164.5906854963941 1.0094073262345944 202.68629351221355 55.28632011712351 292.25134521416953 0.0 225.00680309206547 111.71009191885824 263.41312761796723 127.91186922095119
30.24226842575598 12.183573121588864 59.092230422509715 10.533952044480081 91.29571053702887 0.0 101.95233501487886 36.62730184627216 93.38402740636458 61.186257158170875 146.82897648407896 80.55786558196773 97.2213000432863 89.84472058356984 83.93197526775262 97.75754643443827 72.78210044907846 130.6955806318923 59.17545312488137 89.9475766408881 47.51857110566391 88.14329556192895 22.107076701996476 85.81940668198092 0.0 61.63577342981965 15.457425536193654 37.33846902816006 30.24226842575598 12.183573121588864
249.6699730343003 84.91233135513622 198.51590209091205 107.83779461207757 178.00582486492914 200.74500742895071 85.99664886084042 187.60183549413046 77.7885360951462 98.02353463328849 0.0 0.0 142.1723780191135 22.091254546918442 173.20780287014838 54.66922087512876 254.40702364981956 15.325177881328266 249.6699730343003 84.91233135513622
112.92819538555239 128.87556927182106 96.94388019195199 165.8506988857048 71.35822434407889 114.23203833893432 21.22806098695756 161.45306872623598 28.742268640484703 109.82153773304823 0.0 90.23409675954746 38.277422068299515 68.29716423320612 23.191455607469393 30.858002238958427 62.58252404519719 47.533751275994135 77.8754422575007 10.263011227354937 86.3216204003324 62.38279636652365 167.70296539411115 0.0 127.53107798512988 65.43351507191856 180.1382863902114 93.37752765447587 153.80608761618205 126.46866871605168 112.92819538555239 128.87556927182106
77.32024148413677 184.75204136679832 0.0 0.0 188.9043211601164 45.91365466068264 270.6640094333567 129.04622897302892 200.02955231702143 254.61265049599183 77.32024148413677 184.75204136679832
103.80309457582158 74.79554872509692 95.92579809046396 112.38442800813127 57.50915124439386 88.99203285109283 36.50330261768528 88.877563439183 15.538940872887679 78.11997121172075 21.21511030130202 54.63479834282591 0.0 24.588342395599675 35.99226983160918 21.335578769165117 53.21860959370149 8.033703817607766 73.39130718109115 14.594022996372473 127.6455455241592 0.0 152.16102248986604 43.29279944456065 103.80309457582158 74.79554872509692
12.855872496267224 15.469978792477676 29.985924904403177 6.420585432716791 49.609406791349 0.0 67.03632485185207 14.755619878401404 70.71431602762345 39.36888017021667 47.41420685442142 51.287167493300046 20.12778313175977 63.099387815501046 0.0 39.712651446289115 12.855872496267224 15.469978792477676
77.04982474260618 129.86422723082822 0.0 107.8107098905262 21.028638203829004 62.374463481383934 33.01735560025136 0.0 100.06995634097235 36.462523481547535 137.82347701395236 19.00927512095302 196.65358463161357 4.02105278439852 155.52883784780693 92.90973597188125 167.57157906889415 109.6928215702434 213.5018297700907 145.13623569490278 241.14503443205558 226.01782408551452 162.93697866209158 219.24935039815057 117.85292927436679 193.67266966844437 85.59863966623901 190.80109745247177 89.34368951080107 141.51862755871485 77.04982474260618 129.86422723082822
98.44203733558882 65.01849575195033 120.41996461662512 18.58508316676989 130.78505803971893 59.991662188371606 186.6254364048193 57.30734708325984 176.72903810541925 95.48253735911129 138.9724288705927 111.35563400591661 129.80309517757848 130.4612124943156 111.23015390918268 185.5067379868185 75.92692525295006 153.3304722734531 1.4180060352687605 171.1781458366596 7.130714800482323 105.78975218736902 0.0 56.71068870010738 18.530683723353306 0.0 98.44203733558882 65.01849575195033
43.47402609239202 27.7391962265702 45.10267309949509 9.823715968274556 70.94982048193341 27.53792337191173 78.59463018202243 0.0 99.31018493185891 0.6217829518577105 134.6237489619828 9.297673412518137 131.64947282692097 40.75722136941508 107.3977502518926 60.70023438446462 102.14286053050918 111.26167803495625 58.88612688697678 112.55722621175127 8.067748736268811 106.67822239525682 0.0 57.21014321541941 43.47402609239202 27.7391962265702
70.83248808536635 17.579350273627668 49.776101429605404 30.140575120651434 56.52535693226869 42.17935732436756 53.45412447137285 60.04305621963198 36.20033571516424 47.20763732283443 27.959069714510733 44.706662467709236 10.856787831277614 49.81861780570459 0.0 38.115707041432216 10.763734334101727 23.989971838685676 18.23837728440445 16.54529356754999 18.828492128503285 0.0 34.28580362045108 18.45974395060857 42.97194377802985 7.841930621434628 58.65194860177667 5.9252858356343125 70.83248808536635 17.579350273627668
124.82769548400192 232.77490348823775 89.63960663914588 151.19502037054798 30.300727591347595 133.18803656621247 0.0 61.74794101874116 49.06458979923809 0.0 127.46542720133874 16.96110525203531 196.42078920819426 10.959226556619186 305.6081050267085 46.38013631456031 194.19402566964055 128.00234734222974 264.5916035410711 301.50039661732524 124.82769548400192 232.77490348823775
0.0 85.43734172908763 125.47818338828233 0.0 233.6743662895542 82.77656515674816 130.8109920068119 139.67531833476653 0.0 85.43734172908763
0.0 38.12601835303583 66.63612756629462 19.995655757408727 113.92737574176037 0.0 163.7362269756983 16.567525608465147 178.0919068147388 63.98356537861315 210.96116520742345 104.95464532280613 147.37611766400843 118.80328260246134 133.30272585344525 152.97969601029789 88.69651429590316 191.83372118126343 71.73258761589875 130.62393757768615 58.19761324215605 99.78672657237385 0.0 38.12601835303583
44.69093887999682 176.07270116624642 0.0 129.30797422242688 47.664980712971726 75.71428269352795 51.36592677856876 38.24846503378477 86.61430728494707 0.0 119.19286107880481 45.14101191343251 160.29682038967573 58.12730525338655 184.16852876002125 105.15946460329165 146.83589427647388 142.32312356628557 104.71905475358521 165.4145709889807 44.69093887999682 176.07270116624642
47.12146311487023 97.51945774978331 88.31181716270072 95.14473798106818 12.973818000581346 11.52578383244267 58.72519821618816 9.36336629170188 93.70482388313177 22.47997351126952 132.14211329123464 0.0 148.51723312514247 40.76457789480382 132.7150311097302 80.26861658336136 203.82402810157248 96.39179522074909 176.3512569205954 130.91022845514095 166.9619876231775 169.8231047986015 129.54672830912574 186.8013682655424 93.55924522069209 179.20490712017244 71.58311102077923 153.2183555641364 12.330203765627502 179.20991879504646 0.0 136.7660280228779 47.12146311487023 97.51945774978331
0.0 52.068566452295144 127.49226128553526 12.211471586984473 194.1911590834257 0.0 257.6785580573328 73.36096857136368 193.02726098338167 160.59327361452836 54.497944643364036 196.91877829262955 0.0 52.068566452295144
155.97222882130438 78.74776488809884 129.6429822793071 143.3377985284588 65.04089327655556 120.47106846529516 30.779043584801684 140.03669484970285 0.0 106.3353770041005 52.26105490639192 88.59419985976245 54.51377458554653 57.218631054346346 134.42010176730992 0.0 155.97222882130438 78.74776488809884
115.22360019001528 87.61060817870444 111.34821406342243 136.0547069916508 78.44608560695883 106.01596571299018 71.63659732192808 73.9071288887344 63.01634354291227 68.1607645314933 32.56968914579767 61.878392551496866 0.0 26.378516228091364 50.90707659729338 23.148661501287258 67.23772384370551 9.763853681095704 90.06752650198707 0.0 111.75601715763531 8.910014169629328 143.84379130053676 17.445792636416144 138.86178970458738 49.15722853863995 137.50456803681624 74.93358117762645 115.22360019001528 87.61060817870444
51.08797819782261 62.92854814427729 0.0 46.05303663562355 28.871517355986413 10.980244514450987 67.82718116419908 11.19818714543559 124.48324907346674 0.0 100.97492195836162 55.25475736159519 104.83659481825127 100.17668325017593 58.74821550007718 108.00014991819813 51.08797819782261 62.92854814427729
0.0 59.92204519272221 46.25889757293558 38.78995575569199 62.92131520032157 16.787956691053438 98.67219485216188 0.0 115.39253989827975 38.45583319955627 134.82190845241118 69.17357913267296 139.3185932398291 117.88624107775782 85.21189277790377 104.31617504527422 51.362909913816196 122.66271590999169 34.504233525631264 89.33967872809411 0.0 59.92204519272221
0.0 33.97119581319943 18.68774102278951 0.0 88.97241829540793 35.044897654035765 18.258411757380188 45.563832534062996 0.0 33.97119581319943
78.87340475653515 107.37025089567442 99.4768088260044 73.63106852409872 140.23073663169407 59.78367655492646 199.81040336407105 0.0 201.4858530600531 98.10605891322052 195.24353162911711 135.44437236066938 311.2040823196648 150.1039782144201 272.1305505825819 204.05604637869496 202.36623019636846 209.70036207229214 186.98150964119844 248.45552705561 148.08741423025685 246.09975028451703 114.48139230623484 231.6183029102755 87.45047769805178 209.74093582093343 79.27220396932262 177.45064240105143 0.0 131.0127677629983 78.87340475653515 107.37025089567442
21.076617197536592 12.818030326476645 44.87784834592931 11.784020740075732 58.049938202101984 15.687238223214834 85.04791002666403 0.0 62.53313273318865 31.665776351412433 55.654783340213896 33.908385323914075 66.65137519454822 45.98148636419582 58.62165321839748 49.03192413076788 41.0566752689831 68.4575826038139 32.15081040202524 49.218521315600555 0.0 35.657960594669106 21.076617197536592 12.818030326476645
169.14199604713752 89.30799801681452 257.08889537758273 201.6320400989594 72.72864309476512 93.65593303401883 54.83001136123718 231.87749802094194 0.0 177.58421937842235 3.807428547810048 113.00505732748674 44.333053957883465 83.63464455119443 24.590459953866514 38.13787726592012 54.32520269967969 0.0 98.45457072897548 24.765625585565488 140.16198087485367 44.685893664554825 169.14199604713752 89.30799801681452
174.92857099383198 80.98697554358687 116.11494121209799 130.1425840244545 0.0 65.62516745199046 114.67138225217259 0.0 178.7243008409398 19.89058920516466 174.92857099383198 80.98697554358687
125.52686280380064 5.484059895447302 194.1270383231514 40.86581890348696 172.7285857061369 139.8766694071363 82.54066998096164 95.25594276809232 0.0 88.64380588146784 2.014874146144251 0.0 86.83399317612177 1.746131097498015 125.52686280380064 5.484059895447302
0.0 2.0329230148573885 161.4384525099621 0.0 114.8776776214342 151.44033072462616 49.50348832919962 85.55672991883266 0.0 2.0329230148573885
216.1516438727006 0.0 173.30311171061595 70.25231309043426 183.95569964251013 107.08058526545483 139.66344951228007 110.97804356203122 119.8148065381286 118.52683767406265 89.3409830382711 138.05210215318243 0.0 160.7106070640186 16.915366823892327 89.28953334022098 77.68901148662277 60.249738456270904 61.71197823370173 5.11327436936142 110.9418614051438 32.03584788999771 121.01431835116014 63.53504600320356 216.1516438727006 0.0
109.27050134795792 1.8234849242980005 124.35594532219861 78.26778985920186 118.41650566030646 110.94300337095123 261.32012863210116 92.26080190281388 249.40938855353406 161.33431717400123 125.88577834340813 149.3169091569208 148.65345284206302 224.52622572624324 101.509472836101 217.15937433293664 64.559436426453 216.2118992712804 46.93341853580559 177.1605969072191 44.86427387905065 147.3261643684109 24.96002682032271 125.24924509089979 0.0 80.71448229785918 28.60716917441671 48.630314469250166 54.99660592696706 0.0 109.27050134795792 1.8234849242980005
101.31034407996495 62.89644101604469 108.08742318120893 112.94138619473969 72.31631936494111 74.74553698587593 44.751656597402956 89.88662996330112 7.408486627883846 80.83658332223038 15.51671730333576 43.402693859870695 0.0 0.0 51.671513029461934 6.553888097790967 74.07286115223641 22.777024613472207 98.66272495684173 4.7452436923785015 148.30029625555824 7.0138545450763985 131.65301734245588 46.52008350267391 101.31034407996495 62.89644101604469
89.52743711390283 0.0 101.1149804379478 12.58514136883771 104.67741280683792 30.068596416093953 96.7748893404737 43.564797230206594 108.84219342302998 81.89475429056428 78.98583490002494 81.17071658831482 59.659267071780675 65.78285980254945 27.796255700184417 72.93563591436352 41.06036904786063 39.724720625025995 0.0 17.488954440960356 33.352095984761775 2.0247028645885763 65.11797682346356 19.69783656308435 71.8013602471554 5.128227870540087 89.52743711390283 0.0
178.31725587821808 115.2705342386666 203.9427443691942 159.28536897109535 171.0317690144098 177.4674016975626 121.5702918955567 224.37676286356725 82.2533501213612 183.6255489796153 72.58469196381162 132.86440564785192 0.0 75.70591986208628 80.91893145446895 43.09718180407849 122.03720742708035 20.00304609253176 175.58062011363475 0.0 203.4717404960313 53.30615669212107 278.7587208307641 69.13641759187104 178.31725587821808 115.2705342386666
55.68322723923032 0.0 157.54460558326133 25.601291968481647 66.17133255828664 118.5338306161666 0.0 36.19570826830858 55.68322723923032 0.0
54.662612562729855 0.0 81.36797149624266 25.084713159273505 103.12824609480003 62.224397362788835 62.62132000174524 88.10549143852468 17.944478551230333 70.67860693352524 0.0 15.008634694552768 54.662612562729855 0.0
0.0 23.9393822380418 31.190231939324207 3.141302905118174 89.70703944661446 0.0 100.49184024585335 71.80179238089006 35.55573420843254 50.667061851784965 4.443903999069903 62.00423773039559 0.0 23.9393822380418
233.94300783280187 234.2856958808801 0.0 119.19189563734685 157.23662520457952 2.3006565474600436 307.3671062202011 0.0 233.94300783280187 234.2856958808801
227.44392474307992 181.8328326329559 225.893200497515 238.77379381206333 171.4893832467829 236.66849228697026 112.67335180027305 263.58410346237565 99.43867133153316 198.2891579025058 77.73104538889544 161.44096546682837 0.0 95.73389886007696 152.8077038849581 132.4475844319598 159.09446687095223 123.33819686421097 194.91230612968712 0.0 273.9530311978533 7.272727037452739 254.5832722241007 103.34340012671315 285.3845789066102 150.851396157034 227.44392474307992 181.8328326329559
231.7612893024336 206.4273262717001 216.51802290464033 236.15610209041057 206.96226492913286 313.6388555604694 152.80352502022706 311.2717699573335 83.36186680201156 328.38777412017987 91.55629561350109 231.74603815616754 0.0 225.34173089992254 85.71187137786085 166.37243665868067 57.383142076528614 118.7263146141998 105.5006606016972 105.38945545803521 104.81028900881043 0.0 171.5846686691972 62.17273207051116 201.53870687160514 95.32104163539906 257.58511952667567 88.00328456497532 330.1817097345564 115.59907892083571 272.76186335642876 179.24188790087237 231.7612893024336 206.4273262717001
97.54325832290819 43.21403165552621 188.24816257660603 0.0 172.19653180144473 103.70033971043621 136.20791782917325 143.03483248774845 57.98258008558079 167.85722757383127 0.0 78.95036078906924 97.54325832290819 43.21403165552621
16.812059532696196 16.834934306160434 59.88925847868265 19.17043391033924 81.28612730745053 7.2130748683539 125.7250611530855 0.0 122.61346004487808 42.27264394888802 148.44181457492942 92.99783458542214 85.749261529379 79.34195296321508 64.62407999397969 80.65613338342311 21.76627580089132 92.49999803979762 0.0 55.737589326932266 16.812059532696196 16.834934306160434
236.24522819837756 44.404603647513014 157.29245449122328 167.99449835974906 0.0 110.49832146602485 105.25395971642348 0.0 236.24522819837756 44.404603647513014
0.0 52.256365768218 28.681451168733872 0.0 87.01510542816307 13.852435284223127 110.28523172984482 63.25930794253666 65.88251814445033 85.50437422474522 29.356153917716426 89.50062398303902 0.0 52.256365768218
177.6210197259083 27.562435031224794 263.67165533551633 0.0 337.9423740978415 145.79507519846783 176.39022075490524 145.1028259728899 0.0 72.72260354615243 177.6210197259083 27.562435031224794
43.39547035561969 35.20834976463523 28.6243059696163 49.40521589941537 0.0 34.26064472479936 11.291015592095732 0.0 43.68013031992294 6.42041437642969 53.545114762927284 23.90992372580439 43.39547035561969 35.20834976463523
24.467165999304527 0.0 42.647380671501566 3.164729857852336 50.74158598306239 19.40353319640407 70.09896523370348 20.54965510117259 41.1531485080484 38.102423547173004 59.44039442064481 49.96199888284187 52.42698256311279 60.32491089090992 41.220393067196 69.85354579593682 28.01448778041302 63.870440997839836 12.562739548343743 61.127943639136774 0.0 47.856252885995346 8.925704172773479 30.864971510890612 14.560099510971426 17.09650888646665 24.467165999304527 0.0
77.93225583809728 24.01230841831112 97.28216030936645 46.315934540333714 70.55622234663302 57.27204036047951 58.80081450667804 87.35012264326824 40.91092401050918 52.99280340390001 19.987755432613966 54.151205291522245 0.0 35.70935778290928 40.4868614511569 30.082863305574193 38.08817116170263 14.538283447255793 49.898269401780425 20.009178932923646 75.60534199002848 0.0 77.93225583809728 24.01230841831112
18.34763740358025 44.7973433620496 0.0 37.31833421738068 2.6529130579606033 16.824656819472267 26.350598291745982 24.816280786817444 40.181169865981076 0.0 41.50665015092832 24.910327415674573 68.8034002125974 39.278726225248676 41.78062884823312 47.06485314994825 29.02425178107535 47.44832025140248 18.34763740358025 44.7973433620496
0.0 0.0 132.27469567816286 40.66266301156516 218.84378180247796 145.11225686342146 84.30726850950064 105.89268745085553 0.0 0.0
6.215938971881997 99.16547620307854 9.66891823283251 61.915790243308905 0.0 18.380069913972378 54.28951498820123 27.143073435962727 75.1805812012832 34.98577166596084 116.91732824515049 0.0 141.64344222807253 32.857566687162304 157.55520145787574 71.58517853079219 154.35228989629766 118.43699516787468 91.47792746617237 100.21846642017759 71.90566496816058 91.9891987871576 63.7557723424203 80.39054815214517 6.215938971881997 99.16547620307854
33.503190485938504 136.37671997971614 4.406950723026981 107.22107120266031 0.0 65.12069191671715 60.6107960901045 65.5643712254177 60.766417709497745 19.416789012208618 105.23806229470655 0.0 154.04794574009742 22.87433220691826 165.4629046204276 73.22352428199545 92.37473488346143 89.92066860449907 112.89681466892155 153.23575221092983 75.253799946454 91.63519428326867 33.503190485938504 136.37671997971614
30.82815280132378 0.0 51.7778632866884 4.146589149642054 39.55176969205199 20.446495229919137 39.72477758243819 42.83869408264435 0.0 50.96299596401285 3.673103217403991 7.690620965317265 30.82815280132378 0.0
137.2152725760067 69.77639011864908 91.23144513303643 78.23494122198483 89.39917973251121 107.15438317757608 63.294680975472154 102.04725766287146 44.55747295538075 97.1796274637556 33.51081622879175 82.32268900988501 19.733923523836012 69.56997111187269 0.0 48.312294176075824 25.05645968362834 32.38866537324297 45.34845424359987 31.12111862495597 56.9516428824762 5.820069566808769 84.07889932068144 0.0 84.43367310571603 35.58740082209631 84.93999104733263 49.66667682728608 137.2152725760067 69.77639011864908
163.09794281325108 144.80407601797657 133.97914263624784 187.93058285551174 91.44338439115504 150.10920554657437 36.7898196362536 163.37967749095222 29.2884095906375 113.8542307614417 0.0 71.36040801792046 19.126203412567563 25.62744712870841 59.721414997663516 0.0 105.2557688647036 31.865719677767615 139.11393943618688 18.728000159799095 200.61469007092327 12.847021430565121 148.57685217023175 78.08366512958679 179.5888989504949 110.3376906696545 163.09794281325108 144.80407601797657
124.79138926391965 0.0 183.84470359983877 24.002374621656244 182.44448876351825 84.64844516287046 178.24718917483355 133.29295242415637 140.21242451313225 182.30005907266045 77.56099115552274 175.22022768208038 38.27527284956173 125.61293695272349 0.0 58.1197790290974 57.539297970165876 6.6709944839941215 124.79138926391965 0.0
47.72604007257402 6.3133991391513575 51.99442197319357 32.165261280038266 22.935694490393033 34.55424911082679 0.0 8.616830966883299 31.881450319447765 0.0 47.72604007257402 6.3133991391513575
124.83197724712053 151.61522347109573 40.727586206061005 176.87730924990984 0.0 96.50945068844771 10.29014849538595 31.917082441132067 55.206405482759806 0.0 95.58354769645456 29.4596151705976 177.56845571830632 15.089147863238551 142.17394195733078 80.680168945583 124.83197724712053 151.61522347109573
117.99626505314063 10.629863857401162 160.5834190562714 0.0 182.58890346438614 36.7927317318577 170.1458236269221 77.14944623304058 168.54713053317292 101.96007439647828 231.04247077581095 162.1118849122413 129.6471192052247 121.58568456807402 133.08177061365512 189.50196192558104 93.20269012014563 217.9176458068472 57.59979627545599 186.75193986816564 31.96238786489681 154.58051318819773 33.44176701391186 116.32156161482305 0.0 83.16931907948671 26.76142522734446 50.460480117063724 63.281263712860294 38.208104440287336 81.8629510591805 1.631068969350494 117.99626505314063 10.629863857401162
33.82042679075648 69.3461026104707 0.0 34.129447980118556 24.06965942547638 0.0 60.49300421579199 7.253583179808317 97.84033000575937 59.452124704556695 33.82042679075648 69.3461026104707
221.49536617377615 177.7416697296504 416.1867829503518 226.95807567916592 256.3110512624039 276.6058574056643 194.8460218409284 355.6248321765279 93.19198347718067 334.92933444376115 0.0 251.42734123076966 92.43340437871765 162.547884710475 90.60897267444663 0.0 214.11919525083047 89.50502534494179 221.49536617377615 177.7416697296504
68.75029911987016 114.24131903787284 11.72799316832949 124.79408802658489 9.959800107006885 68.13172295508224 0.0 21.740061298728172 49.38361830021123 13.763730787218975 96.92020200322165 0.0 145.88738849061653 44.443704063480745 111.9684117246706 96.73187146101611 68.75029911987016 114.24131903787284
189.72832638917 88.68403351928093 111.16591174025008 77.55249425391918 0.0 0.0 138.43975365578598 19.038669756886215 189.72832638917 88.68403351928093
28.663876611529602 48.050560093312285 0.0 27.469455205001367 24.55229088909222 1.5417595685939887 46.637948321440575 0.0 61.98714529898926 3.8782898026465347 65.70600523934351 18.056408670405844 71.32520846820906 36.00200768726887 54.68029178192455 56.53376214946282 28.663876611529602 48.050560093312285
64.47519734202585 18.873437278546945 69.33481453744294 29.965846281315365 57.60341946648468 37.37783285008777 57.300808436018045 52.39307534614146 47.037345086405935 62.69521391671741 32.04179300473868 60.05800107745766 24.14759806340514 48.32310715047106 13.085035096218647 42.14877920247589 11.278813315089678 29.72382821371673 0.0 14.141210117470038 15.370974241175276 5.792028109762924 29.22904362617639 5.045274975570351 39.03562057798891 0.0 47.329031496534725 9.751131806030799 56.281681653186894 12.36468518900979 64.47519734202585 18.873437278546945
289.6155263854069 131.71221834474755 199.6851491924296 184.40138604179862 129.85529981237204 272.0633605441023 93.60794579266036 134.3686704530254 23.696843340121987 128.7337368941316 0.0 61.581456470247545 46.14700371870346 0.0 116.68725661440256 10.248480919388996 143.28736623526834 57.29093977931909 191.6050050885315 62.14203967006692 289.6155263854069 131.71221834474755
38.22490344803751 34.48364797214731 38.430456003402156 42.98538016170568 30.863579117940475 42.50960189873267 20.311757860459167 50.1881095324119 20.66101779067168 36.383872395107204 0.0 32.360999694306514 16.502199037330755 24.303142630089425 7.814970657232735 0.0 27.742074326399006 14.318273745553725 38.221914388141585 10.177658683646285 55.63310446975689 10.97022306050738 55.88016294305231 27.51166632917463 38.22490344803751 34.48364797214731
