70
125.56296012260754 163.6777151963572 91.49241963628171 208.04058146386262 57.96594035456326 170.04132233702052 0.0 159.10981948446863 39.22038215740614 105.65129342255811 52.5356199804164 82.60024260771297 60.414322936626036 48.5502403459886 94.31563947515288 31.479485931969563 154.764816508357 0.0 200.6938654864835 47.39135496903405 164.18140824426172 107.63059689168288 217.19543573695455 180.6041090932705 125.56296012260754 163.6777151963572
0.0 21.180626570626984 16.3575033371161 10.426750749786066 30.47862364211076 0.0 47.06134809818256 2.1752694319290384 57.52963505389462 13.276735558938697 57.01807793411939 26.817632329224324 60.43194605990021 35.03248002518933 75.1878382985844 53.73754936383804 66.01124007206633 75.08862746418316 42.41677690191864 69.27750238484296 30.04084855527799 56.99307981744528 1.533698075662528 63.49359614985886 20.328376467875444 37.421880058007446 0.0 21.180626570626984
83.67536291277975 45.23700330258963 56.249290419445174 82.21456035162169 0.0 60.33183332904366 13.777460355079285 6.957449674090398 56.794111190291986 16.888309836447306 108.22517380908376 0.0 83.67536291277975 45.23700330258963
85.75397306789586 327.35407415981047 0.0 302.9797111000135 63.87123324696114 197.3853179506478 115.34788371582312 165.10326419140353 95.15677202796604 116.25876252535846 119.43535529319468 61.815133547721274 179.9928288817242 0.0 206.2354796088997 113.95719256471055 271.05768684566294 111.43614028506383 341.3093941467166 152.17432137246746 264.30837898453103 205.94657136996435 294.78479434791245 290.3441711898265 216.40297129807183 295.41790258748944 164.98600579118113 235.19165474803418 85.75397306789586 327.35407415981047
75.21785430465796 141.15976571894814 0.0 109.54682067593765 79.12774870455942 74.3677790482486 107.91214705898648 1.5808685846349846 206.15891149793214 0.0 222.0904990105456 99.63172040622983 200.37781782027957 185.69471799223592 115.88769119371604 184.72913554992354 75.21785430465796 141.15976571894814
29.52448302318028 98.50122143463217 0.0 29.520746360290616 61.392601996688526 12.549959341682708 114.12193834160132 0.0 123.50298171764871 74.09854340876703 154.6280303005336 85.6566015012079 219.94843156888203 126.11379214895622 181.05451164696512 173.66776077119852 124.23558450852164 177.69301372701034 81.99627181415346 205.4929670462791 44.16932876880266 172.7688695109277 69.78588419076264 117.79728937696646 29.52448302318028 98.50122143463217
171.2253758335088 280.75829749918273 115.67317325053037 268.9682538871174 92.87651514183364 208.09180062673136 0.0 250.46610341832192 15.188937370430551 179.5663834148049 1.0940891393195216 133.37567599303657 45.51774080376774 101.75150220352472 14.398560070560961 14.694317679740124 74.40663764604489 0.0 128.93613753285163 30.235830883398663 143.00145275021046 101.67384351663455 194.16731504201837 78.40709326985521 257.2853393768409 95.70489174480409 299.0489845338923 151.49889278876248 185.70657970173286 170.3216957078485 156.8138739424786 177.3259504560893 171.2253758335088 280.75829749918273
28.36746378661499 39.809198245606964 69.48072663164879 33.66134675687007 92.06674903866406 32.47382247784669 111.02613240852145 24.046791853404073 154.81629353787764 0.0 153.03371552742937 44.82429505184753 168.2067287539776 67.9529877143999 148.38986697446109 89.44171250143525 151.61974382102184 122.92127990972538 116.73136426611588 114.83310712999334 92.03840541674444 143.05448946884383 92.74195143540639 87.73668038365426 50.151227198313364 102.69866494136194 0.0 79.11127697242011 28.36746378661499 39.809198245606964
124.1637343338509 0.0 180.17102265113772 23.6294136330621 172.69992103268572 78.44491647509105 189.65122081654258 137.98444157427613 131.081110875008 182.7771588266618 93.15636418457778 118.33470685737382 0.0 85.87041244004102 63.877080649695856 20.935158221408578 124.1637343338509 0.0
199.48293351257323 257.55722161283376 132.74340373468908 261.583375554817 0.0 213.7516349145879 202.11108854703872 183.36661434354647 108.23764607169528 3.271544717343488 221.558380506293 0.0 248.5928479894452 159.96577720396138 290.6559463308015 158.64104995132655 335.24492067723537 195.34279801912615 313.64296089209734 243.94726574923484 307.0014332622695 322.3449678993627 234.6030230115046 334.06486179147424 199.48293351257323 257.55722161283376
62.2353386306853 35.839094078310104 91.41746437889952 48.04849546206169 70.45244448902213 61.411567669550045 65.04654480026133 78.96327088545092 48.60401028095391 89.2556480578483 32.566261630706315 71.69436528093567 28.013615831709707 58.43834823817513 9.376424617924293 57.120173797617774 23.614587579035778 42.969409546482076 0.0 21.38068566007221 24.061124317804733 19.885332885286495 35.55980058160666 9.303283717109942 53.49104231912134 3.4271511128554835 83.39432871237375 0.0 62.2353386306853 35.839094078310104
57.251429023589154 116.8588347442383 0.0 50.76726606975002 126.92459266276953 65.35435637115727 136.8716105312247 8.257151937964188 220.11244584973227 0.0 265.1166435684347 85.63404364071494 155.23632507696524 102.56185483290693 114.81841869306596 154.54509973671676 57.251429023589154 116.8588347442383
136.52826868092404 149.48059140826007 103.0094068259638 206.88314459138945 50.374672313786014 165.88774125023508 14.925383167790116 122.48750932247931 0.0 53.189958025985725 54.79257621550038 0.0 123.76027052487167 14.275140980255372 148.49668123233852 73.54397222653951 221.15547800695123 123.35094834641298 136.52826868092404 149.48059140826007
92.25176360486162 50.688327134471606 122.79438364429726 53.39347649032222 139.31645441257876 96.79007079003536 192.1587537963219 0.0 208.78369091972348 42.1056564057193 236.70241971890107 71.54402888369151 237.7463572084563 110.70436962932003 176.03815984901834 121.19674864420706 195.52713386182157 169.41306187781393 168.43314690002146 194.10106439831708 130.31564865562933 193.63978395940714 123.99026556483234 131.73148882501474 55.7938091709552 173.5830638425808 94.94625360568088 117.62801509467833 0.0 94.23383263936533 10.587762366677424 42.04242284203714 92.25176360486162 50.688327134471606
108.26360118022902 0.0 141.7533783519032 35.658443034934336 191.68438808205303 65.93350026428999 186.0225546549081 125.75530317180102 115.01816985131843 127.06758362871025 92.32205362928893 140.8371494246233 40.4837404615177 181.2177550996802 44.0884569779185 117.01966696680017 0.0 88.64763490105221 47.863412617069315 62.65027825448402 69.10916081030936 40.248454140641684 108.26360118022902 0.0
31.702499281299602 46.423422737048 73.01980930001575 2.6949868037333715 157.83307203860386 0.0 155.39439696756102 82.71568564541641 125.71146235772007 138.95464221529357 66.5880686961146 140.49622305130632 0.0 114.15818420408951 31.702499281299602 46.423422737048
16.550151989493855 36.68048244484312 0.0 23.759851370652825 19.86414680005676 12.38141999150865 30.820635799410837 12.300136119228682 42.51062340754552 0.0 61.27310134307061 4.33744281443289 39.409358177308945 23.100665570302596 51.84348716619637 35.74315983360772 36.29757744198157 29.568724736063245 28.041492837324526 42.94222541677853 16.550151989493855 36.68048244484312
0.0 51.99269621753452 124.87331062649353 33.33330798508978 164.4340981823891 0.0 260.024406700775 16.63767937784973 217.3560540583769 104.56956490343694 156.53352464688766 168.4758663531409 51.58351521029337 160.54639130997813 0.0 51.99269621753452
0.0 155.7635666535562 49.16124348648083 98.3659772264538 87.67471678338205 79.99543581968484 41.169923699886965 16.317210839154527 82.45862801580847 2.590137960534136 121.74134000775949 0.0 146.75312485069182 42.21649787796875 186.21648874680068 28.98222470865791 258.752312517061 28.54639301122144 256.7724179850717 86.46929650969058 232.62245877658987 130.0176796800177 192.78006493093284 149.29248534495653 173.91421050347958 185.24572889910687 135.1309694898918 209.8294312707748 97.37441016063534 186.94663558083533 104.25623805279946 123.24435759705321 0.0 155.7635666535562
2.051043189732326 52.48532378588243 0.0 29.153709724031103 6.489189870708131 0.0 35.301107839431126 25.924414423721245 44.13094807954698 29.96600381352802 64.74952578652675 38.70061978192493 67.42161685859884 65.26855544623892 39.967954398811855 66.49351312749819 21.59279697060957 63.05456218724795 2.051043189732326 52.48532378588243
14.066466252172688 32.64939699220382 0.0 24.84255971578878 12.045372827590029 15.244110475225852 19.853642437848123 10.60321477684316 28.652229610462598 13.521445523881823 34.7855608365811 10.776072012515598 55.68687663377736 0.0 71.26698242305416 12.253526319761335 55.54380900192665 29.223160766411837 39.77372035342738 31.824311239978442 40.570209607855745 48.08626950548636 27.039906365497743 58.05247078572482 15.74789723779709 45.865615211081746 14.066466252172688 32.64939699220382
223.067303130269 12.069895611138648 196.8270797811328 68.90691562839882 236.75668984140472 88.30280096599583 184.2892170250962 105.71150523649683 258.35594897084417 191.43609214330218 209.78216305799975 226.74738183464075 150.43411599201823 177.18096354856362 119.9895234570674 165.6294854051091 79.32285325288365 165.27773556662913 0.0 158.93797779049396 75.75728092039668 94.04406091123087 1.6086692830021434 37.36040643674819 49.56903112501885 0.0 114.1074991580779 14.703970732504757 146.44927108592086 39.13604862992384 162.97289723635586 52.34912563110956 223.067303130269 12.069895611138648
0.8933147089448141 97.32800608616218 0.0 63.812467270179795 4.17139106615403 23.324360465219605 41.95440289817533 0.0 73.47755229497147 36.51998332430867 113.15602332134816 31.79623079211369 167.69035456845708 54.64010929259956 120.15752775616215 97.06023679255766 93.24367496221703 112.44395359874544 74.10421137835688 125.9736517608034 40.91696927057619 164.366705109905 25.134761859669908 117.32688426928017 0.8933147089448141 97.32800608616218
46.23043172721634 0.0 77.72274519131619 32.594451333187365 42.64340116574863 57.36615409082968 0.0 76.99137187009934 14.428038358857748 31.915326668177443 14.61839598724768 11.19340626806995 46.23043172721634 0.0
12.390815918778486 104.90417230900688 1.2289557906798052 70.28677127696675 0.0 0.0 70.64859819354177 7.062431130198391 142.36777064708718 43.94150756168821 63.25546523987377 90.57722712773929 44.52399380189847 116.46309660029253 12.390815918778486 104.90417230900688
27.612567075965188 52.565957820879596 18.885898259321294 54.23432765806067 2.566421728429262 61.284847527727386 7.842328734700914 42.70960303803172 1.3128955759799084 34.39017025913406 0.0 20.715040087543066 9.204333964788574 8.014331639752264 25.827762250912713 0.0 27.059372937901372 28.70976447889978 50.009097508293436 24.50210434838936 63.433434571373105 41.889909678368234 56.01836301089115 61.99699423069281 27.612567075965188 52.565957820879596
242.03115613183257 0.0 347.8303346068219 21.890156669867267 333.24870924641135 134.9330058133649 326.7659074512334 225.30981338837043 225.461480235567 225.8918198950545 167.26699826542284 257.28868604340164 137.17157842099442 195.56850907380385 147.1083002720622 149.8680318439333 0.0 85.90666030940935 106.23106376428582 54.88732560690312 174.68447943230197 87.11925542238049 242.03115613183257 0.0
91.69776666475087 172.35943259723504 0.0 132.25750979019887 52.71164940127463 45.4791474899143 106.91028793937792 0.0 170.5944666657781 23.436611507178142 235.52767125246902 16.453756571715004 273.6920959022367 74.43242428682194 232.0151522098725 129.22120547511787 184.74614075265382 136.2127584015515 154.67855075850076 159.646737534621 91.69776666475087 172.35943259723504
0.0 7.771397396817491 23.6159904547781 0.0 38.283043533754636 25.467370462509166 6.5345188541389945 35.09757920103074 0.0 7.771397396817491
59.82735049852499 84.640793093051 41.796666349171915 31.030053205171527 75.4868695823227 0.0 125.05345043030543 45.953340056863155 148.71180324132308 55.521753679404966 149.1255942086596 88.0313901675367 234.47133059917397 63.88482617332248 277.8018648463164 109.98985259696296 238.35685674426074 157.33818823863078 219.2361101628491 202.67400674061594 157.1687339910946 187.21896188447033 127.44442125700948 213.7564700804587 114.22394829525587 142.32913944323877 40.87089570308794 196.18617876466112 0.0 164.5313266520946 10.682384469579404 112.87558494240487 59.82735049852499 84.640793093051
85.49085212570941 222.6718540026421 0.0 164.95391420119 11.535886381430402 82.92355676702724 33.46440936666562 15.03700108793089 111.56559402886252 0.0 234.49358905894385 39.55004482322491 162.62110000870527 147.08320809480904 85.49085212570941 222.6718540026421
27.005455313412256 73.79107992535373 33.16683160263632 51.84206293703395 0.0 33.820283540543535 23.670779820553435 19.007242110482842 39.9104680945573 8.444814520709123 59.48246548675738 8.66132916431468 90.54169101306522 0.0 101.8068949034359 25.617813426534077 129.69272437751545 57.754153815717025 76.4828286925349 63.991408761095336 67.22686744646171 84.40923270052136 46.92700890266491 78.13814523158734 27.005455313412256 73.79107992535373
30.36048056022024 60.24792883486732 0.0 44.38512705275266 28.261730266817267 42.88256788082692 21.86521931982341 0.0 47.06822639132474 32.236859766673454 65.50863328817924 22.2684142901472 57.050219337759415 49.62732073234253 75.80316817837083 53.93046842035418 106.31591135454939 78.83525602635797 81.80494514069231 93.60947419065053 49.600735834849374 71.14691600691651 41.83070950891397 90.77783752476762 38.232868082983 68.54687376273722 35.15283560795784 64.37711537208526 30.36048056022024 60.24792883486732
91.78111717959297 0.0 130.28970656398474 30.35669274296467 153.82749586130427 54.1662222899095 169.82013235868988 78.0086449107678 203.39072953372624 100.37438954672032 155.76341662751645 126.57511005898075 149.38128123548415 145.70439732955668 136.84739508555668 162.27217114002383 113.35758275709868 147.76914407014362 93.268062289024 179.62459674356393 74.79791495875385 160.86155299787072 70.82713626792474 137.55967780034365 0.0 128.94217431460584 54.74788428339386 101.4163990427427 3.466918683474887 38.31332252703123 62.777965142362675 39.582546133432885 91.78111717959297 0.0
171.5554381066254 211.20097464025434 133.65876973509197 230.73741920729032 85.25205908959626 236.86378691133734 63.63067451377546 195.59542458027843 0.0 172.3441049592814 47.494320832312894 124.08596715680505 39.55217954112388 64.26298067604583 82.8670023468357 0.0 155.4063579385694 27.80846188883416 172.5662725999044 97.89906181164582 172.0139253766856 135.75308708170002 261.9567060419704 196.82313668898337 171.5554381066254 211.20097464025434
123.3874328374527 128.11143539945974 39.235378409436805 136.84026650239738 0.0 56.69716690961955 57.33766962934203 0.0 102.98701960779844 25.912193641474637 163.0577782799338 12.756601759107362 195.94635984885798 87.32063097701248 123.3874328374527 128.11143539945974
146.82182661124148 189.06274698971782 112.35469660624106 174.84432595772714 91.97253447956535 161.30980964239262 66.01890434046672 159.8322477438175 56.22106362428704 136.5584822094559 47.58744676214999 114.7101992978008 0.0 70.46730849665455 58.491629992623416 61.81763701753881 60.44760730031322 0.0 105.66186610966275 9.039574236416925 133.44843892529386 48.34382058187176 182.5268436715395 32.57798448893897 191.37248235610616 74.32957133098805 109.9710420067529 111.27143964059997 277.86192243161963 172.20482188301008 194.73525393586777 187.3108322701736 146.82182661124148 189.06274698971782
0.0 76.0214498655956 14.824427354547282 31.485264476799564 25.313446599958837 0.0 58.541458518790535 2.862197932248357 89.81329012680499 8.59455907515396 97.13946917741407 41.31426679790163 75.80697699737485 65.0058729116478 47.48235078993795 84.49866534720334 0.0 76.0214498655956
62.33129910093274 118.55499853917752 0.0 0.0 145.16788913614843 28.90824201421976 211.6010401154033 192.828859020401 62.33129910093274 118.55499853917752
77.23787786149043 0.0 153.91045010218522 108.6537123636347 197.16147160652793 48.63529573913769 181.6743211208567 108.54513295267769 281.4780894517529 123.49441710020136 230.56855311836276 166.6990175287495 173.15897191227452 154.99526602803581 154.99470417664824 165.87969442916835 61.21737547309945 281.0960787352668 36.00078155127588 192.59629822962924 0.0 125.97477021519701 17.615539385265606 47.755142753169366 77.23787786149043 0.0
26.606737886541794 0.0 88.70755109861558 78.52366369321878 177.59223915900512 44.863931161279694 160.29577393559504 118.72756567119643 104.28404173117437 133.72375596621123 80.92674527160267 105.90894976150281 20.185283025845905 136.67216747504517 0.0 73.89537366141153 26.606737886541794 0.0
115.07430183061473 0.0 247.05102660785616 137.0046283122447 164.60023035175345 193.22085481343288 0.0 206.86483155747527 115.07430183061473 0.0
152.4631644244207 0.0 222.59160497071554 24.279294832261677 218.90944050106054 106.09651204692047 182.6247107678189 180.77657253232871 112.99593487287692 113.20972124550003 116.54955508818546 78.32182778323391 0.0 29.938501697626144 102.46145331435629 18.770168043356875 152.4631644244207 0.0
88.99528619573084 9.150325627459168 125.93502539467283 24.079065873077624 162.65600190978827 0.0 210.37142678681383 8.14457231103897 180.7264173261413 64.91743686881905 216.77103967427806 92.33344472289986 201.96463767889526 128.93438520574227 162.53205041163963 136.0816846775504 137.02032891844237 169.8592504595602 115.41361843665624 121.72115168282396 86.61872958222236 124.68096486878714 45.55414349039023 109.02343587161174 0.0 60.97479721438836 54.534507116877975 27.374668891577272 88.99528619573084 9.150325627459168
158.9623077344091 87.20979202519922 255.22181767117996 117.44694326043059 225.31605564490275 166.30751357711648 160.39822559208505 156.534659169718 131.45820678232474 203.25654891186832 103.60722570142829 150.60250292686544 64.76340625077577 148.64609079904915 0.0 128.57630379622827 35.63436977634004 78.48876202120586 112.9941933620445 85.09006886608265 109.37441209023817 61.18762840477271 125.00171185187304 1.8521597951680775 168.61979535979995 0.0 208.47970073491942 26.376868047887598 158.9623077344091 87.20979202519922
137.2249463295712 104.44007719965792 104.08720163174792 127.37421693358444 68.95391728883159 96.41071186208309 41.91860337752013 99.01170750253264 21.44814817838261 77.37571127495114 0.0 38.29783745262655 37.39000161565298 18.5058139872191 70.31858015896802 34.22605299007505 103.20772122313939 0.0 122.24608048214643 31.945305110092605 92.97590415170356 63.5893028574657 137.2249463295712 104.44007719965792
148.85052218981343 55.96047829478384 195.41154736289133 93.48081019147027 168.63302162931757 136.86393353784388 113.73912195718745 163.20841276689083 69.29717364077334 122.64481193604497 0.0 92.35332598799825 33.62390986546632 26.130787405537973 86.46461875887076 5.7020226007580845 123.28181439764693 18.60091047409 174.06295944292174 0.0 148.85052218981343 55.96047829478384
51.680439140520946 82.43576284241428 8.478906379197582 88.67534982472122 0.0 0.0 142.71391927278913 14.498055945774205 51.680439140520946 82.43576284241428
108.77023775073413 28.01519227868377 186.02257398750064 0.0 275.8097347249268 56.99883009124924 329.72722257173615 203.2389824377709 184.30324175560696 256.3922864532027 65.48926991470276 255.5908783377568 0.0 153.15394337629306 24.31450978665805 53.61986710251072 108.77023775073413 28.01519227868377
30.34442324592743 64.67995115271282 0.0 42.657292188748244 19.640367898550977 11.002296437349372 54.017259930759465 0.0 92.1690011847013 28.148104670068832 58.5248765836194 57.22889527536856 30.34442324592743 64.67995115271282
335.77221557883115 211.51897598096522 204.63289824276643 202.808023332175 151.7253510172721 179.71956788218463 102.67774388557976 217.9660548620022 37.200070703539396 200.22940291791613 0.0 140.08228411940232 119.31897474259124 112.76856182514 58.02245187477075 0.0 137.96102054329998 43.06590706888299 188.0543101161879 28.028064435774155 280.0834418042879 27.507578941107667 324.8497568979552 105.07726971713731 335.77221557883115 211.51897598096522
130.06398955498634 91.64561120208256 233.41458629430883 127.2899127932296 194.88261110537803 159.49987153204785 129.66125711494593 129.9243846598288 122.91260790753341 194.7741635375882 96.46888671342771 139.51260523618134 56.8714520740526 162.798436682859 84.15808695426603 109.10870201649949 24.346979568076506 107.44741414681774 11.472977149517817 71.89079235989963 0.0 15.893167589277695 52.347705837975184 4.464840524141366 94.8695017700735 7.571622917905657 132.78460918100507 0.0 122.1478680826901 77.04643006210767 159.4415111812508 64.23805341460007 130.06398955498634 91.64561120208256
107.09759177002636 0.0 152.07872722292103 32.119351652012604 133.97567446921875 89.09801752702066 83.81746222699867 150.0258408705478 15.074713793326737 103.28874533655991 0.0 30.7835800923232 65.83027412314652 14.500717217455382 107.09759177002636 0.0
58.599344989219205 0.0 108.84885443476239 36.47283132020726 199.46431366633868 94.19947195032 116.10612503961285 179.68421853523793 22.529969946037795 137.4264891313236 0.0 56.38737523059004 58.599344989219205 0.0
6.9286409489808705 53.16419224284728 31.660514547193998 32.75595247738298 62.118182304141314 30.47783325379678 84.73975295673257 26.215396035212613 104.24409060509575 40.79249790012863 174.76641486797314 0.0 127.58240984115083 69.49924060328524 148.90294013001085 88.28304211105012 122.25872168118777 103.79295952718361 107.50479057367352 112.58147448449067 108.88542186154503 153.26586878959142 82.17854956864389 132.42171518366655 52.54866797330837 158.55272984751133 74.68662800060865 94.35900417450019 19.298444719296363 111.75181877579286 0.0 84.69263854171807 6.9286409489808705 53.16419224284728
188.59437119770874 75.0554789302322 149.97625748608806 99.5473061617895 161.96242805724748 135.88972846235055 134.12771781788712 151.6279380035616 103.5157406973409 137.22367016709228 68.98718930822622 159.77683809795303 0.0 178.47604605641848 66.11853329897266 96.51918721788971 52.94183975159049 79.65591353531917 22.979196568222335 37.56246046211077 66.80718923810213 32.2623648337014 85.02133067935863 0.0 119.5779253934646 10.946550398089059 138.8396369538072 36.37991085054265 185.6849785532471 37.9452849029874 188.59437119770874 75.0554789302322
0.0 87.66441207663395 17.647856556328293 17.54248821537726 72.30550899641827 0.0 111.93440588972729 43.37892734140671 72.44586122159517 85.11589740103354 0.0 87.66441207663395
189.2003684462179 58.86320574753459 229.63903290064601 53.42935942760015 224.80527985905724 100.48592710889169 271.0109939587325 118.287390289688 318.2757985979746 177.3870072772541 198.54554912480182 146.5326302112192 213.61760837138988 220.8814430861243 170.6090254183406 226.52838362864594 161.90733200850718 155.99398050302005 84.17945208237936 190.96632794379946 0.0 153.16981991678585 73.71921900206573 92.70483457524413 50.60244669270372 0.0 154.05841200902358 51.03328694793477 189.2003684462179 58.86320574753459
227.17659378659044 0.0 259.1819360582302 78.78450110120471 295.45509578522376 174.4315213436468 177.01220995884003 182.60648218836536 132.43884843407835 146.1405680601074 73.64032440460119 187.40474368290518 0.0 147.82958060819504 52.594367460562836 81.35270391812591 100.0856087281829 58.22285943167053 138.1766363677869 37.86479960028795 227.17659378659044 0.0
216.76409809093911 137.3185254376686 218.84702488251557 194.92637395053498 176.78127495583618 223.9397311974157 133.60216435826456 188.0980565469332 84.87348606924567 184.23479578460478 60.0453400241511 144.36524422631584 46.62067944059258 98.43770862745484 0.0 19.95759451958702 105.58166957704847 32.46151978677818 139.68056875446538 0.0 178.67859520378147 24.758711576852434 209.57270211641 44.78085506450882 295.70235362342123 48.485881270209624 285.09902763276637 113.24809940590764 216.76409809093911 137.3185254376686
58.6655544914737 5.725409509110037 103.44523520312475 67.94310709416744 27.71461398382496 100.71184457017667 0.0 47.09391599208659 4.654163964641441 0.0 58.6655544914737 5.725409509110037
34.17738773943458 206.16156466301004 9.47598089327819 148.1381563154734 0.0 95.70934656847975 29.101125026584484 19.42484697882601 123.31563721207593 0.0 155.16266326733987 92.16023526059892 227.28215449656616 200.0057784167804 106.95092593136346 224.9532603572464 34.17738773943458 206.16156466301004
65.5214555122869 9.53482771957124 113.10916147718228 74.96220203178524 12.688211032657293 84.13000214367776 0.0 0.0 65.5214555122869 9.53482771957124
56.80195027172489 81.61893355225374 36.80759111611145 91.06967962221168 25.752033676505405 71.17238203672915 7.482559851385446 60.4008242001034 7.061075011079254 40.43062034191567 0.0 14.674056247012203 36.12355938691812 23.41066716047436 44.73666541319969 10.942185159700784 62.661922561643124 0.0 78.54510672071466 11.934799644606997 93.0435798462315 26.147878581364523 93.17741841467671 46.05623989407732 95.51499821788354 68.43429340827456 73.29989286674603 75.81479125641988 56.80195027172489 81.61893355225374
47.25864032449722 81.06102920234684 0.0 9.99662045073606 70.0778857402157 0.0 100.45293151110141 42.072713451428854 47.25864032449722 81.06102920234684
40.69275356887089 36.97681813244651 0.0 35.59984955441027 36.502447126914056 0.0 68.07383377301619 28.017605905719407 40.69275356887089 36.97681813244651
59.11779022968385 79.89305309215112 42.214297307782616 79.4895118211509 28.519992595950598 70.58161603167886 30.35165363664717 52.683816489919344 16.8972036006584 41.97560731787477 0.0 16.6964948831833 42.68421165437027 32.45606095066639 46.9206836678177 22.516387323576502 60.115246840623854 10.101199806526772 87.6580772879613 0.0 82.75325186604559 29.373641589862352 88.3337937974514 44.37354209554457 71.58527020746683 53.450341350859226 75.54108515514639 74.16514368614023 59.11779022968385 79.89305309215112
135.38512036986666 28.45076521113868 191.18101766256729 0.0 201.11371123841678 45.40228329292894 191.95423837787956 83.46646221762566 205.1796744310914 126.0613320785439 131.93801525024378 95.073702234323 136.65014981609102 154.47650558360792 98.69520252658054 167.89064147274655 106.03977088933263 101.0625364746519 24.703758645602846 127.15529372519936 0.0 81.30192801186153 79.99079671460709 60.198054531486065 79.98858243816284 27.732629760222288 107.75850636084877 18.209006074963547 135.38512036986666 28.45076521113868
85.71925525916039 76.85926347832151 85.25900674415443 106.29311374018704 62.97421886916128 125.12912870385483 55.68706138443899 80.15603605457713 9.310972189674459 101.22280378470825 16.244789996454195 68.92510946073054 0.0 40.79035121183748 47.81114551123733 42.829046013962774 41.75724795097463 0.0 66.56286944531799 59.158512845189655 75.08704679418084 44.22308881378981 112.27597886955199 27.714940884199287 138.83695614153106 47.276970865551995 116.13248039858946 73.52890066983801 85.71925525916039 76.85926347832151
12.850589096783835 127.29874124498403 0.0 51.5865227351291 51.646065502530504 15.655133509459127 77.40670344863257 0.0 105.03635777803876 5.109405557265269 145.04867305780422 12.220347135849586 102.67800575659166 43.14959479478643 145.85424472266786 110.04678510897196 90.05668048216138 104.55608510915388 12.850589096783835 127.29874124498403
