70
92.19355185156866 204.37880759002564 0.0 185.29834814520086 64.70990086858009 107.26327560215358 67.31554566831949 27.5299087173795 142.83938093362883 0.0 228.34588439533042 32.34914174780522 211.0358174171438 122.74650647283873 243.65865997456865 215.13513545502542 141.34580443708637 166.86114263426379 92.19355185156866 204.37880759002564
7.407116376422913 31.268959455929902 0.0 9.888104962979341 36.21281606735294 15.401519468936186 42.870547701993154 14.334199062547526 52.74380719568749 0.9485738147369744 69.83805636116264 0.0 88.86363575782269 10.298902010438397 72.23864869460274 30.583631374782215 62.26357263459361 38.56213786621284 67.42772210261552 68.7996458666291 45.883245264663564 74.96916291621159 29.991827097712623 57.24334089804765 25.181868121860482 40.583658677922074 7.407116376422913 31.268959455929902
57.2192921512796 188.35830183704542 0.0 88.31794303428018 68.4059979091266 0.0 161.49044243059905 54.6651341797763 193.620831217958 55.73296452790076 300.9500045531523 89.47735762007544 240.32721539987335 169.60319937787057 160.61391422863758 216.34597164618378 57.2192921512796 188.35830183704542
188.96042070281032 84.42968054486332 248.9034929232579 182.63809520723805 149.13270937519644 239.7401431989932 66.30424891313949 240.14373976941283 0.0 200.85417447225868 52.95022003533951 136.94142896452354 65.18831749021301 109.6491595182219 125.40269313116407 0.0 188.96042070281032 84.42968054486332
0.0 43.73955956674015 116.54790828547738 0.0 215.1547588280179 12.55402581138047 198.47038585679041 120.84120364664074 82.86382134271335 165.21300117502477 0.0 43.73955956674015
112.81591624698373 26.605612995836424 81.03168800953144 58.32554056284626 56.174268195430145 70.26173621936132 16.762318984414577 81.98041863960589 26.594918509646362 41.73620056617497 0.0 1.0993005101735847 45.011827213076614 0.0 67.70501862422293 13.719548907806725 112.81591624698373 26.605612995836424
181.4814734360819 102.1487516234639 128.4038131091463 157.50083254203076 67.25424734878544 121.38980797459719 0.0 78.09244459053603 36.315455888150055 0.0 114.28782138307132 10.642820752900313 183.9503562627233 22.734377268184048 181.4814734360819 102.1487516234639
87.48714783539018 78.08292185184499 111.21966455617414 14.480366576769143 180.95268194917597 0.0 244.61493868750932 40.95405737641322 277.7745441266273 103.01780782852575 244.44391926706035 168.80424359558165 185.13403909569115 185.62301166244544 160.76189368181616 225.14219435765688 107.79014832245802 235.6725594790772 102.44047408230264 169.57674914802863 55.63412544843922 151.90986228429875 0.0 88.3461250117509 87.48714783539018 78.08292185184499
85.87691145415764 73.96312500111713 75.20703754043976 112.75542027492858 34.97484840358998 108.11579909900132 17.191688096280345 78.19064056945746 0.0 39.56462883901587 42.92469931383523 32.14715691743679 80.30398439224496 0.0 129.0196216275012 31.217720388166796 85.87691145415764 73.96312500111713
76.07584674303133 114.26870304436936 0.0 97.48142151825108 18.22304194454884 0.0 103.68064189386553 25.158151055775463 140.54286153508338 65.9102963928782 154.1782987003421 145.57300687826006 76.07584674303133 114.26870304436936
0.0 126.69260396979334 7.622280023142395 17.94172613122535 80.42248428612932 0.0 144.0362490375628 36.36684667024545 97.9896315100022 92.34880790569252 0.0 126.69260396979334
125.62094104054484 38.728648991377966 118.81447002911503 69.6324455422271 114.75422092603233 104.24538299448442 81.42777886474288 111.92057855343249 51.2698203032742 105.96477789422333 23.589066243879074 96.78100943402349 0.0 71.72821358730394 30.61142309453635 44.98328325696329 7.241364882881243 0.0 54.827366137991476 18.04459551176545 76.59683172228452 9.502444840266605 84.77960902027105 34.071584610880734 125.62094104054484 38.728648991377966
81.57618287742619 74.94654454197628 49.121715174072655 74.85430312201194 0.0 48.876491547131906 75.02628118892608 0.0 81.57618287742619 74.94654454197628
110.95019483821501 31.97217731912516 136.00628655386822 80.78543028966183 83.52023159547888 94.96409677577788 35.79639172340441 105.28693049926841 0.0 60.275137553167134 22.52158936951915 0.0 82.21598765434317 1.4861154661072362 110.95019483821501 31.97217731912516
74.8825186762794 23.7239789682813 165.9561506019145 0.0 92.19544677843956 104.44619238380801 0.0 36.714591294288624 74.8825186762794 23.7239789682813
198.9016552780878 44.09503870592045 199.6252212290778 117.35214959859302 129.50576185124092 128.206348535769 93.9650410007782 154.28592094241918 16.46864718692848 145.96691974316943 0.0 60.31413216885602 60.84947549638227 0.0 121.28331213916992 60.143113468507096 198.9016552780878 44.09503870592045
0.0 149.16795087668845 169.3678071536075 121.17216066103047 194.84201132347948 33.841260556948555 296.1316196067585 0.0 297.60492666330777 131.1676927234383 340.0586670697944 185.274645833401 293.4835151684958 237.45523498126727 250.25221326724505 301.0245430191759 211.75701407115554 201.62311005052447 184.09983142647098 195.64534689833664 0.0 149.16795087668845
118.11879377854649 151.71526055343995 0.0 113.658630046789 61.78316614991081 52.737957577756475 129.84714910215396 34.44874375837193 212.11191056462425 0.0 317.0559949804973 44.474064869074624 293.05354098632483 158.50508996296603 185.895898838732 171.68492037345666 176.214476626539 298.6564583274842 112.74952854549937 206.01368382952782 118.11879377854649 151.71526055343995
79.15860099557557 5.657831520910172 83.43411993400112 32.01872500817135 106.02953213044961 52.49465644193888 95.57796607417828 77.6729752943478 63.43560106464153 73.91472345902864 48.163386227231584 101.53049560615932 34.66295373991247 74.0174294476655 0.0 74.95074588833188 26.489392388326536 47.67046582724149 10.864172301581789 22.73295686117944 25.615326604095202 0.0 50.43159723814176 48.78271663737933 79.15860099557557 5.657831520910172
97.97676736156154 130.95275813647874 58.44976540986863 122.75776491074792 44.067009858156524 82.18424354565113 0.0 12.992747071629779 73.29738875006407 0.0 117.86597920032808 16.79125935967992 154.16722333220383 17.053708454748502 171.94170797091255 50.06454654483862 230.52112147445794 95.66298863032661 155.62012716368105 109.76770539672488 142.74385597541408 167.6815759360195 97.97676736156154 130.95275813647874
69.593962050305 96.46920931179505 37.93908624079859 93.02446591443757 0.0 62.06576384589882 6.178893415950057 9.692072614143889 59.959398331331414 7.574875574220876 104.92627349134224 0.0 123.86994197454536 39.325574581247686 133.97095510960662 79.67462252247753 95.61298274710703 94.07245815517666 69.593962050305 96.46920931179505
0.0 26.24373739895327 144.74818960167596 0.0 262.35660413532014 52.53071494928216 171.19854637519344 126.20945360191955 63.24050799152815 174.01255437325062 0.0 26.24373739895327
154.29765274095695 122.87699547969576 82.6429157026545 130.26042826733504 49.3554804453382 105.43385947391225 11.071246757924342 121.0263863551394 0.0 86.4868817419429 21.550963180562775 61.70511786654751 17.56421198943258 9.62407923728152 57.06767073734491 43.78413671944152 122.15789224475071 0.0 177.56352416684507 52.73482462596051 154.29765274095695 122.87699547969576
126.38061029785787 124.55186950280687 92.29569174261316 141.79164792222127 43.380951633228875 128.99965597152305 0.0 74.68150628915201 61.93515160179774 41.71022373154928 110.03506460165758 0.0 145.91037558930907 51.425840617286795 150.839931301628 93.7988395426073 126.38061029785787 124.55186950280687
35.286869236949116 39.727411384754525 51.54112283890541 20.0429674671687 78.60480225790673 0.0 85.06248408239253 56.746752569005025 139.2400821081859 26.994199566077313 131.27246739657707 63.27256824812518 127.91223474941656 87.49063463741444 105.56678922083444 100.0741723596298 105.4687150733827 123.32150653674626 88.2683843162406 134.112996910962 68.14425052293741 123.21724801455207 44.731330666022856 134.2844710518401 64.62622335777309 88.33681047707778 0.0 105.17443741031366 39.10359416821021 79.5477213138671 28.626218618010228 60.93743176821033 35.286869236949116 39.727411384754525
46.1250541057222 53.84691822612041 5.092466522636073 48.475919412223334 0.0 0.0 38.88293244776189 9.33694317808596 53.9589729939904 22.9614056256859 46.1250541057222 53.84691822612041
31.440628995001823 101.87194544579728 0.0 77.24589179985996 36.07815476951362 52.770387495867 42.192603855250894 23.908172099698398 73.28909053443043 0.0 112.14757872634277 8.218174340462163 149.51500079070405 35.83710546137698 117.75507898060101 77.97470921601696 101.3377149923792 97.95060308787905 77.55284307956947 94.77221986641722 56.392995087297436 115.57540052420714 31.440628995001823 101.87194544579728
34.28874072546601 10.342026979148912 38.21473254553436 6.611444111989783 52.70180370212495 0.0 46.97299717283548 11.765433337080495 44.57798571868109 16.988678133755315 51.77612372464563 28.904099236208182 46.55694070499624 41.835860763004405 33.34905500251543 47.292736936060436 16.52141313063987 47.66639678992732 3.603044213971728 36.75609370935851 17.127903649590564 17.673182326956223 0.0 5.143779950834698 23.90976379449424 6.039322141424819 30.75607062778917 6.852348080582985 34.28874072546601 10.342026979148912
143.4034140017576 43.85871946319092 163.85766283355764 97.82700143341488 111.17872183988413 124.24436676952705 68.68093978868114 128.14467679036983 31.60016990248183 117.77933063421968 0.0 96.6271674639493 8.790764936529754 58.91451688770023 40.28943549133378 44.09071122207345 43.11714456494739 29.56329814913684 54.855983281458 12.464960405788666 83.12785227101665 0.0 82.79835584337431 36.02066016390391 143.4034140017576 43.85871946319092
295.16605905785843 151.39636528036266 257.8668428933135 199.56317919826984 241.7141038439234 268.7680165115331 159.74125083107708 147.15315453866572 109.4721832398437 258.0941492265411 91.67746742454459 193.33361558299748 37.896119617429704 166.58118519640436 0.0 102.35864357923819 158.18544921055604 130.97502100956575 87.0733157460671 0.0 154.60056442087523 43.99778416075827 211.20215936881118 9.222507624977439 223.79619747783428 73.64874315726809 256.81259911712334 101.69053513057084 295.16605905785843 151.39636528036266
104.71712748977194 116.66999231035841 68.91884680342562 117.12708959335352 18.5624303930731 126.30882793206588 0.0 77.5046901584048 14.014435677012415 26.95419755194189 56.33932088504703 0.0 96.27489607391058 21.270439012977484 118.49543517872857 51.34947924398122 141.78103672741656 90.2252845829336 104.71712748977194 116.66999231035841
40.766888940557905 16.83044869475664 55.52180140710168 20.615736346109244 44.41476133114794 31.576190099829773 44.2481774905424 39.878817581681005 36.2130698812725 43.114716375855906 31.920829672831715 52.79725310270379 22.208607321956393 55.27132194491173 15.040108120940104 48.63679448315921 4.4449088117346065 47.16320945535742 7.371519505003931 35.47732646386876 11.379699074719937 28.305966982505225 0.0 16.357578329396617 21.20967654910656 24.49940374838306 20.648885058139882 13.972236140714102 27.91635864078866 0.0 39.708474717501176 1.1554095662884265 40.766888940557905 16.83044869475664
45.52546298495506 0.6084722388142865 55.297014076624386 9.821282493217467 74.26449098618386 12.167443022063338 84.50862807467678 28.803893239332737 88.386022307433 48.9626060065559 63.98108302476988 55.78777258733193 58.84618079575353 80.47058368328933 38.308422745460355 54.76780236676191 28.68557791055546 55.68348489245025 8.186242016127188 61.09751343981023 16.900029872332816 41.07968198186953 15.873894078777774 31.041084573635786 0.0 11.0498346080538 21.107097415995973 9.720927365309649 31.311673997110525 0.0 45.52546298495506 0.6084722388142865
16.147791820662363 48.731205100611874 18.21053896843307 31.6701828403191 4.502352663564423 32.07607202158154 0.0 21.310278442892297 12.54566640326074 16.65922531052604 17.350362860705516 2.390929487427357 30.87323802323482 0.0 33.03723109248779 17.865951318923422 51.665226307467236 20.991869786613066 52.21989479994156 36.25817416640989 38.622726911401486 43.986592272801346 27.39506990754819 45.77093006941533 16.147791820662363 48.731205100611874
38.540791277952934 76.45205779165134 32.18212243067023 61.531946125797774 22.756067085262856 58.57413307484576 0.0 52.058298228866306 17.81650080961515 38.35098083041299 17.54241250418241 23.208338832330355 23.24580492639612 0.0 43.01638653047871 31.141205008160355 67.49779631666368 3.5391465904202803 81.82419484602215 20.581184861381317 51.37209338961611 44.90235482245781 65.53540657058328 54.55018790031956 56.12633681681314 61.13106150557495 46.71493350308499 60.51243477216562 38.540791277952934 76.45205779165134
21.358148933018143 50.86391362561436 14.165012374438987 37.5292614270942 0.0 27.80829560487794 7.364685076388312 11.274560507208378 19.87218362556048 0.0 34.31690497913226 7.76890968993348 40.354222599093504 17.63459862288363 53.39496536451996 25.398074218391073 44.237491028379 36.610633876825574 29.682919964579952 29.94127907031462 21.358148933018143 50.86391362561436
40.039701634455085 0.0 69.66325847003881 28.672475917689212 90.07380503687455 51.8802793795343 101.45961154450157 99.64419438817731 47.65549378722106 74.2594775693822 23.99605440185141 85.66969894200031 0.0 63.85597171160457 6.929663727691775 27.74545039192158 40.039701634455085 0.0
31.142471514333103 87.54093165268097 0.0 71.97524460084784 13.238382369224688 41.79339794443238 19.617688718824027 0.0 58.96129115000674 1.36508433419921 100.38877964193904 2.666518148174468 139.07812888873613 36.20596043917278 78.00725141255975 66.33293578586526 102.39324977851845 128.10011265510292 52.40615512707807 109.69774730845268 31.142471514333103 87.54093165268097
0.0 82.12842151318104 57.095120935156444 70.6925211675946 105.20871599588736 112.71332942817061 137.41241377151988 0.0 157.46982996069755 83.385412411019 243.6038648051542 58.81367127970326 237.4164159224665 121.68756509616931 276.335918175894 179.50947777924452 212.6996674075081 216.16531661682578 194.4887485330904 265.86490029084683 125.46725585993923 206.48479515876627 102.91021656182244 216.4726434373975 60.60514282398057 236.35433073365354 72.21035624904391 182.91507668574823 2.4534092337129323 178.04798490772362 7.7156866096322005 134.50038528934388 0.0 82.12842151318104
209.5363090590463 275.3419885907507 85.45699139978132 303.6711773843909 27.68173054580396 185.3217521431502 0.0 0.0 183.54149481983893 85.50848295338727 316.9881457931634 81.02572579290995 288.0448509865227 214.29129996747668 209.5363090590463 275.3419885907507
77.0384326902329 76.41587060473638 144.84814485305498 6.437512928111971 234.89719939795458 0.0 273.6549492627962 75.08150679607414 308.6655512930564 115.60323136102421 239.21145262979175 143.11058425674503 319.2052113094629 287.86704340086266 219.232109493577 203.9616674521664 135.0633688183964 239.69344861852778 0.0 192.67094620169277 77.0384326902329 76.41587060473638
33.37267836066684 0.0 126.12954189864402 5.572458727414812 119.86026489499542 102.65830288801345 43.098411637454774 117.77007721021758 0.0 70.80068264687293 33.37267836066684 0.0
16.23332054701956 85.33984184325753 16.66441225367865 56.24064644904256 0.921789595594646 49.740709933007366 15.441533143803383 37.24602466267156 0.0 11.96730678801994 18.24364606333762 0.0 39.18537660485674 0.993580649893552 58.12492653857484 6.369682858952004 51.99415480169327 31.956249612894098 61.704986345429006 41.86253110763752 86.53263321665452 71.00191378651631 44.49666754220942 58.94162789540054 36.43136423353302 77.81454803107592 16.23332054701956 85.33984184325753
73.63049965005723 52.47941602730922 100.57538044853433 15.391507818368922 115.98012383973965 48.42135454434174 140.3912499009209 62.07558447659228 201.48804258828073 87.59379036693443 98.86031677917452 102.07297875496766 121.96835178957123 135.61846514252778 105.27924900099015 158.9223373293604 76.93559054699284 164.211592035134 52.37136900170154 149.80152305712483 2.1564160204153637 157.93912790099097 6.849794697600231 112.89662468017646 0.0 81.47757348086135 7.262853280205462 45.6967438904736 20.499611420251412 0.0 73.63049965005723 52.47941602730922
51.04669287489081 53.85758267024856 63.77031853600394 68.07119477702098 91.21703255913997 0.0 125.74174289453936 23.944311627557433 159.27003606206782 61.735638296179985 128.7732190034506 105.59373167633207 95.45709334368514 131.01861783166123 55.25858356719513 158.42147826193258 24.3805582765589 119.64365716617918 0.0 88.97843096902382 4.513554365016432 51.28704354960766 51.04669287489081 53.85758267024856
227.287471726892 24.97542125428616 245.01751061085105 85.29888170957048 299.20479061799097 130.283257639016 239.1349615300597 174.24916368028127 248.57208964784195 287.22693298180104 164.14589327554248 179.81259462096912 65.38247672733686 288.12856072435136 0.0 220.22849869397163 106.37691212303048 127.86615691545511 97.7785141931007 86.28658621974435 119.75628701141653 40.91107304107686 169.49958331841503 0.0 227.287471726892 24.97542125428616
68.63860874493875 0.0 111.27007982105258 84.44640199205233 0.0 80.91069284931825 25.17943926278233 14.508246459530838 68.63860874493875 0.0
125.69740306008426 90.40318131723421 112.11521497452107 62.156848783086865 69.60214862858257 96.43452383934468 77.34525609004925 61.799743105466995 0.0 19.98209955321486 72.55580619313182 9.750093691622261 104.56929827948227 11.202442551866156 129.5942104263155 0.0 152.87036650741823 15.76493326406834 168.52692886220842 38.621387730033895 148.14212892286218 60.272112419042166 162.29019572496364 98.90129010366925 125.69740306008426 90.40318131723421
203.119439505772 231.10691448056215 139.8991943590638 219.6068810460805 0.0 230.0785762276715 60.696623757698035 108.12086672454318 111.18808730171556 57.61568420621711 165.58000336914 48.20494058741552 212.68640637026022 0.0 295.4737132991353 0.6878380288598578 270.07181235504845 94.03312218441953 251.81504734257808 134.36791539230364 231.56578793966952 163.7022054923387 203.119439505772 231.10691448056215
14.426295212714734 108.25902463984761 52.213046262972966 48.94558845836245 85.71134172004656 0.0 147.9294437378262 9.05453030624652 193.09166243354508 37.96409506474597 235.56319990736804 84.08815667952724 187.29515507745964 125.89334023233289 180.0683460836994 205.2748629860573 113.11422341369766 170.35591245512458 0.0 211.85147008479422 14.426295212714734 108.25902463984761
213.4373458054898 121.84448001779211 179.68880009180535 139.67570111717936 160.16019353139922 166.86113985974396 123.31215042052305 213.45624357982163 67.98538782556238 215.4038493229293 0.0 197.71175294103983 33.39226293831105 118.67820304056329 36.61422037835294 79.50099053379691 18.1362770965263 24.820248548912048 65.34182427752953 0.0 114.6530210246269 13.459316362265255 135.28219084208422 64.58878342770346 197.86284462699334 2.449320085347196 239.858982216332 29.283445931947206 238.23106761008515 81.93111683010811 213.4373458054898 121.84448001779211
8.782941261535612 0.0 19.733362453541602 1.6836007176663088 28.42474688764888 0.29544959549430416 30.31568905537908 8.954155165846416 48.52106336923015 15.206708706761702 39.829710706365944 26.67027612828376 34.38938564279832 43.412182561778295 17.197257175939654 44.453667900898395 16.200455197225494 20.006503661911395 0.0 20.605793014179326 0.1263940126094809 8.289901969113032 8.782941261535612 0.0
49.85161687101691 17.00720532930059 72.65207876361958 22.24138770788204 87.27922992463712 51.209795905420705 54.03015747284099 58.51364202980277 35.46881663489224 65.49077074758308 24.477208240181604 47.40261163296316 25.86553960170469 33.86351821245795 0.0 0.0 35.35161628443489 4.941463274995883 49.85161687101691 17.00720532930059
139.42709790527016 18.739450603608596 115.39610733045974 53.05424031514092 98.78771407912195 70.38198107405142 70.93135195338732 52.36432253617668 45.94827627992848 127.48374954329387 33.97651352238448 78.15025320015357 51.39257204932861 47.35657257287057 0.0 26.221172371825652 32.922252973798294 9.074713003415447 58.9242927014331 14.016748868728051 74.60547935238144 11.980400858714766 106.36458576016007 0.0 139.42709790527016 18.739450603608596
0.0 0.0 65.02651336867211 2.9996821705013446 26.77540560421798 40.57718338261843 2.3075893586933915 46.71683647876682 0.0 0.0
28.112628719732328 23.762673181900837 32.82959442593406 19.381607654750567 44.04983062688957 16.644025604917942 40.079980488246235 25.609871364929347 62.8043800864489 35.45916952448613 47.711347435432344 42.28664381738237 36.60069918872621 42.986026386686476 30.684784919285505 52.497429502571535 23.155884735821928 43.05330509107877 7.69687470479046 52.1558984227629 0.0 41.569273862578385 10.020239552300652 28.62299773424951 14.48829964704538 22.72504195824827 10.420588381245281 9.820473694033694 17.867994134665054 0.0 28.112628719732328 23.762673181900837
48.90691446537636 0.0 61.117381907855304 7.511971308169194 80.52271251526386 10.103970409334593 71.09333429306929 29.307531908426242 84.30253426108723 48.73078385059128 66.86603283161242 59.4349035648853 49.60019926623596 29.396426987140273 22.695620328511154 76.2518780844313 10.630293341605707 50.907922193927135 0.0 29.01795942049891 1.2705388190003788 2.054427109385955 34.34267307110231 4.070034680194084 48.90691446537636 0.0
95.55558491476381 98.8812759247599 50.38623268770675 106.66550301073659 0.0 61.010055469114654 43.877111162349564 0.0 102.8478685752925 14.161263363934538 148.46485460881024 38.29109540248465 121.740577915064 80.33814373487752 95.55558491476381 98.8812759247599
59.59404556550567 21.39327523725096 67.58305249047443 0.0 84.98184657897464 0.37510212028364265 110.51756094086305 6.281562423932272 95.94524841420336 31.22824259201596 120.46790392797253 57.23887751750793 79.07157961040957 50.21996914933395 75.05996574817036 82.1440440569638 43.02438773222637 103.74719693469935 61.143245306484815 37.509656436313406 16.239852744298467 48.752051437287136 0.0 21.349501411548687 52.842542103791374 24.13477033899997 59.59404556550567 21.39327523725096
175.80416572130787 162.92845996032094 179.68673062316824 233.28601994238704 127.99176545283379 220.65479416135918 84.70898498196468 221.93371940215377 46.76680488592066 200.96012375204197 31.24566772131456 162.74969350717834 10.849505329243215 126.7339096165937 0.0 80.3859752721353 31.630229919877422 47.593245723433 77.67644096423672 46.49244092140191 110.22812982137377 59.72602355421427 150.802117674953 0.0 163.00773531998377 57.35738490129234 238.59616836825546 50.04218150365746 252.7204281312326 103.85252818612132 197.77053952938812 139.50153152593882 175.80416572130787 162.92845996032094
35.73312215877901 5.302739543673837 45.377100661890324 11.264785227857828 69.72856181546786 1.870078966998605 75.36544999946705 20.213469212600188 78.28197700211362 37.47061233781692 74.21919883498981 55.28898454790415 58.65313845913896 65.48868334704999 42.27453691745079 65.74557071072526 27.641753895559447 69.17024163501848 13.250739608985043 64.3532999972502 0.3103381869735813 54.4707098592439 7.5357684461192065 36.19623634316136 0.9778797000653014 21.05835309374058 0.0 0.0 26.320617155170382 12.47515190711188 35.73312215877901 5.302739543673837
210.21437406677882 114.56820029294371 65.11401618994665 173.5079795546429 0.0 53.65789357704688 115.26844445042244 0.0 210.21437406677882 114.56820029294371
11.356295623764758 136.37824788975664 4.023042169358774 67.67369635140619 0.0 0.0 72.12780974096997 40.950620456889325 89.3156318905879 46.81549568792151 142.9471530559991 57.91730484923404 76.36958238066968 66.04397026065104 77.7551453292943 112.38012570305168 11.356295623764758 136.37824788975664
106.84481947902616 18.40413954939909 152.7180975875277 12.377506091402822 232.1921679526192 17.43111932235886 258.5294451316424 103.93767520547027 192.61877710806715 159.4804305209196 124.12643022222255 187.6746935106909 91.3014499564971 114.6939467256008 25.087985732508685 92.20951931805521 0.0 0.0 106.84481947902616 18.40413954939909
110.29974317665096 0.0 182.72010471229262 13.720478692858464 223.21114229972943 82.88150993124371 146.69125006004145 128.43602254912992 130.26214628546447 195.51440320350568 83.13226241301338 109.00344076574652 0.0 162.7161133583723 51.98293793853239 91.16567398691845 13.860272059371027 43.64941574956466 57.249246965049196 12.915787084070587 110.29974317665096 0.0
10.039221242891244 1.9165485067480006 28.27446232727256 0.0 44.21889500521753 5.750621068775629 50.2734342185137 20.64817888819185 44.47406992104632 33.33040260008863 33.82432278541873 38.92959898091175 22.17183340006804 42.47580246688527 10.978171226555162 34.55598981975115 0.0 19.30848017654033 10.039221242891244 1.9165485067480006
189.74767355888946 126.13933579080829 164.84426112290663 177.36761436966094 105.01730156175672 150.71286775420043 58.797046178963456 185.778505909788 60.93919450554682 111.67261337648345 40.81616084515548 95.17145933827632 0.0 61.99330487766312 25.22635770514978 23.266004763032583 69.78950249947455 24.496932299602754 98.44113804222265 0.0 139.82731767249288 0.15787688828505964 187.0273420499579 23.709603129453683 157.62754491413344 77.34543440744037 189.74767355888946 126.13933579080829
39.96367877671378 44.01265438066034 30.43324848119964 51.344826459895316 23.977875057832634 35.63427353726945 0.0 48.40617581992066 23.270847401608123 26.83767013174021 15.608630152293557 22.26750768862577 8.161509666272991 6.98380492997731 23.989039022215366 14.717636125690518 31.61707509344582 0.0 39.65473765696693 9.189950731009674 52.866848161892335 12.625474092294255 43.19530246543104 26.020104990474906 58.606208218061795 43.07436599195947 39.96367877671378 44.01265438066034
96.93378395722638 13.714874421738273 98.70791008689585 34.66876628692711 84.78006085594922 49.88948160593769 87.58301073576214 68.9424870799851 68.98684313920256 70.31918499891124 54.38913286698904 77.65030418438869 52.5075090046898 52.64140924671268 36.954179512251606 53.394061163890996 0.0 38.4658635109198 35.935625976355006 27.993922057327055 54.12497825334882 32.7378500243684 59.52137793910327 29.2200695459848 79.6731050944592 0.0 96.93378395722638 13.714874421738273
181.97583130518 209.21163518366967 73.92912541711851 193.97602094481508 0.0 57.150585353621366 139.15737660279004 0.0 239.45613990730232 35.06620726486153 266.2412949349838 140.95901346332016 181.97583130518 209.21163518366967
