70
80.44349800466283 35.14641298329908 155.0216194440817 0.0 232.41284201010757 29.709196361035055 191.4546971577418 103.74537013394503 184.7358540478068 150.29296596275344 135.93016832620194 151.15943908479292 0.0 138.02410666081715 80.44349800466283 35.14641298329908
130.76095075760867 17.058402306176248 187.96256939661805 0.0 278.1502825665722 14.265903942183442 269.546483415937 98.12195360937974 206.50251203688555 141.41126042014656 198.1058388956439 225.80900515732026 130.91819645695517 164.7245824987112 49.241066897012004 200.79717650553346 60.08199516916355 116.89344924810155 0.0 51.56547214504194 95.94256021729376 42.57912907541515 130.76095075760867 17.058402306176248
60.18488400122406 99.07877060672959 49.52173150189864 56.75781182861981 0.0 0.0 73.964285954818 17.03114975802329 111.24997154056337 13.332540863634094 101.12090932911818 50.40742123677843 111.25529031540333 98.44201492113774 60.18488400122406 99.07877060672959
212.12114839568858 0.0 279.24390827329364 260.9115587457075 111.28590231962563 251.7525626365366 0.0 145.49792013850714 212.12114839568858 0.0
1.0360097041889276 11.053167403285975 57.98424779604767 0.0 74.2800771863105 62.76959392581613 18.98724374153882 73.11206693870307 0.0 46.08338076253013 1.0360097041889276 11.053167403285975
82.30280452652536 90.00758342585972 67.72217158931946 120.99148665741842 38.2422342811699 108.48679745177475 31.72003583355952 81.36098089090446 0.0 75.86672919390652 26.4161772914768 55.86302166145143 13.108727431126056 15.577029950274877 46.61650325180082 17.696486389344926 83.76464955629484 0.0 124.51711914706199 24.002642957870016 90.91549677633382 67.639119651557 82.30280452652536 90.00758342585972
0.0 67.19416460168219 26.464642198218918 41.59715667989493 31.20454838721725 0.0 67.78419678786645 18.759983229645023 116.91069858000358 35.422493109261545 98.53143065143001 82.64193635365473 58.00327099901397 88.3396062347673 28.36038158734599 87.39594739024679 0.0 67.19416460168219
14.385608629351765 68.48004260694911 0.0 41.87837104951612 19.716221466029396 21.585508529195877 36.68748346627295 0.0 47.266556205595904 29.329754224478535 64.52503756505972 35.69771967511335 70.15713532189815 64.10002834818773 40.213553953769804 51.83385803301036 14.385608629351765 68.48004260694911
89.9425928313429 127.95853288909409 0.0 103.30276426095806 15.699225058388919 0.0 90.64634261188753 32.418749660298005 215.2790171722996 74.96840209055412 89.9425928313429 127.95853288909409
246.73625638215117 76.59055890703358 229.26009830685018 163.69921956719452 159.51042518662317 207.2861073168811 94.69300782181054 161.8703144521578 14.852585921313846 156.23869304541046 0.0 76.0766998837207 43.81893535400829 0.0 125.89774379439031 12.243952433221068 203.71767724217196 4.458769711791973 246.73625638215117 76.59055890703358
34.58527953623946 66.54125686572144 29.552457017351195 54.12010333262159 0.0 39.42089596987994 13.101864534129135 18.481953789516275 46.440986532534914 27.55795142477674 48.593229533714954 0.0 60.400701486912006 37.60102380062134 84.33255972246218 7.721901931350374 71.37482434160668 36.60803139010914 80.64385349056437 41.39607051428792 122.58460144695948 62.8909627478152 80.95334110820946 63.38864704017032 83.18191273941613 94.40926382377725 59.42445406193068 108.34478957076212 36.12392403975412 94.86624199904799 34.58527953623946 66.54125686572144
55.32665895449878 94.90787010735505 17.878452763143514 77.01286695950839 17.765880140208452 43.36983060808988 0.0 6.662474490089004 40.82093640301976 12.112494810831912 71.85954420727116 0.0 65.77431418880884 35.1624960795752 98.00701750208151 75.06474329943171 55.32665895449878 94.90787010735505
63.321521782427254 0.0 113.8486415504843 54.38177788886658 120.47732972384793 83.53551850876264 155.41281506067077 103.81289923583914 130.76713065991598 132.54168191693134 100.17173658468728 151.47615247736945 62.02329835634709 144.8764271027518 0.0 115.72614141311725 42.64009662250438 64.49959570393237 63.321521782427254 0.0
0.0 51.65096424898567 97.24212223028493 0.0 131.97842630947076 96.47787811402006 74.8911796294251 78.59720357407491 0.0 51.65096424898567
0.0 32.3196334478216 40.692375427909035 0.0 67.24090830026086 12.862561709597102 51.428212889751244 41.99032709179039 0.0 32.3196334478216
0.0 78.20497385186847 46.28673612927568 45.72895663822155 50.17487096528993 7.299775286148261 86.12573837995134 0.0 116.56609817192174 14.172488607758552 151.43601827520433 4.365184242692692 178.4197682423307 28.588556503879246 196.84569188132113 60.41562861640364 199.06297049980452 101.85041055692412 198.51833130818065 161.37381826863253 139.69531122839993 161.47032773382998 101.81724425228381 129.858394327339 88.8569453546434 102.02911044068367 80.97941279732225 87.79838771416591 0.0 78.20497385186847
100.4933667945178 56.50511677876182 63.39140223571938 58.161104651626374 85.25945402168504 94.41601588388703 62.072901291393066 83.52873485930857 47.34237844821109 85.43370198867599 8.654641073379864 97.71209792563273 5.820342109260871 67.21141480666711 0.0 39.100508876975894 29.131769397853574 26.73542955698602 45.43829022045017 15.427111176368001 67.778145863341 0.0 82.88589145615836 22.63195959705699 96.11121496985841 37.31497473303436 100.4933667945178 56.50511677876182
65.56427483714106 209.22482734666738 13.902436831022442 166.61034966083201 5.983019928358786 105.61587452440156 0.0 50.46073664539971 37.741865233641676 0.0 95.47720192396476 22.109104074599983 166.185230602972 2.8262104407621536 202.3537942260743 70.33941243686913 255.95113124810806 175.79615682704883 157.8413698895924 235.87012766254833 65.56427483714106 209.22482734666738
25.283716495745445 192.16642331529192 6.954685454479247 144.3749932286599 0.0 104.84960552384912 12.140900394572796 68.53353825518568 1.9991423403514972 0.0 64.80100314624318 5.040636238217132 104.56258581982958 24.45909125817434 143.20071965142887 39.57551855201658 207.49570299419577 65.07249904590611 179.4878385274269 120.93533926378586 136.23394878208273 144.89610226099762 119.76110494240062 185.00344436210952 77.47772225722272 157.20333574557532 25.283716495745445 192.16642331529192
116.92027908385938 68.96635558311888 150.3747313048188 24.754024394899872 214.56925373735567 0.0 274.5112541952932 29.298284512580494 196.87695340684834 117.96774812199139 223.56520419437152 149.2039382503886 208.27390190021913 179.8413332826611 180.24012906899293 199.3097969491341 151.4028576634051 243.01831849301945 105.17840429705299 234.7009343017959 67.74442535594952 210.75531691092988 70.88235621713527 162.11548475949914 13.883310121183655 129.6919831390702 0.0 69.3606695661216 97.60880756449143 86.68544017511029 116.92027908385938 68.96635558311888
85.88356791250776 87.75295227210039 66.30926048347386 108.63700325575019 0.0 116.62261877685188 5.302554557065434 54.47267710422054 37.84750117987173 10.27882165977718 94.04591796327999 0.0 121.79773454920226 42.84709081381324 103.84199536948091 78.17763836857065 85.88356791250776 87.75295227210039
96.03358661650859 46.3004804118456 44.83820960421022 74.0536957168963 0.0 0.0 74.87743355590018 8.876545643962658 96.03358661650859 46.3004804118456
71.66775294432124 30.178719913018185 113.66848464634106 32.95828935284787 66.95496305470692 43.38758557959409 74.13211036413304 97.81511549559995 54.771703394401754 53.81138135688906 0.0 49.40180522168501 33.83130104142003 19.673192540361512 57.50256833658547 0.0 71.66775294432124 30.178719913018185
314.38492160768686 113.98503255107717 281.5642918644314 226.79277136979238 177.71984163380324 284.9807463209278 122.64322652952494 164.3677537170349 78.14575895623547 151.9217558785302 0.0 82.56665665162416 144.08539614723355 123.78825138053267 159.02642803350685 0.0 237.53972626470153 36.34195454596262 314.38492160768686 113.98503255107717
277.81573776093455 14.430819386527887 224.78739618259053 125.22609955067178 160.06144607770204 183.97627736129283 52.02976332448495 190.07354329567477 0.0 77.88473562035908 77.04690444269772 0.0 148.174369218026 40.33823922492802 277.81573776093455 14.430819386527887
103.82925705847376 89.44368853572516 56.192885366449616 94.38197296951282 70.2855458935548 44.679844221058 0.0 8.334710284952138 67.6473395418289 31.77304095809179 106.83422767447654 0.0 130.6577593533566 45.8594874175648 103.82925705847376 89.44368853572516
132.47747925222154 58.45233533288183 119.28523455650392 91.88521432868713 95.75571484012652 124.51878868709333 61.003757382982855 102.86522516723896 50.197669364711686 77.26511415207865 0.0 47.3107636338771 24.573934567523203 0.0 78.23828267317246 8.266273696810558 134.3612707197519 1.9030269304085365 132.47747925222154 58.45233533288183
81.47197203946358 0.0 70.65893088522546 52.30228678045894 133.9574843622113 33.728471194601454 143.87983051583825 64.78915118044866 79.05219900684764 76.53750569320108 93.05666991164311 102.5791726855753 87.76414500982698 137.55659077899543 59.2183184944316 143.45248193769964 30.172937537292796 140.71923329656977 14.257044771607958 115.82063410966809 0.0 96.29636844499889 20.084384092492186 70.40886708480515 30.179210646280794 59.08880081423639 10.344495592402588 26.13772245053714 55.672513591235926 68.42061398883918 54.51824847844456 6.018744455665384 81.47197203946358 0.0
226.9218549333007 23.89106042297675 228.4691003913901 134.60243224327937 131.32460461051474 215.87159579804216 0.0 119.91723117065189 97.0905477988336 0.0 226.9218549333007 23.89106042297675
194.33262750646492 105.1161310183338 180.33346642434879 169.12225550717608 107.26270857047169 116.54739492711073 66.44162808784748 140.12200113774665 0.0 120.23384488365167 52.233793308400664 65.3499771445487 56.20115433648763 20.1507148263699 101.94396835772514 0.0 127.59705357586252 47.07119359641493 156.562312194804 60.94932779430596 194.33262750646492 105.1161310183338
123.49600617407958 84.82995715668577 187.7962170506129 0.0 273.4414495583923 56.735865535870076 337.46789405987414 140.60143179189487 346.24824162917207 290.8587730592134 196.39444283196966 262.4485339810723 121.44722989680417 217.8946970341284 0.0 149.79343731209775 123.49600617407958 84.82995715668577
162.98289596912016 0.0 251.74643332898626 132.77695039524355 137.96278923325934 168.32589673258073 0.0 228.12667872646406 2.016059193189932 40.06314202173053 162.98289596912016 0.0
97.4235127772242 11.691293810582401 138.33606415822572 0.0 134.57185289526717 44.77997545419527 162.28380295480542 71.05784374610379 114.27726681523406 81.54171361722125 114.28733088423354 116.87546753631182 87.90783164766567 95.19518668130323 60.660648597567345 105.34001077344328 13.964073992472109 99.14062461499992 0.0 53.402406264722146 27.472349317680937 18.75249752505605 82.25448749284298 44.60747347265968 97.4235127772242 11.691293810582401
66.74772008470615 0.0 109.27619115238036 16.049240185798006 149.04597774149173 7.318216002693703 168.52262193881688 45.93929779792861 156.8722172515055 97.55690463867933 104.48899713120402 106.47780022511063 103.12388307114064 48.5353504419871 0.0 37.54187430321961 66.74772008470615 0.0
110.326806552449 37.90084333438682 180.9454321817396 100.20501314402556 108.86410704806636 89.27630383138676 64.737785603433 104.50508808452163 29.97266419020329 66.63130795540546 0.0 10.687511343254712 81.18049920132475 16.430009427580615 100.18970548522144 0.0 107.80521967101572 27.170255623864406 110.326806552449 37.90084333438682
59.58806661992949 42.22041552902796 100.64287534799243 28.34297127440375 134.922639743483 6.111844600556395 169.02459007868185 29.995133814988236 243.90733924192057 0.0 269.3697614463333 55.598368941757236 291.71414886181924 113.72921459488639 236.14302915846804 155.76963275987003 233.95529136997823 223.08575855561293 180.0082739411906 250.9907921177008 122.26606249630166 229.21523157078232 100.12424079681321 171.07486709075494 44.063623962059665 173.99266062893054 33.389246513113676 126.38044294112996 0.0 70.73229367152206 59.58806661992949 42.22041552902796
140.85277948723586 123.20224779218853 140.85277948723586 123.20224779218853 0.0 167.60678729914613 28.348382176382657 113.30392140741911 11.35398806705723 57.378418465475136 47.79532302564989 12.288167909527942 117.6541294760263 50.982355697900516 147.3419727306159 49.35781030236946 203.5988943051939 0.0 254.90931514046474 28.519393422356984 202.2015028720248 104.95811958493631 200.18728028870618 128.4815868427755 171.83464316232443 139.20351607885044 170.3600558166596 158.9429963825978 174.6459264552595 238.60707874457307 130.63769652096525 239.2683067769898 140.85277948723586 123.20224779218853
0.0 137.97380154720366 35.24766636333801 83.45826802326023 68.4770711473793 69.52245105571788 64.24792552560382 0.0 111.57565263069074 22.709474334503852 159.08847447463094 30.767629464641125 160.88017288355698 78.11728203040744 135.38197363377483 108.04673883976966 121.80503736649686 133.5914812484549 94.4248281880814 130.911357865051 71.3324515384507 127.58725722696771 0.0 137.97380154720366
85.15164353610663 17.041188614504975 98.25298846601865 48.34744138641693 73.16428069897599 68.23458821910016 42.44609578042102 89.80260260320115 16.534195094391464 59.19829982652766 0.0 9.782737277446628 51.90063878967814 0.0 85.15164353610663 17.041188614504975
22.76942398258612 185.60921269202385 0.0 102.5369273620612 19.852591547230077 0.0 124.5982989640145 35.98634690625843 176.88276212613607 39.92879420687164 259.37764161017026 56.78311523421486 294.3164576265811 139.0966641500167 190.98258164277675 169.8973765707015 159.4469940035283 226.27767330081605 79.61789470251935 253.22696397044956 22.76942398258612 185.60921269202385
172.91037875566144 0.0 226.62812177489405 53.27363867207521 311.6434763662245 97.67809515564574 204.90409304139854 164.5305519844095 202.7842499221088 215.32152931671217 157.50191478037664 234.14844742043 105.63625244881347 256.87661737219446 40.72135252455965 243.7013432936392 0.0 187.3437591506195 55.89430276518047 130.38197092830046 50.36723992959165 67.88353960708109 94.83634204170525 9.6996457474703 172.91037875566144 0.0
116.88545817173993 0.0 221.26077850461002 36.33241947292082 329.89415053241595 149.561711316284 165.51698646018275 138.92080220738382 112.59670022756875 153.09144314643936 0.0 76.49409323441047 116.88545817173993 0.0
141.53253325263523 71.47332837234451 146.43942910613873 126.81351496429563 75.41278597842633 100.6163175831776 50.39089940159599 134.16517120856622 12.518712976027643 119.75863153223504 0.8356854825428854 78.47726960429979 0.0 33.64965497367518 40.90142509833552 10.762961824061009 83.9633078678798 0.0 119.64189625723137 31.374604743044415 141.53253325263523 71.47332837234451
269.1590962986249 40.02795653966467 232.44595311713687 110.32567976000456 286.21005761408674 151.7405883990843 285.39948960455786 222.91229016247914 204.04285111243738 214.70009451334892 160.15662265085274 235.5834742312462 118.82993966461841 216.05796545298327 9.334227549640161 244.80567353222244 102.42923009977613 140.68597531623314 0.0 94.33860663432694 54.681305900702554 49.92784649793333 122.92162853562476 54.02677073144264 158.8767260906063 54.539450839058176 219.00226775451648 0.0 269.1590962986249 40.02795653966467
96.73926406504455 36.400103790274606 165.74491070347608 1.164255089881749 146.34984137105863 61.039511627372775 173.253479861843 100.92368339375406 132.5816418338052 123.59446446450082 97.40888553042566 127.43484657390948 65.65368231938766 138.78491490733379 28.988786845086366 128.21167402911001 28.259285794546145 88.74792537251261 0.0 50.313303772049665 64.65420151893184 52.08691206281267 68.59417735904498 0.0 96.73926406504455 36.400103790274606
0.0 22.969111974845575 57.9566242391808 0.0 121.29864713269865 6.073881894945401 99.75308504551319 69.76221716206578 61.049046749242734 37.63529261002961 0.0 22.969111974845575
0.0 89.23250888046621 51.050149270843235 58.01496369108638 80.17431138690903 20.271896100964966 125.12841086174448 30.691760243530737 200.8789809343192 0.0 181.08187556912395 83.89280150011767 211.27915927662355 125.6451373826279 178.71870362845493 165.70953709829126 137.41599222806911 180.5483586952397 94.59300522573074 208.43417825920574 34.615632579288174 201.8267144814348 20.185341525704843 144.18548208237883 0.0 89.23250888046621
49.48540868585155 136.14875764422717 0.0 46.5495641633494 92.06604763497793 0.0 147.76810174208256 51.874500503558714 183.23096471430512 86.29577361467898 167.32857427408575 140.75882504503286 109.3496054813431 170.82137796651048 49.48540868585155 136.14875764422717
27.86631750820905 28.11001447561216 14.586556769434338 37.94131269842782 4.02019449567149 23.926013082702525 0.0 0.0 24.732076629099524 2.7283123101783247 42.02047036550944 13.784464549245698 27.86631750820905 28.11001447561216
131.52321630752996 34.098529735331724 148.57684437760363 51.038087809830074 201.87628310561928 64.15700433413768 123.79199743109172 86.3463661917364 196.20303770118005 159.4752963393675 145.40583046112283 174.49653556943247 102.7323730179998 141.73976951365495 41.97571250259409 177.6711445002328 87.92200887558081 94.77726939019294 0.0 78.91632576401781 26.102176952073307 32.615119248714194 103.65100543621936 69.9053882768962 105.13396473452738 0.0 131.52321630752996 34.098529735331724
222.96555137309704 19.73668038986618 211.66590618941484 99.4259592869461 295.60006558677344 98.03607630568457 297.909462028402 153.6525245475863 272.6103141900501 198.36057403530864 192.68492166045027 178.84515298974134 215.59222311749411 294.44387670951244 154.77478826069614 295.52348358534937 153.3618344912884 159.11609958492073 69.28633617160867 224.42299950491332 71.42055313744815 173.3308286549438 0.0 134.4504076102395 96.71220896060927 112.83063301448718 34.659676544060204 0.0 124.74056486889572 34.35664336316641 165.97723543383836 59.4960346727528 222.96555137309704 19.73668038986618
49.136758352489366 83.01266598885496 0.0 81.13551625603867 25.70656780480047 46.111656347115776 55.94561702570219 46.11385085732986 71.57899595055665 0.0 95.03087955597954 30.10902441239171 129.72346513995993 47.51801976688784 124.53945771065037 86.5934154097915 96.99337114003981 115.00877928319298 62.098803969875405 116.55926777948119 49.136758352489366 83.01266598885496
65.8503529898951 30.160136609400425 65.30892707506021 35.59740190479266 83.75468377368225 50.01016875661804 64.9110025254922 48.512928557111124 65.37117686689815 75.57291875182813 49.41792414415582 68.62339183949868 41.56469739053307 56.05920778146921 17.55960038096009 62.0965085291015 33.340231647729226 40.03796814841468 0.0 25.47114139155218 23.985617925620545 14.117965147964142 45.0885280919868 20.753847710398816 49.40043615751631 0.0 61.98033580811526 10.038327331990246 72.31165977117345 14.921264553086019 65.8503529898951 30.160136609400425
40.96753593317663 82.21670443515436 0.0 91.93559666924946 24.130827950495977 55.5451626084863 9.968566862652658 37.63694222542642 23.328722808064335 20.07835785934322 45.150169220466246 21.889832712845624 57.629708751637544 41.988721027897874 82.25496666043352 0.0 103.24198485634668 13.615603059738582 91.74406283784921 40.968324556583205 86.98871424840729 55.36627760525054 100.01531294760349 82.65853957566173 73.38063676219133 83.41433535002136 56.995659456961924 91.20766403562277 40.96753593317663 82.21670443515436
346.70536155079253 47.445312141321864 211.13014813239892 140.76772882442816 251.62864764629575 304.7844167150165 121.45870729798494 239.44795016944104 63.68804378849285 186.12161469761074 3.336172481732376 116.78724196911627 0.0 0.0 131.59114701097957 34.115465883809264 210.47840228103144 4.853775669588501 346.70536155079253 47.445312141321864
48.87940229123849 0.0 54.80142763946992 14.02938778641051 54.040728809320726 24.00894816434287 50.64528309602227 29.343465363806445 59.774294361461955 32.843717297909336 80.01947883326001 51.78037041301663 64.50047153234517 56.24039740471714 56.9347547000538 72.65383352390786 41.75109264768061 58.72761366528013 34.888429310362554 48.90792775347421 32.18154438169661 41.10050706308543 25.529791284251246 36.121239868765585 2.767135753426288 25.712316677650108 0.0 6.200773004220665 35.76545185817061 18.74324962893597 40.464709329072946 13.199716640424938 48.87940229123849 0.0
149.56100635522196 64.77477265573472 138.26949559397048 131.94371688088202 72.57178693324009 104.10505249421888 0.0 60.34691467474515 66.31248036587323 0.0 110.62271119749542 43.28490037865198 149.56100635522196 64.77477265573472
140.85625420930995 18.07856457971237 238.0598925115766 0.0 139.11494262041384 78.12776057542638 187.2777954039678 123.38541926715284 123.689974844144 109.29073147438142 104.78823045131237 177.7122339025313 79.10708178145431 123.41472654404934 46.883233848229814 110.21718612637694 82.78937196825993 77.81486245583933 0.0 15.529711468287779 64.59654702131404 3.7846304856611823 105.3803694509239 39.8731394391885 140.85625420930995 18.07856457971237
117.89858501452505 45.959313354761946 80.79873284983991 50.08636476842766 92.05132654426778 88.76233268026247 63.85459456210401 113.83154702926284 46.2381777699523 77.46571748720531 0.0 77.98399740554977 24.07813716303565 39.86744741502058 8.205255461787203 0.8135967945678431 56.35321789501678 16.171535032773477 70.00705162712603 42.52907564754641 97.16832840622297 0.0 109.8619949450387 22.82046582116547 117.89858501452505 45.959313354761946
109.24794477477565 26.698994802043572 179.0550711487419 60.81328794996524 124.84766703615853 116.82242190554497 79.4526276807191 99.321298542777 0.0 87.12556885678771 31.206001397456163 0.0 109.24794477477565 26.698994802043572
9.852632676738594 136.74219704210003 0.0 83.36644645356814 23.57601068586422 40.04767430246348 46.959126729990146 0.0 98.51331623614396 12.995900210380384 127.42299099814511 35.15130226091919 178.31530757132487 8.494029158970164 167.83179427202495 62.297702361920855 229.8618299177754 87.04478139126032 185.25679169662513 118.76906584488047 228.06912704305725 221.191273389358 142.84490848219744 194.2641530454983 96.5471384126262 175.05616625006365 3.306390469986752 226.89398094762856 9.852632676738594 136.74219704210003
113.31630670320922 262.28724758477813 69.66779825043798 216.04634081639486 15.676438141617865 177.54386762226548 0.0 106.35829115336779 114.52333797575841 108.91378840279975 98.3121749825226 5.649814612227573 156.60540497843834 66.81697960123195 266.0793152339886 0.0 200.71734692882282 117.09771134316743 212.92780633220406 151.23728383292243 237.51944897897974 221.71781665068912 169.17941785980685 220.04147852430094 113.31630670320922 262.28724758477813
29.975597482559337 39.13126440986663 18.256969631864237 38.83097393744954 0.0 34.3884916521387 6.290212118495887 15.00447280619862 22.475793302236397 18.543424951612067 53.24382098779101 0.0 43.40523239473811 30.4158496406083 29.975597482559337 39.13126440986663
292.38820237546605 71.82477570293534 272.1752474622584 138.24291783856296 326.5488391249095 255.8019445738286 205.78117605838148 230.99552774681743 146.2753707774367 235.76619000572518 136.84890847573297 155.5367511543684 138.82210190954478 131.4361731936626 0.0 98.97241702950245 68.92438695845726 50.433183600863984 110.14316281028971 0.0 170.9102569805633 66.14671222956306 227.39535619257518 37.41060077091791 292.38820237546605 71.82477570293534
15.158911713031387 63.84174674790718 34.902878050942974 35.879295778985565 62.68933254029956 0.0 106.37762461378989 7.123069798014029 113.44963225099859 65.98931841421731 192.06377320445813 45.08497494382701 162.56803438958684 99.40894234059918 151.83665536053206 129.50469451116544 122.34764644481774 142.78760505729718 122.83955194342994 185.95945654037595 89.6507280471593 178.47828127202447 64.28815763279047 177.8146094873188 50.06072449513988 153.90539901921326 9.53298492025192 155.49000435584156 0.0 124.50087304318728 21.845396487738867 97.48344740747744 15.158911713031387 63.84174674790718
0.0 94.83086841001725 27.977134178968328 0.0 92.1367769895471 8.399116051101558 99.46398464094815 76.58363468615232 0.0 94.83086841001725
97.63395942327165 0.0 141.25853735333305 21.968686232851667 154.6268453855106 68.20785871753077 174.98606858093603 134.23306877106143 99.40090292218406 122.00519473533267 67.59679331756553 111.22367322783755 0.0 107.49441069129976 21.8909890444354 48.652979846722246 67.77072468361226 39.29302912276948 97.63395942327165 0.0
57.214513216586724 41.90787650893555 102.6065809349117 47.45760074071209 121.06751412137996 0.0 153.1068463981568 22.820580268436913 197.9186339630897 22.90163985846756 246.27180346955265 52.02459667375895 254.31484472438595 111.28037906781466 190.62269251959813 136.92824281824755 149.89009367261536 132.33741008544 132.86156847680564 175.44662932725424 94.41761436402396 168.44440822449587 57.462354060509284 150.1388977739093 0.0 127.32150786350275 50.30370033916229 77.91292860349955 57.214513216586724 41.90787650893555
265.87909169865026 115.0121605263048 201.64114833862251 136.95345460542958 163.29160023859077 135.93371571483425 130.24489395917178 175.49840823519907 69.90741975215226 181.4777561584001 47.52230428402444 123.51519971591128 0.0 59.061163851671324 86.68803085259549 32.980742896229906 121.21502867126875 0.0 163.2463307554386 15.519349288509133 211.83346774650073 18.202254110804333 220.44425390001174 65.44006092762946 265.87909169865026 115.0121605263048
21.961373851132294 33.64476411000821 18.307886154624242 28.31738741148962 0.0 18.603899953342022 7.302552331230444 1.2641017056157438 25.889955850586432 0.0 32.9380129818841 15.210344506285239 58.848556673280996 11.013302539357042 57.33146904321987 30.69446594459461 43.27610986735009 42.458972098649625 29.911613609109352 53.851447965650635 21.961373851132294 33.64476411000821
