70
0.0 55.92290581463196 45.126970337587096 0.0 119.70003126813376 13.408615681386934 164.09409334524935 11.440526233433928 219.5451828664072 21.812548417600183 213.08195643895152 79.40670596269273 283.65974998303636 137.8947725976088 189.46984103991994 145.18379782774278 157.1707932267206 154.3374147402634 128.82986729888145 147.15624214261203 66.52962003449332 172.37808255616537 27.83330490772599 128.02226997145573 0.0 55.92290581463196
33.64000296483633 23.230681966606177 119.08286251926012 0.0 154.24903497510047 51.273070100578906 177.42471260835714 109.68139361216646 113.34032792248969 124.31529577494376 0.0 137.35432575654053 33.64000296483633 23.230681966606177
126.17135882744152 51.343958136722776 79.94022145057873 63.65276059374891 72.39955767630106 99.87636948358495 55.19678332451072 48.409842520434296 0.0 92.82976444999765 19.847513901088213 49.68183861225205 35.28971019859232 34.20208383537782 33.33242444363816 9.941314414609508 54.94190498122222 0.0 76.32623545460508 9.79451858665169 111.01130168741754 17.30655439584332 126.17135882744152 51.343958136722776
65.19813317291354 48.76003370969043 43.99279144650998 37.58670936951411 26.378009431859795 54.090137524770014 0.0 40.98132601385299 16.69445678094138 16.537166568923965 28.86570497193101 1.7778233032569517 49.07466827402462 0.0 45.8570452753837 26.006853648994507 109.08482697448673 30.58946758302683 65.19813317291354 48.76003370969043
0.0 48.413002320500354 135.43734707092787 0.0 244.27945730250318 77.1782858801515 209.81682371387186 192.71935577891117 118.37829162306289 220.99384064305633 52.38491116871913 167.40462885784606 0.0 48.413002320500354
13.965705654717368 61.13662900012563 21.37962759001408 45.11159055473461 8.603062131436076 0.0 45.4058967267282 17.052742729196524 60.87202482678978 32.96082583898964 95.52601938757988 32.45126496744948 99.72987417531138 61.99308162568044 120.12879179412911 116.37214342640127 67.65874362391602 117.33548841888472 37.55091301365681 90.93207662785841 0.0 96.4897026379455 13.965705654717368 61.13662900012563
46.7520235850846 103.85372429078748 33.32847626578048 83.3556586079869 14.30706867127035 64.21656551755245 0.0 25.54375134468691 35.73637548288542 5.890726412347739 72.45386202020265 0.0 105.36670911718977 13.004330862927254 123.25058984160569 44.377695682277086 102.87393179224799 73.1092515223319 113.3554927362228 117.74455091666451 72.7122240105095 113.67014661855939 46.7520235850846 103.85372429078748
99.81556220398552 0.0 137.47506357608324 11.241573306229341 261.2890877118913 4.401619005931948 235.4339065040944 104.94375136093223 162.12327798386713 175.8107174838611 85.29833074562296 118.0749923155532 0.0 90.65107425525647 43.84462172822991 12.688987790494103 99.81556220398552 0.0
108.40234656369734 71.26278619606117 65.94867393305218 84.6516904866888 39.52634090087753 69.21381794134143 29.595330833416327 56.80185598969006 0.0 43.080487196456225 15.983044030804905 20.222719666389416 39.102972071552315 7.9934115841908095 72.83342599424122 0.0 96.1308868309278 28.211960818340124 108.40234656369734 71.26278619606117
0.0 50.320720728842815 20.150969955406453 41.81385093376767 0.04680404230475688 13.070600362444324 21.507320228785133 11.673847074945883 37.18693789080662 22.750950024167906 53.087021871573256 11.869076773413198 89.29178506949698 0.0 79.10680596413987 33.714038568989494 64.79933834474826 50.679986432270354 82.57554787306557 74.48933840016444 59.504615767381296 78.2887290328441 42.536024728914285 75.31391450558793 32.85458030389427 65.98216179968445 19.987304335861708 70.42822712697577 12.74134956578358 60.54228703226636 0.0 50.320720728842815
6.687056704268798 50.53686617135938 0.0 6.736064982928596 40.163637890885155 0.0 60.347313574652304 17.646012391299166 72.38681925389258 34.40825049988547 64.61365005626963 57.642320261328905 35.65950603011743 68.85222414779767 6.687056704268798 50.53686617135938
323.81493426378114 217.7362147964323 270.89592251646116 237.63560769193765 247.70514562455094 277.3569563685126 203.70056782164227 300.71171057273455 142.52473789148377 310.85038932898027 129.8306554642368 239.71473191060736 0.0 257.0226090674778 84.56558016290106 171.62240150492744 115.45105249906634 136.41483763849035 151.17691201812264 123.45146598357664 167.52208377355038 101.06645865166026 193.3323169009583 0.0 227.73519882131683 92.191539187491 270.4023336121551 94.9601498483863 312.6169606014899 119.8772521567218 224.51253500233145 166.1908466746961 323.81493426378114 217.7362147964323
0.0 27.46450601359595 26.01055531074448 0.0 71.7160013150133 27.257129608813386 27.52689047544584 47.48881289665189 0.0 27.46450601359595
90.67392571623378 73.15794159201343 118.56408774557255 49.68203202915416 158.04628361590534 69.9304007229218 204.6117867695803 0.0 247.34594732851133 36.884504564760675 184.62310484457703 117.65723177112348 303.2487921597519 128.59056742377453 258.1782286336617 167.7567690295566 286.7098974992038 261.9542123680019 204.02312987802574 244.06794556860024 158.6641010118478 203.39076572085457 101.76968625156897 236.70467721142285 137.48034173076553 146.18335678057298 0.0 161.2352100219586 108.00354714096326 114.36711924692956 90.67392571623378 73.15794159201343
154.85973160887704 57.19035405109949 107.40173258370014 106.37834803009409 55.353877477493214 116.15560600625773 0.0 73.36776818104157 30.088009933867582 0.0 97.96278921985947 25.163157918697223 154.85973160887704 57.19035405109949
89.37039511415176 24.668262281575764 143.39718036771905 0.0 159.09102767231752 103.53997173437293 252.02704019006146 57.019870210031414 289.4117107433265 113.5107614543229 281.19911786503985 177.40774770276784 193.62274425057262 189.55467244132674 157.67569651928454 184.3135766861968 137.05066374661044 225.05304895779025 122.13027378687376 173.6975362070845 39.90814359071038 217.5457569534302 0.0 169.06649608751974 48.53134766042865 119.04845800550638 76.10021632440582 87.20563145970542 89.37039511415176 24.668262281575764
0.0 87.60653112318153 67.32542028821 46.139270102832484 120.93220263071439 37.29143573497791 165.9853028846526 24.076325126861448 233.5306884790316 0.0 277.3166625130917 51.16155412135278 299.45599327693964 113.78568563724 324.1424798175463 203.13740330948718 245.90570198622595 242.70433747828412 174.9783678045634 256.80692525053615 105.75795178503756 260.7430992327438 5.056035212211583 257.0391758630525 115.96621458454537 130.52481283953824 0.0 87.60653112318153
7.160737493545923 39.48617543758631 0.0 5.770234754994476 35.533554547462 0.0 65.53634639592522 17.273690867219315 94.90320842975623 62.437736287097366 46.47999215332629 93.98115147741096 5.084551954024178 71.97230833798729 7.160737493545923 39.48617543758631
4.964036291451507 63.36925492115936 0.0 47.321184459677234 7.42133192715319 34.88593001762525 7.134736432176808 17.37341021892248 22.13770135887249 7.640731626086058 46.09855867405524 0.0 52.007422448728335 25.55307738031164 74.95750228164988 43.15135204692239 62.13029629847017 65.27667402071259 34.584994757850495 61.11619472053956 21.262413393467682 68.93560039842106 4.964036291451507 63.36925492115936
106.30322550088414 101.7929754544885 78.58273668190792 121.60850881327283 43.50637583514009 127.18886384715447 28.446915994417893 90.65771214057443 0.0 74.51857425160881 3.7633775823603557 41.423688876052466 11.591154152050834 10.774720023110703 51.43978555123887 21.338187462102866 66.79305724737665 34.44171451845449 94.74099822265984 0.0 119.47156259105802 18.08742072677333 133.70673527802057 45.78929000942705 102.05215636049323 66.47479783298266 106.30322550088414 101.7929754544885
39.90816435019782 66.36555835909287 0.0 72.93021105300654 9.428673588331293 33.95215265066335 27.652563610658376 0.0 50.79892192043707 34.58522710960311 82.69709725229724 41.930094336862524 49.27224700467694 52.597825590279186 39.90816435019782 66.36555835909287
40.31145262219199 95.14937290265584 0.0 90.49753405247898 13.84243252086305 56.75608496866084 38.52580264939344 43.269297380872146 51.35916596046988 33.77393895046332 67.79246156483018 0.0 86.76266349860742 24.01828105724924 130.48402435484897 23.956179117311322 127.32407278814009 62.65087505105686 92.44052245926812 78.20707064679314 87.295539791124 104.48391674880259 61.520404478098655 108.3363090090395 40.31145262219199 95.14937290265584
5.275198183864092 80.08390921586566 73.00387434512962 82.38164405127525 105.69710315012374 0.0 165.10656885209335 52.00637103688903 166.74958119349202 123.26242578519226 115.66565940761976 158.19613108443383 75.17446134513796 128.05654560684226 0.0 147.13862032317735 5.275198183864092 80.08390921586566
290.78137858198886 244.3751497001485 205.21561046956242 246.6561288229344 159.80985971517575 244.85879155720392 116.28564492386107 263.327528365254 40.72048739517362 272.1413879286597 0.0 212.64946857709091 32.97529885871958 147.63614940853202 36.94717691236144 94.31351699980942 68.04788532897436 38.3911771990699 137.86371837146714 74.68124840166895 200.69508644263095 0.0 188.51273932900372 117.41248024048727 273.10692620245896 111.83345757723282 311.0085339863405 172.01400849652057 290.78137858198886 244.3751497001485
119.39899611870533 104.73305803123567 86.1306194379959 73.74339107666027 91.23515655252774 45.59828316533937 0.0 56.53936826876223 18.1962691918485 7.36647234418988 74.93489259923138 10.172603321589122 100.58798826825041 0.0 127.68747220118439 10.992770052134759 129.45039525908518 41.54452063386333 151.20312125140177 78.12072200860528 119.39899611870533 104.73305803123567
82.26124431259791 81.75167249170786 117.78119976734736 0.0 198.90807070401428 31.975191042116762 304.35062453245143 85.03242899333893 220.23839018449172 173.04093934169705 154.0747948930138 191.5910713259729 104.93020251269866 205.90880482008728 0.0 210.43951023212733 22.753747064299617 117.5051225465298 82.26124431259791 81.75167249170786
35.87088257717237 6.2510016623810145 50.46964761294704 11.511386166275017 79.49262624595974 21.02052789623788 52.75142987457082 40.11871457268049 57.96473432664166 67.97308589579954 29.70034090924925 46.82106528018295 20.078705123240113 51.44372562802495 7.178102498110576 48.78924407818917 0.0 36.75271107258236 10.56044422374795 25.822464479325873 7.162812318180045 9.073063444123235 21.03062229997606 0.0 35.87088257717237 6.2510016623810145
76.14244960104628 234.34424126838798 0.0 125.50432742792644 99.26831587777092 107.0167696199464 258.69151666131023 0.0 244.7772775185388 205.2798819433479 76.14244960104628 234.34424126838798
154.28348700937633 104.08876634642439 128.94351411951294 120.34145128652666 147.8405240019323 181.1089389354446 96.30679066295319 140.46969679343363 76.72286831679165 144.90705470523602 41.07885965806418 161.1917068447794 0.0 150.79617437726313 31.057566026040355 104.01487618188915 19.782072389812484 76.32524370536159 27.209640789309958 44.016543919994234 49.67359877962654 17.498964430697754 83.82471745193803 0.0 105.93138570116183 51.06318646524956 174.1878102296595 16.667212121964354 197.5325379382591 60.76839167531959 154.28348700937633 104.08876634642439
82.79408860419841 42.932478819156195 122.07645128750598 75.40754573832598 89.94092774671275 100.90451252594869 54.18824388649905 68.76254979990529 28.81508427548738 90.53278671689978 16.148881811783326 67.5404764356843 0.0 43.27433539312262 16.441113199856602 18.42553426570941 41.18923127458186 9.676597544135163 66.32519379542158 0.0 101.33578359300489 6.155356675719659 82.79408860419841 42.932478819156195
89.21025506411249 12.780642394392956 111.26934726520571 4.222818043254435 113.41902092925996 21.519870895674288 98.3274221515755 33.56329097529117 148.54929845310676 85.25177195350479 112.9877382946721 98.8786366214823 78.19731179167638 90.33128303929597 49.187942498840144 84.65263641640995 63.53668693770389 42.10632059435869 0.0 35.3148389011245 52.120064433466936 16.17298609955833 72.4085785274494 16.02426318033575 78.0112920679001 0.0 89.21025506411249 12.780642394392956
188.42272181968417 58.82314323606049 172.33111956964626 80.9251218531727 192.91366539860755 128.18479379172697 152.63043134001225 110.96240532465775 95.75513404169281 140.33079663993084 0.0 99.00010856543118 24.28053144251382 0.0 145.62420621363353 50.90029113612616 183.67477266777556 5.138252406820158 188.42272181968417 58.82314323606049
23.57315760616123 217.23130894256093 0.0 65.4007853958312 165.34421124995953 118.7121698332228 278.1579281150671 0.0 241.76632053898288 140.92887005477604 243.13319391716232 230.5217256712089 144.83697528402087 273.89458952253415 23.57315760616123 217.23130894256093
54.070587042143174 22.093504318851572 33.8133959193236 26.65746318207985 23.987506312025204 50.467487970738134 22.84717941254914 25.074041325191587 0.0 7.760726738408238 26.011985591152552 3.207624397854431 47.67861046605704 0.0 54.070587042143174 22.093504318851572
140.98898753491665 122.45111860170977 69.53254680093755 107.69728486278075 39.05491632260815 114.78521355399357 14.815539458235719 96.05492839042654 33.059565363297494 67.26347837604223 0.0 33.13007442577293 33.09224690815945 18.9311959711154 67.52844187973292 0.0 97.19380554310669 28.46955359963507 93.09577083571557 63.66677715974994 140.98898753491665 122.45111860170977
134.16263066348358 0.5797153229620733 172.93405688727287 34.83247138302775 213.9557645925764 63.93752166540557 273.5435966084076 101.64611863400403 160.69902455258156 144.2655036245747 170.67249845887014 174.64694262720516 142.82294190193815 180.16955186591642 132.91714578985915 231.877366452557 102.01836119285412 186.339352203597 33.83765878598143 256.17351173708636 66.16634609321537 167.60580429424468 0.0 161.50686221656503 71.06365348072308 129.44365534040193 76.45526099040481 113.23974728209973 65.53590202686965 72.14748325698716 80.83309475358891 0.0 134.16263066348358 0.5797153229620733
55.92514492658444 42.07688002580173 71.56986752818139 0.0 93.74742290450006 37.70702663564934 110.50687499172656 48.777046313307835 128.99710091044022 67.74565253780935 144.6984947920578 102.94719006106472 119.992622268889 132.4075851291048 83.63332647608242 131.15158138094188 60.8241517881023 112.96494854356858 21.625981358506905 114.06385306774847 0.0 83.13611922361274 2.7332354688865905 40.96641008406095 55.92514492658444 42.07688002580173
101.61839957869398 81.7210369178276 86.08770788412602 7.748579943072144 136.89997534236866 0.0 173.03765145473525 38.45791825620566 159.32106847915963 101.68910525110984 263.01759407002066 66.5580491920701 265.95807237632044 117.84157599270554 238.33349238168003 160.24109371075468 258.05890068445785 244.42941118724215 186.37139769057532 239.04214303282873 143.75745654165513 144.58499459324946 59.53203032094898 259.3881789049716 0.0 220.24457391719997 93.06444798220045 125.93975614154748 49.3475812671706 93.72615828842788 101.61839957869398 81.7210369178276
4.367448240004705 60.4666781903546 0.0 33.83445469129059 9.028262520855293 1.1477907759047952 41.51757738333448 0.0 65.89009302588173 17.23671102346119 107.57301571598725 7.4631761293826315 106.96573715339267 44.82638257815151 145.66054399052655 72.11712116724418 127.9486963699298 106.02265646388207 69.32775814691747 95.00988343893077 60.26342849677651 111.34364351476384 41.35084295736431 128.00593813100343 17.05636772738478 123.1057941600871 1.9196567779555096 102.57775834214539 19.084947023976213 76.21547693115413 4.367448240004705 60.4666781903546
75.37905907944909 42.47320371959913 92.08426894517306 18.516274591385375 140.3170092279136 0.0 146.96816666732255 39.742717624474594 106.56737838137981 67.92129144440256 141.84555343587584 111.228917819107 105.20664810208005 116.8042325415626 77.87157231838167 127.16014203927988 51.15600406001971 115.33529870666864 22.91827074179986 100.1857468663815 0.0 70.07925477711716 5.8472514399744 33.10787970515469 47.75664858670581 23.628703190985817 75.37905907944909 42.47320371959913
75.44554814363241 112.46662910768318 0.0 154.08754699185283 28.113700495713687 78.10789076032641 51.58928377192083 0.0 162.53146691309888 13.68567634299825 146.91356897908219 118.21019892810737 75.44554814363241 112.46662910768318
34.69891628283639 5.933861194476421 57.31771239287144 0.0 75.83055087539277 14.112742160506258 84.2286318393854 32.44041696805398 100.76572769908778 68.92184552031752 68.7837541757203 97.63337890389694 48.39086460742621 47.11163911040251 46.29728819111938 38.373195614751154 0.0 19.922020214757794 34.69891628283639 5.933861194476421
72.46762720734876 231.53218659344247 0.0 184.45405379134925 83.81811420739888 124.83501276629787 47.63140514578015 25.591316219302712 137.99786565043485 44.849910361409655 205.20704228104344 0.0 217.48953157048834 90.5368682442261 293.3026095574417 112.37228976478042 300.0212953500478 183.04138743742388 221.43478302720143 207.63470857351282 202.64296276704192 291.7221025103353 124.20191132407842 285.5716133128716 72.46762720734876 231.53218659344247
62.850471877794924 5.572684112624927 78.55709298074689 6.22232737348682 119.57396445916899 0.0 91.02490684902844 33.44171626138713 111.47668436801396 56.96203079114062 62.982870316897895 40.78140216542997 71.9521489947098 84.77180147699471 48.59618925943321 85.3859647670134 27.254383240241758 77.81710262047847 0.0 66.90962348550235 12.66942894779946 37.58077738466275 9.718217120858611 15.743136761192858 44.82052056243554 20.593905275863122 49.86429185764201 8.064439379563083 62.850471877794924 5.572684112624927
221.13248825413322 16.406950496291714 167.68575791967342 89.15034429610088 126.12531769523979 108.0484427384975 65.22219608522448 165.7358488196465 0.0 108.03707784076533 21.996295236538373 28.1851572787159 79.39368483245734 2.0547675721345087 131.2141112302854 0.0 221.13248825413322 16.406950496291714
60.20543945294163 52.481366430631894 0.0 13.274083434114289 69.60336027154186 0.0 111.55435863862786 2.188751845804589 78.77762638509269 36.132878657556844 98.16057506058979 108.19675959377165 60.20543945294163 52.481366430631894
185.71198407538344 46.71027701496902 222.1248629038464 102.848512316321 177.5651621325188 158.2362590451347 116.28928662227098 147.42694576128332 48.15767953857322 163.36918176276535 0.0 104.91728869157114 92.26168416289936 70.86034237193596 86.30719138554338 1.624347575147084 148.68008856090003 0.0 185.71198407538344 46.71027701496902
38.73401383654165 0.0 100.71367539352963 41.867010695719685 117.7915893639137 99.81997139069705 182.28167806333178 53.62078749859292 223.6570008427855 87.6382791817348 225.301381326054 137.74043279723577 157.59124283459505 158.29579152271396 151.07078877716685 187.96716113831621 121.49974820418544 187.46469112859003 98.70386267790708 180.26237852855255 64.45869933905848 197.72326591906267 42.66911163567253 172.36362183203755 27.100043595171087 144.8308270507034 42.976949170733576 116.32143914474906 0.0 45.35675826548483 38.73401383654165 0.0
29.927099081787112 0.0 207.9241626143472 48.98953500035271 119.15973531576168 165.63177902804574 0.0 147.65885371116116 29.927099081787112 0.0
38.20315159592873 4.935061301884332 48.72481647501269 11.258136439812532 36.229239479325116 21.64025978168806 38.17073024736575 30.206679455395744 35.73423618259223 44.65967273336159 23.22291182787896 27.656602655814297 10.763211749012655 42.15741912567975 10.35411453261247 27.899146762641195 0.0 20.951377455867174 10.37543819042584 13.825895117902348 8.461099623901006 0.5680116155077428 20.72477399207196 4.233732677550705 29.488485151635146 0.0 38.20315159592873 4.935061301884332
184.92319640822058 138.07191599880423 117.68796146963624 169.30843446981174 52.94997472034499 133.70295782358414 0.0 68.45316946614662 45.649236327458695 0.0 116.54279427486432 21.424002604916843 159.8306806437837 25.557260849497098 155.9949877651626 71.55774487798227 184.92319640822058 138.07191599880423
355.18035905314605 46.44922266630164 251.43540407790238 165.76522074998644 140.88291282408053 215.0265050335635 86.18258917780305 118.0276937880509 0.0 19.137315579882035 131.995247828167 0.0 177.84410029020273 41.50295815277562 355.18035905314605 46.44922266630164
0.0 249.13190707370984 2.5123159203794643 130.24349174419996 26.5366956714834 77.01564602595016 10.304504803700297 0.0 82.52878266787982 2.3061557756038837 134.6367637804584 12.95471424811221 267.41370403526366 12.932964975915525 254.2035886754507 124.9406242107055 167.62703688442298 172.2280450604769 103.07561741089464 225.96961899264716 0.0 249.13190707370984
57.133414809006055 101.96319023624713 17.606303376838838 98.7902663065438 0.0 59.575632982162475 21.683065145893835 22.17729483385739 57.42836795382347 14.701984455010646 100.06008899217237 0.0 99.95148261256811 46.596738626735956 122.66507597937431 79.6050517138928 97.75239542928635 113.06261333578192 57.133414809006055 101.96319023624713
261.066076543979 186.6030516744957 243.43297542201316 224.122975678771 204.0696069487338 232.0617910850795 181.34633454669387 182.1170939506085 116.86987113084456 223.87918421287048 80.72352741335192 190.4909878287336 0.0 146.8517155194837 78.33708834728725 91.06209102322083 137.897628890146 79.54894389647271 195.31813008137945 122.86340181910963 188.235789219644 0.0 240.00979383499936 6.088494202250033 306.65247000547095 6.610540870321216 266.49792320394965 96.00692383866527 354.32097081042235 120.25515162127641 306.2881485180179 166.7388865859752 261.066076543979 186.6030516744957
34.47391873488961 185.77038454487047 0.0 118.26072611908297 14.098045498296614 35.12859407237487 109.07854390928419 71.24780930455464 167.72384025659 0.0 226.55186558215559 53.03035683763164 203.28184401217914 123.58960826739293 188.89471031953605 169.9701742798935 150.9162861454589 209.60557111800597 92.83914065005567 210.24228755493203 34.47391873488961 185.77038454487047
83.4625422670674 0.0 158.1260850203975 49.396248421092636 285.29184957446785 17.478963718401786 215.03136299573612 134.61223705714994 232.3255952401617 207.25420889021865 177.12231676370092 258.0859998909192 122.33092621329213 179.2578192343617 54.81828957376541 202.20342220567755 0.0 143.03258840617707 24.05234157227359 65.47746325494333 83.4625422670674 0.0
72.53919781313957 154.99716403691258 0.0 118.02271195309766 19.304703406746924 35.38964091353267 87.4378444656752 26.721774758012288 129.91896520381098 6.077829489542971 264.7209121491871 0.0 114.75583017982747 71.96368043089869 154.46594357597357 176.51415120573193 72.53919781313957 154.99716403691258
14.736737424282168 32.78242980825421 0.0 16.326235210597986 6.422255726462765 0.0 26.660473550837096 2.5427245442034803 39.32079479356224 10.277909236405037 51.825191516443894 4.668121679960279 62.393910835369454 11.852121997181769 68.11761990485329 23.643418565702547 64.43493160352827 35.369880578925006 73.72574705832574 54.86917485388608 47.838135209561344 45.74563059827862 44.58140339213975 67.87647065289002 31.15342668178404 60.46338025827623 25.566323260620152 47.52272923913222 31.608285369232078 34.91954220236809 14.736737424282168 32.78242980825421
116.54535780765269 35.557397366838124 116.39350113284252 73.20615167776918 100.26787392795063 105.36871865778164 69.37094312403957 73.84241607676475 43.522580001843195 81.0693414009254 0.0 43.9021182579117 37.0704161856583 0.0 81.10008048958908 27.985927881326482 116.54535780765269 35.557397366838124
126.49155896454837 113.30056134445844 109.06687782893951 0.0 186.18978710156227 72.36561704322874 279.3646371220757 45.30191626521615 267.12360075186035 129.92298726888947 236.50495472376477 177.92318372090853 208.2864610090675 217.35920108390957 157.25968326969638 215.7744763385801 132.0631119022079 178.43256047364696 0.0 162.7130560098551 126.49155896454837 113.30056134445844
174.30410503115422 81.19922374581103 63.1702210793278 107.99555109159428 0.0 66.41015065444797 71.35398215594445 0.0 174.30410503115422 81.19922374581103
272.6385177927072 147.76791794990496 174.94929861373183 238.214540607121 111.23218448687209 183.79298691594707 0.0 84.12987924963251 175.1444930102081 0.0 272.6385177927072 147.76791794990496
194.03708125058762 0.0 252.11262055067374 35.83100538277667 326.41796298975635 80.05545816755182 377.51702772591557 182.61249074150794 263.22233083150184 230.32817990360178 184.22965283079682 193.3465731395025 107.55723721786313 257.80313380229666 51.19015917763684 199.90156065751114 0.0 123.03065010554396 51.32550446918526 45.614961533580995 134.15856596118186 34.200311148296805 194.03708125058762 0.0
25.97252962141365 99.09272919606205 0.0 8.692469885056013 90.79355417448387 0.0 237.1692984953587 32.05375450314264 110.69295254044083 117.99112916248522 25.97252962141365 99.09272919606205
20.520058534703608 61.14994733125279 1.4547170908322755 43.96307418008183 0.0 19.66340988862808 16.99150790944617 5.440714475320917 36.610300087120024 0.0 67.48956327827585 5.698213618011167 59.74452825537034 36.189958941461356 45.73294785914244 56.705370204088055 20.520058534703608 61.14994733125279
92.91936130119035 52.90713533062096 142.77942761342257 0.0 188.46540031143917 80.53135724049119 317.3457138613852 36.82790871817042 359.4527549451435 140.79489326051143 236.60013419508897 181.8846549778088 212.4193081963393 323.0142517886216 107.59054266551604 269.84026325513594 92.48041825593359 165.04875315255532 0.0 103.71817571218898 92.91936130119035 52.90713533062096
47.132749899437485 211.34919186992266 3.899162309536351 129.60620456524197 0.0 61.67551545378072 50.91686653570022 0.0 120.60442907089195 32.97288736969502 234.51158627200618 98.470716248441 167.82761424254545 215.76819723158746 47.132749899437485 211.34919186992266
8.207632385006207 17.222855948934367 198.6525837078981 0.0 145.03203543366985 197.99409213429436 0.0 148.3579751577039 8.207632385006207 17.222855948934367
0.0 56.837483511329914 39.70307104333847 2.730000468199421 95.50425482769161 0.0 161.8688060674374 43.1519315293262 108.89755154073725 95.52014706982567 35.20541182188927 139.02370509429133 0.0 56.837483511329914
