70
10.108562734654946 79.0567737316234 1.750042439167494 58.52981272139311 22.108752194228515 41.50093522339328 0.0 6.786774148530391 43.77220605981043 25.90636087052561 52.498207419752916 0.0 69.07858722489011 17.43823544160363 78.58808071144132 27.7933806039349 102.82015419343922 28.790877217223702 74.58329649225898 50.6333954593108 170.07650882352544 86.29670450703412 100.48899960568083 87.34296965143866 97.86086495133985 123.47410536388969 69.13929122006597 146.42826743179648 33.9662941452747 137.47739700706734 2.078900970669416 122.2472476516023 10.108562734654946 79.0567737316234
183.60915117723226 89.04673363343879 276.59723480631277 109.51032379266532 220.848574799191 164.53870657736726 166.01502416864406 274.3817415104851 103.2719373112705 173.93917959871385 0.0 115.1808105631709 94.10221642635042 46.47051868101261 160.4570428785118 0.0 183.60915117723226 89.04673363343879
0.0 242.1482778547972 105.42391812662584 126.12130033225225 61.06676319698431 99.12660405631253 81.15478087580331 68.13155853189193 142.4188135081659 95.78444386842895 131.03926821543087 0.0 174.07579529862963 18.639267836282144 186.41822810808222 67.52817606234382 254.56401183550398 55.07544990415024 228.9096632713277 105.4898683618526 286.7363759732441 156.88522278851033 205.96759909297606 158.69080131233991 204.2083206376147 226.491353755394 153.39630755709595 180.10260306397956 92.19224651558304 241.87978989716322 0.0 242.1482778547972
0.0 0.0 124.99099837345422 63.42474096359961 298.26182228111725 34.319838058792136 171.31918109704833 153.87121691222592 57.69721333040873 128.09336341710423 0.0 0.0
96.06008511919859 57.18938302641841 138.85092286052878 67.54886006971445 111.22867225080205 93.38197273124358 87.5079468820442 102.32441786170939 81.50169003423414 122.77374230249426 62.73550259823401 129.09943041497445 58.64337432855248 82.400999932813 45.053116480709875 93.58854609725941 14.001885994452294 95.86377406250494 0.37736085415738785 75.6570694464847 10.541508717685872 53.73559416567451 0.0 1.9837569120715557 45.233480145211075 13.176268186378394 67.28194912863108 39.543859271734554 113.6375070095293 0.0 96.06008511919859 57.18938302641841
148.98982552458492 54.430378786866925 186.74532636090288 3.5889841811528242 248.2760090176381 0.0 262.6963277818726 81.27186968227247 388.94337201051474 61.93718609900715 246.5769941595707 132.39608301126015 364.2302849338006 222.1007654086473 302.2411095202614 271.1599062308036 223.90676862318767 153.82987129818585 140.30033611324762 307.4437021642276 116.06010582336314 211.86379051865487 175.41730157324923 137.68228203666246 0.0 52.27518593870751 148.98982552458492 54.430378786866925
140.94849843219924 116.48081504132209 164.22747363952948 175.94770467682892 111.8298852977841 162.16049787124032 85.06641888655481 150.68652747710158 16.462868305648996 162.88752583416408 41.372817916945145 107.02186422835211 0.0 38.68277335523679 53.4936217406158 0.0 116.58188886426095 11.992246348319014 153.08175354966022 46.672355925072765 213.56771898758348 70.69896978673448 140.94849843219924 116.48081504132209
63.28954224496523 83.3836329202578 39.34051691675948 74.08215181509776 0.0 67.05975685111196 0.9290839646409381 26.75982896525555 25.62930719612035 0.0 56.068084825159374 25.25420013805099 68.25497294659593 29.898462588446833 53.962626241853485 42.88076873502014 100.21311588454188 75.64349327523907 63.28954224496523 83.3836329202578
51.96283182043259 26.93447367340626 10.243200565703603 35.75898949264635 0.0 36.17755514685298 4.52795149999946 0.0 51.96283182043259 26.93447367340626
47.48752671326308 0.0 100.36046339301589 27.069533667055566 52.631294678079314 59.803669216902335 10.319879256204842 66.38125647521088 0.0 11.115615540922704 47.48752671326308 0.0
38.31148283161899 53.596902295052104 30.603007585930158 66.17916144778823 12.64656708734843 72.93075717629435 7.149262648894705 55.62558601339178 0.0 44.349727231624456 2.4025066951270446 30.71041160589165 14.883651252964597 24.69980412332947 15.005117682617893 5.179095419883424 29.64745261507906 11.116153910869599 46.90487943445348 0.0 53.7516989679155 16.545658875012293 75.53282232125963 24.95685062813463 65.4423731952343 43.69698733437025 65.37878589066399 62.70602973819396 38.31148283161899 53.596902295052104
86.42225554014254 64.59713886810479 0.0 78.90361626035954 36.903137023572846 14.57461806845376 83.0789211857959 0.0 86.42225554014254 64.59713886810479
11.913312462591371 10.299413526548285 97.67972370901265 0.0 56.5357597195005 67.14758232164347 0.0 77.99880908509606 11.913312462591371 10.299413526548285
0.0 36.74459024827655 24.80301468829112 0.40789078032622683 55.85347519187864 11.373208017776847 102.20411985765219 0.0 111.1178550315201 49.519411486515196 69.34719956991756 79.75330666416545 24.767363751467265 74.54697723229845 0.0 36.74459024827655
244.55435043631496 201.17776965124284 137.1967095301771 192.03298021885757 77.92011090465638 144.67134676041906 0.0 90.35816682933171 140.26094572910017 69.441130936434 124.81421907867629 0.0 158.99504376617202 41.98860545559478 268.4141658304991 12.287307151103562 219.93679827776168 91.09644238692975 244.55435043631496 201.17776965124284
126.75224061477593 33.120891028225635 230.4590980776367 0.0 198.26201545666186 100.86174454836338 157.16404194227596 195.91507108483142 0.0 191.80362704936266 101.40811017412344 65.72830526182564 126.75224061477593 33.120891028225635
214.02999833575285 250.12743388022565 81.06325961094123 173.07225638529835 0.0 127.45404873312549 38.14753542431501 43.45730258096155 97.99152082534113 0.0 152.12517255123797 47.70365401949474 265.1481656651449 105.28393261466181 214.02999833575285 250.12743388022565
288.3788739707617 68.29589095219927 245.72690595768825 133.37974375348915 206.14746601393932 160.90195971748875 169.2538468832759 147.51321568345244 68.28798199718472 191.17804173068149 0.0 99.93449354916875 68.80574285385028 9.029254655288156 161.02214970527416 4.580946347303808 242.49516354815188 0.0 288.3788739707617 68.29589095219927
292.30693540118546 199.48080412098267 129.23425309948465 154.829513411189 0.0 144.1402745121491 87.55886008678016 34.94860771663494 247.20017589824255 0.0 292.30693540118546 199.48080412098267
15.827028002041516 14.596236442720723 45.66044138250166 0.0 52.30458166462307 32.67040074086624 31.565188820372683 45.61180278936047 16.084990711702943 44.91726486968571 0.0 29.454616409719165 15.827028002041516 14.596236442720723
0.0 21.719959311273698 18.594682616678668 0.0 47.14922636891305 1.8710923127379715 69.77875303778163 34.566263458202556 33.160025717151456 40.85842221564792 16.733102850459076 40.28640269178169 0.0 21.719959311273698
26.840193160037273 57.11427049335745 14.355570876260657 49.66644001077009 4.399067084287736 36.26207843235541 0.0 13.03930663950942 17.51215776421074 0.0 38.553551172915746 1.209270924408088 60.72228803117909 1.6961534944807397 74.87108609395483 20.419900092607463 70.36629661061701 41.763750444208085 56.39449495426942 55.067933478684054 40.553758853345656 56.92003892316727 26.840193160037273 57.11427049335745
178.4721839095199 3.8710091516404503 229.55568233718446 0.0 279.7345826688104 24.200137262880986 223.39394977146836 94.45557097492662 253.41469016385614 127.26430286335771 240.97527200364127 162.38892116169637 231.41104273737943 211.75301799302952 178.71304648143735 208.77534342550962 135.21624911368 231.94563465862592 120.32532483594849 168.36753110625125 105.65539006347242 145.32150809424337 51.836962251101966 133.21411128192875 0.0 80.62231012271698 98.17385837186794 70.10586500271621 113.85185077820157 44.31550333300743 147.2671548642204 55.64304367980193 178.4721839095199 3.8710091516404503
67.3508346341766 106.7909837724049 38.21303506247089 93.3884670590046 10.263174489015576 96.72210639197388 0.0 72.39703571236478 17.69081503884791 52.23852356299181 22.62479260238893 38.555997428027275 30.773638816602165 11.78949660803056 61.14294328481896 0.0 80.2893653039672 27.44579477558556 113.06446812894589 53.012140507331175 102.65468003877965 91.68154730797761 67.3508346341766 106.7909837724049
0.0 59.46702182993087 22.362882035433095 44.86257623694544 32.234684791969464 0.0 61.30104772533996 49.147716723977894 74.4201044280733 53.273114462453734 108.03649296801578 49.7041759537116 145.26226946281702 71.23369986834513 96.86918271225503 94.29105193109224 78.0226006126529 101.2525678978984 75.76322283209004 136.78418997921835 57.058643984208025 80.23075456824 34.54784749914784 114.19583710250842 11.786813627308234 107.31215153223268 4.120772450925756 85.685166214134 0.0 59.46702182993087
96.70693523158877 0.0 140.33958346369377 16.55571631357504 182.70966913275146 46.323241324270455 191.1781554471704 98.3795558835215 164.25579418296198 144.9709411967837 113.71007862437165 157.69129495572668 49.75866610373188 173.48078392161602 42.338582529495966 105.12800338959421 0.0 55.06966665930592 50.88462807275283 20.972604207914827 96.70693523158877 0.0
265.89831192331445 172.91246372557123 246.85163348364256 211.8874149983373 205.7998614688929 306.6130019174858 143.1516611798424 239.95300827539717 122.26235852976487 181.31075221688303 0.0 115.7313435633697 68.8945554656274 24.787672284545437 174.8207609975969 52.34919412789179 240.5902875735203 0.0 357.82386278356546 3.8961993532277575 387.1335746858655 116.45344237889434 265.89831192331445 172.91246372557123
117.40222256523556 91.97368845011405 0.0 73.06700975017475 73.3359508093845 0.0 112.83327118055918 26.917219006832 117.40222256523556 91.97368845011405
33.20553560270497 56.875202779169285 112.04132756933058 20.30279479132132 222.67285526528792 0.0 194.69566656766554 111.61200194766899 132.41886381556083 139.3228760485287 0.0 194.86670050751917 33.20553560270497 56.875202779169285
88.47714526230031 28.80223259450002 95.01411116342601 65.5818967719541 107.14627084526394 51.9491540248806 204.51052781369594 7.786240832389325 163.89253227260812 60.96531228918167 175.61847007948356 96.01278206929543 142.751756217633 114.8566316070084 133.3598264440341 162.54231293384134 91.13256306195015 156.11336871801683 94.33767167242235 68.14860984795764 4.142795284334397 144.9428356361381 16.471169057354132 90.77167087623299 0.0 53.98268502058093 22.87357702212256 21.67197164770431 51.42132045654927 0.0 88.47714526230031 28.80223259450002
123.3849274809207 85.37948763149346 139.04217058896245 121.41349805619551 95.63094545265557 124.30624881456579 74.08315386526787 126.20359526626889 43.95911621310134 140.02872673120538 0.0 128.85427530145427 3.800805520780827 85.00575238975765 30.9155789643451 56.822873602257495 45.596270844961666 0.0 94.59896637039948 25.89882219080077 149.2025186146593 28.96096771642773 123.3849274809207 85.37948763149346
63.91771955541539 69.42957923587497 40.309825381545664 69.06978731843793 0.0 38.299768314502025 34.89379361558923 0.0 80.31818603461521 0.7140840689745076 151.14891227924247 1.4684870622362851 113.85185753841947 63.079260223034034 97.56335552016546 98.7573928822876 63.91771955541539 69.42957923587497
210.3784278485563 22.345651038468844 321.01776229019265 152.14677506838933 153.4929684912239 256.43295505521394 0.0 144.54656613979864 91.86027248969204 0.0 210.3784278485563 22.345651038468844
77.85753030562063 59.562414440166705 63.54942634648077 21.584589599209572 86.39665401809106 0.0 121.72869219394327 27.29788138796897 141.73201532736746 23.342062873730654 174.36143731820914 19.34466509082263 169.91371606731127 52.470216606569025 175.30214871145182 70.50449170085817 212.53947989541234 104.6118900863009 166.21926251022245 110.61813847541156 154.7491791978362 133.8929794754597 129.54207294847103 137.83771387502156 106.7852393880884 130.56628688827993 79.86858363040153 129.54197053831604 59.72356151975535 108.42752343727672 0.0 87.3533210986911 77.85753030562063 59.562414440166705
54.4817407780825 107.24015873921242 32.93889497649167 42.57239270447444 81.31157762046672 0.6092504906106342 146.6651335723997 0.0 219.88598027164707 1.5320407135915843 260.8796150548295 62.15703901568091 265.2117467478938 133.64105306891963 238.50198382667483 193.68832277745838 174.83528041012826 206.4054569002293 125.96851093915154 208.13395738801887 104.40472174998251 160.7699783082376 0.0 175.59664929028943 54.4817407780825 107.24015873921242
0.0 264.44876069032284 50.81529795799864 170.0696317992718 101.10004621469233 135.98153848280003 58.740626364021296 102.84299527693037 69.16159516448118 64.91831435092867 120.95466585510752 96.66318898817678 137.30312176215713 94.60701270165923 198.90550994288887 0.0 207.47707926162013 71.71181915348474 165.76437977368494 124.92977153414384 274.10179235233056 139.99288029352073 251.6609629047575 189.99567734303386 246.8349199233398 254.70547472618264 161.82820226829395 203.4753255112951 134.6303919573919 221.99038188332574 124.74352627616311 161.34637149435036 0.0 264.44876069032284
219.98051519236378 195.0530161821942 164.7132896849855 152.99767334486418 131.8792163669798 226.4583411717926 106.91183870112573 181.7005778930881 47.64503832055982 138.8614994832766 0.0 14.809226149547868 133.54928306323964 28.86746604248492 223.46178968749143 0.0 245.5085543390616 95.41728583844872 305.56921898586086 153.70723880817988 219.98051519236378 195.0530161821942
0.0 46.83815656122687 45.401622666756026 0.0 104.10953138954106 20.21359499748924 146.33513804156723 31.525339910257614 147.4925158770768 74.37329514504346 195.8405503073968 121.37533964547308 125.95560734499443 127.7500044669562 96.07027010517183 144.45110301326125 34.719198632470395 167.38457296514363 16.856534473625743 107.17905714526952 0.0 46.83815656122687
260.5239610591743 134.63072871733695 202.37809959256163 160.79670021014803 224.17472546812323 220.09534456835956 173.86614633664516 207.2259280842972 134.1269437883607 233.09056522045216 148.89935165721386 155.89321945072086 51.915359425392694 178.3350734108148 0.0 116.24090331623202 44.60549629835168 49.887084369640746 123.18103192434728 57.01552668611828 168.64110770784373 0.0 182.0515790174064 108.2386878481509 259.0958797682724 80.52082802628195 260.5239610591743 134.63072871733695
0.0 85.24520920830932 265.817672270029 0.0 235.48338461468023 177.15312034303912 171.63600881538628 225.25762240644795 0.0 85.24520920830932
138.07819612247903 0.0 218.2676931796945 50.1339413865433 250.68799919961967 155.28365017809318 117.73152507339283 129.3498840877374 71.83036455434524 229.3369316919622 7.192235155394542 165.2117596640649 0.0 78.03812515686224 84.06522128010178 69.20159656482235 138.07819612247903 0.0
160.18924631249413 165.13863742063495 114.73571420518729 168.1956264807141 66.73262842742389 177.02463837421556 61.427444178029155 116.6211659107339 0.0 102.69880098198622 111.08168704607738 74.34198004353134 21.391865055417597 4.961234520409491 92.42740932905666 38.190351051102006 109.69298744757461 0.0 141.28414075191552 9.440389863172356 155.90698007759252 36.40759195729165 208.84740925084782 50.45346102094726 209.2414454090859 93.74459989003917 111.08168704607738 74.34198004353134 160.18924631249413 165.13863742063495
16.293680813816835 125.16179137850314 0.0 81.22192033221718 19.832673529126673 39.845143905010914 44.83109630580589 0.0 91.46707048369143 9.453259719552833 122.25832793222807 30.500874009959702 153.11140571863726 55.8491569948786 194.3242918772771 108.55824986010272 123.11667249334707 122.64796774551478 98.70301025348336 174.88479848612326 64.71032109660804 123.61824016104008 16.293680813816835 125.16179137850314
38.19791181226111 114.05057670805476 3.3437794858534318 34.9387160280922 100.86385712985941 58.17243618343957 132.41338098280522 82.53622003871953 225.2577163321631 0.0 139.44825028045338 110.9463984330158 237.52986392922477 145.05739389562348 212.0104219121935 205.92313995298986 145.39635031745416 203.72727388139486 90.20735207825014 201.04254678782632 0.0 193.80211142465976 38.19791181226111 114.05057670805476
0.0 114.04072805388293 106.88794522953745 84.85359640161684 90.0151108522713 39.121870401540804 119.89127983833592 13.471530544672447 167.3303419515401 0.0 208.92094584565254 21.595570198289238 229.2722576076031 64.58353968678074 228.46432493017804 108.16048789994302 227.37529354129296 154.89462504604074 174.3662094826611 160.91417371084123 141.07390447140364 217.16011710479495 98.00000224623943 177.9082909526108 60.8213643167293 154.080717356129 0.0 114.04072805388293
58.36888311798381 0.0 82.76852246913896 5.5582478658196095 81.78858879781299 38.569347346169806 135.53908888507863 32.66934814705981 110.7777016662621 63.71197475956154 97.56658867131765 79.10683058733125 106.85058874508567 118.7380508726183 70.24756710187528 96.87233762019493 49.67017393492411 124.95376100921591 30.350716568295525 104.1188385136331 23.651318163493755 82.19989592211978 0.0 67.38073335063028 36.982820561176055 52.47615795932127 28.85245104627984 33.68135666456509 55.91421362792832 49.09028564767456 58.36888311798381 0.0
0.0 31.44260147117827 14.767884918210711 14.030045339386582 48.98555842006054 47.50437377464092 53.03353164176944 0.0 77.22792246409809 0.9412033154284671 79.7324526385464 27.99700159933264 95.7746896516657 42.61998058110793 73.48358685060772 56.00010769254674 82.99694744147975 79.97022202523792 59.33278918824904 74.73959894621055 44.057728789209904 92.46384516785182 30.08867493888114 76.99460836752581 16.9362337302678 68.15877162167635 13.702238032681706 52.61637152843941 0.0 31.44260147117827
0.0 41.84443552000099 29.739005277438515 0.0 89.11309863958027 8.544982033246484 186.89212887339318 101.85957666301337 55.826230126566266 132.58780051146294 41.6899482512897 52.514618747884064 0.0 41.84443552000099
0.0 32.203454522677475 36.943013756630634 0.0 56.589151574811495 3.6547741604339166 89.3579905350748 28.256487433855952 49.611485023458044 76.23784891171901 0.0 32.203454522677475
33.38137859128497 5.417169331080217 97.1013378646584 0.0 119.06184638800337 83.8740480228625 0.0 109.32567023838831 33.38137859128497 5.417169331080217
170.70371113111253 88.17646497034332 185.4430029989057 159.99294569820884 111.9797964151376 182.18062092323717 36.02506363647515 170.13562951048866 0.0 85.55113606482189 87.19966415681738 71.88928011969284 152.55127019377653 0.0 170.70371113111253 88.17646497034332
58.18042383737987 167.78556164236116 0.0 130.33713384599668 7.887798403893399 66.59283339772196 44.587871580766134 0.0 120.92407452191046 3.2338996447591626 191.76186416123144 10.280232832043822 266.37232699617545 55.743586657502604 231.72292657545836 136.0925031969599 118.84469809846541 117.58978883429589 132.19233123567324 171.66112445811052 72.92474688003712 253.31291336672828 58.18042383737987 167.78556164236116
121.15985987911606 30.21314072449337 197.89387038622112 0.0 243.72299761455628 63.63829279839537 262.4668947545774 128.34464104864668 250.08100934547454 198.14498925339208 147.2573875244379 162.99094939443938 136.58087835243327 236.49650180540917 82.03771698661441 241.01286205880982 16.154185452129852 216.11688774571834 0.0 149.59246052717805 13.806718992613497 80.28919866322258 56.93320876477067 30.938289447756716 121.15985987911606 30.21314072449337
0.0 115.73170129141958 12.625002650445367 77.11404684137436 2.8969295879737516 54.442818724165534 18.593227028111357 35.587914129749336 27.524484321902513 0.0 59.90542924520849 7.7663133108832625 76.3202348832418 35.67028780622077 111.85796699492792 36.33571025236928 55.680010481931866 67.89858704007769 136.42957504050608 109.14437806781682 87.45708910378247 111.30375191784411 58.81625788297935 90.55632236528929 49.7581958986109 83.56922430100617 0.0 115.73170129141958
70.74051014773481 75.94831618517193 38.14815045184436 95.91616589415446 0.0 64.74258726723878 21.97915283927906 23.375105391495786 61.153073415100266 18.240289837411602 106.6751793008971 0.0 112.07639252619887 50.02521558209387 114.78044245388998 92.94486501100403 70.74051014773481 75.94831618517193
29.093245874451085 12.327992332415072 47.16726292016135 0.0 55.69435592727815 21.410870844464903 75.92474467186554 26.435384393266055 79.38587497913997 45.837464703662896 66.3982000224183 61.01124097647172 48.99209635570898 62.788718511762816 37.41691126059793 59.67456370313047 26.987809270218023 56.75073559879878 12.716606774217212 50.59019883755695 0.0 33.09855184903892 22.03647757823788 25.401317714645323 29.093245874451085 12.327992332415072
52.745679506749426 0.0 114.63815259645705 5.9995458252794975 95.01542270654099 61.363939773937965 62.71878800872241 64.15368593351997 36.60131071609598 65.08713994775681 0.0 23.242993708342034 52.745679506749426 0.0
0.0 21.35882405761359 89.13584355888491 0.0 178.65690929434183 76.5191954680033 73.42502526831095 95.22621798126188 7.631236988659396 111.42214487641564 0.0 21.35882405761359
58.5548494783672 39.658019720812185 52.635550717485444 21.563936488460733 63.58630343510947 9.940153248725174 59.37091597425345 39.05681861253482 139.27249073637662 0.0 129.82149729587707 40.373491860345446 135.83818746231216 81.5939138862089 79.80680911449677 71.84364686060528 66.42225712896308 122.82690230589941 40.03842098367764 82.97324127629986 3.9316499857440945 82.35088173700572 0.0 51.50991556489789 24.98076686164039 30.012549831649615 58.5548494783672 39.658019720812185
48.9560860974846 21.62728828534921 77.37615505659546 41.19919299130896 44.13939177028634 40.294425724289525 32.18456144719016 54.28605288098839 5.2604942768272025 52.30800493535442 0.0 27.019474818615777 5.662983119168217 0.0 31.40614732193221 0.4768978224112601 48.541825814046575 4.289293055907876 48.9560860974846 21.62728828534921
94.75016468686717 0.0 236.5495221095872 105.1516573521582 85.4825009820189 156.07205175037933 0.0 91.67341721298695 94.75016468686717 0.0
154.7458608873853 0.0 136.3958834867199 63.702869688304375 151.39909017494438 98.89056534363552 115.5794170994522 117.81702804083967 81.14653043102845 101.14182475318837 56.271061760661695 146.0699090025297 46.98762156970912 107.12862974773027 0.0 98.9021493009052 24.9847608415663 64.98342265564483 63.12235466765597 67.01527040148143 59.93384613093524 23.9801916401097 82.51770868403185 52.47034667060949 154.7458608873853 0.0
0.0 35.960133040407314 99.96816043734249 0.0 210.74298332869765 0.1320334446820226 262.87752961569095 115.66761298083865 160.53500232338735 167.0764222920665 86.27893371645374 200.5696697088318 18.384835895410276 140.46605012941197 0.0 35.960133040407314
29.558267543443705 141.23233248284237 0.0 91.25877236877596 14.634019496494588 35.76950953809948 61.94860219588286 0.5816280698272749 112.3498560883597 8.552134967272039 154.79738793329005 0.0 210.75849523632013 7.5822424366503185 219.96980452868587 60.59473474248928 160.23574354947942 93.79817678803926 218.07848811222368 159.36848189237878 170.0042398081365 190.74845745652493 117.44689673748745 179.93383775014382 49.77799398953111 200.82494341962717 29.558267543443705 141.23233248284237
55.200258517063276 11.967489875296408 78.51854503932128 8.500446935157854 81.12004035233181 27.76791995138771 62.18444520894586 38.39229137687312 62.78213336343926 55.00488185924738 46.82265325084276 38.87576605578967 33.29280109035798 57.702894892520575 10.170033521889678 55.81020685198605 32.8660644580233 31.828392857417498 0.0 10.157116962158668 31.92174824055094 11.218346401616756 43.63465834289369 0.0 55.200258517063276 11.967489875296408
79.27709159296866 146.54240307288367 31.28730739520421 137.3752062749639 17.107150669721136 92.84424324520916 0.0 45.61041665117264 53.00020817099929 31.598516260311605 80.4136364724626 16.261714185400734 118.90865051314496 0.0 145.86505913242598 30.539470512892052 136.23493823677805 69.84465047362959 157.42143140085813 113.28824177821645 107.53433721940358 111.08816746446143 79.27709159296866 146.54240307288367
0.0 125.95983669095928 107.73846217774272 0.0 222.16915649870015 80.60728923189902 137.09222241891337 167.57481581809918 0.0 125.95983669095928
101.3518184355925 49.21829159878418 211.73790137363932 104.11586523612038 94.5677854835997 151.42497760187783 0.0 97.9041024741841 34.12661623289432 0.0 101.3518184355925 49.21829159878418
75.7647260800376 150.18219549544483 0.0 106.62840585197063 61.62842653819487 65.85705724488487 83.79705500866888 0.0 151.3114229288679 20.849934568931957 210.43725008663802 31.49055267819047 355.5425912455857 31.15655229823345 197.12724452401417 130.8228417436011 216.13535293675406 181.21267738570256 208.11784912224238 289.27690913022525 132.2437232639695 193.9703278369927 19.481023646161958 280.110552165517 75.7647260800376 150.18219549544483
98.3846303299322 57.84272641158495 148.51028482944616 79.21692408087398 102.10162443519057 98.75986000706453 80.2483682329519 134.7425288330925 42.514975236389205 121.10050702977821 35.9938449771152 83.86682852543512 0.0 38.20598502881312 54.30668765893746 20.8277294576721 96.05543979565198 0.0 98.3846303299322 57.84272641158495
