70
93.8084824070511 10.152588346467951 285.6529755158336 0.0 193.17408032459713 193.5239742511846 0.0 191.39631618306385 26.404088564759604 45.52467471967685 93.8084824070511 10.152588346467951
116.84099348190833 95.41893232323741 198.9719570409767 0.0 212.13362252539915 113.69274226110309 240.78004305995165 194.36652717258613 159.610288902972 224.48852870067515 122.00055588070565 161.56259956157547 59.80036639229661 167.7443417426444 0.0 81.81709452075648 116.84099348190833 95.41893232323741
178.18321069363145 60.69419482459352 216.14153786895685 49.082528676204106 255.79773026918767 68.33484020402727 334.1841511375502 101.409528043565 283.62237625482226 163.1747910987008 294.10338734790946 259.0569225211828 219.91537372108166 303.80293138481954 148.1596666043535 239.49341169382353 76.21793957548567 231.27479838832866 59.259027679461695 165.96118097662318 30.25675007667573 104.12542338259533 0.0 0.0 130.48284225119164 28.507754389349714 178.18321069363145 60.69419482459352
0.0 89.63441767490157 22.923653821972735 58.739579151030654 40.6698160561906 24.95821212355264 84.83608659162972 0.0 108.76307201567332 46.87437069322465 139.70276432794577 76.38106966586491 77.08071721808122 91.25779732862578 89.97605921412182 134.12053500106362 57.40972242972035 128.45662963836804 31.776623693487053 115.3114562358934 0.0 89.63441767490157
215.12465246854853 124.69437541984409 191.62158092826735 146.13283995964048 202.0832884482303 240.19003202607212 140.5283326264339 161.5430852503172 102.95356303546251 171.5654124989012 45.70914280476049 164.10061664151846 0.0 112.46601050503571 72.52058055908904 73.3040899475635 82.68198783692921 21.225023723693965 129.54418354005367 0.0 171.8174984390497 30.195913579039654 239.91238921214097 20.75020014288927 299.4600845272056 65.73667296379458 215.12465246854853 124.69437541984409
116.9514821900741 15.778474148938585 145.6628687123557 38.77187834803655 242.8017505291274 0.0 215.45640079505074 77.55401918737708 228.42411935265272 126.3274476154368 188.3928177501448 158.51271151115847 149.32722613744218 172.77121779892232 114.27605082380921 234.418259934224 50.239587560449934 231.83893366304522 3.192164451547683 183.4438810954918 41.5660141508601 113.81302246905965 5.866007843730927 70.7031262306855 0.0 5.9222027764421625 71.90883898929451 6.913169517942578 116.9514821900741 15.778474148938585
292.13115631601227 161.2373260620463 158.55647700526424 124.62816081142198 125.43002453985618 155.36685663475333 0.0 130.18267973697886 77.96721652142315 33.39834434645847 167.85456359415895 0.0 231.04885704819168 65.25618091361746 292.13115631601227 161.2373260620463
85.41846397900217 118.16440092321716 37.36374103704176 124.98436027207802 18.922996994895527 82.49818329437619 0.0 41.5063998242332 21.696675005439374 1.7278624178928936 64.71031300478256 0.0 93.47555536104429 1.6494784667524556 126.72476620129868 7.601853020664123 81.71824468479196 48.95379961129498 118.44748025566696 63.35159178267645 139.88978648435165 132.04481478980938 85.41846397900217 118.16440092321716
0.0 32.0863649226044 125.04933402172733 0.0 153.0813351363771 125.69256636467506 37.739729013369924 146.22245142277316 0.0 32.0863649226044
45.923239029229194 28.6021261230605 76.11044885715415 5.481171151079579 80.10636296244655 22.707584517711396 70.23215005339495 36.86457133013971 52.822512642183455 36.160730056591106 55.2968285413847 62.74781630178971 42.23368264087624 45.39370167312357 35.91599000073316 40.27805781666855 0.0 46.974233298436914 0.4632932631307938 23.926517234221734 16.604894082463773 10.019419475692445 29.461603774219896 0.0 45.510802505876484 21.99623444320109 45.923239029229194 28.6021261230605
304.78887067902275 257.7422642735785 255.95515144078362 270.04212580747424 215.6401449104655 377.02769681752 142.16271577883958 346.36083230022734 164.23549398771766 230.669645337156 0.0 241.73603951786853 0.19192024811897568 147.75551395048262 151.39556471561426 140.97173599797142 166.84459840191835 90.99477689555454 212.41256260374985 96.66082610333959 303.14212509828815 0.0 348.6338323886714 75.91135373284666 441.42918422970615 129.37924393548928 369.34136480746344 222.01230523284127 304.78887067902275 257.7422642735785
232.22578364672762 116.28714604016707 276.3490660432176 149.49992614828417 264.0635116310235 193.4778177029442 213.87743257705546 203.29218367223783 202.09774883961282 259.6362000035375 155.2606763705322 232.16231203068554 98.36655093536262 271.8231544073212 56.546762281464396 235.05099390018756 82.95951673344501 168.18474775922053 51.04427744279246 136.22221188442808 0.0 68.95063983564225 29.82506850055617 0.0 113.5361662279046 13.888678136439893 163.72096498144896 48.83286501190311 175.97049170489575 107.26999189747062 224.14746540261558 83.52404274687828 232.22578364672762 116.28714604016707
17.947017709216937 144.86392885424482 57.37465404577874 90.09538961424883 0.0 0.0 123.5878288696365 52.294446906110345 147.5203054628273 51.023628011388055 187.71109610805 3.682737301945423 216.9499276092534 40.16755723160056 290.520582741804 58.83196740924375 256.13990279586756 114.33952710828541 260.35152127860556 172.552139836793 223.90714691164848 221.1601862374078 162.50988827126957 196.09973206742467 120.36996997579291 186.5274672640727 80.16613861286626 170.47884432118144 17.947017709216937 144.86392885424482
137.74825621488912 86.4293343001884 48.00294407636267 108.30107458468551 13.233411850779007 72.41874688627824 0.0 0.0 81.99141101758066 9.527280926437292 137.74825621488912 86.4293343001884
0.0 77.81793909776245 100.89688276582825 0.0 182.67592176075874 50.12317505612372 288.87246453823 121.94796880722745 165.68945647699155 145.3705455589473 122.86932350081851 127.8910109579625 0.0 77.81793909776245
0.0 108.0386656123928 72.58511775115713 0.0 188.07578282046146 24.597232787306723 134.71053639473865 143.5667367723133 0.0 108.0386656123928
92.72616842992254 62.62657181250916 80.16073612283594 91.38737438512007 50.08985631542251 83.91170384866788 44.63703940166826 55.94492630991633 0.0 39.92446522473126 31.156056824389466 15.6229115994552 51.66521236394114 0.0 77.7029704135397 4.561810798485247 102.69476957967494 15.414931581531768 95.06148193166196 42.921354668981586 92.72616842992254 62.62657181250916
15.399778693775247 31.636881398625157 34.85908214871209 24.49196113551711 63.654048772082945 0.0 76.19981456840686 34.290753358684746 73.63211687541809 61.58646322460881 46.766835850476824 66.16262917430484 28.071316801511017 67.60481381718395 0.0 56.80088911695814 15.399778693775247 31.636881398625157
163.9056387073511 4.831395640873822 255.5221274057577 0.0 312.8874515636086 77.85425241306078 229.03097460262637 143.3177309603609 161.27449151091128 100.75487676739259 110.49870795923476 218.68704992670712 0.0 175.32897679744343 128.29102777675325 92.90761481433981 99.6659537365484 22.15474125559666 163.9056387073511 4.831395640873822
206.98226155448583 87.36104018300357 148.4102479167502 119.51109313493474 108.60797597196911 168.7076470916325 0.0 154.54932292800976 1.0967529150742052 43.8636291023183 99.48548877241069 12.276781002795147 186.40646368864162 0.0 206.98226155448583 87.36104018300357
83.22852539666542 51.4631579333319 39.003643608599134 68.50062460268987 8.250902185196836 56.2514373662799 0.0 26.65828530056646 24.428427801233624 0.0 56.01167675182538 11.89751896264012 83.22852539666542 51.4631579333319
0.0 0.0 83.7975999285328 4.558765754600529 185.45402721823714 48.29165085306276 114.06937137031622 128.08329414899993 39.88328456164837 137.33545284327442 25.263760873244735 80.28874114793221 0.0 0.0
80.78102031677588 89.53396134302523 68.38201112670241 125.37886365112382 40.08274429804602 113.35276185714335 0.0 114.7788371586999 0.6774748937685331 75.53962726624908 17.90922259185541 50.53217885054837 4.863532564739955 14.949888951184 40.93947815966277 18.365416609310387 63.65992406463714 5.493622060822304 95.65144094692697 0.0 98.20029885896773 35.41521267040307 107.60239649813005 56.89488758132453 141.08797406151342 96.88386788800332 80.78102031677588 89.53396134302523
0.0 52.42701351230575 52.1742873993816 0.0 130.06580682739747 47.4435938563588 62.03088609915305 91.04020001476117 27.56624039567606 100.16952421736418 0.0 52.42701351230575
36.487217764935984 63.01000418983193 0.0 38.122222992190686 49.15044119409439 32.94624441858335 64.42455735195725 0.0 84.42028173931084 24.77237773475801 110.30044449397167 51.18467659252002 85.58438479361939 77.2481768361503 57.644058123599926 62.87851426970926 36.487217764935984 63.01000418983193
52.04342021809065 140.37120878970728 7.978613425156482 122.1130680561243 64.18129037553985 101.89161975547474 21.113031191701623 33.51524264392961 76.82901165029851 53.92711957967618 106.84273315460086 0.0 156.73167487174044 1.2032101321437239 116.51069457275844 103.10470977574437 304.12643056997666 65.96399617902496 157.5226240542574 124.99776293997253 183.06998674765788 171.50395422850565 175.17790693760617 239.81563612312223 110.7817182613973 190.6345864558458 75.27588189001202 205.84731605977223 0.0 240.3746453612425 52.04342021809065 140.37120878970728
39.562155102369694 23.104394601170597 62.47761682514473 0.0 77.22662855563053 29.714822665079424 86.72820348148068 47.347481409509825 101.109537035985 72.62587729431338 81.51928629481475 90.46555975108193 55.15403992254843 76.65389198825551 41.701714046469114 77.40194881329883 36.125980571034184 65.02431057456329 0.0 51.98745917007024 36.560480109518146 43.1228046757719 39.562155102369694 23.104394601170597
88.06274221913318 221.33583887733397 14.630143725837343 221.31980502141337 66.27392183548783 127.38428759578159 0.0 93.50888091267244 45.971718518389125 55.85525667648231 71.72741674619039 17.92241144194763 115.80842559714611 0.0 161.73578137184722 8.242204630071683 161.2005427866927 72.82638034078616 167.0496403394468 92.492161148639 341.7096342962855 135.43135306252447 204.03822194004897 157.15130807314347 191.66310609185246 210.06305562808217 146.24109276583476 258.44137965351183 88.06274221913318 221.33583887733397
0.0 22.206387778949264 75.28891824774718 0.0 56.13683110756132 73.36689402532178 13.221637542491465 69.93597477064606 0.0 22.206387778949264
37.64368642579059 76.49476871150063 33.36387214080867 2.711598825109249 100.60167105530084 0.0 127.21154319108737 87.45983616110249 193.3370878907506 38.36333041380786 156.84763934890708 98.71018646286427 258.191997368926 132.63163969572594 201.51894489688138 170.94357247915656 172.97686767735294 217.12963078794502 120.17652727015825 175.50453835489458 60.59992898420738 220.0213957821935 20.6588611846188 176.53724069747247 0.0 120.74183436838287 37.64368642579059 76.49476871150063
115.50486270706826 108.57400522602549 5.295123849431349 91.45956375469572 0.0 3.435397076797493 88.35678227119611 0.0 115.50486270706826 108.57400522602549
79.34968572957101 190.70006616229088 126.48733792159626 135.87024777004876 58.47501192358237 110.79734786677675 0.0 27.381197469078785 104.71239981766965 43.66619202640871 146.06294605402067 42.38593222644435 183.39884717944653 0.0 209.7492028094154 49.961445440529374 247.17977925256122 63.01255635385757 257.68528767611156 101.20326350180522 253.6003118311419 137.86150638584212 230.85835584558026 165.112918253202 279.7773856249525 278.2699561496353 197.92502479565752 248.63759094404017 143.24798299199654 278.86526841403025 80.23081970060665 272.4079478657402 79.34968572957101 190.70006616229088
0.0 9.918341064716131 27.010973581886304 10.463134977997 33.038604197704416 5.464927841165036 43.30440797435455 0.0 40.18980299330738 16.280942876890876 64.9766938042996 17.628114206140367 54.009565993525854 30.073507879984206 41.42772256683233 31.306103575036047 32.2040926521305 51.359329646066314 21.5388596344239 37.05944028109853 17.37708086573008 25.414222109322367 0.0 9.918341064716131
0.0 43.582434589587585 112.49762766194496 0.0 236.9833744291709 48.79348514488247 166.22659768208743 162.3584024950236 53.45642508935944 155.13108443791577 0.0 43.582434589587585
3.1871197002159306 18.554530958946735 97.77707569342755 0.0 153.06826938234119 0.8022262981102699 233.59555610883692 1.1289371739155882 257.08044888243273 80.941391488275 165.62982542467722 102.53328273980196 141.4671015214647 118.41053928578994 99.63822809658927 132.64295796783784 0.0 112.46024248727683 3.1871197002159306 18.554530958946735
61.81884275452862 151.57618966149352 0.0 85.34599136308289 84.9897475134001 0.0 196.00927852525348 84.13830886801462 136.22142195920372 182.07535978997572 61.81884275452862 151.57618966149352
61.01583692854746 65.39770880566986 19.940646500180463 85.44027425256932 0.0 46.62528371224748 31.59391132897325 28.011606232268335 30.875358234728935 5.1155581643086805 63.50334758819692 0.0 92.99335517329726 34.865035573835286 61.01583692854746 65.39770880566986
82.38506692054872 98.34852145264071 0.0 32.11634593557923 94.03864713904096 22.30542944701334 137.45985011197087 26.221686276971425 192.0870888763194 0.0 194.50372759316045 59.53035875365053 250.21893684563102 98.09669887933357 264.0920818639196 182.73572036594777 188.77764556710795 218.41380342912208 101.8055730327196 239.7948415464943 50.559636286636675 174.95068526046566 82.38506692054872 98.34852145264071
134.39755989008185 196.38077046191603 0.0 128.96421819283677 79.68801506607403 0.0 203.66616593571547 21.07183730842928 171.09991339930224 110.5244507642545 134.39755989008185 196.38077046191603
132.1978131458961 164.7738823225229 88.35734602944298 185.678396501703 50.4502934630638 154.72634232161894 0.0 133.5603082438864 20.007738219866013 80.97880325180806 1.3428046694677676 10.717848495618057 76.88864893388096 23.9153481407904 128.30875206297097 0.0 133.0367985291885 64.5580851038356 180.8453033384029 86.02643278858181 196.3345119670691 147.21734003370477 132.1978131458961 164.7738823225229
203.1255822008977 20.96912563575202 233.91119225946733 69.4987232534402 191.25235089158275 126.16699315641443 161.73943098463138 146.69161428138605 188.07391615528957 220.78132273233177 123.2495975995766 152.57812943880396 109.37532662155766 156.4689050290525 45.63769932661211 209.14532803658125 0.0 177.3871229434361 5.362528357900288 119.67475705081722 75.90625226226584 100.4389044522692 66.34613031084558 51.373171077935254 94.05569751285384 0.0 150.03112549105947 2.3070130589622835 203.1255822008977 20.96912563575202
199.26027395864892 15.430851878398684 226.55762338180628 44.06083717324503 269.5788770835506 67.68067647849632 315.43160870961117 118.41391254977077 218.53610054093858 139.03386779017333 264.7390704141551 249.54528764478135 163.28174703692991 122.0729639934068 130.13027034847283 240.098449313016 67.15948681800786 231.91303330715834 112.52283130666342 132.50813812888867 39.773495599428955 117.91308137936716 0.0 52.902455770732985 101.70099028541044 53.80641652636509 111.65307404767071 0.0 160.69834121098341 13.058593694610792 199.26027395864892 15.430851878398684
40.08844450605005 164.9113807409618 31.69720640112081 110.19953251217922 110.6046395681011 111.2066966369946 98.72043093048129 7.240941383184435 161.23427040155832 0.0 161.4348804365768 147.35268996882562 287.1107814438777 48.77725176800435 288.2462884377839 117.6487477628892 280.5272218726624 173.7982055703501 214.5487106016456 192.13655152413313 232.91720861139652 267.2233954720578 156.68398000216473 156.98338147923525 127.37223188917253 283.06599898231053 143.3227304215705 174.373282850109 0.0 241.03964007002986 40.08844450605005 164.9113807409618
74.1431850682682 162.8133879728097 56.81445222468537 133.15513963741327 0.0 90.58593132943605 84.59465531201346 75.26370922953403 99.07291474304063 51.16775564199769 125.66388559336512 32.8610994198436 172.26072146728418 0.0 159.5393616289037 79.32946334368278 225.4420213154909 75.86604965368771 210.44938733392507 116.63198479692389 163.97720392722368 127.76762599624792 152.09029830176107 139.2123361111142 139.83570443618734 189.42469617785403 93.72225254662783 214.33187391843242 74.1431850682682 162.8133879728097
100.15742763759417 29.88210914514623 36.60677565951195 78.51676695703033 0.0 56.49087873344723 17.10620563329826 0.0 100.15742763759417 29.88210914514623
73.96906855111817 31.037418753164886 31.031748783245476 32.69020175863267 17.02178976744267 48.45318842871666 21.230632356774564 26.68900337641196 0.0 8.445401153572575 23.88936001024406 0.0 40.46588966243499 11.080276205086378 73.96906855111817 31.037418753164886
60.03003128484761 59.15343663327753 45.04760504400015 56.712450858653675 20.482169247527906 82.23677440262159 18.314601091713286 52.50219603972074 0.0 36.229825666999965 9.022974504093611 13.388177710884442 34.242404933476536 15.358117680200714 51.23131845672397 0.0 66.34768541018201 15.146576994078622 88.4273565562913 28.22101736010506 78.43326246797093 50.19580105532682 60.03003128484761 59.15343663327753
120.9737118714969 0.0 185.8961865191611 65.78369255278548 242.2403663924763 89.3463064212691 315.9748987015902 140.49280284146568 225.44570750305283 197.009338447435 239.45919035266894 279.8643652635884 162.73444055055495 245.5239925562062 124.38110132428851 238.37369167508976 0.0 291.0785867891883 114.9375896195032 172.03060420464033 127.52920851843609 156.75369875263945 19.63821289595691 6.9625653982000415 120.9737118714969 0.0
158.6091365235187 234.33693014643063 55.78299449439648 236.06832995657118 21.828911636087724 150.9885910875883 0.0 0.0 132.48024419517708 80.7077224442084 241.70601711822604 133.73801430154006 158.6091365235187 234.33693014643063
130.39342651881736 76.68301775220161 113.85165340349882 96.63546201814218 99.62587783539423 117.7513753419877 73.17293621310566 112.15984702467303 51.38212995429329 121.3973141141616 51.463029277233034 85.38880672739009 4.8680465225691165 97.75046754906522 18.70478291414861 69.66901524862743 0.0 41.339579712423614 1.6980868975789605 0.0 42.6548873543683 2.5031249249117593 67.95361756230777 43.7900853863126 85.55528253584669 31.807343133880366 103.45825197390154 37.39842137396687 80.85117483458602 62.74462760147408 130.39342651881736 76.68301775220161
307.84980118425773 115.46383327086119 304.76856384593265 208.30694622092128 214.74508607941445 193.50482758295064 100.43466402427275 249.5854761954018 140.6716128604421 113.74270979751732 0.0 23.21175492873737 200.01855197552976 69.65483604663507 208.84156622780245 0.0 264.67575926377185 11.170285109238336 345.6645326312308 40.61264737045544 307.84980118425773 115.46383327086119
119.64570992418217 49.83304255206236 55.22825265673891 89.96418910682499 0.0 70.71191488766257 16.991625675802375 17.883377043500055 64.16728039505188 0.0 119.64570992418217 49.83304255206236
102.79912212671103 45.749753251472114 123.19344657002871 54.97782818298309 106.3550694276091 73.72033201090701 149.84022944145784 118.18018852112642 98.45999713715591 103.22560120474235 80.82564943369017 94.75747051079087 58.09275169308273 124.28995432703492 45.81618725965342 100.97577106538195 0.0 96.31173611142374 16.16946996389302 61.82808592676818 18.18291872903589 29.88701839042261 35.90032972596262 0.0 72.52707895101588 17.23025210217932 96.34486759613515 16.6075335201823 102.79912212671103 45.749753251472114
93.08067807809233 16.288146649777687 126.91980738710211 0.0 120.10791440715249 40.22169688155346 125.84872460490544 55.694140485677686 130.34152008908117 73.87777486278733 127.84824031723139 96.79121273883567 112.16879609306677 114.55735662897547 86.67313535596814 106.60695475705262 78.2550830888985 77.31297102279063 60.233009630249626 85.11594169747937 24.627658121199246 83.98311559262558 0.0 56.394924183387154 22.42474188203572 27.881038795146445 39.77434634813401 2.069911662086966 81.08684227989826 47.319627748682656 93.08067807809233 16.288146649777687
53.595290414341804 21.94447551786081 67.20569747792172 12.594856323876328 85.00468330913492 18.724516215060163 83.02929771101643 35.128398786197835 87.33402065816712 57.27394571651726 59.75052232259563 48.10530665860817 49.3725055429811 66.94497695086375 32.89512911145192 61.78912053402689 18.869902081233022 50.11363994097016 0.0 34.15188596448881 20.115030538025252 16.985566861046948 26.501200137649874 0.0 47.95401142985695 13.164549788776824 53.595290414341804 21.94447551786081
36.22701560974602 4.731798298115912 133.10971769468358 0.0 263.2748974156075 90.83719800376228 117.03322412640887 170.37186031929542 0.0 120.79648081365382 36.22701560974602 4.731798298115912
75.77378530934224 0.0 137.30141760202181 52.811949185199005 62.33743138806052 105.09835959070784 0.0 35.306552829182145 75.77378530934224 0.0
27.39443398542369 277.70759353732103 60.44507380169628 145.04908023762653 0.0 53.285089311064326 85.76165451946855 0.0 170.30137970023455 38.65247134360408 247.6163080707566 20.36047287743162 288.7136668347205 91.01409932913907 164.00790754921468 121.53256564582065 218.08994178968499 214.05327591526836 149.43938095103704 262.637354107718 27.39443398542369 277.70759353732103
136.53483296996595 0.0 221.90596772996864 15.832035798364714 169.16880450337416 125.24570447628402 263.77020890271933 176.4961685204285 173.4796150566842 191.07999183667658 131.4232219318248 207.08218928574962 117.57794739361518 158.6826964439973 0.0 180.87297641534286 85.93531434578847 119.80990633491649 110.24559304376405 100.32830594998548 136.53483296996595 0.0
48.48016400742698 66.7125446543577 21.82707904478508 53.516306850125304 0.0 22.68487032271652 33.455765034529946 3.03165529166192 59.0350952130091 0.32183116553251523 80.19761516322689 0.0 73.77866711829027 26.078067238749938 104.18599234457915 35.575587556830925 83.77033859066154 47.24030283680723 70.12337752993406 55.255135772876955 48.48016400742698 66.7125446543577
102.13979037562969 19.02462431489778 112.31320889187784 55.31190514373497 79.00907746660566 77.54793393511912 64.91369472245968 94.11607401966472 44.292545577428086 90.92167116643665 25.45927771512727 90.6821036781885 13.653124887222702 74.72414080492172 0.0 53.315331621867976 19.878034566026017 37.33325812147694 36.294625032457745 20.391743126865563 66.72855897009518 0.0 102.13979037562969 19.02462431489778
0.0 54.463596296162045 80.63073299139138 0.0 156.91053882623922 49.72653948139871 180.62829573756684 145.87800253119872 88.24550508233618 153.4281251344584 0.2236744341130361 157.85051202551887 0.0 54.463596296162045
63.54036361206368 49.78971116097739 52.32493936328792 48.200484266166626 43.68620817567375 54.06418671799709 39.5195368922629 43.497088061700396 37.95611194480765 36.82414473437143 16.539551157772472 33.074488439272926 0.0 11.506482565882436 37.63686594858006 19.34321529243475 42.86674157126732 13.61210443765529 53.908799419865765 0.0 67.8523351697805 4.6278625546028564 70.0196656990006 19.634454009846806 87.10579077056599 30.397490840181064 86.34970161649986 48.62068699242434 63.54036361206368 49.78971116097739
75.29330928561224 0.0 151.20226203729388 22.78946419653309 62.77712077553511 117.44880686129582 0.0 10.836293442594766 75.29330928561224 0.0
93.76676550807248 104.00744758155079 35.875396382347404 56.89989602088052 0.0 0.0 68.08857865101825 6.262019469592687 138.84260329474762 26.67273051334348 93.76676550807248 104.00744758155079
41.100829216340344 33.03885361664888 23.361682225929172 31.927884546372454 0.0 3.948301827343329 37.139669430986174 0.0 51.12289506876817 17.672510042637953 41.100829216340344 33.03885361664888
217.31362712162706 82.89380344319108 184.79806156346 139.55936911734045 126.6773881663696 153.0874441626937 89.63298081504674 181.11141403600197 24.6827918990542 201.54340650566752 4.6168344179633465 138.16080377604396 0.0 89.39491066613107 1.3080073628038065 42.3437090777433 52.556683380699695 35.44493805597688 83.09963623022585 0.0 129.23647012878598 3.704516852352782 184.22931631401667 23.46220927458762 217.31362712162706 82.89380344319108
52.39045386687734 35.772669203099724 56.90634679767041 43.8720730017895 49.5826501112047 48.38800545018144 46.877791406992245 60.35264016561018 36.438418207391535 57.41095898353558 33.932593425655085 42.84269814891522 24.31174667907989 48.16727207004395 0.0 50.65271860451003 15.33110750235707 35.53432947090157 5.0895676310748 21.570545771946 27.485227303569474 25.836811608140835 30.496613011429105 19.965629903943693 36.843832118232584 0.0 45.77448950072235 15.134097379314795 51.215749544192334 21.345199943237475 62.8940360571697 25.356529748725194 52.39045386687734 35.772669203099724
50.5620707752398 11.857009634792973 65.10120711302258 0.0 82.01549986826275 10.942278956410547 95.19996696862378 16.06795567845846 143.17294989497483 3.4276990158569163 111.04362404063798 38.875460722303146 103.04931228989116 50.714638952486666 125.27576478125252 90.21079971595674 94.25978278014222 87.93846373573086 68.77687547643589 114.01570407061945 40.71224357320183 101.35366615011958 49.405431704087505 60.06194706173669 43.92025338863024 45.33783789823494 0.0 12.959562326231705 50.5620707752398 11.857009634792973
214.43455741115653 75.54220803296911 205.08267220702248 211.38992675385327 92.86633193889529 134.50463000110315 0.0 95.28215597817594 50.00507698893941 0.0 144.34300363901008 21.119636108256245 214.43455741115653 75.54220803296911
