100
85.05265589340038 166.16325775467084 0.0 180.3344355736869 33.54926672196444 121.58768457110547 19.17496282191172 70.08884248468121 32.53040639419987 4.03982288587531 95.64826465654068 0.0 123.7281607072143 112.7380097580648 182.7975411542666 47.975757898721696 209.8458740264777 84.03596711249435 226.4000054427331 126.83268600619868 204.7452663789894 164.59726572024215 191.30378553374095 216.03801865910145 128.4082989094352 158.97648249601832 106.81512426883518 183.85336701313446 85.05265589340038 166.16325775467084
0.0 15.03892407643643 82.53187802141774 0.0 164.61523805858067 60.89557823499165 91.56585079979926 149.99706368435744 20.18481368748094 94.01030521578943 0.0 15.03892407643643
94.52833539254291 46.11692779300454 90.37030574853128 90.5640977855561 45.30178734065654 92.65530770061207 47.88256430677273 42.53876515106108 0.0 37.18630941162508 17.135811627719228 0.0 54.482206979052414 0.2615740873892278 85.45358317950956 13.075587137907824 94.52833539254291 46.11692779300454
209.8718889218024 166.43655274458843 194.94763439189376 222.71237079922645 149.09257773996097 109.51868875080042 110.07955718242432 186.40230417280975 37.147767922688615 198.86266827014492 37.588076779082854 137.07339664648566 0.0 81.81245592674237 69.6393934261464 53.57983258102928 110.16021488996878 46.79759412632321 136.21009048082334 20.39241290597741 177.01868922094127 0.0 188.07506669017957 58.660810188173215 255.53637880585413 51.33724750192698 248.01304258355486 102.85170669302968 281.80107924420395 154.2710227918264 209.8718889218024 166.43655274458843
197.63027210485245 132.57145812557158 155.77621023931886 144.1285923993727 90.29577128304881 266.6246531486381 89.82340161562281 123.88343052914789 37.488722087507924 99.20463204861073 0.0 30.59531007569924 75.29603956119968 0.0 129.96946754351336 9.074904300509218 180.77244749812394 0.6477987000294263 186.116956787174 54.43617695281816 272.4234998272423 93.15270253996327 197.63027210485245 132.57145812557158
0.0 168.5217330500451 53.2330808458221 95.65839353634749 48.37952339211718 32.99731638131068 104.11142216292849 0.0 142.0150245828413 67.23465373838636 188.70284373166436 70.83724137193728 197.5461022074196 117.29483755518365 135.9522181236676 119.43768347054892 135.03291279619108 196.87738495144953 109.423523226106 130.88449777260905 0.0 168.5217330500451
46.74968476042366 0.0 103.385412687063 67.63358560892739 201.36594412918703 123.7224653987063 84.84751318815827 135.01831936004857 32.31915415850531 145.8200420329749 0.0 81.60941197797361 46.74968476042366 0.0
189.38966072514995 3.8959960817616945 179.98598451247014 59.9338494818284 193.08508332498207 81.01672457928912 224.07471342632033 114.36033311246729 156.60969258621148 111.2773331568094 170.13233441820157 165.88901644017966 136.96747470312738 188.60612097403555 95.03610471768965 180.66452630944912 81.9462173842661 139.51362363653217 41.20260966184901 123.39506695907681 0.0 80.19013308386273 52.30191615414776 49.16437204496443 90.84683141020767 41.39612003973138 113.00979241323017 19.77865613992826 147.99251777724885 0.0 189.38966072514995 3.8959960817616945
159.6077607359644 86.94458228042701 190.91805526355398 92.26904003015125 243.93719904119746 144.25895330854632 158.6829228130281 124.93192882061213 117.54623551727292 238.9381564171913 58.203410350056174 173.27327452499526 0.0 98.55161206883305 105.55274264793778 66.37889133412413 131.62776497802406 0.0 159.6077607359644 86.94458228042701
143.366087152813 105.99493833692065 84.24511772440829 94.66238570575607 0.0 72.74352546043723 65.74224337588699 0.0 113.35502389479923 52.63735123254132 143.366087152813 105.99493833692065
109.31570623189364 129.30765398511244 42.25775591959935 54.655858672766065 0.0 16.901645899175897 60.69982616193417 0.0 136.57533962461332 22.133810313246833 109.31570623189364 129.30765398511244
41.66945782476144 16.05777539550371 133.52597347113675 0.0 156.95097500189337 83.25236434095166 194.53614564416546 117.3654322202935 179.10857164687576 176.89416747211158 119.10720065766662 152.88411633235756 104.04688034041409 126.97608271301128 0.0 104.622352362495 41.66945782476144 16.05777539550371
129.21188936597855 0.0 159.53051192051265 86.86100731096407 213.25604481811388 59.59754705199828 224.05875158352316 97.98916469948914 223.0071822414605 138.2673355897248 219.99963440848794 196.53513532663294 162.58292129853686 192.51241975432754 117.20916585167416 203.9937664434613 68.31513059364994 181.5135897723831 0.0 136.67362013690342 62.83118043732719 81.65572731099171 101.0643840289215 56.5883638917451 129.21188936597855 0.0
289.3956436000822 234.21465727920017 214.99387168403257 216.60146516155524 161.2065500576781 269.25217274371846 96.39761131333343 242.66567504793184 71.08572044697274 177.4122860939118 0.0 86.8655872866643 146.63739242518312 89.73060996003872 178.00714514024634 70.16628317425133 238.68833489413544 0.0 277.3906752377611 63.97894153422061 321.42659932983736 110.9955646274144 317.71180751067146 174.5371006418081 289.3956436000822 234.21465727920017
104.84247207053518 62.178553776626515 102.59380757508087 86.46933809608355 81.32921305657301 106.12614968514454 38.53444576515625 126.70227469763155 31.169586034820654 80.46697028222313 0.0 53.3752350901605 36.53087907365887 29.122522872553148 48.52810414948068 0.0 74.64785835748475 39.43151584338496 106.47661681458452 12.545830233371646 146.13000929730907 31.069569507510806 104.84247207053518 62.178553776626515
188.30988586720656 134.31745420716285 105.35114472177175 137.29071080665435 0.0 116.37123667672802 76.62181906674655 39.86910854149929 127.48789399178366 0.0 190.6821835853489 44.38989432890672 188.30988586720656 134.31745420716285
267.54708597745 205.54441727176757 202.02902770729688 213.36749030529975 152.8040106294078 207.45819774710193 65.75858897002152 287.7494809541489 0.0 238.33035815590745 40.266907324474715 133.77724144398414 23.043458819066757 84.57326670788127 5.1257321036227665 21.810807716745273 86.66370782286842 16.93515580081879 120.66748984186552 0.0 155.88372882696774 13.982167118911718 161.73471568138638 71.16826383380916 226.3918749009486 18.993000235194202 319.8706759959746 21.935388812768153 299.96677340844985 87.72566192412646 292.05365058090155 146.72624195574102 267.54708597745 205.54441727176757
0.0 15.689615987951285 71.95353902753303 0.0 123.73965398584048 7.739470448577755 126.37615587435485 61.274429221316154 91.36793452216203 95.96744028248216 60.64535801926128 65.61321513800422 0.0 15.689615987951285
96.61490311078893 169.28095898420483 59.797662299556976 139.0911219792596 0.0 99.2103930584088 19.552369666824916 0.0 126.16020732495899 7.278208500494259 183.92001095591246 74.7016093114081 132.85968140631834 136.21344761974672 96.61490311078893 169.28095898420483
110.41575620877154 57.216730755537384 94.03738500738483 78.95466801461497 63.49988099027374 62.04670736063943 50.70886975399945 87.18114881797463 19.353749155723904 91.66199344306584 0.0 66.53507672422056 13.40366254990741 39.25960345886078 38.64006088950845 30.183705938948677 48.76521626813866 19.21028328595031 67.29424269291765 0.0 87.66451776024148 13.032690198845458 110.28692282296608 28.668625544793017 110.41575620877154 57.216730755537384
8.133091126475406 27.863427744712105 4.839095312508064 9.298283201753186 17.81794115841859 0.0 33.89740780158783 14.797503305471103 46.7068544112239 3.0647081932862577 58.656145317257725 10.202377948236311 66.1653756341686 21.79438177184428 71.71643130868925 34.03973496400466 72.7625288774994 48.57186996620714 55.71137536798973 54.10512900323034 46.27452426991904 57.89318363990419 38.058909550248615 69.64461242825121 30.149735228684023 53.50127301749287 26.413995027132202 47.494676222270066 0.0 54.20089556657097 11.215048854181575 38.89741954267895 8.133091126475406 27.863427744712105
13.85535971030177 61.63901886262238 0.0 3.059404842039285 68.02969386683698 0.0 81.69678284693403 20.8571897607422 114.97583519438459 0.1644053374369321 139.34611318737802 33.17109165632333 103.8131199472915 58.63147339720723 61.786940867244766 112.53904880420089 13.85535971030177 61.63901886262238
108.49050488249661 209.84384842012167 18.77959849953104 163.7701264126651 0.0 91.66549105916233 3.040249647640067 0.0 89.36760371733304 19.821520869601045 182.9047354936938 32.77434258916397 210.61964269670545 145.19175333456786 108.49050488249661 209.84384842012167
173.07500462300175 231.66629440777118 46.2337251631357 226.53926784150656 0.0 75.27565467078091 139.23103470129004 0.0 313.7155513286514 26.449691225837697 319.8503309179482 203.59106512830013 173.07500462300175 231.66629440777118
146.24363256664725 149.13655477929137 0.0 117.61008161241888 80.79970520601117 0.0 193.3489651528136 46.3783446097499 146.24363256664725 149.13655477929137
40.96005368442232 51.59385788812803 27.66955371928607 32.58333596707871 18.595400652749916 54.69139940890605 9.442195072368634 47.72380768260729 27.000892751170028 26.473360741243994 0.0 28.25807704631029 18.701078164346654 23.619295496883126 6.881404444608833 9.292713950575731 18.457090958983244 10.021782833243705 24.889840618607835 0.0 33.78356488455614 6.339512188651881 48.52839014829584 2.10183127778825 40.125882328846586 19.77316950996446 54.76238528940924 23.63946656272806 52.803233755603486 33.704240009986606 40.09937455169671 36.66042665841856 40.96005368442232 51.59385788812803
71.021307689098 42.119606487766546 59.63689487061916 40.32833637912826 52.67813568009447 43.07663527162606 45.5786950381238 41.41139637719539 25.806704246253886 47.11389713752618 0.0 37.77864217928075 21.431962460445277 18.629656562917845 29.852546405396225 6.866356615498034 41.24944293881538 0.0 53.92969246401945 11.82500959623053 59.92077904367727 14.429118513257862 62.741509721514646 19.980246749808046 85.26873418517783 20.52929762833614 75.03825837658556 32.62953453473257 71.021307689098 42.119606487766546
250.7993165712677 158.12138802751934 213.46543432200434 248.79240222564198 85.9657714500231 282.55528401375403 0.0 168.2378348110118 121.61039289035655 93.33776155333295 166.92550565184285 117.19106391415069 227.83768253904813 0.0 315.10455463143353 70.97564619267638 250.7993165712677 158.12138802751934
41.791401137408656 0.0 90.49563789449357 6.893960989310855 136.26662343570734 6.404428253648376 137.32678065967832 53.91710745447201 133.52629970285585 102.39305611601435 82.76825615477448 131.0009115381053 19.072867027377242 111.24216462069157 0.0 48.177864184522825 41.791401137408656 0.0
161.63577909581804 237.3323271113802 39.55604774877958 260.3074697775195 0.0 141.38638083117155 34.56823286469174 40.30288278598417 148.6333857921512 69.01166745060473 220.14549977631265 0.0 211.90774073441318 101.70298494068045 289.58947909430526 154.0219039110176 187.1104170979986 152.50298313131202 161.63577909581804 237.3323271113802
267.06858036691455 132.342535460987 262.41137483907465 239.90321325214984 152.4227670763946 258.7524264238696 50.927517620494484 203.27474700687975 0.0 90.09070431043402 136.18830615663774 49.9672784495048 175.40331405139648 0.0 219.9300393810302 50.58007316668928 343.7814785709239 53.95243038480255 267.06858036691455 132.342535460987
145.42038167542225 201.66724545092453 81.18246837434467 148.03626200988973 0.0 59.58678111637147 105.5203808626247 0.0 157.60322386441993 84.37595032991098 240.2307024398788 80.60731759645002 293.2099617142118 220.35164543864565 145.42038167542225 201.66724545092453
133.91731488228749 53.30834179484964 137.35315081699105 83.02173648020229 110.93281891893284 98.15807373493206 82.14258943772018 84.74312048684331 61.024530623020894 96.93661890374108 41.36664104890238 83.73981291101705 29.40643513768211 64.1447906474047 0.0 39.01101767938269 34.62435781279055 20.981755755280062 77.20994043726958 45.07748917215524 73.26160359856014 6.739000542351057 89.91512476463834 12.196197540418225 125.57770210574604 0.0 135.09491850880056 26.121212110133783 133.91731488228749 53.30834179484964
237.29625727051507 217.98541393505158 165.79621201505557 187.55417691532747 156.56300517906698 137.89951447003588 35.469188232951026 195.05534242059198 0.0 105.6909321165187 42.23660532151288 6.156873995402535 143.58441784997137 0.0 218.9537366025283 18.13034651206455 288.94948682963843 71.82488628218243 232.1354558840319 146.88581237637476 237.29625727051507 217.98541393505158
81.9150903750709 0.0 101.58089589452244 36.10785332805853 104.66581464263412 92.70300222963903 42.02866613210014 100.81154597657536 0.0 53.100120445355905 40.211677211411086 10.823810386482243 81.9150903750709 0.0
151.35258925493991 64.13578504973741 189.008684849029 74.43531539802065 232.27791044659335 123.77417268964531 171.88703782596002 137.82300096815015 146.8463252106224 198.8742413455007 87.20765276310846 185.25416600845483 63.03363025712875 133.109900376398 83.84563409061923 89.58151813494204 0.0 34.53065020094462 69.29048698135665 16.110944887898427 123.91094878674004 67.7744748500849 159.33974126014988 0.0 151.35258925493991 64.13578504973741
22.637524495218244 66.87030566002795 65.22304352704407 28.832456835540114 117.80782827857209 31.17794963647563 167.5282162854563 0.0 231.3580414770453 8.724967226844356 297.7816880789974 52.62799442327504 203.18438831373177 119.71188207460092 223.8418768715495 174.18135683707328 188.9437267577718 215.11289026828166 134.75032658240067 199.82589300332018 96.46075014065032 180.0904427438186 0.0 201.8227121814411 61.04340791550888 119.72102022266994 22.637524495218244 66.87030566002795
119.55999663861232 96.41811346743134 106.36680660860011 111.87855714153869 88.38998807546511 121.19033864390107 70.1861593359766 114.48538019321151 37.84124512958195 125.43997512960115 18.231762339637754 102.91757427506556 0.0 71.20518177040735 57.21488552276172 65.34419089849351 56.14691704755228 37.31617396983112 78.54414934700407 21.168759761050055 122.01527493529372 0.0 158.60562715853212 29.56690232851826 133.1582080806719 75.69982244628292 119.55999663861232 96.41811346743134
85.766073167662 18.453309182976838 93.78414773848402 65.82582383236819 56.74939072505067 83.50732426317253 0.0 65.52787059444476 29.137040813003573 0.0 85.766073167662 18.453309182976838
12.15498729899754 9.470997487295605 15.695418894952638 0.0 24.977316139276056 0.6502205962809597 32.250531084819485 4.682747895123384 40.199677479634005 6.8234861845897825 53.932639520967555 10.992033383647254 52.489804316433606 23.236513374076424 41.97061793555936 29.895051524065792 36.94210120133194 38.10406842600433 26.97702860487297 31.617585151045276 22.022404178470396 29.854855717131343 13.85637190524389 30.524783975176064 0.0 27.32469960197973 0.6093888447837656 15.023838151778975 12.15498729899754 9.470997487295605
179.12947114966641 154.68077840062307 76.01357210193555 104.34918762942961 11.920888022266666 99.07638710780765 0.0 3.925989209419015 91.47576589416069 0.0 206.1758300942414 23.47073812361858 179.12947114966641 154.68077840062307
0.0 43.541986669606985 57.24071013852703 10.582426283433641 99.76123005116926 0.0 132.1580700835262 13.779781983435448 175.8972510183427 11.34995922232146 178.54137986732292 53.11267677878638 176.5773025076643 89.81457750963355 141.66552845200943 103.35127059600114 114.25172507381835 164.02553394150698 66.12093985839178 135.03364260491463 5.385032978052507 108.34952658095352 0.0 43.541986669606985
58.76842646030117 185.29933150839088 63.743549123421474 115.48761432308879 0.0 42.04416149416359 87.84793548196775 26.02268552123654 141.40077573142813 0.0 190.7284164993839 31.503969134821546 253.49715317861626 66.61039161586098 229.18738751194834 132.24629309141264 169.24024415425788 150.48083888330268 127.09484472722598 189.94001106907913 58.76842646030117 185.29933150839088
0.0 52.60645169499442 25.335262457243545 0.0 88.14775355348256 12.039982305958077 134.32181959808906 1.8659471479887912 168.15242547782336 40.068245941369796 152.10348571549673 86.20478110981149 138.82911212552858 125.63161896120737 100.89528133856886 143.71082868289733 80.03902159511482 95.55650704564798 36.94512840685252 97.27225212384694 0.0 52.60645169499442
118.57901717156685 158.96179632461065 10.668087801808198 214.02296426593134 40.280065365785944 92.72747182529214 0.0 0.0 96.0157156035162 12.323476231547957 130.0124234819375 50.120817157906146 253.49197187240622 57.17089577035378 127.65883581586024 100.58450107454865 118.57901717156685 158.96179632461065
51.07229930880936 45.20032012541314 92.8872957952272 0.0 156.84334674928112 47.5988140148834 185.85301957031288 78.956521076642 228.2402165202977 80.17141562805081 252.08972185194105 113.48550726301502 289.56458944291285 154.9230835757291 239.14037507844063 187.32717893922182 219.1224749503085 215.29485977213426 187.78049603200054 224.69722628204545 155.9578645239161 281.79798550483406 105.23015683049914 269.55518541615 92.23470822140541 214.38995649143808 22.526599458108905 202.7120990000319 39.644682692259266 149.9637326503232 0.0 88.2278463716066 51.07229930880936 45.20032012541314
131.19172718713193 170.461187461622 1.0000224328665297 248.5685792903884 28.305577648527617 157.30763164243706 0.0 82.51452092864344 38.85253175562529 0.0 135.29962225172517 82.50557596307858 178.404209201535 60.67574965543018 246.69676893198093 66.90508309396022 288.87079517438895 127.39616462287847 264.0297944544884 195.66113978464398 201.1645420682451 222.70514488963155 156.34681265509917 274.11045776394553 131.19172718713193 170.461187461622
39.54620151169624 3.9903431214957976 40.089296714132686 29.787293516521643 66.98363849797083 23.934176239242205 51.272452104517384 38.01950327984059 52.79413875655993 52.03756607483977 39.38488556628403 50.983611617538884 22.74001473477996 65.68377488427085 17.93786907930523 46.06234634394583 0.0 33.36471023600819 21.566674303460772 24.522383311201864 19.825391894603385 0.0 39.54620151169624 3.9903431214957976
30.89195172315354 2.1130394338827756 58.85644488276141 24.982113706238053 20.743299689334208 26.406469754852793 0.0 0.0 30.89195172315354 2.1130394338827756
0.0 23.308625393522377 32.18814228220748 0.0 60.55973200660844 15.259851965322511 38.65082979194631 48.259357152973266 0.0 23.308625393522377
84.8512528137794 23.79915334643603 55.13397732703194 39.35693281576077 60.42897767848686 64.32369191738725 39.211272938341665 54.16164934850542 17.672957685434028 66.80976087712996 0.0 50.185054395543716 21.418259720126088 30.608961552940656 24.421601628293814 21.304928746962972 26.7348829108456 0.0 44.487137270032946 8.112370140882362 60.9719229454238 12.17912648836348 84.8512528137794 23.79915334643603
7.688579833854007 10.167281368978195 45.16468714437255 0.0 34.57914572556233 41.75876253266887 0.0 40.46613466008276 7.688579833854007 10.167281368978195
78.26211360740957 28.45608754024917 95.74146050441381 0.0 112.4333160512101 24.76986714051182 119.86402461596244 66.4454704000899 79.00691399975047 82.73473901143541 23.681548353953865 73.78137267890898 0.0 10.834707266779745 78.26211360740957 28.45608754024917
0.0 115.96668538152538 161.52033188087034 0.0 333.27808668536477 59.64659196121016 176.14827578758778 98.7292489180294 0.0 115.96668538152538
13.706254432802467 55.25561265330343 0.0 31.9488093952955 12.366721488439126 0.0 42.08878505783177 14.105855396821184 69.1352910003319 23.01989377655069 59.45018902921619 52.30541224017142 35.64488901012106 55.21426320079699 13.706254432802467 55.25561265330343
43.5286607767257 105.73175882907071 95.27341612390347 79.62750538433868 111.86656832594318 54.48006335515976 122.06152678538386 0.0 164.60268387304228 74.27882404019834 182.78775599350703 64.78586592818579 213.67540558990692 60.101036056387485 264.19075063584876 70.47849306841843 199.61106442227745 110.2834063943305 212.83897786187495 132.16332673011297 266.5080496956359 226.45431339619714 212.39702835357048 244.26925151031318 159.45969583975602 236.42929480740443 118.80999884174955 207.37439160682104 82.13216972044378 184.1656783957984 0.0 173.01737770067584 43.5286607767257 105.73175882907071
95.8673872572126 261.79995274888387 0.0 235.49904976847364 157.1595076145246 122.72266702017318 59.834168391607804 82.54676536852676 57.472859078955395 0.0 137.99509930990592 0.7453330063146382 202.97502582168588 9.636357066098398 277.7576054138982 29.549881443029804 350.26312889228416 98.49570560641118 270.4724610196951 172.56617086510346 231.10227678406866 224.32385997291306 167.8282726950776 248.17318649212422 95.8673872572126 261.79995274888387
129.4011225907818 158.10135281852334 86.23345581993973 164.3167475613204 31.784296744847637 178.99694553782786 18.515076297910127 125.37431445811896 0.0 70.70793388582842 42.068916207608254 12.68276998561825 113.53917638041013 0.0 200.90087492170744 27.079333179219745 188.90170251396634 118.80291238448439 129.4011225907818 158.10135281852334
144.4782728361521 150.51235675741128 0.0 147.34351832771844 16.905626303272584 8.954524118256103 149.71626402789389 0.0 212.54203240134234 84.94755847989389 319.3238396060133 154.4317551215747 243.44546790976656 249.45650197007285 140.408147798131 260.3588795572443 144.4782728361521 150.51235675741128
103.71233225509411 15.12404328475656 122.05573803419298 13.474891060353933 137.10564274178535 25.087113009370547 152.52878600891114 44.525608875420154 193.99362351027565 92.12418664347263 132.21457443549377 88.62843862133943 115.82848754902737 115.05247068673921 89.13331805927949 81.00141189884681 55.767011766877474 105.96886495019291 23.600697396752707 93.00329964380418 27.275133335276635 56.65971560001281 0.0 21.21049818450519 86.1648462265185 36.79196039483933 71.24606274415308 0.0 91.28807746201244 6.485234934939143 103.71233225509411 15.12404328475656
27.378460909075358 1.8610015149155998 70.84218107224152 0.0 64.65109808177237 41.68621305593123 37.71980740793714 62.59918360302426 0.0 37.44622698776027 27.378460909075358 1.8610015149155998
208.936893901085 164.08163867371923 165.68143848972525 213.43728699126194 93.4909285644134 217.10969370177975 107.98520780253023 119.21622982938844 17.680097113388456 108.06141481235258 0.0 24.2958874981763 94.14082989532734 22.201445947766786 141.77702205632505 0.0 153.90742391348948 73.20019848914775 240.29487444685918 56.17778931492257 153.41110452208562 100.66252677300608 208.936893901085 164.08163867371923
56.469471702396056 54.62449297490501 44.80338143566561 54.895071691422544 27.668348934036338 74.80207265680893 14.09102339261154 60.847370703717345 5.354821491211716 44.55332787728682 0.0 25.02352258617786 27.27671165018331 22.504647204996758 27.1728562612117 0.0 44.07525737405292 7.4756774809701625 61.45345946453984 4.17159203135536 100.406847515197 0.038708673304242325 67.14302939114634 33.860911744429444 78.36313340201818 52.882322702524206 56.469471702396056 54.62449297490501
139.15860160720965 9.673313259377352 154.88385660809485 30.647216628600198 128.30901890395984 57.83180321518466 164.81319117673965 79.80608788640146 130.26616676984295 84.77810118759638 126.10846028022242 110.31815369844034 104.00233789787052 115.07305102436388 70.032698397454 137.5961458418595 53.846599079336904 106.81081769509709 63.41313736417745 73.8939426083538 0.0 50.87956600275586 36.37701506115292 24.370320042520213 78.6730946559584 29.131813955927946 91.07718102121785 8.003484937286437 114.74510916803294 0.0 139.15860160720965 9.673313259377352
105.51937270073262 82.97004810609495 126.23833584234224 153.7101593263786 87.75598505088266 117.7041348989788 27.577733134403502 146.34819968881243 60.44670681436057 84.03853621934604 0.0 41.5036850867435 36.47901094533759 0.0 91.32011415101911 28.11948040353441 134.23228746520138 4.435149840138536 145.95567048181823 49.90663727119548 174.05914236900077 82.37246880791892 105.51937270073262 82.97004810609495
88.78984168634096 73.26539928353307 76.07373495724403 85.02418285911182 65.96100707444577 106.50625614321973 45.31468271043389 106.24334009970252 28.47936915589718 94.07356286233144 0.0 95.6529618772692 5.30585524979309 67.8359226029003 14.538323924849728 51.32598178652368 23.006153910326013 41.2221647333162 16.088448025695648 15.636242900813592 32.44691417131431 6.273536562128896 52.59916979329869 0.0 71.47871259971092 9.918869584759896 67.44424966116048 37.52275056192105 113.4334068334513 31.258190661637578 85.89778138291703 56.387103682261305 88.78984168634096 73.26539928353307
14.733286005833207 10.8599317398551 45.65620330356866 0.0 67.22791230237621 38.10415136877791 88.70059238053506 41.5482098218838 118.60324438615922 54.305163933538225 166.04603735656087 91.87127003443227 143.48003015098783 134.8604171287626 86.75066666142209 129.93292969235907 60.91194017863475 160.2952719416045 25.8510681139374 151.64172395268534 3.2233610632280545 125.97964768633722 0.0 93.56267882682884 6.868950838922302 68.86600736484208 24.456832528880824 56.01557680625331 14.733286005833207 10.8599317398551
52.75357034423189 0.0 59.44925059083231 28.97370140656858 39.701473017666416 57.319153506418445 0.0 38.61389153974653 19.797692441644784 3.5843594873301328 52.75357034423189 0.0
0.0 40.592649073069005 21.08048787011049 31.275984843086924 23.550170774948555 12.073522594229658 37.32374401082858 0.0 53.17906237661323 18.755282753244266 67.46992826945967 17.611918381173133 64.26121957216536 37.19380798584786 78.50333782341738 42.00519024783362 106.46507419737613 58.463811831142614 99.37381414087014 79.70964083538243 85.39353876216 98.05266747878474 53.576359727370345 69.06934643758646 42.10331759890627 90.31556315412277 22.574245526429777 90.35794936348955 4.347892286287873 79.99506880146706 0.9744894165560254 60.29066164060385 0.0 40.592649073069005
282.4616008783193 72.20946328990007 213.93387935003554 128.14907659368566 217.45104954228563 162.1224254005426 204.9898313391775 237.6344683110381 169.80478676078036 122.67270736351131 94.95921867228864 188.573000136702 103.13090485400814 134.054330736791 0.0 47.179858829068024 89.10600437677553 0.0 169.80324694397228 17.959183621797152 212.49643933692118 56.350060983382704 282.4616008783193 72.20946328990007
154.37808228955123 11.88349372163492 121.17308872826241 118.20846713077655 202.17166035985002 119.70255978838631 204.01098866007572 174.6607642347347 138.6846018214468 178.71021798968457 108.68594732435936 174.9249336146691 85.0470132757343 172.08262988229072 21.693775853652227 189.72559276284872 0.0 142.98537728051832 20.94918927702841 92.46465413283882 49.6145702242779 56.32804583527708 87.76317683525816 0.0 154.37808228955123 11.88349372163492
194.36052748074104 97.09659839415326 104.32807105962934 123.54886897147671 50.788421687251045 116.29204068305162 0.0 97.45824613674108 29.524389000371627 48.46386074260774 38.11544328379203 0.0 76.82236097576575 35.22576242274746 86.95619106856316 50.51052872955149 194.36052748074104 97.09659839415326
122.67223796360206 126.8901606614493 87.31676155446492 104.26224924530018 36.99394870072746 113.13123407267793 0.0 66.79635861850845 36.79243829348212 18.100640917118476 76.28817695070944 0.0 115.46419493088315 6.348668012614006 177.82245063997834 0.351346059566751 212.33965169068532 58.975635392594995 158.42106197146842 101.39292967619673 122.67223796360206 126.8901606614493
155.0270063633199 95.51090716272054 60.52075157047702 138.61505997323957 0.0 33.058472170765015 118.21906316715614 0.0 155.0270063633199 95.51090716272054
278.72962819445087 31.29382471411111 308.46318778168376 110.03613650120155 289.86601909089325 182.8238406156339 189.0467830105227 178.78839625723964 232.91508655063797 298.3236550834047 165.75680374711501 278.8277363745715 123.58277024274759 241.12410778111658 106.26711609402011 202.17455769019048 0.0 155.7973775928465 103.17340612683897 119.11642800852124 134.13399024921216 78.4620283014392 194.39533433380006 0.0 278.72962819445087 31.29382471411111
79.3814639137632 150.07700259058618 38.626037778515595 134.72222681996783 0.0 110.6335692496513 15.544873496181964 68.67864517443148 31.442333700796468 22.41946180981393 78.40279383206723 16.268656536842457 163.43053098747063 0.0 168.7060580735522 84.05472949440937 121.11577805867725 132.78933420461084 79.3814639137632 150.07700259058618
29.81371100463322 134.50833157942247 0.0 66.90022676701444 61.03481987717397 25.437589031845604 123.81056883947052 0.0 192.54439530954699 40.83609937112384 239.70504668343068 129.33120466133823 157.93055381479905 192.10525113918803 74.69663198487349 186.69192994273655 29.81371100463322 134.50833157942247
81.37794015179684 175.02147480287988 0.0 125.93094466545404 143.00452488525423 133.8860611449878 126.88525539136208 79.95759116054171 168.7309970364629 0.0 207.41474195801982 67.3662155756809 241.2874594995616 100.68700050700393 153.7357555800875 141.3825936249051 212.6028101474537 182.1296445421801 196.11746712730863 228.40925217230296 145.32002935446602 235.4632459841987 94.52231361898818 227.1715377181008 81.37794015179684 175.02147480287988
117.02203718130669 61.28971204038541 100.71098438219663 12.276786376355076 128.73317212460518 19.615633168597974 166.267573866013 0.0 169.46672774139023 41.68270033908284 187.76582646716398 62.907252340423454 266.15521622524625 122.2694317983692 177.42938166827545 124.4040047590747 141.03547053761767 125.66441494923194 88.20913133250562 221.23353524955832 94.2298816487673 107.51817903933323 3.1313121028537125 115.0806763167945 0.0 51.42832159978546 117.02203718130669 61.28971204038541
91.08913184355396 85.8796476780494 77.08932431866235 113.80846583914143 47.737615798043166 112.40493124360356 18.856540970649803 114.90281223150438 0.3159362371870884 89.66750332406644 0.0 58.84059265625123 15.167908488568344 29.46800747025317 47.076726545545284 13.478465207097358 98.81180948871238 0.0 119.91373063148039 49.286854662027295 91.08913184355396 85.8796476780494
140.48618999222452 0.0 277.19181979822713 43.78224920151011 187.68754011171106 155.6146000865261 0.0 240.45810243875792 75.22714927484964 56.31785059956768 140.48618999222452 0.0
333.921367665318 318.53511096765544 197.07393023359253 207.55216003748123 81.00158392805812 302.4063523947308 12.746235746531454 195.2421105259116 0.0 72.36951276741993 103.70697782795258 3.571272694167675 200.2059286095031 0.0 250.00895457009943 58.62226381548412 320.99106698156965 89.74011541957705 217.17372489901902 137.5956025979886 333.921367665318 318.53511096765544
15.900104260599079 27.388197877035495 0.4918207315866141 22.04239445695518 0.0 5.643247135477381 15.41442753919037 0.0 28.1579389017612 0.4328012319270442 40.44406242336329 5.092977193388904 42.286206285508456 17.553805778354786 47.15875435867797 32.67867288267007 30.35746215646182 33.10126760676059 19.778021339025713 40.57115914783539 15.900104260599079 27.388197877035495
52.3829014238728 196.52776800614072 0.0 179.90743584343926 12.97558118079175 121.37515268468475 14.300151675861656 82.80607624302847 34.457304097198474 49.17677358066571 75.27039669376856 51.61600613438172 102.25304240691695 0.0 111.00540998988279 77.78593682245769 172.2457149989572 49.381033844067936 214.7511774748942 82.33074068354837 196.92232433743376 128.4901277169598 205.62794547580285 195.70913622075034 119.3805770207033 148.63580776441398 98.65911392013447 203.84360209984806 52.3829014238728 196.52776800614072
197.1491522611758 0.0 147.01155291095392 88.25987574929027 83.03467616669944 153.13664578446117 0.0 96.52187779650308 23.481624988610946 1.5650776033215195 97.73971243664656 6.736136558178892 197.1491522611758 0.0
62.83830395845175 207.69122017357236 0.0 169.95029848700696 12.812744062326104 100.42658415511343 29.736546451914506 0.0 126.8747833740048 12.62290044027884 166.54383149312514 80.48071720785526 236.6989781271427 128.5132058800504 149.8281394163442 168.9634011665383 122.58189770176774 232.17493588525593 62.83830395845175 207.69122017357236
73.9448577236265 250.8224930878145 69.39771590355612 162.5469250190472 0.0 118.14706946678842 68.13584992651577 63.02145115070375 120.47492702517195 48.3345743285933 138.53249954168962 0.0 186.68119027488325 4.710918511703753 234.26491056695727 13.191772531885064 205.44802314844594 85.91393968749934 353.4321798662211 90.70987167469643 235.50056625556877 129.24181256153875 246.44649707418424 180.32721733991033 198.9373408166966 182.89367813089024 155.83966571612007 234.30677544728405 73.9448577236265 250.8224930878145
239.49661241828366 231.17128787608883 172.00002652159236 235.21307631909136 134.30733828046564 254.60828681158588 89.5655954077351 241.60160975658587 103.83534750512598 178.40640372734376 0.0 173.98658357313144 26.832148799857436 120.21399829100027 28.783701302990067 47.00048716337007 99.11805970959792 43.897818769614815 164.8616839625603 0.0 241.13566242983617 30.084167134904618 268.5700329716024 106.7318129624677 159.58489729444625 162.59061008860894 239.49661241828366 231.17128787608883
162.51582358162838 84.47261386624511 193.1328743552872 107.8605012979131 243.39430563157222 162.63077099594577 171.57634184566137 178.33159442673633 148.03309941718797 229.96708832342074 110.0508922389477 147.51383158481775 38.146623757063324 214.16521073371527 39.20806628308753 154.41538923733495 0.0 111.19443021675765 59.11630955576774 83.74055850226966 73.45499039315445 47.04451247204318 109.17469859411423 11.725176900650553 171.01847418718438 0.0 162.51582358162838 84.47261386624511
209.62731208413652 33.221160241239616 207.6097362651298 86.20679684308915 152.12199687948225 112.51867109596755 197.63456792485954 180.25287316167135 151.54180483183632 205.76876707257247 102.19044542838537 202.8493381362822 64.16731273258799 177.3134058880325 42.853507465122334 140.8446560600118 0.0 98.44819238442632 72.74297413221078 74.64883170224545 57.09042134076646 0.0 117.26792438833903 39.965537280604195 162.1331857670857 13.91113992407054 209.62731208413652 33.221160241239616
0.0 84.73842892126346 52.63589393549941 0.0 163.51712212813112 2.4867193025536096 265.53851961272903 119.63685511847257 126.42958259080613 163.65675375746827 43.99054338773071 163.64656997011008 0.0 84.73842892126346
158.21670205061315 84.08091269334776 91.43592531459701 102.59959318409274 71.03987633305802 132.6818531327208 39.48876970772411 112.53464962871125 0.0 58.301120627813006 52.33160228822115 0.0 116.94808945249254 34.55029868604129 158.21670205061315 84.08091269334776
71.6061515686502 45.16398626728081 130.08003913466484 0.0 236.47685234227083 30.208124278642615 137.39491652848108 104.06951055079448 127.33881065935651 169.53154688902669 55.82994176991076 163.42178833845935 0.0 94.01585340476554 71.6061515686502 45.16398626728081
7.006182861875338 31.85732376368245 18.58170881287287 24.504707911168545 22.772662999013157 11.545643461766552 33.85700910239951 0.0 44.203234194360654 24.28912193425652 68.21140610875679 3.366554849077808 76.34345309475219 18.87852208431388 89.90366374758389 32.70957385841084 66.21573741100795 46.831681692096716 65.90277450838215 58.93360934037481 51.74742877376412 58.17517137307021 45.553673832364744 68.02697208866914 30.636307388597224 81.72055651359494 24.348319168801815 61.606636417244495 0.0 63.57614740459939 27.982994248086662 41.77201136053305 7.006182861875338 31.85732376368245
57.424250481631404 0.0 82.35539314680423 19.195244528485986 85.23564390830244 52.7198675243596 53.769662225217445 61.77692147845471 0.0 62.28234971268435 10.19716520094795 5.784603041367916 57.424250481631404 0.0
162.46910649112507 67.4202497330651 122.46979752881813 87.00017393644899 102.29023372922205 90.01504088714888 102.07506159500176 105.03101571970575 95.04626740818426 145.7923340699091 65.27485878087117 151.70290840744053 42.73091411957799 133.9099929513983 77.03090533493446 83.10906882007781 0.0 88.64479710923341 9.776151963545345 56.038545331790075 51.56647907967772 49.66885250925378 49.55334358510558 12.157290510416203 76.11638874943186 0.0 101.93769705345986 17.122500219173013 135.5601446798816 12.532261608794656 131.31237869482962 50.5425988772443 162.46910649112507 67.4202497330651
70.72379830837997 173.20005678236305 54.30151923248721 144.75797802667267 0.0 111.78064150365174 45.6837441790904 76.10294172791043 70.66518322535083 44.32358147068766 118.31933660916651 0.0 184.00307651196826 9.991993429217402 202.44796859036373 75.25146407829362 185.7714444601578 126.30230260485135 149.53779188803085 147.45517520073125 132.67870141935646 169.2709147437288 103.58879635805549 181.26792154613977 70.72379830837997 173.20005678236305
38.68905086889982 11.084116299041327 62.800723505891376 0.0 77.56360840525937 34.409500450534736 44.46348189313448 44.31788955417204 0.0 49.41106735793106 27.30464254825369 13.32770312564071 38.68905086889982 11.084116299041327
47.08434552007082 107.26776161662049 0.0 90.82668993761764 33.25586844194678 54.119239420457276 29.40708371170325 13.44859755335223 76.87423573718424 38.28495630396152 100.02649829465416 0.0 136.30822561926362 10.70805836871871 136.9696294146468 48.24811643957456 155.520213734331 80.50165142224567 158.45599009678307 129.54049696226258 97.82023246318073 101.72976104816995 71.94706418706059 130.81839266852785 47.08434552007082 107.26776161662049
61.8101695923128 21.097951844299594 105.4380255181232 0.0 142.93506842156384 14.259733884868218 180.14840297039316 24.954387082765187 153.89262580358272 60.2689949740436 182.8362252079757 118.63203437392909 129.5344413202841 140.0632652926686 89.47688369979107 106.49020741297423 0.0 84.3601589469695 61.8101695923128 21.097951844299594
