70
12.335651045555636 5.9231337851345955 95.98119628885973 0.0 62.75217174260141 52.80603525848296 0.0 95.94538173060869 12.335651045555636 5.9231337851345955
105.10353345773203 115.98426489184828 0.0 98.49366171666567 16.212753890054998 32.16789593648609 75.78609848598038 0.0 134.7367681374448 21.958189445053648 187.6208424513012 3.8799651683824266 223.2208359716169 47.23252688474194 218.34246443166762 98.64718054213435 211.03138166054347 144.4310856422719 171.44421531491125 161.24330851276898 133.09085430379787 219.9534671599323 82.00533461688453 191.99327500446822 105.10353345773203 115.98426489184828
220.52738913771427 183.40111688026366 191.34673043803397 222.0517218554247 145.49834591748925 213.25162677223668 79.2720139693364 231.70705428446567 0.0 197.98764246074688 68.06857745625291 119.84675079019236 88.18730660811445 80.74827877884223 110.47287251775995 41.54831887806189 152.0332979446747 0.0 200.39488905307454 30.831864153934234 242.38334433496854 54.80174593149184 242.5121417309512 106.87527563141649 276.41044429183137 158.26068932877462 220.52738913771427 183.40111688026366
75.2567310458517 0.0 96.9842041194938 16.354515194846087 87.35567837486784 43.057736289277656 70.49795754486266 60.22165892362635 42.77662213734783 68.41112157157555 13.653824327388172 55.65727388537458 0.0 22.253419730115453 32.137375893199874 2.186227855304395 54.55575102942697 13.493862538447786 75.2567310458517 0.0
90.07754646044835 66.45130927859185 105.23853167488603 57.23251120686121 125.53376285451223 59.41840074672629 211.46544206940388 43.77533098635664 150.16233484126502 96.434723964182 150.72535116205944 123.28703535097792 152.36457721863388 166.5056943651009 104.31987735671169 138.29778114327246 81.16332764128916 170.43336058897228 41.03697090550074 174.5483435267605 47.050541492546984 125.57220932052296 5.082691117952294 109.52314972416634 0.0 70.91209067395286 68.72911135315736 76.64484011774381 41.52848518373057 0.0 90.07754646044835 66.45130927859185
177.7197712036417 212.43877974440068 117.48790563465786 106.46872275522341 63.982785175451035 187.2206138992969 26.213958420228835 150.8612161624809 0.0 97.56398959226256 82.57342545518408 78.44324105074095 86.432674249913 42.71962340572955 121.49991042680227 0.0 158.2116499257799 32.7101095809757 252.6691743178306 24.64029261951481 194.51683159697603 101.94609085287452 194.62800023160946 149.16405147662573 177.7197712036417 212.43877974440068
45.97339068236437 0.0 108.6160029206525 25.719320965490965 58.43835408404486 77.72586290513449 0.0 44.721247432673806 45.97339068236437 0.0
280.33771845176796 230.5858524995663 181.89474605013683 204.60166322697086 126.2701472938474 225.48859802760995 65.76731166028304 191.05724753241705 0.0 93.98785484453013 116.57864089377179 65.7956957985087 188.27550983773628 0.0 252.10071904904785 65.87583033593674 297.2114220752234 138.64148668393403 280.33771845176796 230.5858524995663
172.72419077692388 40.3423883908856 147.78027992424776 87.67569963198261 162.10914644568263 109.52224210121706 130.89491278277598 117.72918782790917 122.8350953525845 130.240923190121 108.27687987552645 134.10089312831064 84.98540590664365 153.98009317229833 39.74255382340732 161.00016609573078 0.0 130.567006837363 64.16229440931201 92.33859839850462 10.735457727119751 34.05535086168348 49.85471323137975 0.0 105.41732150127282 89.29065396051635 137.4131986113272 27.470248305591497 172.72419077692388 40.3423883908856
49.77259614247748 32.065949398799155 88.08552077791207 28.592139119042486 130.2398756261843 0.0 135.11615044186448 58.55900010153367 187.2566198319684 66.87208860584224 160.94994921765957 105.55209331040336 150.7918244529977 135.77842661696272 129.30668169638608 163.54481349407916 94.37074819415602 183.10525607444188 45.87856105303666 182.3010018390963 31.702840173500874 136.47055369254124 0.0 103.19802168471924 20.196031971578805 61.094482154888524 49.77259614247748 32.065949398799155
57.03437890044046 15.202366186363633 44.53140735869735 34.14704221137711 28.912892912916107 54.97377745039762 8.037074036640277 41.145067564489466 0.0 20.472553853229982 11.942193498263563 5.916805215574826 25.484746684036963 7.779908176491006 41.498945218164295 0.0 57.03437890044046 15.202366186363633
93.26623283971168 112.74181015201765 50.345615203598584 101.18614924479064 0.0 89.70517969989206 33.295445889471665 43.60641920682304 25.124143914159703 0.0 67.70606397886148 25.951635217518778 97.64854474073165 14.880979044259227 171.69335040381188 31.05242740513001 114.47772410394873 74.86471502497218 93.26623283971168 112.74181015201765
105.69388824102947 66.10750839683132 132.16891641191395 14.29479852937186 192.73106415248307 0.0 267.24539458867156 1.3124185218341324 333.2410640929987 48.864328290506734 306.5356217106165 126.6494296878603 218.10123767929792 141.3838820780702 269.8654574814434 289.61278500765314 182.39996990473918 214.70742765168717 123.23947924382203 225.21549205429943 78.35554420855706 176.3500538984295 0.0 112.00567574950382 105.69388824102947 66.10750839683132
113.18815997215287 94.01035602579572 172.61703460199118 72.98949640266493 232.46397335167956 100.39598552139344 134.33408774439926 150.19536357696472 134.4691829137419 172.35387904717987 123.65076034908999 192.77726260527393 103.11878054895028 209.26637154924188 87.31750884019225 156.64593366832105 61.92623157536049 183.2381498871796 38.53170724472196 173.8926984744073 24.125509170074423 151.57290608696303 18.146157755709226 122.66477766846486 0.0 62.56023866010881 68.73267334159377 96.40515097957271 91.1075522301213 0.0 113.18815997215287 94.01035602579572
0.0 39.496643862397924 48.26408975172194 31.13304439356711 65.96125380108188 0.0 96.62223403401364 40.076001695371126 124.7807208190537 14.339840017178176 131.45055192450886 45.77499070211333 182.20044940536815 47.36922277189892 169.75506396576088 84.372370053308 95.16560694685415 81.29933402833252 120.46675682231812 108.36543217218365 131.00311707502058 177.91775135463917 93.13197061728722 123.13960252036243 89.14652190111227 94.18231651798668 95.16560694685415 81.29933402833252 63.546483881418226 93.27033655728088 11.781046839781766 78.4436138914067 0.0 39.496643862397924
144.8087207470447 0.0 143.53466398862238 47.27702573220293 171.77747003638657 91.53399877523925 124.78956392783627 116.90178360599445 78.14594070338134 74.50984920792528 55.671208697545765 138.867702855242 31.939398527979073 106.92844788402705 0.0 82.02999443691304 5.2110811397459 44.75064763385018 45.06859609243689 32.82702820657191 63.71319331159722 13.466274612389725 82.1166229022479 43.130032517024816 144.8087207470447 0.0
0.0 139.99580776741988 5.445880496956249 94.57280277847406 13.498985619825959 59.31876060273697 29.959220421250848 7.103665697394192 85.1922565967532 0.0 119.8931590101908 35.80091109858102 167.69048009440496 65.8494419200992 182.61131098266554 126.39790226567975 99.61975617747774 127.17739366191056 73.30150273370337 112.96257532711564 39.02385533955095 160.39306074990708 0.0 139.99580776741988
89.30272117879377 103.37253422478312 0.0 94.02820731477192 51.8270844647615 0.0 165.44621895006162 36.14389589068327 89.30272117879377 103.37253422478312
18.74054386373041 43.74603754022648 18.73439463842969 26.630746895364894 0.0 14.853659741755123 18.161888491204394 6.716635170229026 30.115569955239124 0.0 37.410906605575164 13.209141426772533 61.264667858938196 18.58777496685711 39.262028920062335 29.030991846890487 33.58513496664932 39.908650508061285 18.74054386373041 43.74603754022648
23.491112820033408 66.16191263226979 38.947934528113464 30.01758322099269 0.0 27.831134048451872 0.5826347312356575 0.0 38.18708796162859 16.723617425771437 47.51675673101927 2.347429504406122 53.178283618270626 16.44009322451386 78.25660336331492 18.407046980968545 74.15247952147382 36.895422817201165 72.36581275605967 63.25511343499174 44.671933943924984 44.2252210220275 23.491112820033408 66.16191263226979
36.033821093893536 88.96883563723765 0.0 77.36765344306622 6.531725616074169 41.80510190121857 10.705693329330117 0.0 50.73450437583634 10.66996467629238 93.92977401775514 28.530038694426487 52.46703531127852 59.90601784231962 36.033821093893536 88.96883563723765
27.652798604495246 0.0 37.261214825017746 23.637491998406276 56.584809371373765 7.2907627067254595 58.436581428592774 23.979331438421667 76.00338876449118 32.8541327443026 49.9545339257817 42.4717913179788 59.79695611350084 58.83876120729025 42.17499554414975 53.265570200435675 35.410860748970734 50.950041972964726 29.724034919989577 53.348526884555866 19.7056038158361 56.72158627274338 5.280864146922639 55.18236922864108 0.0 43.534917495464896 9.909436327011122 32.670492592893424 11.054095357196985 21.92364713605882 20.56099080621358 17.447735507674963 27.652798604495246 0.0
0.0 21.29446162400845 36.6223977865055 20.995862622470895 42.94372126820505 11.496740529225036 59.66889942560239 0.0 82.81785649599139 6.65656946191676 71.72106100502083 30.424922946276496 61.91550615283617 39.664561621522 62.37862824568519 58.12206133843627 45.22114531997322 59.25065747262359 35.57586307136643 47.27171363597671 12.859147924053985 44.430404720500846 0.0 21.29446162400845
24.792045232255134 70.7607845736535 6.4438210018861355 60.999848610134116 24.16047754143449 40.45526745973378 0.0 18.86396770022666 20.085769167235128 9.064422668648653 38.780987740386905 10.190266627946677 52.22335731527346 0.0 67.17518955954893 5.6515834067683315 62.25326331763341 30.48002318667036 64.63483561086308 36.34811942961502 77.59685437024747 44.31495309209253 90.03616360242258 66.66547251714158 66.76459174968181 66.6367480704152 55.16735941751068 75.67428416334363 39.10386632133057 78.22382918833591 24.792045232255134 70.7607845736535
328.82508788306336 6.720031909927528 276.432156080032 168.93790790740468 163.39595987072352 195.01221056834467 61.36875077622071 156.10345062196907 0.0 0.0 166.14890315269568 103.27033629495742 328.82508788306336 6.720031909927528
0.0 27.05873993743684 140.52495928269764 0.0 186.17589287987306 152.82428134130203 41.78114923237889 138.03683252718548 0.0 27.05873993743684
136.76670242555087 118.74679644953343 73.46582490365692 119.22411522490671 28.670899842563983 109.42258613869808 0.0 41.875515563263555 71.10872049180908 0.0 111.42367330237028 59.764603716309 136.76670242555087 118.74679644953343
0.0 61.312105013391644 27.854172714669552 0.0 94.69939837399897 5.683234229646665 121.01238724634379 49.32323711025592 146.53301224060772 105.83126141203803 83.62283020105457 119.99251850494332 60.683726981291116 83.18101895616377 0.0 61.312105013391644
0.0 18.96013210667209 8.133514998875754 11.685977034909797 10.866815587911034 4.211396877057069 18.542792917650402 0.8598459091787873 28.9444032168672 0.0 41.105100452246745 3.9719941329181836 50.92592448252405 16.862825808289728 52.24129233089393 34.8413040248996 24.18393561892114 24.336511472873227 21.32947115724167 46.55469355357137 11.775514784859041 34.27068735603592 3.6662304754831325 28.140701809332683 0.0 18.96013210667209
46.18625376051058 65.81099419226283 33.18488925644675 56.169985208650196 24.180588627625696 56.10695880565664 16.276340641918694 51.51188867520285 0.0 46.7919934953708 7.248880971980867 33.06736847446954 19.640432027929066 28.022175897336844 24.826735635966827 24.178167273155317 25.923472023483413 0.0 38.718013655354596 11.02943383995919 45.829475902965854 18.336534632376804 59.97984596997597 20.448408370734334 55.84782493532012 33.8225888825875 67.57869843384427 47.794375053222545 56.049281637707765 57.490272947978404 46.18625376051058 65.81099419226283
55.50332876155311 92.33261990344641 3.681897077426555 96.36065242982778 0.0 47.7467251506127 14.369822955442658 4.194717042613526 71.24897748910101 0.0 116.81963137849591 55.40534114785566 55.50332876155311 92.33261990344641
49.9890941633994 0.0 125.03448150515325 51.046485095625044 61.03904178515678 100.89357748957525 6.160888037492953 105.17245999191297 0.0 43.59946297656968 49.9890941633994 0.0
98.79224909531527 0.0 216.72096172402274 23.642190578446915 123.49014682489084 107.42798232941031 82.20513560567748 161.5866612023342 0.0 117.52767674764839 54.00740836461273 54.286381009279594 98.79224909531527 0.0
124.740944137108 229.91577388153343 58.8240295401977 272.47304785044804 44.4313627776618 205.2718667486 0.0 169.6135099547238 117.9390996461618 135.99842552778225 37.50416794904095 75.31004854050391 108.36474299981774 103.11426193488263 108.35272317786405 0.0 161.02169225492645 27.68454654240695 189.3161339382185 66.00422447824681 283.3619586955589 58.61994029421054 299.83714759441057 130.89681084658173 304.8245123869174 207.59499702149066 162.60388728903794 170.7630983105018 163.0710089989421 227.22484717706348 124.740944137108 229.91577388153343
94.71333622545062 179.5703057819152 81.81315201522483 106.6039222142586 0.0 134.88786499031914 36.967422264220744 81.5131282523479 25.40072281339809 39.207441955887376 56.9700495686356 9.00795719444811 100.361498150798 0.0 138.43111375549054 16.430434545114096 123.66388138349149 68.59499621645723 196.48422250871067 88.86170929017608 181.89039515299277 137.56729308081802 154.22344885418514 190.62834953416453 94.71333622545062 179.5703057819152
52.76416804456895 41.295591101632695 36.94172547626107 48.4829865772692 15.60499452565206 45.910792184172266 0.0 20.64595128769851 21.647431241402458 0.0 47.497907752448356 2.236265892842951 62.611897553881036 22.875392030336783 52.76416804456895 41.295591101632695
118.9925650173853 74.15051200953432 192.85489519663338 110.0591345942605 119.05271141273002 101.50593190712222 113.39223313481001 122.10926604607518 92.93249898383392 118.01616033420821 78.75330724876676 111.12614573102526 40.63777866060798 134.92397039206293 11.492494580238116 116.0030871764837 0.0 83.89807399750993 38.92145677929625 59.590763688173084 3.6740916847189737 0.0 79.02930520408111 54.64881537587401 86.4816849469461 34.61318267004177 109.15468813630298 13.757747244828316 132.73457106517202 25.582551519607485 148.0726921769505 45.90708439478631 118.9925650173853 74.15051200953432
169.85709075981913 71.57003876862052 205.27481936157977 110.71647723700254 197.68077270162092 186.34203971126044 125.90169508600135 194.0244231726117 85.306183735569 140.4643792030035 0.0 128.38391549620962 30.695244164413396 54.53140635166409 65.79163985367842 0.0 127.0984607360891 33.67193653890838 149.6014915449231 53.362002797932035 169.85709075981913 71.57003876862052
20.00380348445814 78.1813142948221 0.0 0.0 73.30830010053492 31.277692468065254 85.18376411541257 80.03041600497451 164.9068295630645 58.65239254954645 125.79592298470236 106.97784894291073 88.85409598143893 110.52560182077926 78.77614902640167 164.37206716806406 35.10376879044593 153.05217840801845 6.898368295362971 117.53496400922127 20.00380348445814 78.1813142948221
24.226353325073845 49.79082375561605 16.285171707613358 47.748400152395696 1.48900159253175 43.348903310982685 2.418169285289366 31.009494895209578 0.0 15.195099400640409 17.22678930737287 14.082550206964662 26.930176825074483 8.907510910887375 40.00647943060437 0.0 48.89407603285932 12.285874634704506 55.64196604947777 21.248778682340408 52.88384125532127 33.017722142122615 75.9556409070795 45.03824337971523 46.27072012276854 46.10187358501825 45.12124676020932 55.717878834890364 38.952254790779605 70.5644869067485 29.483031475713048 52.33611799038403 24.226353325073845 49.79082375561605
26.207400984161765 61.08255968915469 0.0 59.269652922335354 15.790245925401166 33.45869641337484 1.0719766049886061 12.764941664141617 30.0245453075742 17.295305054801588 37.76432762152116 0.0 53.84884244390139 3.369119359180047 68.64428484896155 13.3439134575504 65.08399137414219 30.729795555960322 51.89035476820338 38.36421980119577 54.896223130207915 55.01541828444054 41.079500849725804 48.143058761514155 26.207400984161765 61.08255968915469
75.40796368575424 99.53945539158632 0.0 65.12739967916646 71.80373606090545 31.08282710114031 147.30922424613726 0.0 93.05906814131836 61.16175489574134 75.40796368575424 99.53945539158632
0.0 47.11962963128208 40.923861291835934 0.0 94.96142716778323 4.203375216931477 69.10238376761734 63.61837668809267 0.0 47.11962963128208
38.669710169267915 2.2903902655448007 67.43794011358494 0.0 96.74388385092375 5.311455412653075 103.19869038030954 37.66650453552653 142.79118259241056 44.02026710073956 116.91802839253053 75.27095558249516 195.18344797966427 133.59963120694084 110.13985474548876 121.84111943447114 77.2872548293278 102.163095943404 65.11062979702982 138.160370324356 54.178049977785406 102.14349054018727 51.133684050799744 88.56481029804324 18.312054535185737 93.79952849315275 36.26078925509755 72.91562545708838 42.69971114737065 63.13098562509967 0.0 4.60202040128695 38.669710169267915 2.2903902655448007
34.157687860881936 47.480495417011525 0.0 51.449293021228826 1.2396687853237438 16.385229464688365 29.438999628032647 15.230396534056538 67.70297039314704 0.0 48.03897836245878 35.620459989481645 34.157687860881936 47.480495417011525
128.67802482431014 136.7807963297438 102.36552058749824 124.56476336672445 98.83899664571545 86.97845978322766 93.01515446250082 87.4975918103229 50.00407811769086 92.35462480185967 0.0 57.048122040433555 50.45193509532147 40.58548533092884 80.79800553712707 39.02128328072336 98.55436885458377 0.0 122.42966558216888 31.483879708664873 131.4922744949116 55.02036216127327 160.42782869182685 65.97905181029857 151.51016079951415 91.76506637483949 157.81638661594042 126.2033601805333 128.67802482431014 136.7807963297438
52.68256193774283 5.012211644640544 64.35059260068745 11.27711042401883 66.23064155464688 24.395701988287215 58.611602040769355 33.34836072648315 51.467790527053594 38.81195072479895 44.0258116547529 53.57823960301596 32.27153641808974 43.81857854202369 21.22722290401012 37.48698968773951 0.0 25.325775806169545 14.449300301167128 9.91991144892539 26.76142384445481 0.0 41.08353047369948 4.613936018499146 52.68256193774283 5.012211644640544
226.51436112361222 55.780038123280576 375.8849242579321 0.0 333.4699339215714 124.17245297125767 302.25563730329816 188.14727468890555 247.0357412472971 216.13426211662886 209.05598650886412 242.05847787117807 176.93490229884333 197.83316687349085 73.24658314931395 259.01380036847775 95.56612249950416 171.45398973412065 0.0 90.31763618376084 108.89017396313443 57.97465420885956 168.9763210578856 36.370758641058885 226.51436112361222 55.780038123280576
237.0875956590836 83.56688448430282 247.9111918676635 119.87715990541733 305.9530646820893 150.7760190311738 286.98350023799844 203.99430501867369 227.46120739446388 207.2087490704898 178.23399629839486 253.00403622472865 91.22637716220851 251.6509441392551 0.0 187.08378607105448 63.65063200490482 86.65803762334866 121.1476689643718 31.063253818343014 192.73429380769477 0.0 237.0875956590836 83.56688448430282
145.58297591208168 47.4306041264146 125.170910622674 71.14008205086992 99.87908448154498 77.86802896582853 89.60268609639823 94.98305882261494 67.89069038453542 128.19189343391864 50.76018835375679 95.57010430188583 0.0 104.96784391692799 19.22708979334851 61.19492869012206 30.5254614705579 38.305114120299926 34.716964450927975 12.753925821102804 61.099268586532986 14.326837160087095 78.17487523216826 30.381301885907256 109.94108102173172 0.0 102.40768961897783 37.27586943845481 145.58297591208168 47.4306041264146
80.72072940211591 0.0 143.02977889988105 63.31296276337686 257.4074841849383 158.1098679254089 120.27592536825253 194.30025651705228 0.0 198.86732831536727 25.657635573013692 79.07696493653685 80.72072940211591 0.0
113.2735536209217 0.0 182.93519844301287 91.88443295293139 98.40207777532106 128.00327112628537 36.39036837258419 136.1286123014449 0.0 43.82521254669908 113.2735536209217 0.0
89.22729552350667 16.939221365827585 108.94215522162142 24.132204036659594 145.56452248166886 40.263756356638915 111.46444944295396 64.85316005411784 112.49488658988648 103.93544449059686 77.0652879023824 75.16911110922649 52.777599987485786 93.1345484368675 38.36160012163563 71.46409328029438 0.0 50.16721174245824 23.164161120586698 20.610631482838038 48.492147839112306 7.637203847385102 71.77298463556662 0.0 89.22729552350667 16.939221365827585
88.64760285046823 119.40319417899605 71.10529381146898 111.99752011873397 0.0 126.17689392193955 31.78098222168012 79.76499527611254 8.144084230174201 39.189085080623215 46.589152617832326 20.47210355162644 90.68409325226459 47.36954392930727 107.7068860786603 3.57628710631883 142.0752913476954 0.0 158.76701913410494 33.553860231914044 192.68162883627537 54.63549437057584 160.09440369295362 88.72613490974972 161.89758900661988 120.47151011007074 139.40066115045843 139.67343599070227 102.84288924852835 88.12834269078017 88.64760285046823 119.40319417899605
38.36517566072075 24.188588457480733 22.60207820000265 58.95057192625168 0.0 21.994352147716413 26.696201686346328 0.6467784912208572 62.22016152533507 0.0 38.36517566072075 24.188588457480733
86.08702201157253 83.19787102949492 97.18460659081335 94.49989450421234 143.0287349236197 51.31349466800323 140.35763686058652 90.70107129150414 172.8069108249229 110.12600064190487 211.5200574302462 156.85716469474954 155.22686744767572 175.95025366156136 114.3187247844511 172.56891613196012 90.11673650932806 154.51945585713258 65.28642188386867 167.2739888919757 33.09992244045819 163.6271651632186 0.0 140.46526195951748 47.49641712210952 109.55157528485545 6.639556236893384 60.495806758752046 18.308584592256196 0.0 86.08702201157253 83.19787102949492
18.165103015118945 84.06341970724607 0.0 35.97583057395977 46.23371880077255 11.996176546468604 85.8502163992446 9.671924469602232 113.42478122389763 60.558910745122176 149.24968270495037 0.0 195.744482819707 9.02254072296978 178.94402892190453 58.31156560295442 201.6315610834406 95.16650390290118 165.70625074919056 116.66271649019501 163.37615077825532 192.5629158197222 108.81983781991198 141.40036186953216 82.69400900717517 125.59567915744998 89.24338082787366 87.08795742559525 18.165103015118945 84.06341970724607
0.0 19.792461240921114 23.01520586625969 5.425374078329668 43.616009116511094 6.265544670067769 54.935230156574704 0.0 67.32502191366835 1.36471568183498 80.39057293113726 7.11192227238935 85.74234696350914 20.06791329326822 89.12249660072239 33.90913426361854 80.9734917480595 44.668880983023456 77.83795704354328 62.694762872849054 61.17783481694026 74.91909024906988 38.4194001483812 75.0561905600427 25.856679940324597 57.6255381072381 25.369355941159313 38.4294439152865 0.0 19.792461240921114
0.0 110.27320632459067 47.46762295827028 34.07562352953303 140.20411267079112 38.777839431155655 191.91631723686578 0.0 221.37334002646358 88.66368036942525 257.9413205463091 92.14384381779647 354.90696631253326 100.26117704709243 330.07244063589366 169.91365371209278 262.73281766814307 191.07247868716985 236.10419243808772 213.2350705020503 201.17473464299042 217.11596835800555 126.88975775997588 318.0274902926194 145.10572069863477 192.69764598972523 129.27461791609016 164.6286775117402 0.0 110.27320632459067
231.79157719149998 2.8303104566392605 248.63083545110996 157.2029441979921 101.52964042448292 144.00285657404234 0.0 101.53946476966806 106.63120483077986 50.51263478359386 115.21481410583478 0.0 231.79157719149998 2.8303104566392605
185.22537208625238 195.29150438837473 60.65085652695802 244.18772908508026 0.0 175.63879088801662 112.41391100937528 137.2898429120071 136.23282657622957 97.10540901017309 164.97798561970865 0.0 231.37990142109794 65.59521879184075 351.8070587693508 11.998297512400882 327.61102484502464 128.2670354283523 252.6553317703017 186.31861295284128 276.1664711571107 229.36050723402536 247.03160280738038 256.79761350897365 199.25400420390878 204.38386655314886 173.0166660752879 269.24622244733047 185.22537208625238 195.29150438837473
0.0 10.461285661082158 47.27827257387678 13.872142669123264 61.50672349978076 1.0410607650052839 85.98111225319495 0.0 109.31849243359054 19.84050886277582 109.70135748757471 52.90062675348685 89.6361471550122 80.38488564925638 56.11295988389908 89.93672810996213 44.28204051893174 51.84418742962394 5.615812458023747 46.21507811655813 0.0 10.461285661082158
212.50449230830196 160.92958083252626 178.32243559934588 189.36076429109266 129.45724753185112 187.60446480731946 48.32234532337026 187.82128267518522 94.81167787344481 110.3252513659972 0.0 20.245552066491328 117.81058257437039 32.5100177543635 166.37662204319827 0.0 205.17113326108787 42.022155410932015 248.4780158658535 71.08453422401873 237.62803391305664 123.02646995336674 212.50449230830196 160.92958083252626
0.0 16.424300995578307 18.592305796322236 15.270753497988593 23.424750432333212 8.712784719031873 31.641711973790876 8.719464044504491 39.592746810951354 8.854413536639626 63.18990821541615 0.0 31.71693638332897 26.86128826811222 59.30840982127816 30.743700634880184 49.11463335908847 38.539709502795006 43.81674110978781 46.039312255819254 35.76180708231857 53.873252763529635 28.65386872949105 36.530691045867854 15.806846635018871 46.74884933180279 1.416528517751047 43.52517331134334 6.46575259981762 29.134732938935983 0.0 16.424300995578307
23.18005833369449 1.653813543137474 63.851401201410084 0.0 54.47432128588581 51.08196367879451 0.0 43.518710573058954 23.18005833369449 1.653813543137474
61.27764334600106 2.1720204410239745 81.15164437678837 0.0 85.3380646811159 19.201082140064003 71.40426090101309 29.39138244718538 70.4784671148741 49.34870209421135 57.57072343127456 33.942909650821946 39.19031647147732 36.421724974871665 0.0 13.141773225295708 47.09461948587504 7.2942877129030705 61.27764334600106 2.1720204410239745
32.322734291449095 7.335629232519423 54.21856235274488 11.763576601023715 67.5970653764535 0.0 70.97225515930721 31.06337340848745 83.07021436472404 28.035681171065875 87.57353728604382 36.32716302790881 100.17831668811193 47.88560175259789 95.20056704592683 61.33830436171158 88.8916904289354 77.67230462780995 73.21728720673097 86.08346723558012 53.087932424650845 87.9359114997225 35.220000462584395 79.00901241863914 17.965498853795623 66.25463882144193 0.0 46.16978854140521 29.166789753639662 27.941258164974414 32.322734291449095 7.335629232519423
118.79916180607641 0.0 196.26563445041495 131.32727292673312 73.95412204809686 191.93224895809482 36.901630295084445 112.18287560774048 0.0 29.235446760203033 118.79916180607641 0.0
10.091188976798321 31.503050101429217 36.86323172487816 24.113240736814724 57.88125589429181 33.961971011807684 53.92865743392743 0.0 66.2053105044945 17.445699053632048 82.32169825848308 11.521035913228339 114.99069667635793 8.776641698732938 134.93788181471882 33.57611403413775 112.66484769020505 57.469497810994646 107.72397428237517 82.63919642932532 91.33334910027456 108.34784677385082 60.21675627683176 81.67688733359407 33.020737874428164 98.46945090748855 34.099047937990605 61.57368721584708 0.0 57.21588793625701 10.091188976798321 31.503050101429217
264.6584346020984 146.4540710102916 292.47474243020207 214.4242602902837 232.26501119597054 215.21986166347637 195.17573880156203 251.2320288112914 132.35621180688662 280.03498650312974 110.4854214180377 204.63475830348165 96.06009151241469 164.68494017081616 0.0 133.78923661473567 91.83512507006041 92.41879761598243 91.55200369554203 48.40333180770682 117.21268326585175 0.0 181.5207320158925 120.0472950468958 206.50013911401294 36.64182699549855 279.73302292863013 0.9034936035657637 293.8987643818466 58.50376740120125 358.1702591146038 104.26330668983002 264.6584346020984 146.4540710102916
