70
183.562326280075 220.84603858374282 140.01050885863225 272.0490396504513 86.2778003228961 258.65591504876204 54.76865754469583 211.78004400206476 0.0 164.95940844759525 32.36408944675665 102.22547117886747 63.71090478844292 57.87036095846602 153.74547539193586 109.47866230045665 152.29616311601143 0.0 195.31513166242826 59.14350649580935 219.64718750493103 82.42412036889999 323.84267696731615 57.56187247574381 234.19051939158976 135.94746042056266 216.78517718336877 154.69251354070025 230.62715735039458 186.23788230103054 228.72704246499583 236.0006517968875 183.562326280075 220.84603858374282
0.0 211.43207772101778 58.658836112423785 129.7073881652356 3.2638807787789403 58.55723657105567 71.1981066725373 28.42413405503379 146.18430122814672 0.0 219.77495693625394 46.56372830837931 222.0176546099429 128.38644687097394 171.56842059139183 173.1994231570635 134.819003895229 203.39908227935692 84.92131402168823 210.6298075953837 0.0 211.43207772101778
142.8074034298399 8.210072012061971 230.56332371200568 29.038152327074933 206.29301236465813 110.390291626407 183.90849103661407 194.16562468399985 95.76833010447722 162.9040602077838 99.23139527942301 88.89186335823003 3.840514419407725 89.64833842484703 0.0 5.687579182551019 84.20118936341282 0.0 142.8074034298399 8.210072012061971
0.0 40.84814752797228 71.24472392010017 0.0 148.19516978234984 1.4426857354770988 214.28957994928604 75.93877149944386 130.16731668000764 124.71415699907094 85.94486750566155 111.73323416846013 0.15132593669969197 129.84717794749832 0.0 40.84814752797228
167.54414864320856 0.0 185.22438656334518 87.51445773037409 256.1399101783766 141.69353814750352 175.77580254398868 177.8235325530918 136.6718069223195 121.01898334911293 0.0 191.64890995055555 2.133675009028053 73.53064233788743 109.66204192645858 60.921647073954986 167.54414864320856 0.0
179.5648286191036 38.553518143919355 122.65832484412452 72.56106015801532 117.07893047284296 120.79070279783377 48.58643959079629 151.1409845887365 0.0 86.11046618455836 25.2662153703954 15.292029962240854 84.29746069821604 0.0 131.48701463142868 8.89546539760449 179.5648286191036 38.553518143919355
0.0 231.08747520062167 67.10890553445653 62.323849266718 153.31052085625288 0.0 256.7118824254402 86.50294644729298 172.23514438510227 177.24355762060446 0.0 231.08747520062167
54.39188667841427 5.736955908423035 79.36159963459643 28.131493144009347 101.69329065796278 0.0 110.35839974211018 21.98638619003642 165.7022779072169 45.56174676228691 127.59626945165358 75.85517905836718 106.1398357350281 108.99474767892548 58.99796380391048 141.0594448438616 5.885604157346023 112.09315187858772 0.0 56.63634419469749 24.029617687812646 19.471691043111285 54.39188667841427 5.736955908423035
55.66006352855882 11.44756776632505 70.0086854934934 19.61130760127776 51.69312702434567 34.00595386518286 71.62398515708495 51.3132700713397 48.125248838519795 48.392312301411366 43.435998621943156 66.43225104521147 33.68242587004495 47.26214447874561 24.87191948227266 48.20476913653506 0.0 49.14902422611668 4.016876516354813 32.113550249810075 28.341392028595806 28.935544021341897 35.35078976172497 30.897239210328465 30.806763528809455 0.0 44.059132200882075 7.554031014661206 55.66006352855882 11.44756776632505
286.74240979356546 245.72841019467666 92.95084300597478 252.85142987545828 0.0 146.29548113386699 72.82600612164266 0.0 196.97573509986304 76.93054814785134 286.74240979356546 245.72841019467666
24.478858047020594 41.5236559283117 0.0 13.936260183186533 26.30121632879809 21.123186266068615 42.63318523636843 0.0 49.27382119446389 26.597396077104165 65.6537693838288 32.5229282063038 83.39219002964248 52.51871549296679 71.64640551577995 73.61294559567384 40.62291417454384 59.22957731027992 30.356916628464774 71.50241546731425 16.439254262825898 64.755215377509 3.502266242134695 54.059565791824085 24.478858047020594 41.5236559283117
52.8571480213661 82.39816828570298 57.686976245161816 25.685229272705044 107.92043832725933 0.0 161.27468830569163 9.899314838112545 166.94635887555376 73.99010050266934 197.74095910182587 100.5703579954687 264.5821683390985 156.09233256629867 184.54481115107032 184.3569836070158 138.52989200158328 184.67689347258747 110.7780047679129 235.80056556980804 57.29339638754544 239.41840310497602 44.1785881756054 177.32556641560242 0.0 149.39542507471526 23.443962117343432 106.63536921595508 52.8571480213661 82.39816828570298
64.27090772105574 25.260247185179686 99.03878165076674 0.0 149.75711578257162 12.578835548316619 177.58458923107352 63.42567004824413 147.32871627593607 110.97580553656856 129.50675383081096 170.81639436231194 67.89618714262087 151.01395522133743 37.18941215663585 119.80102230073645 4.688972667953749 96.42292043275705 0.0 54.8288822729108 59.52141681258303 57.740263679927466 64.27090772105574 25.260247185179686
0.0 106.60810290982573 106.16963297716161 0.0 151.76243679412252 69.23574850649685 139.48131264268267 146.12298702624688 0.0 106.60810290982573
27.738935446893578 45.14702164137417 44.26591679246789 31.53933849767374 132.20751891168678 0.0 103.51960072167542 86.96778023808231 46.98275162585702 102.42998876503397 0.0 81.19378866237219 27.738935446893578 45.14702164137417
183.96205013100848 14.23817107904906 238.72113857499335 81.33800319958468 108.81633344445311 64.44929415727304 107.32484954982188 93.62478500480364 59.058100177611756 122.77289541812152 44.04703394746073 76.36386130357971 0.0 6.277676283881853 80.61848091396273 0.0 126.23782275436639 0.7957150072068373 183.96205013100848 14.23817107904906
132.73993548541023 124.0522430689392 0.0 119.04347679320655 60.08084813339153 26.818583138717244 157.5135247859816 0.0 217.048635856975 72.67931207957913 243.49917454999752 158.42891763568267 170.5266745452144 236.82016339474262 132.73993548541023 124.0522430689392
0.0 40.762241299358394 57.12080881106384 11.953918946752104 115.34188000598925 0.0 166.2167104129603 47.04590285623985 107.03256942730033 88.6995861483937 76.45597024514761 145.54229295920499 41.57680980785116 92.23034305087855 0.0 40.762241299358394
63.153094509183376 70.30631592679526 41.139569272418356 66.99240212236293 20.844909277359392 66.73745548526546 10.830455301557407 49.75254589113112 14.156177644343657 32.94181479876849 0.0 3.4531753587150575 38.1616689322514 29.96728591804593 43.86443400608704 19.22635084662889 78.20268416168273 0.0 57.694088987688986 32.81976308172875 64.51957537510461 45.65502407006508 63.153094509183376 70.30631592679526
60.318740855615204 29.89270894507959 82.38100125172926 63.53227644976326 43.87890519448902 56.16943012881114 23.867701131047795 58.109607068896594 13.851799153315724 40.810159136545636 0.0 19.033116010980663 18.909653966914775 0.0 39.71283960348889 19.703632450719212 61.83898275040852 9.10536503914011 60.318740855615204 29.89270894507959
76.87590609322918 61.42499963851533 62.98196702646311 65.70221937819987 49.80983397611823 59.769816461230704 0.0 65.53886655219755 40.48398675814195 33.780434227015164 27.729262891314747 11.448466996079745 49.563267069069184 3.009079029904399 66.30082483312948 0.0 82.79577685009005 5.090650210925972 106.48142279649424 6.0381664759924405 105.82122578376546 28.218189711973352 79.87624732373615 38.591839617128414 103.80105446611573 70.28835543171097 76.87590609322918 61.42499963851533
40.32936441040674 23.116922066979534 50.08772916640288 11.108675508521223 69.78220975769965 0.0 66.1591490150048 33.45907643756863 86.84640026009524 35.09734293347271 103.45739746414588 54.47418120500816 83.78619677274966 68.94337016987251 73.6743431601191 90.76765488665532 49.606527904822556 90.54211589375907 23.573536041073396 91.40072032803772 0.0 74.48421674300141 41.47256111670292 44.4744537939033 23.070244411144785 28.43496793483707 40.32936441040674 23.116922066979534
63.30950269575921 29.832592645231998 161.70005530858958 5.221223154430227 153.32373063181853 102.11830995873302 70.65013694911399 98.92622566849172 3.483684583464033 151.9401495547478 19.422559535182295 65.29776862173125 0.0 0.0 63.30950269575921 29.832592645231998
126.68124228550109 124.5805415255106 61.815001020763944 136.95856838679984 0.0 86.05189010140707 26.31220963997854 0.0 101.90733808084441 28.823048735583313 224.92709674533825 45.90510570211454 126.68124228550109 124.5805415255106
170.91256416878807 228.93053083239926 141.93823099840088 190.325606457684 104.76096127668842 183.9526545646092 82.16728456497007 152.07935831003527 0.0 109.06581439389895 76.95484091758098 70.46054801824738 64.94149012583844 0.0 139.65800409109227 23.171789196383514 178.90958950498498 49.64223725329174 211.13251209840112 39.56510148438858 248.7588514885205 50.02233495388944 279.92743935746824 79.0938297585838 195.20683333981717 116.74761592783453 222.11897647115336 137.71962599027546 240.29230549375757 187.926146850372 177.2148015990909 116.08331160748786 170.91256416878807 228.93053083239926
20.976742744141966 76.79622957817372 0.0 12.902509431010657 85.0655914955766 0.0 74.01510009530341 71.91392401840922 20.976742744141966 76.79622957817372
71.35118456025766 9.571628600054794 154.80806766755205 0.0 165.58027592879333 76.74429083178188 117.7251744454575 82.65810305196707 74.85621244018898 152.53382218343444 0.0 81.75840333289305 71.35118456025766 9.571628600054794
27.74355640639841 50.03060290936614 0.0 15.786214631478416 36.87639174325487 0.0 59.71612842588593 26.547322734946718 27.74355640639841 50.03060290936614
49.93499296732156 4.365759361308882 69.80516414224245 10.126352167808129 95.0876460409902 25.792848735149512 90.50547414057311 56.63498336219072 64.30285101748746 66.53448558429861 43.21387322129402 75.14833481833236 9.05802666613917 79.60280179345574 46.68035147516048 37.59244911468898 0.0 18.098762663408188 23.7303795302453 0.0 49.93499296732156 4.365759361308882
59.20159376909331 137.74530085498384 35.50207484688679 127.81825275507576 37.96468354844947 99.25601654494231 0.0 80.1011008704909 6.666541238153158 48.902653845454736 50.29722025025188 55.08268393475866 55.1457301624678 0.0 89.25087861195092 21.98515539898974 125.25651357482278 20.9256872432846 156.20702119861502 46.47758293834995 162.47810109182447 87.48083330191065 121.18520780128327 110.27886802016187 71.99135639600664 84.72071815941875 87.43053767588134 160.84895693661701 59.20159376909331 137.74530085498384
171.60311212626215 146.507325747036 146.46017815888706 194.60944452750246 58.48909270659816 220.066051633766 101.90253237434396 122.32639275093484 0.0 34.165437932432056 100.28804099008055 0.0 184.19713702395208 7.5518563015337605 230.6782248456338 65.5683290609274 188.63654909384934 122.54027161164453 171.60311212626215 146.507325747036
64.22433961252895 267.6744141849331 91.8942441243654 114.23274665792977 0.0 0.0 133.47235958498499 8.726567267884704 173.3881050992374 70.6945999313775 290.81875152094335 124.74074931273407 205.68899722886405 223.77204353496748 64.22433961252895 267.6744141849331
104.63337051786024 27.1782720998616 192.5193037455764 0.0 211.11143080038067 90.9955374877241 286.79541736703266 160.6295581108255 156.44365425298574 151.96458761963 133.49115325810124 228.71696635621439 64.53130494798486 207.72567529872524 0.0 144.56916623540354 29.325475390198022 55.042728915191105 104.63337051786024 27.1782720998616
0.0 51.014988675517976 55.08754997221355 0.0 109.48989499167409 33.529392436855396 105.6476850744097 92.19550004574535 46.08679169855648 109.11113599210358 0.0 51.014988675517976
168.56063935401215 203.74127503083417 116.22404709278716 113.04128014011486 95.2099046909334 125.15590384810953 0.0 157.16974652495992 21.207626809707946 91.72601240293588 9.856792807161852 36.94037641404649 82.64636997593107 40.19725085178505 109.91073334756291 42.31098918461481 147.18959932792063 0.0 176.53037125404336 29.669163876130177 153.79149376869498 76.77592878772614 196.7583483923068 103.71606950340217 246.31161244933315 190.78624026912564 168.56063935401215 203.74127503083417
16.494229634197836 30.08005325222264 75.98146370940506 54.474357403258274 87.68630735567807 0.0 124.91509979787993 5.567141823744294 144.95954825221654 39.63848161637013 225.60209717147123 36.961835801639666 233.9178059110919 94.67448425447506 137.20596054457084 110.87763195594276 168.1935189171387 169.09525789204974 119.87802934381043 163.34126260714015 92.56017429111903 133.4039760773179 53.25318505838638 166.02386434034815 28.44519060137955 141.87601093227624 39.760779620405 103.8836109150895 0.0 68.06741494218922 16.494229634197836 30.08005325222264
30.334955416613155 102.2562544064177 0.0 55.27008069415207 38.6388511654917 12.280478161129778 86.69330384639456 0.0 96.17470539491002 67.86224985103372 150.90396059144015 49.61128163978293 185.68214460502998 95.3275543456501 128.8957023436387 115.54680814639582 97.26160926105543 133.2875871377799 46.72442630119514 150.64788308187022 30.334955416613155 102.2562544064177
52.485238611387445 57.63403451501803 38.372223511257815 68.75210631888335 18.56183736665426 65.27090133406351 0.0 53.579477779795454 11.28579052445177 32.13260309939625 13.834664851861746 16.923363460376407 24.321952744649977 4.294618364412798 40.40626484736562 0.0 58.83574221922348 2.6754689850241817 76.26396942188309 13.784181965890667 78.88144854038553 33.794213738052974 77.85558346225564 56.545654163648024 52.485238611387445 57.63403451501803
71.5312249983522 75.12136476375363 0.0 30.19043844775024 62.13501298836209 0.0 98.00071487524963 15.518872424214663 71.5312249983522 75.12136476375363
13.83472252097063 33.37866455532239 4.302265764508576 33.13183303771662 7.183916636506581 24.661486918958204 0.0 16.379940387638683 5.563777325828056 9.234520911874682 10.091954451962707 0.0 20.624642188755033 11.770093543570127 27.002033595526328 8.815245650181495 43.17097359644259 2.4299180217989687 52.95548173179618 12.057441309803735 34.67815581687502 24.112204603825347 22.869621949217915 23.990530509193732 35.595267604569145 41.75916448212523 21.845098743156782 26.664462912535797 18.118954789227374 39.406106195096015 13.83472252097063 33.37866455532239
64.57856877437358 4.764214907482433 82.10751101678045 29.73999751193427 98.73650661519335 79.79502607356372 48.05688790950167 46.20046312102614 5.726273570056122 70.00368756662272 0.0 25.82135028916465 30.14903279568732 0.0 64.57856877437358 4.764214907482433
69.12918259272081 78.63813400565449 43.39138001662546 63.663258757159454 35.013821244926916 49.65059426230707 5.204912179426287 53.84992568523292 0.0 29.294461675762506 22.544176744747887 16.91512351967006 35.94549011302183 7.021460949735271 54.61915521851925 0.0 70.49752283446578 14.80915995849692 92.36469196875589 32.016099904570126 70.79351781646875 49.93728538069786 69.12918259272081 78.63813400565449
225.46438516700613 191.01058538101432 177.1253061373912 228.6464727297168 124.12915766593918 230.05967438038596 96.02648254777185 185.49979157009932 0.0 205.38337879807597 64.17857056065262 132.77516133450317 3.0965693591325305 61.67439296553506 93.88936216772075 76.98303518036826 125.54628250621137 0.0 179.12400094703145 47.66962705113272 163.18321845618928 113.7984412816466 259.30444458495475 135.39635725355708 225.46438516700613 191.01058538101432
228.91840641606302 67.69794426096992 199.45843403138167 120.39755975940217 95.53269579365 224.14551840743462 0.0 95.33376159020918 107.2254522361246 0.0 195.06325291057993 5.067406618717371 228.91840641606302 67.69794426096992
118.93906329501215 81.67022445584979 94.85319441952373 89.7465727917054 71.87002086464774 75.07004934247303 45.667311953496295 104.1852122963007 25.59457164363755 87.2411593926283 42.622119871633146 51.86146641883176 0.0 39.29600869755162 4.203014162092359 9.438764682754218 63.85183596807549 35.13764567052939 56.60938246710613 0.0 74.6008978404731 1.8608223955014438 92.97491065410189 3.4598765213334346 111.15567902995181 14.237004973904753 107.20917221493913 35.61811653384968 123.8416133203115 57.10320916485821 118.93906329501215 81.67022445584979
239.13718922451193 69.4396512172413 210.9209306548313 124.36371743648448 213.41291735931964 164.36093774813872 165.3268593067985 175.50415289402628 116.9069655102217 137.02779094074154 119.08057307408659 218.81292528874866 75.76047506694712 238.2866906731025 70.4147479554802 176.8908525045746 0.0 183.49942553195348 48.843637562651324 132.11923359070812 36.94542055367843 100.95974042214601 28.38324495607604 49.17058245319322 57.62773841745106 0.4581607458629833 111.35259886237357 75.24277193578493 160.93724723777166 0.0 204.24350670458205 30.631735943211652 239.13718922451193 69.4396512172413
7.478494609094568 45.91801557623704 0.0 12.984475395521713 35.97419541502532 0.0 55.82667852140614 31.538165539828753 31.323542889955277 48.73739835133942 7.478494609094568 45.91801557623704
93.52307792968735 17.71135827455288 84.03600645213574 42.619343984547314 56.80339832413554 51.13902714246369 57.36714240209757 72.74914610494791 39.158037091837684 70.154177782203 24.528093625131262 71.09490529460892 10.757928506913473 64.5230312804713 5.170734077840592 50.5880298201172 6.9333117251789105 36.8856317726119 0.0 19.326606628401933 16.11516734545522 10.07710673264647 30.39741234083249 0.0 43.32173471028322 13.520169289517895 67.38730122718279 4.651816153333428 93.52307792968735 17.71135827455288
25.928140485644377 145.5997130781135 0.0 41.659473211530795 115.69919850242708 0.0 210.98023655894815 100.88594374703625 97.38083031190448 140.5184680721905 25.928140485644377 145.5997130781135
254.64082498612882 228.06680764647896 226.89290771383185 299.1422635845704 152.05440360551165 314.8406722195542 108.10045879536523 246.74279403807336 71.50202212191056 215.90376221964573 10.046544887960295 173.2889204525361 0.0 99.5048815747979 64.49917826591332 59.568127076187565 113.12240312401619 0.0 184.3709331534078 32.68170510954393 241.42796058558133 62.16225655908558 271.9062377149661 112.30314414853814 329.02248723088996 177.99622438834132 254.64082498612882 228.06680764647896
142.21173870001292 153.083638054308 0.0 191.1390706465237 63.99032972906427 48.57590856963074 212.03307092002626 0.0 221.38678427809822 144.3570713606333 142.21173870001292 153.083638054308
143.42390002942 0.0 276.3500928562237 76.57392362777355 205.08489313454055 224.62615451526437 48.289799241422344 218.23571323951478 0.0 59.80081990776482 143.42390002942 0.0
98.33163136179164 83.27667368829165 81.61716794510603 109.49256755594556 55.837919404805774 88.36162231971724 48.81184597827723 67.3421037409417 0.6126206448852543 79.10509604622237 6.664870421527354 46.823128790884006 0.0 11.788134184491163 35.65608149934047 1.9584550506651297 62.28015995904981 25.533716123487046 81.2871719255328 9.854050304941453 124.41710250753239 0.0 102.23750626304255 40.7123599571735 148.66689892237352 74.26041683278507 98.33163136179164 83.27667368829165
149.8011091257432 38.78131252897929 127.73955743379638 76.11993472491717 164.33341786185332 108.3509562729635 131.37676368392152 128.0393956002036 97.829370980185 98.48879489235657 69.94531576028167 148.41364980036428 46.979882994102574 119.64319952361724 0.0 96.47990013635732 64.97818522921686 69.46764914074362 25.509057051423 0.0 90.23973137239392 52.623704338204575 113.39209422446778 33.993465757140655 149.8011091257432 38.78131252897929
95.12144330341077 0.0 161.0120641899466 27.886377347047265 155.7684692739233 94.28406637565432 100.3754218026251 119.64230631769368 76.11372818595711 79.52620927420658 0.0 18.061345440817604 95.12144330341077 0.0
0.0 80.27807630162263 5.202339418659513 21.681511792666022 59.24382551694399 0.0 114.41445647565502 11.012736419033786 65.97303138753657 58.75674053051018 78.64796161157435 80.52335085654886 44.145665887562565 112.05821170826948 0.0 80.27807630162263
13.918320850850279 17.989224227246666 11.31833396765147 4.406999646531972 28.85050816843416 8.643943564920207 34.41995279523624 0.0 41.141280019922746 8.54836700071229 46.42934491909986 11.841957851383285 46.31325977303436 18.389165060616605 65.86883030939302 22.334207000002905 49.092425248935015 27.725108294486162 57.840279599761544 45.76139716949558 46.505705961517236 52.37399504587816 32.99654288323747 55.5936169273013 29.7127587533479 34.63388587015109 16.582028654319345 37.10831038838667 0.0 30.70483695357754 13.918320850850279 17.989224227246666
24.575718404889642 97.14271656447309 0.0 79.26847414066458 16.112491473474392 50.727293900197054 18.75497774052863 26.7733252199467 35.289350815419766 0.0 65.80955013232222 6.322389766500109 95.19929657195138 9.303474904613537 83.5701891864893 46.7849827020102 158.16452502711485 70.69298920135049 108.30531746098939 96.78409176757066 72.44671458813946 95.41277849514768 45.874899578428284 134.20604770610746 24.575718404889642 97.14271656447309
36.36301727876091 81.41616454367626 57.94608497358857 14.376661140243101 130.10505331943853 0.0 187.91291940284003 28.525592232077955 185.08410947687975 92.01786066795906 287.4169767193525 134.3350725885894 240.07488862485312 202.19661038434222 155.79579781777755 188.78780105513127 110.07769573463115 212.43428379315188 95.63686743295276 152.7536483694314 0.0 142.75983173161322 36.36301727876091 81.41616454367626
46.782106779345625 76.88568111399974 0.0 37.545407960132934 63.36918234825875 40.65699373866782 79.60513107351868 0.0 85.05882567327022 60.30227662431689 152.7621123688927 42.40788472340259 118.16272657009476 77.61514126684759 116.17114813530425 113.58762918874146 83.19368748270834 147.41139521422184 39.526681777411895 122.62915183909351 46.782106779345625 76.88568111399974
152.7992774388693 79.69304855470072 142.9213559806176 131.0235548826849 82.82703963246186 110.73691335579618 54.230290755419134 115.52568501101548 28.330962168339 97.56017627764614 13.656580717863704 68.10772375829833 0.0 25.228556850714504 34.743982676218366 0.0 72.28090737593736 25.897539583812595 108.64563072780126 7.192363983011454 129.52244162896287 38.2040063751336 152.7992774388693 79.69304855470072
304.7236864791632 231.72745152832024 186.82454359685357 204.80975782309073 156.55752516730485 249.68576755724666 106.08329451725513 268.69831510608094 62.698617599744956 233.90682970519677 30.65788346191404 198.32969082467898 83.5670906824183 135.90251829378585 44.45329995740087 113.52430028308362 0.0 51.93092523302336 75.06698263807165 60.10704758623437 90.86521458141756 5.528933407770239 137.42966023687217 24.164345551643493 198.24447123932424 0.0 201.34683793627846 68.19847764083411 255.4663354671427 91.58225884855577 287.9840033624064 146.09890541354036 304.7236864791632 231.72745152832024
121.99855503353606 139.8568442911606 107.96509059077098 196.15755325264098 64.83913769425756 163.97019176250654 23.207339627486192 153.67163613491545 22.471803020331578 110.31549442245303 0.0 59.00727122264123 39.958540096012115 21.52642436954433 93.26310509822916 0.0 134.58929501392623 40.82770275927274 228.89412091447625 50.118842659768745 202.98978189626297 131.35114309408198 121.99855503353606 139.8568442911606
85.68617066569253 44.90842548713039 125.12075241584265 0.0 136.32153634691994 52.923657138278195 184.076518982707 61.29816432134123 148.1406753151723 104.30216094729536 153.92132887488387 132.5244517879376 143.2839449281154 165.9394674849362 107.29967479833829 161.71562612650405 87.17843583587272 130.39044002876324 71.92269943960721 133.7961911382443 0.0 166.50379127798954 45.98996509316802 112.234219312311 18.747151524298857 87.83593186501346 17.59099435385299 48.51809525899503 68.74609228985251 65.05791964370508 85.68617066569253 44.90842548713039
28.961672620129505 16.040412241715075 47.03868747357343 2.310220837964806 73.12565242887165 0.0 67.88819144722108 25.869540327554105 76.48935662846058 56.11825881670717 46.594847175466825 51.7910128217583 0.0 52.005852218754484 28.961672620129505 16.040412241715075
119.82110431099379 66.30508403817201 30.590366772271793 60.101985358165834 0.0 1.442955782939464 62.82415512857828 0.0 119.82110431099379 66.30508403817201
0.0 35.24260090937896 131.52617178301057 0.0 202.22033894710188 67.66127822548023 179.15326797050733 171.82552841490033 62.31404393046989 164.7641820189451 0.0 35.24260090937896
0.0 36.37420335489752 47.34320063284605 9.262313484837918 90.9485091973199 5.940234646926143 120.98726458877277 4.858668284996568 154.44160457710905 0.0 162.47754563477218 34.477909815670984 162.40955218249454 59.62454756636252 228.0127281277675 95.40259149438772 185.0744772331738 124.26777335567958 158.420363602762 157.8718305318484 117.36173230260755 142.94044886594577 97.57338306668953 110.90976915443319 25.743255365870027 138.4294819644794 41.64735867786743 82.00875705346029 0.0 36.37420335489752
3.4125932424158236 12.811290135507846 20.455733690687737 4.737887535298384 34.63736245800476 0.0 50.41307619096855 8.589414037927895 57.178485532925535 28.763441108079306 43.16430464596789 48.07595680670448 27.10682427124074 25.330305463763537 0.0 36.99912749180142 3.4125932424158236 12.811290135507846
1.013904211288974 0.0 69.48376179683557 19.965479300383805 34.054741851203744 63.619755933998775 0.0 54.94067787634795 1.013904211288974 0.0
