70
275.704736753631 226.36212823026855 203.15980491194364 225.6860831134318 156.7948666684036 177.50435585688217 111.74263109091298 192.72730652809526 76.55011648623366 164.28586344640166 6.224965629360298 118.82721619203902 0.0 27.82808959518853 129.81535808230416 66.31479425181811 156.72183806268754 25.495132714746134 214.16087186745287 0.0 256.87743751864696 44.94781175090155 205.38533246299485 112.69248513191283 321.225059861049 162.47034347954263 275.704736753631 226.36212823026855
0.0 120.78770501205707 86.05529551824897 0.0 137.34985511136387 46.69440087959283 165.57010290552785 147.71326331873024 0.0 120.78770501205707
75.2111658730388 45.7499527743754 96.09670436449721 5.290511206891921 115.57747856795595 45.282204746393525 135.8848605155746 53.59685228680269 170.50745016541038 65.34108109190318 142.53775961754332 95.8472951264882 127.39322570905827 110.17644976096611 119.90062448302405 126.81517507842626 103.72309023828946 139.34928180022666 80.61973110878345 151.01380198568626 53.87187085050013 144.00283494585847 70.24897718109031 103.6522230077392 52.44364199304255 93.82034560395894 50.61642112185184 75.55142735900665 0.0 0.0 75.2111658730388 45.7499527743754
155.4963015712106 87.9656411661916 208.01324842101187 140.15256182181554 135.86398825732792 151.64677338210583 100.25994154204258 149.28338926449527 80.5430559074912 133.40329727611663 12.63737597300235 198.46818424001253 68.70625766864111 110.31802369107918 67.61847656030997 100.72486118597425 0.0 52.56611701758386 31.322279889791474 18.616094898327944 78.40749812812331 5.2026059417707415 129.61120083658128 0.0 153.7404326501693 46.802163627124116 155.4963015712106 87.9656411661916
57.13885509153755 146.96046590109435 80.24835638851043 123.9905862889327 0.0 49.99780071956907 68.54213820736263 40.90784870597861 119.79364869060946 0.0 136.2424166717954 84.61082031555136 166.7733696001489 98.7220527044502 215.83560188804404 135.90068360289732 157.02654038114167 163.9749522507867 134.4363075223618 196.1627624424301 96.698572403767 197.70877879234575 42.34530723200297 213.82008515966533 57.13885509153755 146.96046590109435
261.5130809520996 161.665083067575 181.05884424743766 177.3773729029019 141.22862825764503 216.5799294001321 68.0891883910846 234.1904158154035 0.0 191.54308162350074 51.35909900089598 113.64975435473158 54.184567539739874 60.582670460763836 105.07223453466575 45.00148255607243 155.3791990562413 0.0 176.15726695821795 68.22459166234171 192.32295210661047 100.60747949457065 261.5130809520996 161.665083067575
196.87067992825095 132.10448497452904 200.51191853835206 199.66149857704409 128.21713902062572 178.1804506197136 92.21967011203887 153.86897271768015 25.81150297732279 219.17197275966197 49.323465891427134 127.70437226966949 20.94958484093621 110.83230936442908 0.0 74.44101254127322 53.41596410463754 62.48387581548637 75.85740073808688 56.69806102954041 86.69831161957329 9.17048081116981 123.67840876675018 0.0 149.05958203165852 29.197312372066428 227.05946739690322 26.294437755283454 168.89760039164517 89.57859858489867 196.87067992825095 132.10448497452904
289.8616252611231 184.95300124476867 237.42015173138637 250.44899075793654 165.90756320432888 213.45475527739777 124.5805676363086 167.10083598865526 0.0 125.86359081627882 8.490738647412428 6.8409608599419585 173.28278836816256 57.26330238803596 203.21884710687482 0.0 263.8459555501921 14.130308760910623 348.60129101708515 42.27056077476098 323.1238044850253 126.56193088712648 289.8616252611231 184.95300124476867
0.0 98.76750601031621 176.20495655161923 0.0 264.30843811449273 144.9737888672498 345.67719144889463 307.9407766729987 166.26182944407236 322.6407015179338 24.97955473981392 287.1293575079176 0.0 98.76750601031621
130.5307527183639 48.51528170438881 156.44462013137615 34.02249657932431 210.98309709461842 15.165266610686572 185.0483896641426 74.27402970651795 302.84510865013146 96.54530999267193 242.58768550229306 144.99798811659753 208.6819692634812 176.8987316380643 156.66593408532162 163.19662605337328 129.1899559284846 194.40934432636885 91.32981269700312 192.58112989496595 122.45042743378205 105.67625888768137 94.25477693789475 112.26061688269596 0.0 96.85654301488975 60.361691441618106 69.39686884347441 83.43742779477053 50.90001909997066 90.38015149514169 0.0 130.5307527183639 48.51528170438881
13.71362207947152 27.97087161728416 33.87826996076144 0.0 65.87059579588546 23.3685654220713 85.97436157191308 7.726851993117705 125.99306844671945 13.841104003850674 125.25205411955473 52.6885370073947 80.61911081709917 54.237759307865545 71.00729669948484 67.89818267597585 40.486598780595 89.57655209115178 0.0 70.16883985133562 13.71362207947152 27.97087161728416
203.4461054430948 88.706059472671 247.43375682355386 138.15390420929123 150.5616578420551 126.09714825160925 158.14806489312477 220.9217416957423 96.69886226320872 198.20575432476318 0.0 158.7982517372106 87.96139564998107 93.82840306014624 97.09871253058279 0.0 166.61041505856323 68.6688140701806 203.4461054430948 88.706059472671
106.22669323619758 119.29997848634153 59.17427450919132 99.15841446457505 0.0 0.0 122.98385886504792 43.28485129881339 106.22669323619758 119.29997848634153
0.0 91.09921039392647 52.53609576448241 50.654887351607904 126.18572152839778 0.0 172.15876471592628 89.40835678950639 92.61886189297093 121.43952893931005 36.8067108892985 154.76210173284255 0.0 91.09921039392647
0.0 6.227426184104509 84.40617014933899 0.0 102.49857060534087 69.56272187917338 31.69951088099903 80.57493037711944 0.0 6.227426184104509
30.279260910920414 26.599880017222816 33.769933391586065 0.0 63.356559833534675 34.87558369390638 77.18912797460281 11.567235564232853 92.23724994522074 18.33720967209178 103.84952034861358 31.51132131272756 165.89700154730633 38.751823142200905 135.29771493263303 70.37311894302547 113.8522086489361 88.3402191620016 93.08447539364019 96.83364956655478 78.22388124143738 129.8192918536121 46.63317633574678 136.8275181599436 43.78014517196574 84.78687144323888 4.754892736694906 91.16080578531219 6.461369795583522 63.32462229482586 0.0 37.14322971698422 30.279260910920414 26.599880017222816
0.0 0.0 74.96162236707448 12.94419592074859 76.10779489714406 67.919464511277 36.546473061514085 54.278331136413506 0.0 0.0
150.65731525339484 29.74427835110403 137.61288188464908 71.51918024000207 86.79104463096306 73.02449954744048 87.75796030121501 107.10750052264501 57.73024870066233 118.0654501426678 38.00519757324821 95.12229753973918 0.0 72.53462649983649 8.134659773697479 29.53189370139853 34.982444648644304 0.0 74.36131633216264 18.25408944984634 98.7431086871353 25.614445816940247 150.65731525339484 29.74427835110403
92.50895430251491 120.94410103210245 47.23256967853046 154.2444571666323 4.595787437257954 140.37359954608837 33.322895433222065 105.33764551803745 35.20336276931462 79.89895322546181 0.0 0.0 68.12258316163083 29.702419963892126 104.38123826102436 6.550544568462627 152.1935990912172 1.0641269789452537 153.68622921825852 62.68840522084006 223.4045474312691 68.31592784750612 263.18093785889783 124.64929431391694 193.6356966599356 160.70474072067856 131.45180819800862 152.3830230599562 128.1991338215174 206.44009367458244 91.7052368374559 192.7146562369001 92.50895430251491 120.94410103210245
44.66814953991345 3.951573405437337 60.73273494304453 0.0 76.34163173514773 5.9239072741964165 86.69180496374625 18.364727959558927 91.53742972638909 33.04551602226952 78.7145683255437 44.70482190359527 82.5624597561401 61.78457603621269 66.0579872485996 62.161074795930155 53.11103290965779 80.86188659065834 40.16538954475643 67.23229875688926 28.203751115388663 58.00815535322263 13.78137485846863 44.33152318244979 0.0 18.726571703744277 29.383229204593043 10.485556279737445 44.66814953991345 3.951573405437337
45.708017384077735 17.78571501778285 0.0 0.02771129559069152 52.2172087919205 0.0 80.69473348498742 29.044900749578687 45.708017384077735 17.78571501778285
249.12273278436427 23.438366696058765 227.0301614352281 109.61355504062566 238.57334066555143 150.87366610738647 261.81363023261554 230.40004762250103 192.9069481621168 243.782296078855 134.48633162582524 244.6216134729535 89.53009095329242 213.82311906939336 81.94199482324186 161.21614279349217 54.3358553329996 115.75638752976373 0.0 0.0 115.5032038171712 20.39416764439514 171.69162353377286 45.02896006443882 249.12273278436427 23.438366696058765
0.0 105.06396134218753 21.58245571946381 0.0 125.31740509392584 4.632891382462191 158.23601628517383 78.29438040251733 258.1653792573545 66.86140664221097 218.01874023125194 135.86162298888655 205.06494149121568 222.89576561701156 124.0772538731196 184.8014999473262 29.040344875493986 198.60753999718364 0.0 105.06396134218753
139.63230677363285 160.4475168684792 0.0 82.25854657511883 112.19829037319981 0.0 196.7706168221676 49.714186131092674 139.63230677363285 160.4475168684792
134.69029043025503 0.0 215.55168127078173 80.57580425663089 194.1984664797747 170.1955319162973 85.85369091056938 202.2310129604462 0.0 73.6873636900549 134.69029043025503 0.0
30.23066399575731 88.7683862892979 0.0 55.99754711679317 6.101874884935796 0.0 61.671706750161235 4.5325827553338485 81.44836222314514 53.39887823585022 116.40843159029885 50.37012191994128 162.50196244926804 81.61048279062938 160.6703579586728 140.75238125030154 85.49474748242699 119.45737554882233 60.06384098354158 124.39897544793563 2.311712013359937 148.37758594737352 30.23066399575731 88.7683862892979
83.12031369905446 33.53513702192936 92.63431287695474 62.701523285513346 52.05836051775606 54.14033730370424 42.64508933943557 88.35719645953267 16.852065356484417 79.85456008546694 6.240870070302293 57.05063790836826 0.0 33.41088753429054 26.024268163387717 24.910713730997415 31.23124152916239 0.0 50.03573369333556 11.268591897945427 48.77936183804468 32.9568758686211 83.12031369905446 33.53513702192936
46.935744717583404 0.0 73.67769669573866 63.60192545245417 3.1366072768675366 53.442326117768005 0.0 7.382845961959234 46.935744717583404 0.0
92.57071287906166 107.42270017947601 0.0 55.946021640928834 75.82176205197798 0.0 152.08694558247427 6.22714625428344 218.1235377156299 42.03135364727684 203.6916106776641 117.02909483099664 183.88927857666323 210.82238480117076 99.50787269364203 169.6316171246326 92.57071287906166 107.42270017947601
175.73892611863909 176.0505332699105 51.814413815259854 144.15734244179245 0.0 18.86840447898487 129.99660548140082 0.0 308.39812100220604 37.14918328707461 175.73892611863909 176.0505332699105
80.43324621145476 0.0 107.36131604233802 13.983393148952864 96.07572614251329 47.30224181060241 170.52661002847555 108.09402022495655 80.49823827980698 80.82215544740097 58.77160508166983 123.27554697876855 8.68545967303325 123.63759127012241 56.5391877032811 53.010682656004505 0.0 37.080941979480556 29.916115657098544 18.12380535144888 52.133470616953446 4.601802130183458 80.43324621145476 0.0
0.0 6.409297703379487 66.41769345807865 0.0 103.46485226072113 36.99827450212126 90.51813212986525 81.3706259423018 55.524209198711205 63.07995656352375 21.116686290153723 69.46280709378371 0.0 6.409297703379487
0.0 156.0710979651281 10.462680283510991 51.79763506585063 65.62108986206403 0.0 107.8839367784472 50.07050618734142 191.92713795682943 108.79934226432428 96.12769463899112 134.6805620490879 0.0 156.0710979651281
98.6805543816269 151.8021710848711 0.0 141.56411719577108 41.71071603097242 84.24059239355917 71.10888614987233 0.0 146.25526250804785 43.78307028391352 213.23162930697913 68.38802062552485 267.37801884264894 136.41237775744992 280.40396775948074 249.33439204369293 140.71694015004752 200.78796762440626 103.44342507325183 184.89034742013772 98.6805543816269 151.8021710848711
64.55639617077559 108.35741188084162 0.0 28.994770551332543 89.69543657981836 0.0 181.6327997687098 69.32103102819966 64.55639617077559 108.35741188084162
110.64514591341566 127.4072188012905 0.0 113.82292552419668 37.07024633357963 0.0 122.12798237527105 30.549246280457155 205.48204316220603 86.8194183199432 110.64514591341566 127.4072188012905
47.919360259587975 0.0 101.1368543272039 1.6752183120555415 135.35203710335128 1.738165769987539 147.9803010312296 36.05493607119827 236.1130552240709 19.688019592656808 179.78645344163576 71.87337193444137 245.31477094637006 158.8642264891913 164.16403988168253 166.60351041016497 109.82549980519924 171.0007417075342 35.707962523825984 172.86297461411232 0.0 108.01451812224148 15.266999453656979 45.09507582004177 47.919360259587975 0.0
112.33569291247457 0.0574935491607107 71.48110487460994 86.65653464901354 0.0 60.35987099014805 27.83153585639439 0.0 112.33569291247457 0.0574935491607107
128.28423687697222 32.22426957319074 43.28709412676486 70.69562815188243 9.683934746279995 107.3015151608637 0.0 51.8147028563389 39.13413988982469 0.0 128.28423687697222 32.22426957319074
104.01901248307055 49.37315449231963 131.51396271107677 48.971526229821166 143.9173796231491 73.13809291183273 133.0948780187142 97.0385931699727 111.84053282387607 119.85225565577096 77.74775131951556 133.48410908240666 64.85042914640387 91.95865924696568 34.6811706113722 79.99757237397719 0.0 42.90594840946909 21.94538707618807 0.0 83.8847919722372 36.59523084231577 101.51511920622676 20.34429259281523 104.01901248307055 49.37315449231963
129.13760404750911 10.422493030326777 143.11132324565656 60.92796264114874 251.15583686769895 0.0 210.57438364899343 76.8046992257091 248.30128747512057 140.5522114161201 155.91374314122746 119.55826686850229 138.58124655057387 248.76045395262133 108.65612109508643 129.61936512812076 30.106227442625197 149.25929465621897 0.0 88.88004029334198 73.93689500518022 53.50485168276201 80.80920227287152 0.8641533712247167 129.13760404750911 10.422493030326777
0.0 16.15694718760112 18.496470604051808 14.857074787852952 18.193490573802777 0.0 28.908575442532822 3.0555930522660617 36.190456255665765 8.523931448808199 57.47518264061972 1.9038205963439765 66.88166735669805 15.509366243902136 68.48226297173014 34.28316553341564 58.71779717950781 48.95405963911894 36.524358732288746 42.07022668074593 27.559706274754333 48.99761707663447 14.092475483963511 50.44801602605587 1.0720826183445098 43.90967424100083 2.530020955376756 28.684720331822987 0.0 16.15694718760112
8.626339806481042 29.062474657607098 0.0 2.3322328218991686 27.16576745261176 0.0 44.00041643014322 15.191028865370058 30.718037414521405 32.16149498712085 8.626339806481042 29.062474657607098
45.57562052333783 2.422537521530387 67.24553622308277 15.181169321478869 115.04220855954989 0.0 92.38621008681673 42.2384093137484 103.53257457014928 68.10309032454217 77.70917069328539 77.78584519237751 56.37532898930459 91.54068610254089 31.543352122309088 82.75233332792888 0.0 70.20667047424004 14.978859225530925 39.08958637343952 18.60410238992145 11.59072190741265 45.57562052333783 2.422537521530387
117.08462320581194 55.4059280751286 151.59227351851015 101.22182132072155 101.32463305575347 83.45402502584625 89.57562328964136 128.7121455992461 65.78628208319877 97.76913817776904 27.434448681017756 112.87636358498165 0.0 92.16521992036641 12.507456217625247 54.751250283782866 30.051519016728008 32.14365994696419 50.85059312684214 24.025588520612757 52.785582817708416 0.0 77.55529823277423 36.92423935384403 79.89156992806655 41.22136475617525 94.02615849954361 26.038517734143653 112.94218959170837 25.354933430600084 158.83568702585265 34.55484149434402 117.08462320581194 55.4059280751286
0.0 35.83458772181518 114.93440054689471 0.0 201.07401368060408 61.5320312794491 234.36369540199138 164.02111730026638 134.55693181363847 203.42303707564113 64.14071741811279 204.24621891516992 27.075957666454798 142.89032104446204 0.0 35.83458772181518
37.425363066848384 31.91304528608447 20.65737430447843 42.53384073051802 0.0 22.56203650176984 18.985474886400333 0.0 45.76064513287037 2.46600607236833 51.21476935118927 21.51381091773999 68.22361802192978 47.57961389273065 37.425363066848384 31.91304528608447
0.0 61.25050445473774 62.5704455321187 0.0 130.5626312204933 27.741050287148738 111.85731378445138 79.73165055448877 68.8625562483794 121.34351509867903 0.0 61.25050445473774
3.4109527322691235 113.05212572126146 0.0 50.52535201480287 28.429081922093644 10.86870496095682 75.29565273007587 0.0 157.5849134703074 19.586067460913476 141.4849410210285 106.0957088403089 64.83615490449127 109.30458159802254 3.4109527322691235 113.05212572126146
21.11684359371258 155.64653278704148 42.22826720667978 107.6382551056856 0.0 92.50980922773667 20.005899447637475 65.38908585487975 65.93519807341153 75.11627507319089 56.74008761706699 30.854198882962912 82.66441888916835 26.35705401063747 106.58532348316506 32.09631696099393 171.961073604797 0.0 195.65304011085712 42.981281835746096 141.12882807135898 89.22028128909164 139.13528923896524 112.75629366618993 122.12921293423088 128.2219844772835 110.74967138988202 151.9115924871616 83.51198269453182 141.72293509107266 72.92553698686035 113.95621074512245 21.11684359371258 155.64653278704148
62.87370013145579 142.18738390387654 55.730317475106645 76.87302474555474 0.0 44.31871260994402 38.128204254155555 0.0 88.0122852394528 7.188336410923512 130.25330115511582 2.943617192463968 152.8686203593375 41.667949635680365 140.2226144052285 82.26129678158415 104.59327212845473 91.82220808263844 62.87370013145579 142.18738390387654
265.4711438121457 118.39810881422652 181.43491963800355 136.48433279140215 140.09773100951548 120.08705059518407 140.54984801104246 161.03627274888373 106.28304589886908 198.38634305312718 27.934458861047673 226.74927228055782 26.660514285825528 154.6992421930779 83.9174853232962 106.41231802492283 0.0 33.68697182084395 54.40860001995215 0.8148768664992474 113.45382504102326 0.0 157.5040205251519 13.309479336505518 180.39009843864397 54.20150796071212 131.94036929712868 108.41883765045243 265.4711438121457 118.39810881422652
221.8614982829727 172.23186036112384 147.78502346309597 180.20017615222275 105.81919942270135 162.73582014584264 65.76587062498331 201.40168977065406 0.0 202.30516245305478 23.02301963481233 130.7302203576471 19.90141490570244 90.60100111382317 60.99307867981938 75.66598852896047 73.26682230783886 40.4633626018265 112.77196450680346 0.0 176.87708882974056 1.5134345403698717 188.05514424887008 62.378250805334616 205.69634007528248 110.81738590848663 221.8614982829727 172.23186036112384
26.169118254380678 7.100956004202274 37.756283741233105 0.0 54.69308101419668 5.876418124722733 62.62017943316053 26.57087202977165 43.42967266726711 38.228935254582495 28.032036579016108 36.89236975063615 14.933248536309392 29.294448161772763 0.0 9.875560171269086 26.169118254380678 7.100956004202274
0.0 127.89004215434318 2.182904364672055 46.06240005709286 69.04878902826056 0.0 131.0720398213658 25.55943603123481 144.4013507590401 71.79939614836427 214.64724838770172 104.15993803517551 161.68307261170258 143.6225709287163 125.10587115484131 203.936260174239 73.7264458816258 149.81543082983782 0.0 127.89004215434318
0.0 57.87955342183291 22.571550721732997 13.388525919133684 69.3259290969147 40.323772380629535 113.32907654655976 0.0 112.59103065029977 49.653643799679955 139.27590540556878 91.15413496703765 86.72883600640644 90.82046812562594 59.7904986430314 120.6038799611524 32.160453594308116 92.7957501273569 0.0 57.87955342183291
0.0 104.48638906252201 4.582503965353254 24.244457244356525 90.04150520134442 0.0 249.8621682391916 33.0145871971886 138.7189945266868 159.18408583035347 27.64842311037316 212.812666948277 0.0 104.48638906252201
145.83399420113915 46.789785266372995 255.7638762467362 58.467012797561466 184.06953159161148 120.13368602205003 97.28568672863685 93.68575995123541 120.11623392421501 184.76845591890836 75.54343018419512 163.5351253372004 53.88922190984351 132.71464045174568 0.0 114.37468225356338 82.23472617691576 88.86740269444267 18.762756898268208 10.955136153691669 87.33263950774649 52.95873830645863 124.10192276739366 0.0 145.83399420113915 46.789785266372995
99.67128142536525 116.1218144525173 50.331099536715314 119.3798533519911 0.0 84.46966485928156 21.606704732885078 30.27775944170726 65.84571233702313 23.074421047594697 107.68756077632769 0.0 108.00592913134967 48.68578821709943 172.54792104599966 104.67216011043178 99.67128142536525 116.1218144525173
79.91521424067943 31.493418473078364 138.54807259740912 0.0 201.4813660963794 33.912618603175346 200.19698680470515 100.88590699914906 183.30796088331735 156.2135742012208 121.74149237563302 120.24788442325446 102.52858883403468 127.11358405068032 0.0 142.38317897747692 17.94154215784772 65.05726252704787 79.91521424067943 31.493418473078364
34.255791494017274 57.7496943026897 0.0 7.082501926186538 56.616607541194796 0.44790473007855525 129.57475995934374 0.0 99.24896223531272 65.87998370431 58.36813615359915 67.24412349020304 23.495322593505932 113.57240115734422 34.255791494017274 57.7496943026897
100.25227136406521 0.0 104.03523993845715 85.86961123951764 43.001544874218666 96.8894364458469 7.05315800727746 94.36993664065962 0.0 57.66723581160855 15.65708011761258 3.1625316452660712 100.25227136406521 0.0
155.51003348054925 234.4372582740501 107.06844825078907 251.9979727871674 61.03786052198013 228.10671567941793 0.0 198.32292642095382 49.97201221997871 139.03190473762513 33.1499179229928 72.16230423088459 113.38024116994391 120.4568660387824 140.93868297093547 60.45791270784758 256.0406405081645 0.0 286.3966223427141 91.75193783655274 279.4908798315722 178.8644489278065 220.70026936877093 229.8850433975571 155.51003348054925 234.4372582740501
45.51730301637256 103.9293361422307 0.0 38.29635841189307 42.55595841755994 0.0 98.91558158684617 1.1544037583418003 136.27555693710968 42.92620856350257 199.0161498826534 53.35114081359315 247.9232537134172 107.60852837132384 202.31284415839693 163.0616755741985 160.26906029997897 198.22265012925283 108.07200824870999 200.38760752299743 71.8082822268462 176.14551821186313 9.815833579969905 193.46848077089152 31.70721420027757 130.44893590048818 45.51730301637256 103.9293361422307
169.01271705587396 186.55302894232506 125.64368624393373 157.0850821807128 47.093063344771764 167.06858423683627 0.0 83.18174170672067 108.85008320093206 69.90399088842335 144.5435237425478 0.0 191.2731672014472 56.555212973351196 192.32141078651398 104.18277556959177 241.84732674069897 173.0772750116692 169.01271705587396 186.55302894232506
89.58764583104436 179.37569605456116 54.475757565542025 157.44082127538837 51.65159443985493 116.10968732236991 0.0 80.82102856027171 36.99371535241052 42.02115800709825 104.9866908132969 62.24135686234371 103.97453378776207 0.28050726390293335 138.7118844003052 17.237730795078534 184.73346240500686 0.0 192.4733510154643 45.194091599039766 196.4941599750232 78.028530933879 218.11336355552868 116.02350663666935 178.62866029051617 134.42223727524276 144.76815128074378 129.1978821416339 124.0649447164767 87.31357531904256 89.58764583104436 179.37569605456116
80.77263018964062 24.242530149728097 100.672269086826 31.230220824343334 143.4117798834609 34.14349217436113 141.0885757473851 75.18258639791931 104.5747105241086 88.5397834533779 79.04023953579862 102.53623924707229 48.68907808559908 91.54597675384436 0.0 60.80548924166048 16.733113699524665 0.0 80.77263018964062 24.242530149728097
62.147226544013506 170.63360485431792 0.0 67.94311404028495 75.91549732316642 0.0 149.6100518082788 35.41588822695719 184.4502884364114 142.70714446728198 62.147226544013506 170.63360485431792
23.346439767626322 15.885906264500377 42.963077210604496 0.0 60.559963804473995 22.64931180201144 106.42558562412822 5.405363006427116 99.10306665977001 41.75734123031377 136.68164170696906 77.62890248484175 95.42640565105886 95.35916232576191 65.67499770561577 102.53515500462233 40.56836006371543 96.98359836825476 34.89042444005028 69.7386940953276 20.102501531355415 65.81914728270556 8.824535201220101 51.72641425844759 0.0 26.616392551646072 23.346439767626322 15.885906264500377
171.34326590980822 2.634104611109592 98.67228865003655 77.12199229124573 0.0 100.00440554900769 19.989933002422845 0.0 70.27444136720399 12.738625004675797 171.34326590980822 2.634104611109592
