70
196.37463783368986 0.0 254.9932177939666 56.113281563504415 196.68630618820148 122.0101659896471 157.41440799931658 176.56505850940678 100.6918026393239 145.21146810550363 0.0 145.48103499234657 16.609409732942623 57.617634141830365 62.33885258881861 0.157277677076749 127.40170616363724 27.563579314248365 196.37463783368986 0.0
64.32361995102323 20.68099828083666 74.22714229787877 33.63304941460936 60.33859959314098 42.2787691303391 53.22223286675473 54.795315445289305 38.40114318541047 61.7467994789308 23.441627844458587 53.09958749849126 0.0 45.422018194367595 31.525227787548097 26.664799902281686 28.391045792544837 16.31159623810774 33.20674913545174 0.0 47.70143101034281 8.088409992548009 47.384537330565784 24.855866464723178 64.32361995102323 20.68099828083666
80.07123512330983 129.23402730790684 50.116578808024045 110.8825638045822 20.230347589908078 118.10009301237291 13.393936116521637 89.71388708460672 43.96728821002151 70.00694009824798 0.0 33.11996201366265 24.93079440561955 10.601441235168558 58.84365157635081 0.0 83.98081333226934 24.75365192187381 149.31579639605047 23.02536936809222 72.2552706198641 72.11732249517297 127.62825996317689 122.76905349309594 80.07123512330983 129.23402730790684
0.0 145.13691291758323 100.37783845267924 105.8279481116843 121.2589357308598 68.65824025957087 231.94743726442664 0.0 204.43801234368777 120.13170531865417 128.53287197156664 128.70002713973605 132.30930881528357 168.75423724059357 80.79317983783116 185.8583753393541 0.0 145.13691291758323
193.47575030762613 136.33310214567328 101.05051702225018 135.14817236907007 88.7472600044636 179.1316935790452 33.11213056306434 192.4158566939696 0.0 145.48790762403462 37.62020786642114 101.83241149772971 9.308021847492853 29.902833571679395 70.3500269192228 0.0 133.70394600274383 25.21996466909293 118.50670204078521 93.98229706422036 193.47575030762613 136.33310214567328
21.103081637995814 100.96319720377036 0.0 0.0 101.49306163199864 19.390757671762422 131.35176810386895 114.74054925918296 21.103081637995814 100.96319720377036
117.35872318434626 0.0 150.82906775990364 66.34614325566346 144.93145771106384 105.1442730535919 220.9795741562661 183.61137916907964 127.27028657990306 169.8295031441269 83.8696111469769 162.41304649883122 0.0 162.09750903740735 46.743585470227345 95.34962481037 95.24640272578444 92.61619656108172 117.35872318434626 0.0
89.03960256027861 121.95034614050381 0.0 151.1005882856125 10.352047962999563 77.08600341394427 58.54267142096893 30.02768542772135 140.59682918807408 0.0 227.63216456964415 58.3311248223946 141.60243737442704 135.80007546947024 134.63396369303652 223.4157651649805 89.03960256027861 121.95034614050381
212.49900719239906 7.974700422024128 248.65654405306702 106.86729336895573 166.10258255366898 170.35351708200471 90.8149585757397 217.59481794133788 0.0 188.0785880730411 3.1090851309247114 92.96637717714698 35.148891166720176 22.803614089342915 110.55155642858632 0.0 212.49900719239906 7.974700422024128
45.912406033647756 170.79558402039717 38.97447436975361 127.9646963386956 50.039011008056974 95.58939236024291 0.0 61.58903141042465 43.78027651599956 43.095002376254726 80.64063628082673 52.987604763467374 94.34206263445652 0.0 122.4651111459171 24.966105126712222 167.66293169374117 19.887911187599798 130.63913194996513 74.61061905428073 209.61966472413923 93.06849481127243 147.05699253620938 112.35389535804947 120.19994758442236 113.68367165915143 116.31264799349674 148.49393939270456 88.88855372602482 151.34431524004188 45.912406033647756 170.79558402039717
0.0 198.68917283483796 54.07070286745671 132.79160641059943 4.288469294328678 78.77498844586302 15.920949679004408 0.0 97.53344857367054 42.46675254810387 129.4733918153245 78.26184612093232 260.99133277172746 25.79307987790125 174.21627348951677 124.58890874965957 255.06111140930844 200.2277940122736 172.97053006543888 228.36505861240113 114.11932283343118 256.6359158974592 82.79959196329315 171.0845250060707 0.0 198.68917283483796
118.47832763837465 72.11763356236037 93.34262554374692 81.68831658565763 109.54110328691328 127.05876461375097 79.81436544406614 127.06935897543637 55.441501613789114 123.24318220461156 45.88383375945568 94.1516365110679 0.0 110.42926357220692 9.843252058649881 75.57007018793284 32.800212230131166 57.52499235416566 21.933810132381367 36.25265825480291 36.27738406192161 23.86883336438524 50.890835944313196 0.0 73.32112636368123 15.645694474965616 100.92110694082564 5.363783220215616 75.43934360110255 55.99536943867278 134.80827816325524 47.65742856049229 118.47832763837465 72.11763356236037
291.4926618796528 230.61398892148935 129.70263256962818 203.7091253039398 0.0 57.36658334065224 184.59861178008077 0.0 264.42727845545073 14.276643243025624 379.3096618376171 92.99729373626207 291.4926618796528 230.61398892148935
78.72119523953168 111.01370040656795 107.50283131061835 74.71903605564148 170.45877382653887 0.0 201.17531817538543 86.28548606189905 268.56005045131866 114.38706981374514 209.8664745928151 174.48432483042728 215.1922122699599 218.30585745004979 164.32857708423376 217.60009968862843 137.80001493905465 248.30432725381195 111.12695120249847 218.29883213650137 76.90490937151242 211.15362264596936 0.0 191.3424543507792 49.23310090582453 139.810374814074 78.72119523953168 111.01370040656795
187.36138140344636 0.0 213.16130653242539 105.32485261273985 237.81130207501928 170.513532562538 170.73829548783044 200.78578295258413 73.5638806066421 228.42176157542397 0.0 127.15364517565504 79.7840796510925 26.017140383763916 187.36138140344636 0.0
142.56835651437112 134.0533843998357 1.8565107217310413 119.11241003986407 0.0 27.065036946513736 92.42630688901014 0.0 142.56835651437112 134.0533843998357
114.3489852981003 0.0 175.8451463630866 41.35376434755615 185.3569705381094 95.49717436094078 266.47633521827254 106.94831951126734 284.3062959935093 178.7532791746566 234.34949958845698 242.4547787259516 156.14006174537553 212.30195954837023 87.43473029483786 230.32046066621052 82.7674118707478 160.91639023852963 0.0 106.97899781075611 98.38394404047074 78.14962805317393 114.3489852981003 0.0
26.621307563590705 112.2065635212449 72.30093158340804 56.092129068903944 139.92678711794736 89.41162070330152 255.7366490552664 0.0 153.09736963495124 146.20692020132026 256.56387448624105 192.16577334757181 205.7936722625694 243.86309114550934 136.4411914695149 236.27512374354185 88.28049946813593 217.1216596547114 0.0 194.15226424459757 26.621307563590705 112.2065635212449
51.37721979641928 1.9562367984688365 54.6917638167197 12.494220591422149 69.11642246323949 21.39093491271622 56.512769915029466 31.742822840893254 44.79866115506435 32.1640770930108 40.23947998095946 44.14371886475783 31.786296689785132 37.54378742639183 21.7433589007111 36.677281868716165 0.0 31.700523720661366 21.000199215688568 17.818481296459936 19.08827999168774 5.8303390241703 29.133639957888974 0.0 39.14519321992678 7.7929242081476815 51.37721979641928 1.9562367984688365
173.7612161603339 145.70511026721024 156.90338356389566 182.52156002055162 115.25095336267492 128.6059059525232 83.2160227681581 181.0591474601676 58.07221084831543 158.46870670062987 0.0 148.98200668555032 42.06582216645613 98.9474642951144 11.839439248909613 53.239072500117814 29.99783574302033 0.0 103.71342429555108 65.81317828268917 122.4962304252054 33.22344147690586 158.45212464121047 28.739187876818605 155.06062640663743 71.83277977864853 212.31152760424288 80.76464167898563 209.78145557647517 122.12615382793533 173.7612161603339 145.70511026721024
180.62639622220695 136.20589542919606 112.24082442706741 123.465130722174 62.08863581790188 141.40407373602866 0.0 100.65351226780432 41.395340401960624 38.937237570000384 89.15040987000035 0.0 157.47780587002046 6.699286016385116 159.72946901796365 73.27009826813513 180.62639622220695 136.20589542919606
101.44315867941373 107.24036398170847 97.52798129955882 42.743628116475264 153.06154453886012 0.0 176.84068948645825 60.094771530686735 161.59753902589586 109.01527177153451 259.40420439530544 148.78180969644626 179.98023631500615 172.5687441573025 147.51993609173752 194.0041672440998 111.38264388932262 188.83322180264742 66.26244156323739 204.51439498823555 46.123273202588464 165.6136315453071 0.0 131.09627068512663 18.263704800842547 81.23523646806197 101.44315867941373 107.24036398170847
40.488572795689024 49.754475770220964 47.109436601505436 0.0 81.72508602905482 12.050065262270408 103.29899042633276 37.65903985321884 142.52594867027761 57.79725823721975 160.24806667050456 105.88285190434954 70.46709844993386 84.63904719882925 66.49351572278984 104.9383786423183 42.06991228444305 129.99389278823782 28.505159531056208 101.32938942030827 8.710172732405177 84.06447172017977 0.0 52.221080955899595 40.488572795689024 49.754475770220964
122.17826972202946 0.0 138.896599728055 58.60860824335288 199.36974590888119 55.86061975078127 235.43760099764316 106.12252918636439 154.57681653840504 130.36803833283807 153.74360063907682 174.29199617375525 112.08533006097522 166.4189443326166 82.19543948750126 158.51594062880747 52.04509457839882 148.88364881532726 54.54297529236274 115.31373648726033 0.0 75.49632809470013 58.77890879067539 59.38981701225617 76.13915983374463 15.276534742308073 122.17826972202946 0.0
186.6376273655776 127.75578413119145 209.8561143744041 249.81790582898577 123.1470511071297 169.30538818856002 72.66718883279881 166.55995626325523 0.0 136.87053951880984 74.23958094184687 80.79122746157528 55.80387102944049 17.848931672155203 117.87614129497047 26.362849432520278 164.21680452598034 12.753563406418252 270.1447422435674 0.0 244.75307217125817 88.35241628587886 186.6376273655776 127.75578413119145
246.22485661635574 19.69937919899283 237.91238385962276 146.22163899538634 143.25593442715254 163.26791214357985 0.0 117.41930769203212 112.41166759561182 0.0 246.22485661635574 19.69937919899283
53.97449911045058 41.577457515787486 54.09532808100664 60.8203478517714 36.24167524778284 61.23722054165384 22.90565184524091 55.21991910104694 5.891806301707248 51.67542584131709 0.0 33.353782985926 15.410156227290543 21.993634091324253 24.163039892319986 13.37084211809045 39.32265173919494 0.0 48.4800555749958 18.202433531032554 78.42565009334473 23.63670056139607 53.97449911045058 41.577457515787486
44.688863105641985 45.2976781388484 38.49394645069924 29.901347345466746 14.75094547027581 66.44100194473714 10.805821757115922 45.64089660747709 23.63737765068197 30.48774341115474 0.0 12.145845066374761 14.482450688879709 0.0 38.49394645069924 29.901347345466746 40.870433167660735 22.383334438483743 61.41023987061183 7.778585696744145 72.56240492965902 20.77748205305707 81.75131626877472 39.52199010227473 65.25093728776025 53.48824366940495 44.688863105641985 45.2976781388484
0.0 98.3272030171315 18.38411355833925 67.71870919863062 81.93872153644318 94.39090034801494 61.55183287751558 0.0 102.50346039036688 23.359697556456126 137.79339608011955 28.499120155105842 160.94870105589814 56.84860326751835 218.84963304351845 84.6392657749151 115.57185346078887 111.05603546690855 170.58702461702381 171.14441262983928 129.49799880189872 182.9005887524933 92.36282119970019 171.71553027831257 56.67875734440133 185.750647142102 48.822391044283705 142.81549649178027 12.997531292342487 131.47124269381706 0.0 98.3272030171315
103.29729625218857 88.02636585010269 106.42945201065262 45.92557237491178 145.67428094435954 0.0 194.0062132074329 19.87757080565065 264.8962401194393 42.97215037141645 208.63741500617004 113.8823018465572 252.3580427221931 179.4669142221142 191.7008612882371 210.4407481362137 138.96312484638088 261.2087089574666 98.76516394523394 176.5338494203765 27.931003376306506 189.5235129737743 15.40005283909943 133.79350004122927 0.0 71.45101648283384 103.29729625218857 88.02636585010269
49.99188266468144 201.04383974070478 9.317362379220057 141.7179463693011 0.0 51.43051179236072 99.27143814436303 72.28277938684109 182.28188380477334 0.0 325.1160568594838 50.887311729608896 182.47977477604766 157.30217931576914 216.34344724847168 293.3743899603723 104.16248146420851 226.10878496197867 49.99188266468144 201.04383974070478
30.62701389224327 221.29590282242486 15.687377189805034 151.82971648786543 0.0 106.49916565222048 24.068037941285723 61.619277018165505 111.65231594390582 94.45105808336275 81.1360424827408 0.0 122.84489841712521 13.966176374193225 156.16940937570752 28.453738726612002 201.73352995897028 44.03089444496012 203.18159645526788 87.53797903638646 224.552640329418 140.07430789435847 151.27852501952998 138.42377093417184 147.30925073977772 207.87263914949693 101.60403936476213 171.62077071253952 30.62701389224327 221.29590282242486
78.17279939908873 62.784001052406246 61.312385073502156 101.30202870790154 23.525132862362227 81.33079747984002 0.0 43.62427248502028 22.17592068456787 0.0 64.29747957088186 12.187745949715186 104.18903713301368 5.541601022197895 119.53906773388935 47.32021614403954 78.17279939908873 62.784001052406246
0.0 58.70583740344824 50.168651748529925 28.261900537650753 84.32899347337045 13.846340039137566 114.70206153653179 0.0 147.84689534534587 13.665783853229456 190.59621212116906 32.186274564443664 206.41486215136473 77.59703278902231 176.95034564961054 113.34185369473572 132.97027250932626 115.46519228569692 99.56179292379927 169.44074911203853 32.98105306367262 175.53198091577536 31.36447630302939 102.4504850866676 0.0 58.70583740344824
266.8840223708661 0.0 200.93694972912456 91.2878882164299 189.58168766963675 140.71239691663754 144.50781672374046 167.68426757879894 90.35715515067983 169.85842299494254 0.0 158.66395811287197 85.23035831732791 80.05149705862036 53.37779934634095 15.824244971271582 125.29992077101554 69.78094247012952 157.58116641833277 17.590508875401667 266.8840223708661 0.0
202.1945750345232 227.26539138536407 72.25837777223474 187.2893924076139 0.0 73.6828176628917 108.78141903067973 9.144569383248893 164.405720874353 32.89709096931253 283.60825640838937 0.0 302.59280068428814 124.48600075307641 202.1945750345232 227.26539138536407
225.52107324947232 145.95578396912228 219.09369032203603 182.7749030406868 174.64153435839802 153.61400930736414 156.4760854312653 187.54197603489206 99.4505775498937 232.7650020493878 136.9121748614213 133.60355879213293 0.0 162.32446805399414 41.84840384249412 101.0995104601972 93.87219076269048 77.76128647792264 69.59165832126223 0.0 139.41758626442902 39.40202106805032 169.70438019078097 38.39882316456735 199.24275835802564 42.059002828565326 267.27390841481827 24.55836705566945 268.1496734619734 79.5588268267187 255.6945507189202 121.33091173288977 225.52107324947232 145.95578396912228
81.21417207623668 79.87589732841664 73.01971221544491 100.51315695902954 55.430632127954354 60.21402455421056 50.80566902420733 61.52027644025389 42.61413110660129 62.813194542056415 30.728435718845077 59.185073397584084 22.2976108318409 48.78387025828386 0.0 24.583036524569913 10.160953401729472 0.0 55.21509490142131 48.39101485849029 59.613412220343406 8.883451330576158 70.76265380562917 22.067859061819043 103.73796812339003 9.106332444891201 108.77004455274688 32.822325540192374 105.64276846603533 54.80758239861 71.59830512043374 58.70644507665941 81.21417207623668 79.87589732841664
45.56753532272221 210.79186564582415 0.0 176.96492434839098 1.32446660208916 123.4326212996329 80.10676196584681 99.34080114175813 82.7686619502501 68.70831615862255 122.95569344644882 91.64834418760537 133.18103105199663 34.08938522021786 183.01007740819412 0.0 166.6597277885776 89.517446483324 229.63826425540427 81.48343673290809 309.61548999092986 122.67128444488134 260.5292859551008 172.4075068895973 193.78151157225165 179.36141879036973 200.48770198497377 284.181627273409 134.1329595868657 270.0788531932081 76.82352859274792 260.02358482974495 45.56753532272221 210.79186564582415
48.38694938672125 99.92372971297962 21.402407204978424 67.5601828906692 0.0 36.35133484533439 33.71945828166526 0.0 78.01151517549548 23.42672521630253 100.62877033041153 77.20871129365767 48.38694938672125 99.92372971297962
0.0 130.9724009550299 48.635626898885505 58.53008000718293 88.9592408901745 0.0 189.68972826997032 25.516067295244596 269.21434421641436 181.23625041650604 89.2637653582317 189.86688329924448 0.0 130.9724009550299
39.095258799474394 6.356501242590056 57.4883440564178 0.0 81.54303154157552 2.8801902951967406 92.38028477636797 26.205305962306 79.70785242430176 47.890174966881645 68.64767527828485 63.178201670869285 47.922031054001806 49.86992256467758 31.858334029254877 71.0839799307405 0.0 71.0707797335181 6.925109314867228 41.32979719042527 30.282268649249914 29.921708292575588 17.146884957511418 2.788484965549287 39.095258799474394 6.356501242590056
30.41713292016162 13.69922240408573 45.05472938880607 25.80766566642444 27.19533269826431 41.45703414379199 0.0 33.243823025480054 4.334986997094205 0.0 30.41713292016162 13.69922240408573
138.89631370822156 12.533153465900632 205.02425315587686 0.0 161.32905855031723 55.92643827786825 149.75694610179258 76.96749062764033 115.3264472525818 60.50458752864237 118.40999182540632 129.8783752319011 83.36226344152215 118.66524988075201 62.211932283825035 91.64457631201418 0.0 65.4701696563339 68.8833643269453 35.60118484006674 110.53422128219516 52.81945811314498 112.77291664257929 21.53380247737104 138.89631370822156 12.533153465900632
34.41602794475054 56.893778958044294 29.821095709806855 36.750066651700706 14.544257064394188 45.26391022543598 7.282272684404916 36.705897077460875 12.695771624765797 25.59713307543322 0.0 8.950289759877023 17.99388348734479 6.919095776166728 26.88091731320381 0.0 35.39326663962012 18.78821979110164 48.15363420176344 6.16038544873976 58.54909070409417 12.73517622626865 52.353373934054986 25.339046938213883 48.609420025532586 32.282046342480825 59.77253859918966 50.143033229507424 45.570442152356236 53.33138044388167 34.41602794475054 56.893778958044294
14.38006757270422 36.65353373106525 0.0 41.60135067128873 3.889211854929613 26.484531927422694 18.121367667466686 0.0 58.91940628489225 26.413080623785902 14.38006757270422 36.65353373106525
80.61200407930536 0.0 156.27034398216296 10.108876142145462 149.93566637589709 92.33700922599522 84.12245982115542 145.48319286156928 0.0 102.44654676886424 33.48002091086596 27.143828093792962 80.61200407930536 0.0
374.2859572346016 308.41305752807875 296.0222921894112 346.5487808832154 224.29442686674375 301.9555594709134 196.32054962110124 262.42131241909044 0.0 284.1167681712549 131.88583307590164 181.52337124078284 141.4259948252098 101.74077772012734 213.3868727889557 0.0 303.0943075912148 75.3257650090085 357.22113755138065 142.08640447344567 429.47253384573395 220.22267663261908 374.2859572346016 308.41305752807875
0.0 64.70790835236716 33.23928113436365 19.200412076367776 76.80475611901457 0.0 142.25369712532554 6.532945607972607 129.04144533340707 70.17156417739733 90.90528417113232 99.66043856399338 49.864924290005405 94.41768066089509 0.0 64.70790835236716
122.9063453062281 166.75155190552897 97.90603792899046 222.56759402870682 97.93899787811766 135.08626830944405 27.173992436568454 178.147051302593 17.603613605770136 141.51894946547606 45.72687834559247 109.1788456381895 0.0 56.43510812502703 35.99987813136394 23.646235502801375 82.37610747793929 24.57191396423802 123.86122791801459 0.0 167.4153550371103 15.485037020085215 227.78787856177794 23.898828636610318 222.8288953941258 85.82003234203137 219.80196362840678 130.00234687518258 217.6050571720413 179.5540915184211 156.3261763725078 177.78763326402753 122.9063453062281 166.75155190552897
282.80445781482854 14.121353404572858 222.31625058886237 107.05075817823425 179.84289814680886 153.44491954535994 129.75612357998435 123.9184057129965 0.0 139.09598530097418 44.70482218422396 38.963260730388804 112.73504845505173 0.0 167.02160535983626 24.448892677469196 282.80445781482854 14.121353404572858
94.80591023719793 147.13141124263402 79.71451706470629 95.61246065802266 9.887213516020978 140.46953710366435 23.22382039064098 88.13827051632857 1.8118292949624504 55.5686721384548 0.0 8.0344331962375 47.516773857850836 0.0 85.45960285183877 19.192334239166712 106.81983880499804 11.436175710669872 122.63483119558128 26.788997201291487 156.76127080240155 30.653503965255368 167.74226423965004 58.448325508998266 143.97766759560076 81.78320943557723 116.77740725477815 86.18349233829738 122.25042672110958 126.69515106136495 94.80591023719793 147.13141124263402
131.5671929249392 40.83692574310403 162.16115018169916 111.77600611831765 83.88154918365686 128.3459258941017 0.0 135.53664329323146 19.085796152489714 52.67816451977278 41.167930251838484 0.0 92.66673029794535 15.913205288671442 131.5671929249392 40.83692574310403
56.791596571316674 21.040135485425573 91.22374215301055 0.0 141.87829066067934 20.53311040026724 166.09448742268572 90.5566894908705 84.08935555580692 64.93855621544452 28.943742940375984 115.91430035787855 0.0 51.15034724203678 56.791596571316674 21.040135485425573
33.335873663062685 25.77437630173305 72.00423642229359 0.0 82.23252044708181 47.7987937396369 122.84771055836539 76.72000770705745 80.48323147316854 103.49013120516989 51.671722485627086 80.32234134909075 0.0 64.91631463571079 33.335873663062685 25.77437630173305
101.76751264454259 80.31596985598014 104.93543915445832 109.48033851650553 83.35435614816319 125.96991230902253 58.38588223331536 102.09055381128161 48.858138984208594 84.51063142567992 6.679886111268132 105.54497356344518 0.0 77.46797902082339 40.470320800515964 55.89723619371789 17.841755853664836 32.09725212013008 34.326741080733086 21.63442431215943 47.941075238474596 0.0 65.90044750431647 39.61222453064289 88.6650247824953 14.353878098988908 115.01699282085573 19.62985353962108 108.92186000058325 45.92498130443906 138.5144888314025 67.0341893176764 101.76751264454259 80.31596985598014
186.1032711017067 47.39623164338091 238.40284897424908 79.47291249520106 307.7237320005361 161.97746085041496 237.9909678958532 231.3229360342462 153.82624321901585 266.6107114079306 111.2262179319825 150.08209249048636 63.43566500937166 155.61077977744247 0.0 112.54793831674051 117.4680474694241 103.42947530371376 112.16388362247217 72.3913734495328 145.92356025748938 0.0 186.1032711017067 47.39623164338091
36.76325848850831 54.795742087004555 31.75969024663354 44.493558122875456 38.039707723847954 34.819524304277095 0.0 19.73439173239636 10.649895497399768 0.0 43.96858788776926 28.13013957494026 50.70064894658947 3.5551780004130364 64.66490739972366 8.524040406634342 104.19084846525666 5.692431454436459 82.12493357845437 34.727962040681874 92.89851739180915 60.8918363850929 58.99698574939839 54.41110514637377 49.238226038686335 83.00124471392253 36.76325848850831 54.795742087004555
55.805537633040004 169.74005078308386 13.030615007678605 154.9210619069957 76.05885195464359 106.71324142219355 0.0 50.28866983992852 41.00420457270582 0.0 88.54048616316409 64.48429591476774 124.13112936914104 68.48804031531505 178.34283625509522 103.99347858754948 93.92781654883711 118.9545037398127 99.63585014419505 171.80879531278794 55.805537633040004 169.74005078308386
90.17210234343237 67.42807199414428 55.188129587830716 77.43775982782056 23.839556792759694 77.30731020959557 22.893458147850737 46.77896880048429 0.0 12.911341233765611 36.55762441401271 0.0 68.01117016389993 4.884410769061134 102.96244282157802 26.589373647370266 90.17210234343237 67.42807199414428
99.4045427568094 115.26543804732259 50.13113490175523 84.60023712049943 0.0 9.10380182578318 96.23763090858037 3.5855495178508363 133.69980093396464 14.17617239820531 221.99877088073293 0.0 162.19223381126724 64.30208061787039 156.66254034970706 117.6989082561617 99.4045427568094 115.26543804732259
135.79025378046916 3.089685302503213 144.83700800464453 49.599261388408806 103.6960096904559 67.01198075325699 91.70154091946345 82.03229048134591 45.39387724139968 136.5211453362477 0.0 91.71741191233801 22.015036704423494 36.29364393093063 61.36703611314621 20.020341713958146 90.48779085592503 0.0 135.79025378046916 3.089685302503213
0.0 19.210121730457033 15.03192830405743 0.0 52.60993627073799 1.5025059662884814 43.050563102220906 39.684958733110136 13.402417976392641 36.67228068520829 0.0 19.210121730457033
58.2743759311025 106.62738645821901 0.0 99.13117568919651 52.16643506971959 68.12879021035658 87.6522982997263 72.32355113643193 58.11273611336863 4.576838229987928 93.61340654561673 0.0 108.42544134445566 48.86806285433195 151.87884086312778 31.91922938398089 173.03634634088058 57.87329498191161 207.0870771993408 98.11585222475439 154.27208432954933 121.19963313988012 127.64090375346213 142.01627085933296 95.68534354843413 141.77620748971472 42.17971392008067 188.08483261238854 58.2743759311025 106.62738645821901
0.0 67.94842514430445 4.574104296497012 26.097031129407185 16.271179692649824 0.0 71.26213147198811 44.0834354977539 0.0 67.94842514430445
4.450806410877092 162.8701029036623 0.0 28.610502047913307 100.28476697557802 0.0 253.13535658742484 48.25127024365787 148.01108280719433 189.5132437951678 4.450806410877092 162.8701029036623
233.11244039218104 115.24338434421347 220.55980493069328 0.0 256.30346737340403 47.07437882368876 289.5781233272376 54.10207036330609 378.8873883026856 52.23479701299888 429.147136908343 117.77321848711117 379.0842619436506 182.25592780708516 399.08967979096286 301.9393105422042 300.9192583271548 328.5716081050323 214.45387940287935 268.320608781994 165.48086301669537 231.69809379985645 210.08456954495568 132.487853461013 0.0 172.2579190455274 116.6485021994902 94.80287024868557 173.32154729813857 73.62531151860763 233.11244039218104 115.24338434421347
42.72330326401638 6.48418315506661 128.36316916827926 0.0 219.2890408120042 30.75914413172938 144.1847742946976 95.7911937666886 99.43515571995566 134.12856061512858 0.0 106.5240843227466 42.72330326401638 6.48418315506661
232.27915797616959 149.88409566664114 80.4182282574888 220.31528610797022 0.0 62.09615180215957 162.5396871057834 0.0 232.27915797616959 149.88409566664114
58.02678417516327 60.13275592936426 150.53669703946522 101.29973110455393 178.40632452146758 0.0 261.2459515181526 22.739752175095475 199.1191825901202 106.21695289751936 212.01426749129334 164.71774203257522 157.64055514544475 173.9085125865613 40.555965736669776 251.45727504632123 0.0 141.59618297417848 58.02678417516327 60.13275592936426
