70
59.8820011782131 73.24234270089067 42.015599789907014 82.63196937780367 33.96257771131144 60.08519796919001 16.723834800150826 53.19392150486099 24.806225789328394 37.54461181147706 0.0 6.774238185960122 29.94549993458051 4.142477941739152 49.782198176562346 0.0 64.81808616896885 12.625112965253528 79.50248112600667 19.372231094149463 107.7932006237349 30.61699928114664 78.41222499863746 49.670659440158225 63.479641647779644 54.092251663825884 59.8820011782131 73.24234270089067
58.11431234029487 120.31672741348581 0.0 50.110347457537785 78.47685952738593 0.0 143.5589268080244 15.249979092995005 209.6677927349158 40.77454831586179 231.17269877124346 116.67529578675962 184.1923950392297 194.47569185382415 102.95238046424035 153.83547340421964 58.11431234029487 120.31672741348581
70.6266509233239 108.37188504406339 0.0 83.17889990332978 23.20668078388252 58.0727237323355 37.53008689571726 23.05243166549309 75.20407063455762 13.388125455116949 115.91643549306538 0.0 149.21277659823483 26.903747020468387 151.92810696577766 68.38644594307297 112.26474887382659 102.80580928579838 171.04030156355023 130.05687556013902 117.59031705854932 131.14790780405968 116.36737706877264 158.60397522516843 94.42236517850921 165.5643545647858 74.7497129277803 147.7596640178864 74.48449864714402 121.70322084663036 54.07727770230923 125.16808892692895 70.6266509233239 108.37188504406339
37.208408078991 131.1444079111934 0.0 54.31460004891165 56.09676937790479 20.906034811489086 157.25557460603983 0.0 100.37003596995322 87.90294057944783 37.208408078991 131.1444079111934
0.0 78.76961365102433 23.226801738714443 32.167483583261244 44.88438131210202 0.0 90.21414774714056 0.49245689614562593 107.13081183099894 43.16601024953215 97.0519889758285 89.6352783683701 52.482641188531005 79.18111411793184 0.0 78.76961365102433
6.194268919480919 53.86234818642612 104.9034034545124 46.0839860430345 212.85838452772614 0.0 174.31574358385828 135.8941961013294 276.3230251096558 217.50423806583578 153.6083232624472 212.3433903803716 100.41193932572651 251.83518892164113 58.609250180656446 202.52476223874177 0.0 149.38817278814454 6.194268919480919 53.86234818642612
85.33129164312265 58.93343877087768 78.05671240922678 71.13308539565224 68.77900042376697 82.84970334055461 55.12419067702909 86.05608903333345 40.57062461473643 87.6763276464929 39.056883141101224 65.4109063229894 12.380490116708778 71.77939459846473 1.330645355810482 56.28860691685423 0.0 35.59576226459475 26.69442821225374 30.071013310601494 27.441678832225477 5.468343706153483 45.42684921074843 0.0 58.26283576476396 25.537298834436733 77.22826252553703 17.450131493075922 73.56084782937532 36.77945715678249 100.82378167855018 42.53308823968354 85.33129164312265 58.93343877087768
33.07987210821665 71.13919005968701 20.50750617257141 63.20473776749951 5.6483231665068985 52.21098911647486 0.0 32.1090972538981 27.468156096369086 28.347664903284226 31.561201971834507 15.79087738101613 44.79061244883897 1.1138909496003322 65.506659523277 0.0 51.14177004185751 37.147984833592005 74.04865799845457 34.95422797425326 69.3394248402985 46.69990506453688 60.54099676536383 53.64215101973795 59.1252810486299 67.85173964952867 46.554433378778654 65.43795657456646 33.07987210821665 71.13919005968701
156.6738992730671 55.77548427559577 166.84477691764636 88.3994276609341 147.57072450936457 116.55508175011603 132.4785742534875 151.79020766688774 94.89973194766277 149.63917782562237 71.93157319784356 108.42157713479985 65.78440933008966 89.324958001041 55.44455896351599 82.4857164770591 0.0 77.29441123937481 26.289822805386365 50.006815472635026 19.67772975517559 16.816303561522858 48.81718133351933 5.202262358946733 74.14345260095126 0.0 98.69415443866717 8.435603969620338 113.28797986069685 26.421210823074176 115.66431809047671 47.31309701924822 156.6738992730671 55.77548427559577
0.0 43.56618890377885 113.06906234976148 80.40570700115089 118.30532669022278 0.0 171.9045930050329 6.676802732563559 189.48703997233994 66.79613316650986 222.4108607881202 80.85911734335373 267.2328222356766 113.17396020352437 317.20737615074177 181.05947357874373 200.5259730033775 174.32332233324914 200.45927646807883 251.15627925252303 147.35142902018939 214.02897355474252 124.25124527289235 174.89307539472065 136.78912456648888 133.3802916332083 73.50289786912607 149.24538628862987 78.65554151377023 118.82245757639215 0.0 43.56618890377885
102.72071041486848 173.59146660869314 0.0 120.65116970163291 86.03057140968967 50.678375943665024 151.45068573889034 0.0 193.0873840477021 69.95685905439845 159.5308313627955 107.53698697415686 168.1491464069052 167.1831515409876 102.72071041486848 173.59146660869314
98.74150188170964 92.45597537944019 68.61312596029586 98.6515548587416 36.024340980321746 107.83164721930257 0.0 88.2073925711453 34.06752817788779 50.21159670408955 27.72561468728636 29.039417474733916 38.55500793636299 0.0 66.73503615361594 11.907266515802455 100.83188770133609 2.837584392452051 112.75330542549528 34.500926112707766 115.25009540192127 65.4139004934533 98.74150188170964 92.45597537944019
30.488446449368652 57.428998111837956 21.342555616463898 45.368064842883726 3.3912776730654315 49.54787615486396 3.959401241875753 34.156557146784024 0.0 20.765574035983363 8.96521589449543 10.258675260809255 19.62975935206093 0.0 30.923365739669592 17.986982374763485 31.194020986271838 25.807799813110506 62.95727226633035 12.823019657085041 35.885223011847316 29.35117078098733 44.69618537175397 38.816224371731835 38.03800795734105 44.14035778886098 30.488446449368652 57.428998111837956
64.40030704739168 43.818125493135604 80.38093287469508 15.709244756689515 88.20039070337879 33.303586545708775 152.23303328999782 37.00685012810634 102.74835404415863 63.24491231316181 88.65299114807684 75.12538859558379 73.62093951321876 79.99450831899901 55.821483958711724 100.86604441469012 30.453671203035753 94.5027890727508 0.0 79.6013728321899 11.831655191021184 48.658217407565 33.71046235343323 32.742725805250934 33.91101334092696 0.0 64.40030704739168 43.818125493135604
219.11356300706 203.57501448384048 193.35294578766744 254.693974729848 149.3235478289 215.8760557941412 142.9556579526656 176.85266786170376 0.0 182.17487202511165 14.91769018956694 97.568052286019 135.58798487878977 108.30303424082325 156.3002563967184 63.26138601673111 221.88794122342946 0.0 197.41815246606427 128.40236612012666 310.2085517694628 120.49580724853429 303.47942468822384 194.24518587742233 219.11356300706 203.57501448384048
239.62265894911963 0.0 290.7712315701243 29.479197873960302 278.0102279570264 88.88699356622502 228.6682978823796 99.34299414821177 214.64037405379025 181.14055715938952 88.4877212008904 230.71425522018404 0.0 119.38361472565747 147.46680155779706 41.660739730011805 185.59904272506554 10.893643961849989 239.62265894911963 0.0
11.305460646388042 65.28628385859864 2.346893414446697 40.98707240349605 0.0 8.40645091822418 36.22513353486333 9.186036554828426 57.086225117935186 29.401961447386945 79.50022508230634 0.0 86.7658776981453 22.796704853494624 113.39655641675549 36.32958417974371 157.1724734950657 81.80681515803013 96.91093983375637 87.14684807245831 71.05127861073062 92.230839790853 42.93531769712436 119.0320469980125 47.38373623614838 57.3355134087623 11.305460646388042 65.28628385859864
74.54247327643256 117.79887308649246 21.612040649152625 113.68827887366298 0.0 53.202514549290015 51.17363480458135 25.348411788486416 139.70746919061426 0.0 138.17888283736903 95.93029276240537 74.54247327643256 117.79887308649246
11.326746383524736 54.32846546000261 0.0 19.571094538599773 28.151102686248556 0.0 58.20640313167569 3.5698192173462857 85.48628095928123 10.236598703061766 112.60066550206383 33.85977725034311 85.25354721591137 59.59828750585596 79.622033825232 93.53922684304237 51.26817530165406 65.4004952228033 30.62873132719394 70.64493776717504 11.326746383524736 54.32846546000261
168.56093603916065 164.20813536528107 312.7995051768335 223.5272642564357 198.40429496539105 231.1336401968059 158.17985136306504 239.962045745583 106.54239839771068 285.27770765541686 42.11863372770172 262.6111070097767 0.0 204.88726893113233 41.799434067124466 142.17124119562226 56.24009558891004 85.47547171226388 91.19510916152257 0.0 167.80309497504638 75.51936562728325 208.6911725952997 106.68258020526187 168.56093603916065 164.20813536528107
37.17199462894786 0.0 40.236934004678375 27.861235843365762 61.83355435318698 14.577200919947117 69.89882454894385 26.6599047095892 57.57185124907555 40.30998708890985 61.00701801548084 51.94608089432529 54.59656459967937 61.59595054226631 40.44238141670155 56.57783011274502 33.821133792448194 49.82407284056336 23.99351502135768 59.79076414285355 1.8847162738514385 67.51472636549123 0.0 50.344930916961374 6.5363962175672725 36.98246954364929 28.942097259165493 35.82204131939912 24.166778527274474 26.94224625669169 21.97466347881806 3.0920788286980923 37.17199462894786 0.0
50.7768990256727 15.690149826016679 110.43812253691225 0.0 136.30653864364803 67.69969238614313 132.83592611200925 107.4746809034653 239.2651709441203 143.17173879720758 160.93219894739877 175.82050229537896 112.25816474622658 167.47949216819404 88.58259322599805 178.05759534016534 26.04168149397036 215.38498400505244 0.0 164.0115022566007 56.80745380127066 120.63056233326492 17.293547898936808 67.30758719366976 50.7768990256727 15.690149826016679
337.19500060022824 81.83164790453638 330.30118992218223 162.18427648344758 258.1287420261659 189.14339955273806 216.1422917428564 194.9804267593154 174.2757315044959 206.15451550132653 60.8255769700711 238.9629359176727 0.0 143.4992426305965 148.83624852987873 102.38969494628233 146.81239787086483 21.866976753853862 214.91288637143745 0.0 291.5485478000196 18.732657165497827 337.19500060022824 81.83164790453638
195.5666140627476 14.789633144778634 167.9657014823391 71.38634991406744 180.1319563101224 112.81237087844585 124.24434597021884 119.80321196920568 107.62673412976683 149.22531180822153 73.1646542862539 160.78368800978163 31.33421048629321 158.16917812960298 0.0 132.21587518774376 2.119357177937502 88.57022346075547 24.70307857602318 58.46927461926022 31.46239847280046 25.425026560543742 67.94305204059489 31.325851239572778 94.443727971529 0.0 91.32477891440372 68.99361153126931 195.5666140627476 14.789633144778634
0.0 70.72141708335934 127.37280731378198 44.24042581858355 173.21758981741613 14.376579536705094 275.1991986695024 0.0 283.43473308548687 102.8190510101757 283.8109380933379 239.22921028341827 158.55338243428497 140.98307206591966 87.56372292574602 152.70264358758587 0.0 70.72141708335934
24.58058341954063 86.91058205178483 46.53568606318194 20.386509007381818 115.57373509816071 16.90113124379036 183.51531868151278 0.0 262.45795450142714 35.50722652593723 252.55291951310136 117.09243462771146 282.02145555421407 217.97817523062142 195.64260445800048 256.8149909681981 115.15115224006107 220.10610177117408 33.536635763911136 229.4121437199268 0.0 155.53219015107393 24.58058341954063 86.91058205178483
203.26418709795323 19.67533977209043 239.8899211019076 42.83811209291173 270.27204355695255 89.46004661051293 263.9842809927615 161.25968395357884 192.53995435014855 161.48214756004208 135.32178682716014 207.86542654853645 95.7039348733689 147.21571760563884 127.71465693337996 83.23521400401472 0.0 43.60892113769377 73.07476412532333 0.0 143.88191672683087 28.939562527263668 167.2757297884911 21.90199540567628 203.26418709795323 19.67533977209043
217.09319774724767 1.3370738015341317 160.2675059431187 92.66123744022815 197.30070470396464 98.11148107426045 234.71771531380273 132.43099491248256 241.30943352631533 184.44828352819263 198.02340280971183 212.81912308944197 145.2017226009615 188.6484461330445 117.88950946275435 172.8725724600887 96.41549562442171 158.69323365863193 105.92008044892165 124.84681950685825 47.436918566444035 118.7625048819112 0.0 68.36989581002268 88.54250976303393 71.12566971730413 99.67066384080684 44.72212324863467 123.51592991640325 0.0 159.53972890622077 20.878983485298093 217.09319774724767 1.3370738015341317
91.31165201863176 164.91251966381435 73.04355187820265 143.58675729133412 52.6601119170293 112.45340227783615 0.0 35.18840749848982 121.9882380408374 99.75751736537316 123.88801220965969 0.0 169.05531365754806 29.747409630916223 188.59202131338188 72.76843906706577 254.9232314586579 74.09884466873949 152.09344909243723 127.58348670556737 243.13142813201537 171.23761526846647 182.85705365780137 173.06762266451267 183.82261407164293 254.88597449822885 129.6546053879457 230.61253084192515 111.40428361275886 177.8084462071688 91.31165201863176 164.91251966381435
44.060295578464135 75.51475658685393 0.0 46.682307764185765 3.240991314488525 2.0296061129997724 44.387769682402805 0.0 76.08835552083819 32.98911051364779 44.060295578464135 75.51475658685393
0.0 0.0 33.88146348927788 25.126168508711473 93.71755115942494 26.11700657583073 46.17816333202123 56.39104804524911 12.227324655229012 78.94643370356877 3.1962598560659643 38.84859093519637 0.0 0.0
100.5790106157092 49.91254274546378 59.24065584187207 62.17402491491303 0.0 58.653549163990974 31.45355409969362 0.0 77.76626357094226 9.819057537732434 100.5790106157092 49.91254274546378
107.58183628619042 189.8908077290202 64.85864928170304 185.04952165686854 0.0 166.79993852351896 34.83745349482409 107.01896098909883 43.80156077771335 65.6810483118413 83.69589508278959 51.565933602873706 112.99287799589462 0.0 141.30107161045368 63.38415199400835 188.538762164364 59.37624905221584 266.5526955512397 84.22179581104236 226.8311400712436 144.57880278211866 185.51422260476502 174.70473589663828 137.82033011827178 168.26720879415365 107.58183628619042 189.8908077290202
139.19836083231394 99.13431612045657 130.88865425940418 0.0 187.4842823621312 6.657281403820576 208.96084392458815 62.47860100910983 299.3032078095292 75.6712224072838 290.6502193255577 146.00199183871757 261.6956776575286 205.08206242215803 188.92116319023546 196.5329845787072 145.80884678030975 256.32651377108414 106.64245565241612 191.90717348277087 0.0 205.92761992717033 64.68973745862189 122.54092731312699 61.32834641123159 74.23091716523268 139.19836083231394 99.13431612045657
135.2300324655817 33.05776948430193 174.91606404670682 39.68139632162688 173.15912456838092 75.8887720504414 147.4305266936759 100.51698966339269 119.80357955079484 119.06478731459244 82.40977400449682 120.29593598613435 0.0 127.53502226308605 72.4302734514996 56.63658787936724 74.37280660003844 30.402102270599414 94.58810789026101 15.868422650183867 122.99245189960754 0.0 135.2300324655817 33.05776948430193
246.97475880343717 109.80996962246772 295.8019666554593 213.89701478309573 163.7094108170754 211.27095361886708 101.46920871786166 284.01302874733636 64.88315842476096 201.40808407227848 14.020014770767617 148.6745334484812 0.0 35.10393892112526 114.44668305040688 36.5388462050211 228.44875962799398 0.0 246.97475880343717 109.80996962246772
83.8766371612816 0.0 120.29155479836297 48.267063997461136 176.12941755463888 64.02471671785207 226.72292601585744 121.98528192982587 121.14472745643468 140.33883696680732 125.63056328431423 204.53188720687388 75.68191667014678 184.1357603754256 25.132385507812202 198.8588533663367 16.73668798598075 148.00085950401964 0.0 112.32505577217955 15.569435499776304 75.30700116908073 55.6106524466601 70.60303115214779 83.8766371612816 0.0
14.664426358667583 28.926509455708953 0.0 22.290335629665606 9.825803173495615 11.471964365074612 19.68965364068167 7.369352423146083 32.24053718089718 17.355594685569315 31.415721763135835 4.647038241729447 38.71460152128168 0.4579954453680557 48.98189490602596 0.0 47.727354569356436 11.354807027792816 65.36745663490518 19.209087563034345 34.262558746157964 18.407354953109262 52.48477691250474 43.55180618351446 38.3764467016659 40.297391550917624 31.615965350912802 21.00574082271433 14.636695523876242 44.30730364343236 14.664426358667583 28.926509455708953
136.66676975323338 123.89262230984693 0.0 96.88048162486984 49.780576995146845 0.0 136.5614338874153 9.130102923344644 136.66676975323338 123.89262230984693
0.0 117.1231784273152 51.90709585475531 0.0 172.84520782947024 22.7188919661927 123.6922394226078 134.04392773804517 0.0 117.1231784273152
38.26151303556273 0.0 55.2455645639799 20.50130474464013 81.1638534324664 21.388289840149106 84.38909176748786 45.32475857110949 116.90496743421755 92.93978611638224 62.30217044763991 82.94551758799076 39.82040381046056 79.41386169184383 5.3603009780468724 88.93923615114363 8.935750935005558 54.1997720510385 0.0 31.335917998393946 13.842005803254963 8.361424662397674 38.26151303556273 0.0
0.0 71.0053683178164 53.258679838126255 8.269558080107117 111.02276984866174 0.0 113.53083740111188 103.62871930440791 0.0 71.0053683178164
43.689344110366314 165.60038910120994 0.0 113.27894073326972 33.04673070230608 54.85237382221668 71.97865544169282 2.625536112032677 151.06276335470662 0.0 216.53034171621152 67.49890641911033 208.79442301678944 173.78434257125627 108.40978645094182 189.94474724162092 43.689344110366314 165.60038910120994
33.2970032373869 68.17749335685457 0.0 20.210671995100142 52.24482329245586 0.0 92.73873694293646 22.766546479539073 121.16126516711941 120.40479591460539 33.2970032373869 68.17749335685457
103.69071507068922 105.41232776833478 67.63219888895884 94.77269688853013 34.73438306561775 34.4733873787215 89.53320363167816 43.79362884108592 125.4880908356179 33.156577073149094 210.19203403981086 0.0 270.82388860164724 56.79064728471754 179.20435779664643 124.53494548104123 158.39810015788632 155.21134344781956 142.45201371547208 239.63766611528075 81.01422442127267 198.66828947482367 0.0 212.03683959392976 103.69071507068922 105.41232776833478
337.7236830436227 163.06135916858346 184.9544986640322 134.40472111011726 212.39885477917971 258.6477073921446 158.97183237613794 186.2017019187624 140.8171725348518 158.4187708742373 0.0 146.5586848588315 66.49771805326588 71.0426073702144 117.39962443006354 22.544083090870117 183.08287934684148 9.360348757026586 272.02223460990916 0.0 249.54124751680365 101.63805143203662 337.7236830436227 163.06135916858346
39.95852437173109 174.2684713365227 96.34789887274974 101.59335940031971 0.0 68.35098523336815 43.68747909889133 29.221198824435064 93.42868659170742 23.255535505664255 139.38881022289422 0.0 169.02411846727227 38.58344807005098 208.71969100359507 69.29367985477232 173.28817133998336 112.77433547600859 172.82727970363908 156.78606232848995 139.3318396772175 191.72819183014 104.51554783743971 131.58906942303182 39.95852437173109 174.2684713365227
266.4149765961945 142.0998878412472 132.19999364525603 218.62397331206398 0.0 157.45675998304534 67.34785851364072 33.2049393917991 202.50329331915137 0.0 266.4149765961945 142.0998878412472
163.12839813667736 45.07339450532626 162.35823205875437 132.64138321137762 0.0 132.18612846478078 83.24988955899184 0.0 163.12839813667736 45.07339450532626
99.34415306762403 60.85554751795303 105.58033757298568 84.30246959176795 67.9668828294551 70.69163808870086 64.19281756896282 93.03912011712312 46.20364940087664 93.98309494730084 0.0 100.33753569325982 35.60603976725885 62.77161096166006 24.34224738010721 40.25043638166771 38.49109019254749 21.87100505167316 60.18286620362693 0.0 91.37725280405716 6.98380461011007 99.33854096263605 39.170548930554915 99.34415306762403 60.85554751795303
35.14793480193772 27.19316079310059 50.38684112653898 0.0 66.61647881141454 12.493065909210536 81.14546647195021 25.019888678275095 58.061040048720514 50.343051906414686 70.53856978688125 58.95827344137774 101.73465568971562 92.41617302748509 48.05553268099577 63.30423237369601 48.84051122818127 85.51032701503027 36.35986994845071 89.40057934172447 30.848069327154533 73.35295653829822 14.923642628109235 74.89944125353858 0.23143199264876557 65.63706007963887 0.0 48.58717932052217 19.357984518789593 41.21108270457273 26.623221031441872 34.11765457127383 35.14793480193772 27.19316079310059
159.80764694321925 65.71360617643228 62.57894506090268 134.86320922506272 0.0 23.722961874230357 94.44313165292112 0.0 159.80764694321925 65.71360617643228
303.72174544179995 177.6127979448823 221.80145964105327 192.155643820408 159.37291473747484 227.97699603795826 126.72210743059048 139.93845058264668 30.01710001019711 160.5334993733686 102.92144182483096 80.77219856783773 0.0 6.856953200817102 127.75182003580036 35.754539184773506 148.47306073115698 10.962001514742639 174.36689212853088 32.29399066634056 235.45936124172206 0.0 290.38882092838116 31.820303651473665 273.6159647416807 94.61703316271466 303.72174544179995 177.6127979448823
3.344312570297859 8.838205199989119 22.281215357587612 0.0 36.06084476706624 11.243229697251962 44.099688078224546 31.13041903590691 23.99511991078292 41.51013093886705 0.0 34.51883826019986 3.344312570297859 8.838205199989119
90.59959644922145 47.70166249382547 70.27421302994429 76.02403798323304 42.8819905483691 25.278104669387204 11.61888162841666 55.39150005297027 7.948163384252638 28.558371918339972 0.0 0.0 36.85459548034228 9.65087452588331 47.23355857431653 2.4099327363670824 63.635973663386736 3.747818659270152 108.76005163988569 14.058992750169537 90.59959644922145 47.70166249382547
0.0 66.34337418686526 49.612079485092615 55.19234231073888 66.48295567170943 38.953471431998175 88.89494320065982 52.07571959669522 131.97864645364712 0.0 141.85237140093557 43.52839852324819 171.53285687928673 67.21034063206221 133.67815605808448 96.75088832964407 116.80927719996812 109.89594746216248 118.9419537258752 155.45257033977722 86.57605380103693 170.06107898654963 54.07704473292277 154.61678704148156 50.268869771142136 116.44991155223295 43.33095792453578 96.56775314242873 0.0 66.34337418686526
165.4326117864884 50.284293654459034 221.05352434671573 119.46632956953633 172.77093030252945 214.65915258573247 76.9919176196717 169.85521080336989 4.716349857740553 135.93445373127793 0.0 52.41693326170093 86.08775762789769 58.183361634580635 125.93540505094691 0.0 165.4326117864884 50.284293654459034
192.80162311846718 185.1871572212396 129.47983048945588 119.03914271707029 87.68016653593267 171.71637321146693 84.8657535043476 118.21177069597127 0.0 98.73328121330701 35.50127520730025 44.57073941384478 68.42472234230786 3.066376214454351 121.63851039784225 32.836718691637024 168.2631404642051 0.0 223.60195688076956 24.502934977419216 205.0070909949177 84.37083493830694 201.99324036539932 128.18759953686154 192.80162311846718 185.1871572212396
92.17871270971324 238.49826954912064 100.23583340931967 189.67448380902886 161.4495225960361 160.4030319623775 0.0 88.29701075230183 91.27968034820867 78.5600979317794 125.66003427809795 42.71857360440214 176.81768332287555 0.0 214.36403891351895 67.75952993354798 251.48502897946744 88.70941501204123 321.5804651739025 110.67223667381356 307.54277377912877 169.5499788601077 282.6180942235917 212.96680679298782 256.7937213962181 252.39734859905252 209.93940945620065 266.3830841116685 168.98985829150345 218.29874748062474 111.75860809268477 301.96042864540345 92.17871270971324 238.49826954912064
59.09513995524213 0.0 132.4658425112385 37.33700964929566 166.43024510554568 92.00226714503634 134.7256387086425 164.70217423271328 84.5587886016535 105.52763725157585 0.0 72.05290169745746 59.09513995524213 0.0
79.15020114402259 234.49656670618504 47.268129971017615 171.90722601511865 0.0 97.79515146129404 44.222639033316966 0.0 153.54095563384493 25.180274093992722 278.82922586671464 56.463837653339326 275.72376881057005 197.1647372227248 162.00970210025451 242.77754076277137 79.15020114402259 234.49656670618504
101.261017088 135.27798469603465 36.833155711251074 90.69044838554926 0.0 30.231705491440565 74.59752486123772 35.31042617377338 123.75516655932721 0.0 153.63810053502857 64.33863048622227 101.261017088 135.27798469603465
200.24131499023326 24.67378822913213 242.66243774137763 82.77360030171309 162.70747385497083 120.01625847048652 130.55807146486666 126.667860006056 100.40424882521619 143.893664240387 72.94113350209248 122.43546339012502 17.425423649361647 88.03299824645296 0.0 0.0 102.9292722332236 44.44838906106056 132.50069876493848 38.089795542047206 200.24131499023326 24.67378822913213
127.21457309305843 134.85075915774155 53.95576656288938 163.6312319292745 3.520041774644369 103.00210647352236 0.0 20.91163069456543 93.95051817294673 17.601381667947244 125.73704578720331 30.668853369951442 168.96204585943337 0.0 213.96959000433822 29.36616501427371 220.6297571178448 88.4173326306431 194.26437695239707 147.88216195108316 127.21457309305843 134.85075915774155
205.9938575793968 150.59798327034244 173.85413920548058 196.38538385162556 111.36548191815345 221.66471732584097 0.0 228.93275287973663 32.21437479484669 113.85023685984393 47.47826446012718 48.08936240864376 96.26559489793416 6.343426412492008 162.91243213044646 0.0 181.39932175756385 71.51290464691853 302.3614470248425 98.7680730777575 205.9938575793968 150.59798327034244
100.2438692645299 117.00850725716316 22.766557130206607 100.62066943242493 0.0 0.0 98.80772361956492 27.934137726839275 153.80401888636197 21.80623881510487 185.18768107768446 104.57607904438521 100.2438692645299 117.00850725716316
58.57101329483405 55.54384023264879 30.849676969640264 71.70044212790856 0.0 46.80953572908061 16.29909646393974 5.594502766027787 56.53067465377503 0.0 145.6134539212121 19.277898363368124 58.57101329483405 55.54384023264879
47.694912493886676 23.162847864955097 90.33084770751817 54.03687420704716 115.08856883622741 10.950631709161229 164.31311911151295 0.0 166.7289449164839 50.31423879052207 133.97291050017827 84.09897946010103 97.25391541657069 84.61803479595523 150.22280869565793 150.5351539702643 108.87888126054317 131.49488565433685 81.92368866173747 158.0829496053638 49.26947838317014 144.8842141153529 0.0 131.93125374664604 28.634285866033878 84.89933069655153 37.6084951471432 56.428055179269876 47.694912493886676 23.162847864955097
0.0 119.1100634950906 148.09487457417248 0.0 272.2601775238479 198.6659087384163 75.99358648084362 246.76616506062263 0.0 119.1100634950906
14.324079342426415 0.0 83.46813682151215 60.35739197421894 195.11947898884927 101.90829632689078 78.44120774351703 89.30565722733876 0.0 101.8262240143748 14.324079342426415 0.0
