70
47.588648353323904 34.20661434381205 46.5230248029747 42.391915729762616 80.43423043787311 68.3515660281243 48.33662601550088 68.42087502419348 31.062003045624962 69.66800752742971 15.653671990697433 61.12797818777862 0.027594631422516613 45.39303410289712 0.0 20.75345815099506 19.42544443343067 0.0 44.70222532419996 8.475447775021166 47.588648353323904 34.20661434381205
41.211089364464954 0.0 38.562219626946955 35.54877966396339 0.0 36.10207953249355 8.220882572567888 4.191834858560995 41.211089364464954 0.0
0.0 111.69885858638179 14.143855664374087 0.0 86.46090448277248 5.411282590148964 129.649343458381 91.94928270534547 0.0 111.69885858638179
201.59678906423025 77.58485060149152 286.2309620403988 93.59917455333483 181.09512694073388 147.9182665184672 234.38820408990975 209.35112718330632 196.26490552977276 250.1472312803803 142.68939318526725 257.3753731443003 91.64926122759339 259.38525468346654 70.19362608373046 204.87639033081743 57.59181312694632 172.11190175708347 94.7040816536214 140.5494434388414 28.63273342615399 99.85429312025914 0.0 4.303215699661848 96.03822642555292 63.2576501317385 134.96679539389294 0.0 179.06945944284706 35.732326687802384 201.59678906423025 77.58485060149152
39.23231564058493 17.278176187275974 58.43998894899022 45.541221154733975 28.521457808908394 53.01893934474977 0.0 46.274011651559775 6.630760904431568 18.321134040432696 9.219770240159761 0.0 27.540463679873582 10.549370104837479 42.41234386881003 2.33965111722425 39.23231564058493 17.278176187275974
158.79045543296735 45.261023749703526 160.16316160796322 93.66372069462437 98.76133582822742 110.44470346001734 97.14248658544923 131.2837894484419 81.12167587070293 152.50678703691352 61.91460364693782 131.05129222809768 39.33932820165802 131.06818003381477 72.13923967913439 98.06645113366729 0.0 85.5659881202333 1.4611024288732324 42.464542006440105 30.09187413543927 0.0 74.73828218586834 60.20629531779966 118.63124880104931 25.1478328441615 158.79045543296735 45.261023749703526
87.0286263141977 100.41521901217716 51.94067309305966 148.6421307899534 14.72488760072369 128.5925977200655 11.946827473477754 83.2428048444538 38.5561790560713 53.1120242124468 0.0 12.469247425348534 40.92342894146827 1.8847327311471958 75.57411860316057 33.293698347699234 95.45639413548462 0.0 116.20657259731158 13.62939170788507 137.97534764020247 30.47918184728114 190.83115287689753 62.79102073174336 105.06011313193832 68.98076249403242 104.55549768461182 90.41246533112276 87.0286263141977 100.41521901217716
0.0 55.297672679982156 39.23958140641443 0.0 75.3962805170065 3.300350373129703 117.13287672298567 2.5489221613776465 111.39272084950224 49.6610910481491 66.0798343886086 101.19828535441317 0.0 55.297672679982156
55.75521558458729 107.53561102377391 0.0 0.0 110.26517526533532 43.97736458958863 187.6201636366111 169.1450022851693 55.75521558458729 107.53561102377391
166.91804416901454 135.0533227899373 146.23792227150219 111.4308771737629 96.29706379263797 218.22499450160038 32.6248644174504 183.4109432007345 0.0 108.81729856774709 78.32563129867808 66.20681570621039 98.22886212012247 0.0 158.0910366583693 31.986022301213836 237.17174869601837 8.42836066294538 282.9552820305025 69.28439793009754 271.43357324994724 145.9739898397018 166.91804416901454 135.0533227899373
45.73329792641496 62.21120373363252 0.0 0.0 115.40958934434481 51.0082295967998 119.68121295908009 42.62043402338498 137.90054462915185 17.1385910178983 135.58769541935482 47.77104410215913 258.19909334746137 23.657155881710345 179.27868539387373 74.3016964406402 206.69792131728553 134.67256891297285 165.71068228522228 166.55894857485012 116.04967276519149 128.02197122236265 83.91481375213924 118.68345098289413 30.05796715515865 109.07841855776903 45.73329792641496 62.21120373363252
0.0 16.381061044136544 65.52043902175444 0.0 123.06272111544072 16.51045658424883 142.06087357612756 73.27017558518324 281.6045824514009 41.41689891706383 260.18008355267267 132.23950640749885 204.33480285172584 183.20406761413108 169.81352372816434 231.83481348594688 109.44968807356962 257.7390510749593 43.12608100225037 252.11540150231298 24.0585210013067 183.8155708570918 15.631781806504847 139.8327473048576 46.13233560887096 105.66001062008844 0.0 16.381061044136544
96.04961338071764 5.995792393675146 151.10135283690738 11.833341316701492 155.13137111528073 63.80649905163604 94.50173232576923 63.233039932674345 72.23596177593667 78.47837772841775 33.12659361734974 82.34368977812109 26.25956147054802 46.74722315039607 0.0 7.383977863933282 70.96843274393882 27.654037677152473 76.72514506047851 0.0 96.04961338071764 5.995792393675146
55.806761203519926 0.0 67.71625331141311 38.50511087494516 35.81386321777764 38.67160189817871 0.0 40.83411911127736 18.160558552521792 2.7910381467528396 55.806761203519926 0.0
30.760963079534733 0.5997470825679585 42.01117927909753 3.1243760193485173 51.18737742083387 11.431791453739635 61.62740125751509 25.107986726334246 63.13359774061877 45.83407031013036 36.77495214791928 41.28954324614827 24.14443636642808 55.075879273585116 4.307262912834702 53.10067061744823 9.672852208295353 29.170674319618016 0.13742557238266784 18.07697571420063 0.0 0.0 26.898408393113087 19.64464639692349 30.760963079534733 0.5997470825679585
101.81052058101561 0.0 188.97906915516816 26.80791794277647 135.5667335035593 113.56218313586518 0.0 89.5841222998709 101.81052058101561 0.0
26.957689179913203 41.13300482754799 15.608956110519912 54.10370077220038 0.0 50.89828460712292 9.496329744381853 31.093451684219716 11.648723442765146 24.234087158304902 14.692308236639676 19.243660520404916 9.165859541553417 1.8969594105244028 23.14932759898973 11.139621793670841 33.726579701676215 0.0 40.01039602310232 9.919978157550773 60.52081089416116 12.98744716421578 65.86379076273384 29.777591312873668 49.516177030573346 40.62095273460193 40.941067812571774 51.07844928808241 26.957689179913203 41.13300482754799
140.49401141274788 206.49426367051643 73.97335645958162 184.01591492344033 0.0 130.78830051136146 59.39134599211742 60.74652492064887 99.18764438895909 0.0 157.45258007032288 63.298972730722824 216.81844221772846 65.52074615392377 266.83558098601213 131.73626927305958 198.10676614007141 178.03266123300494 140.49401141274788 206.49426367051643
149.56164256015853 96.8595256801059 135.74582403013872 127.90074624643854 102.44873869853012 135.93569135295797 74.50552544086132 112.46878215628946 47.7786307017782 141.85265150449231 30.978466732583115 117.49657763254866 26.09730436166732 93.93286146968146 0.0 67.58812780424157 9.710448711840229 33.74276426897055 47.31162632328416 30.343980802437933 71.09786357191206 0.0 100.79883295389908 18.043751556273534 115.7591600603576 44.64126540332359 140.0004823552365 63.85946166978577 149.56164256015853 96.8595256801059
45.41119385288391 0.0 75.95543138943941 16.902384500328054 56.593322837256096 45.48063118240293 29.765209529477502 67.88048772057031 0.0 39.132708383785115 20.48059634296368 10.86977730905572 45.41119385288391 0.0
0.0 118.7094580922597 7.111095458595351 75.24504962744004 24.449128271448608 53.58022870593833 24.50397603385411 36.77909032209468 26.399742068792726 2.6944268621416896 53.97374572996946 0.0 70.82007175284608 24.69581178937981 121.77046672403128 9.12976223782772 126.07430008598834 48.913466089794035 70.22785778698287 64.22536058566854 105.41698559600297 115.94120803742658 56.27807877683217 65.60759702042319 43.050098890801245 103.5599872278255 0.0 118.7094580922597
94.41883953332766 124.18717849589049 58.09756660077679 112.63258601016165 41.97400770431835 96.97675184595107 32.74732389285927 86.55629773802669 0.0 79.46594911261735 22.65004094149529 59.80281593621061 35.96024287060615 51.18764769077737 42.07525257690078 20.289405801388412 62.95590508400025 39.53042747322904 136.19682657985788 0.0 119.41389277980286 58.37489118159979 110.17880213264581 92.10633669034664 94.41883953332766 124.18717849589049
90.9596613083167 39.09387157829627 160.40550107733782 52.67623169640997 157.06707248263314 112.03012266602889 99.47026556061907 130.7335617531421 53.746569672130434 125.27326422082524 0.0 122.51136385037745 10.494445578003422 68.02020256807201 50.159648571028356 52.016003845899604 41.26777907194078 7.732572842879776 78.48040143209263 0.0 90.9596613083167 39.09387157829627
156.85988191860542 70.30339384499305 87.96951711881633 44.77067179445098 0.0 9.123669498204045 108.18582438659341 0.0 156.85988191860542 70.30339384499305
120.15962558682432 132.86526506040966 1.854322089249564 157.74581732360093 30.462832502968155 110.7160227088103 0.0 40.433315447638094 97.94319981957973 81.67898466449634 109.67244411290963 0.0 152.0192776681326 44.34789199088361 214.59330126750785 25.96664865465536 238.36979692103938 72.97292651305025 230.22629238325317 123.42130499175548 200.28986512759894 156.28717434062884 214.03115577794767 215.84882606300073 145.4366339683914 182.21850600041532 122.1496083682139 171.41854889855603 89.49468381583836 197.00209698190844 120.15962558682432 132.86526506040966
42.365024897269805 40.922628795936845 15.076795088587858 44.1375395774443 0.0 14.363374396949581 28.112881709227935 0.0 50.878690277274075 4.05325219568212 46.758930241976856 23.51127665637523 42.365024897269805 40.922628795936845
17.773292506073417 21.969802457581793 84.22440565794288 36.03022327749605 111.9124042045917 0.0 158.23312271720806 5.911530836803166 166.15286781555415 56.624446317843066 257.8684934861279 78.03616455804635 228.6651430696283 139.28426730029224 113.09016388712375 91.44960470939044 124.76508880210547 148.17073341026264 74.83274608814945 229.3606265996617 42.21611567977007 167.84374503598593 0.0 133.43649763111574 67.53587722505097 85.35108516888562 17.773292506073417 21.969802457581793
39.85676701616859 152.54788289503577 0.0 88.32333913635682 34.40017798035768 9.557049805072921 122.44351320049375 0.0 189.97001950084342 37.84853882815662 196.103821489007 109.487236025592 145.1106675291985 143.4679041824245 125.06749395108844 177.13441723565012 82.47076293193476 180.1766165853526 39.85676701616859 152.54788289503577
80.68769537452637 0.0 113.81228822588155 34.99737387035735 147.43113563207342 35.622819642714354 184.28646578076157 64.46562281758845 158.72975029001623 101.88475227165665 132.14658467213934 120.53566228425142 103.7230424116722 107.62637662867856 81.11999534159294 111.0832105140221 46.7909520115594 100.7748524958316 0.0 63.17856566222396 20.83381756434693 4.99266419646257 80.68769537452637 0.0
223.12354615562816 179.8421303052582 0.0 114.233274607815 90.42632830066178 8.011505423960969 132.57728925681 0.0 223.12354615562816 179.8421303052582
64.14519312311707 0.0 81.7214575942885 24.061465133501997 151.8581233668469 27.211934829645628 87.8744489886919 63.889094314885654 75.12182101599436 76.53148934317369 62.187386658772255 90.7170615347296 41.109970510315534 90.86637371849795 25.40856587746427 75.46273381653164 0.0 54.65564085032507 38.376855279413206 42.51235622580052 32.96865907100097 3.6167262512383545 64.14519312311707 0.0
101.52646834325635 230.82960545167305 31.780266058387525 195.04294305624825 0.0 112.1310567037836 26.649937991146743 0.0 150.58535112444457 9.577321813378404 291.4229401740418 35.76660559473024 279.1081623385184 173.2785010668525 199.65398929845878 256.52736715741224 101.52646834325635 230.82960545167305
51.858947193624346 180.04651284127345 8.858602722248293 164.01976643347302 0.0 121.5531747887149 11.565615630060591 87.31170511807842 7.84491602744788 53.00460225557965 15.617999957887491 0.0 67.63425776056393 46.413160942183524 81.4560250473472 66.04949637503474 182.0422028820983 6.189396672587932 125.28399417176044 82.26858904577766 144.48892861792956 117.07422256037634 128.35219007846263 153.1058989014571 94.31773760953256 172.54307389855921 51.858947193624346 180.04651284127345
236.37064712015365 52.46880046034979 171.81521797692807 179.63053975561235 0.0 146.64423803067965 106.06911813883622 0.0 236.37064712015365 52.46880046034979
54.23355170377882 7.3327680127195265 64.04329732438293 14.707430793139878 61.9760722618232 28.431351354336158 71.18363977506363 33.736563191556655 70.74997854416293 43.709845108619035 77.16250008622035 63.16950221726272 59.501660894774126 61.91961794089164 47.468008807801674 69.64973540205018 45.30014884984542 42.573093420406465 18.37821163287287 63.391266139524916 23.072904350664153 44.303283844161555 0.0 30.459366587477675 22.20622824699624 21.25427169955573 21.379116945355428 0.0 44.91628229870164 22.65176411571727 54.23355170377882 7.3327680127195265
95.37155587038457 49.8937534027796 23.551037447715487 82.64187917199664 0.0 16.043577236412126 71.19326488284256 0.0 104.75503905710615 23.0122066383774 177.66171694780212 8.126501892941988 190.2123150467445 83.4136086659743 101.08665665255968 61.64441628833294 95.37155587038457 49.8937534027796
284.0394685348513 9.893379734677552 216.83878337051306 115.12610207981145 215.8430310285769 164.7904068265556 181.99063909331363 204.86176819715794 133.82687187355202 219.87213278537322 70.76852204893837 243.22142082991135 83.12601350848499 153.58824879759402 0.0 137.2809106248132 20.52441514769653 77.78856410953645 123.54229130174947 125.04217676943458 112.26994214676188 0.0 158.35825372499784 51.74289247888544 284.0394685348513 9.893379734677552
137.73543982709134 145.0105492441596 0.0 74.04087556041839 136.62593127451652 15.18646273817916 247.74898250530433 0.0 308.8199652745094 116.32225162176255 206.0175460528098 174.68301072544244 137.73543982709134 145.0105492441596
32.937878094786214 28.275542707899888 57.93179190356547 31.98528843602672 52.64162237907361 44.179764755302855 40.05811208016645 45.72655987861785 28.52539550872548 56.929077071827976 14.209194077629505 51.68847680349322 0.0 40.78373676745686 27.735340507823963 27.593608308057043 14.407053446309334 13.769352332096005 26.889345517418107 12.63351289653275 37.62523256102078 0.0 52.18999056642974 5.055485154545721 32.937878094786214 28.275542707899888
173.13352043171477 90.90679032715501 126.63386004893673 127.58851422652532 85.5306687592076 148.46470293010316 55.612332268849656 118.3593423750184 0.0 106.44187444998606 12.571926154385224 56.081888485224795 38.28222354421365 0.0 90.5790839694774 38.26252400765799 137.13756616720445 41.94827396904088 173.13352043171477 90.90679032715501
44.044330449694236 76.95800612455425 21.267812161446038 113.1947901535366 13.248369960439256 76.5069027731487 22.296860741104844 58.491346444385385 0.0 31.786397750124266 22.750443747292927 12.51128210190545 55.09272092535952 0.0 75.77611197740706 28.785576226301856 116.42066315475492 56.83397152492101 74.65489306262666 83.8012517218066 44.044330449694236 76.95800612455425
298.91170109735657 0.0 319.9835735385679 111.70752380479712 406.5664607986761 269.0292723462034 205.24613358221865 138.00934539967037 92.06216121318789 307.30360715848724 0.0 183.8414630230701 100.14046815664221 75.71259262304278 179.4927044398176 28.025357043277182 298.91170109735657 0.0
159.23077362844438 44.28403358761054 126.22467096671897 85.54750499389743 93.4005743296004 98.25918230936988 77.04662320975535 136.47330958844452 44.7674775872057 118.19586066173086 3.5644582895558514 116.59487942544 0.0 77.18706076393053 33.172648701153896 55.099627111547406 24.488480786840583 20.968720315555608 48.63382913194915 0.0 66.93523633848102 51.610527319555814 116.01051528727581 16.558679168274168 159.23077362844438 44.28403358761054
24.912753433314087 60.38041863468338 40.41201942114396 47.90145315211109 0.0 25.76494645147001 4.844251324133886 0.0 37.706880354974665 8.829760511655415 54.2431237866921 6.949741050159517 71.71267482475048 6.377862256694293 90.0069499344502 13.196511162454755 79.00900953167573 38.336669168140915 81.05036585576599 48.243123602141665 79.54023542938833 58.425844095535936 88.10019829873656 81.30745488530343 64.43062243745743 71.72830182514672 54.07933644530505 55.03103734056934 40.59895549888363 82.19587021814931 22.601760020983512 81.3632070545398 24.912753433314087 60.38041863468338
131.1490982926119 102.37464832270913 59.43396331960582 111.53175913365484 0.0 88.26154846643564 12.293463384656036 30.79424069740299 44.304946059525804 6.694266840270906 86.40588672471107 0.0 104.20828300648981 35.41111157827914 131.1490982926119 102.37464832270913
103.31272234050033 29.102822485320388 72.2511672105313 54.050838318048704 0.0 81.63771722645055 13.158064341583412 0.0 70.9571643353936 3.5556682248877394 103.31272234050033 29.102822485320388
168.55882080800728 0.0 289.03683469655186 19.72716445613409 300.39729609858625 131.40198847165033 264.0917845034971 217.15714435438252 181.0519222143792 182.4494163365436 0.0 205.6229330977926 109.33441353784815 79.04718742733198 168.55882080800728 0.0
122.1628593682482 30.07026169887562 62.983685268293414 56.971502272171385 97.83406935918784 81.08194767332401 79.49535811425964 92.66434553031053 59.87726087250205 96.75038416414185 35.31322981141807 96.98609202069821 0.0 86.21215668933058 5.31527711227767 50.86282877775398 11.02952122739515 19.60180553091447 35.30201809897315 0.0 67.65719442674967 4.096765211962705 101.75847842515986 0.31362834624635383 122.1628593682482 30.07026169887562
147.74264548376817 90.48658397294193 125.96251358459152 123.98388430708061 103.12718250558204 161.41354823013356 62.45824448989116 166.0495487066856 36.89959284816612 129.34397609733705 17.98918076432036 111.32772522012894 0.0 88.8419902431381 21.016996160105137 63.86827919879158 23.04849907926129 32.746123188577336 43.46147391073089 0.0 78.79931683295722 16.187242618111547 98.21884444830538 41.74688627836021 176.8104499264481 38.21040928218667 147.74264548376817 90.48658397294193
117.56940409645632 69.19359827539678 92.25367150108048 76.49070749930432 82.33905069637979 109.96901356672656 46.2894016505649 132.73870578806464 70.2393199101026 49.31950402839293 21.523398968655464 64.90102101525564 0.0 38.37741587274394 31.56626666268589 22.00067703783499 44.93044242000184 0.0 70.2184443269174 7.661607478949435 86.90621446520649 18.919893479800223 138.87026451004658 5.988235928196858 116.06452896556202 45.932418627086236 117.56940409645632 69.19359827539678
0.0 86.90658057333528 21.30720504956262 0.0 86.71436843887207 7.835235447146502 136.34498754736666 50.726183843602264 96.52489754602637 134.34944565570547 0.0 86.90658057333528
131.1365445203172 0.0 239.17250534219284 0.21744923298587082 313.2629383450143 75.74137187720495 291.8204051912095 177.42580301521198 198.4368224381227 158.44199320726815 154.13813511252826 158.16866038117405 0.0 89.23054416525945 131.1365445203172 0.0
0.0 18.530201225025394 149.65511079736768 0.0 325.3826897361312 18.277886888879067 266.5313367295605 194.0774297221917 133.93188501975627 281.82231738995443 110.68621400788805 136.9310648005843 0.0 18.530201225025394
128.62255367686186 41.94408619741987 161.58905827670517 56.11047364392228 145.9061899394078 75.99172293540775 118.62788365873922 73.77784087781433 112.90887177257895 114.81386109456673 91.33237838293915 89.58755075223539 64.91895334798267 90.5274317535528 0.0 86.49225502891284 58.483357440411055 46.14779558866359 73.55134983625925 31.38650623613639 86.19926499601088 22.519368564988334 97.95541701838883 0.0 120.33800376963288 0.7331732271638103 139.40559574050712 14.51982980436614 128.62255367686186 41.94408619741987
36.03811272466436 57.26451038819987 17.419669832120235 67.76463513932063 3.331656638553028 56.965283697241404 1.0714640478516628 39.259842688753906 26.27359723014591 29.59602760511453 0.0 0.0 22.900311872437115 0.2420525492190393 38.498892956665074 9.079794568355311 46.19571062928462 15.763343503421112 60.94617682742387 15.458109791815673 58.69736053390382 29.051513382077587 71.21139106559266 42.54375477962368 48.707419782351465 42.78007917927572 50.60303124956083 65.40999501610318 36.03811272466436 57.26451038819987
0.0 149.9835887401416 67.02629082383697 67.86981754364778 136.97337788872136 55.74199305696061 172.31919016497628 0.0 193.33579190515047 86.5812284419454 260.90225546743636 69.14734312143818 335.40023906807085 127.45784232485686 295.3533717163706 208.5289230616732 240.61448738144284 297.4046849167914 159.40706302544405 187.80719419995444 109.59627233575296 180.9824310666491 0.0 149.9835887401416
223.9584952551835 63.97446073881483 177.08489219212333 125.5221378382953 119.38257093999061 117.66995504581917 76.04681144453988 156.12797099339497 0.0 137.7454775225281 11.281132180601105 59.54372195707154 80.8205218434677 42.525403667784 113.71441062891131 0.0 151.84832787048745 35.27964038175404 223.9584952551835 63.97446073881483
104.84532949467221 0.0 149.87797151476866 82.48531456318852 90.51447348486043 138.1557528281681 47.37523524670442 92.21277539242887 0.0 8.917892409915169 104.84532949467221 0.0
59.6483393118897 147.1578816355431 39.91375249249192 128.1598769211622 14.793543653274781 111.42285572479902 0.0 82.20696986317783 28.201087864736117 58.26886479886426 6.209954188675852 0.0 64.94639889633788 34.384710296578284 86.47501062557096 32.93118780715374 108.10775494327277 36.838306614313105 170.74282277763473 19.031070756474342 150.4905767857352 67.5854538915271 131.69350444977795 91.96255677939878 141.19211596718338 123.38160575000784 115.29158747163221 139.12038216520324 88.80044934194905 155.16700118527484 59.6483393118897 147.1578816355431
52.28120443564595 11.019973348619466 67.01549568354662 12.888826605061134 113.18964949438387 0.09559239506155137 72.76902361924506 41.108278305416285 82.34460518481387 53.61289475408223 77.58256288701853 69.50371897921164 62.907734505871744 76.15712903564943 47.8640027783633 78.80830683110875 35.82002075199725 70.60409438371306 9.977268624090556 73.42006490803647 50.127424125799735 44.58328265355758 0.0 30.69620181112881 0.5568105848972209 0.0 46.48176284118793 35.258356143493195 52.28120443564595 11.019973348619466
16.42608955895021 0.0 29.66749523930727 3.87234431876351 58.133921168489394 5.85822609995904 48.34797322561283 38.12918072531639 15.782593786642266 41.90765709706004 0.0 18.21701685650659 16.42608955895021 0.0
341.2386342193758 144.09138819154413 308.3352897170121 187.8375131049595 250.9148084448813 193.85477991423448 256.37388117582077 334.48146598478763 181.21140027215702 248.85648674155368 110.3656099936506 278.62005972250734 88.5122364795564 212.98436283703853 70.24208734412395 161.10012483022786 72.91003700384198 109.9530348228658 0.0 13.110987516220703 104.06604114154985 0.5000198800279634 164.475262329485 0.0 208.40515922063997 36.49651429007773 257.65924976389937 21.990412100376645 270.7969900523819 67.81783156921539 267.9400562267802 104.92796326453075 341.2386342193758 144.09138819154413
76.35583348637641 10.352616935325429 87.84491472151808 28.985540241527445 76.46300944028621 46.56747571818781 62.779562878385924 57.988680569068435 34.234314662169034 82.39626312053275 8.099646691201507 59.425518361028494 0.0 23.18759848763655 28.340258752560963 0.0 55.73618677312897 20.220916100648978 76.35583348637641 10.352616935325429
136.1848763875251 0.0 205.19636039596804 7.636985795687423 239.61107501949505 72.99703226960906 366.79969224295303 42.09424806817633 294.456861875387 141.80258024865884 296.1791554695902 191.33623252512885 279.66376566799516 248.29532493808892 234.1906546368054 286.72945776222684 176.66906482276073 233.49808998155748 74.74611845078812 334.1898672955176 57.81812680749738 235.43937707199444 0.0 178.1831179736204 129.1821837338064 132.68800466574 100.75870965929795 65.8667021541942 136.1848763875251 0.0
58.00797975911568 48.73873523632222 36.21182202996885 21.60888024961063 49.75986242700552 0.0 67.57807889374646 29.65473189180667 87.74174633987377 20.79586144441395 97.99726111058507 37.04280640611781 112.46711698926353 57.06903373752788 88.34244766484252 68.03295915893827 62.12444630270138 50.23245812306333 62.5946339314634 83.2718613186766 35.75329115507852 100.16667937355635 37.75802390447688 66.84595747626281 0.0 58.45857108161187 58.00797975911568 48.73873523632222
92.25229339131295 0.0 72.09645652031733 46.09329245192903 0.0 88.13100981956346 30.57806418492754 3.4801074816462716 92.25229339131295 0.0
28.887664772721678 207.41964882520583 0.0 153.51088315470463 21.615396824865627 97.09505091772732 61.52045520397252 64.17524039312615 91.22073401204779 34.841662971475984 137.5285841837386 51.55372137197938 178.87220636600404 0.0 188.4868555805174 72.41295723037236 228.85109071587738 77.66516289921331 306.2134799513183 102.26188411193604 202.4525575773979 141.66350501448096 299.5244340537875 236.84673265321953 187.8028120045403 188.90369925565733 167.75670023731698 224.67614456671834 141.7805865305482 167.10765527322098 88.80480051440509 218.0050891979859 28.887664772721678 207.41964882520583
186.37556702517787 211.16689556551427 155.25870968992928 225.4227834833337 0.0 205.33065210984952 139.3104698588221 146.3299920770383 204.74857593043396 0.0 330.67067159992666 98.92720290567655 254.04972398512047 216.40641078892895 186.37556702517787 211.16689556551427
82.79687795258243 165.72583530540123 58.59428421383842 101.1031846412909 0.0 41.12997681728267 81.94003937291653 0.0 107.58662973601545 73.21014892134586 176.8148640509108 141.04927739067642 82.79687795258243 165.72583530540123
61.44370447782994 68.24884105562016 47.341341779058226 96.20969080796559 25.52107035277689 94.31998987555042 41.445502973204185 62.86399553117194 0.0 58.07848774162923 13.40771924651122 37.24296096101938 17.749411959461128 14.89404931900399 36.07033040019316 0.0 59.427371005369324 16.401780171739098 74.00023464020347 21.634454729531456 105.10971227247799 12.450367627500164 102.27743356288138 39.928602328722974 72.61350826344858 55.26751287797492 114.64049436016563 87.31317761961478 85.6378049777309 92.38295752288317 61.44370447782994 68.24884105562016
