100
124.87063665993698 75.88008370510205 72.56378204178597 112.90831973513036 0.0 94.68625042012413 59.65250303234808 0.0 124.87063665993698 75.88008370510205
17.366644169283063 71.8721263396002 17.86931959897339 46.34226269672416 0.0 28.448342894009727 29.247255268551484 22.98094176336005 34.7742953229738 0.0 51.472077258010955 13.06129255317218 90.67362949383372 0.45753907250883685 109.44237079376778 30.690719600387936 85.81415362920254 58.150080597468914 66.74722925746286 78.9859701259126 42.86129427634734 36.56591983771479 17.366644169283063 71.8721263396002
148.5928134361639 294.8810109662492 93.09615357203481 241.7413778606923 0.0 217.01577159129562 150.08377587099938 130.25673446382257 17.32631371319229 41.881585576797505 90.15855167401259 0.0 171.57489716556523 77.02780600941637 196.8889948539234 81.89070461188012 253.79682637029669 63.43729953453132 295.9717957717059 103.38197881367032 288.20845947455825 158.75247354057586 237.44866363754198 186.76851844528446 207.34956175522876 221.33136135494448 148.5928134361639 294.8810109662492
179.01060820870225 95.28974588108814 299.0040111439826 13.053848111402445 221.39473625021935 116.84294501149813 183.6791947722114 167.5013341494688 33.46490078403869 189.27949068148058 0.0 0.0 179.01060820870225 95.28974588108814
0.0 14.064698260301526 16.20464777069121 0.0 36.09541751578769 8.493322414468324 44.15051041753895 0.5045568408471865 48.450523054381634 10.690219538573245 60.13262579103892 14.345031940845843 67.70927584654329 29.003940772302272 53.82308308848796 37.49008610985365 41.06918552217742 37.53870155893232 26.994551002789947 41.18820686951722 29.980903724441404 24.155589572696414 0.0 14.064698260301526
150.79120937634872 48.037505910191555 148.0573046134768 82.71594825946222 159.89960939987748 143.8937594027129 97.58989159885172 133.5881768019251 65.68057876909945 118.20532346682288 40.008788674664544 106.53241319885055 24.34070650361616 83.54868839629289 0.0 54.40708061081432 22.077050309032984 25.317315985769696 42.70924579147294 0.0 75.29178645940041 22.424681913248953 88.11048924407015 36.49872509854819 137.46024162638156 13.579076287719992 150.79120937634872 48.037505910191555
0.0 137.47104782104952 51.363776219996026 6.9398031459706715 171.5787416945175 0.0 219.87035168258248 105.73425669562369 132.84360923257032 208.7878189518956 0.0 137.47104782104952
79.08508487605322 130.26283740468182 2.7385339947033245 102.77380517882632 0.0 0.0 94.88052093813135 5.248370833436702 147.397483798007 78.48593926040671 79.08508487605322 130.26283740468182
0.0 27.557869786322357 19.127955584915213 0.0 57.057402522621274 3.548137048637045 35.01886920367912 35.131294046250645 0.0 27.557869786322357
64.94818216219812 219.85023370672485 86.86141549246548 143.65502218076074 0.0 64.75649410582736 89.32194417161693 30.154288694833284 151.9344447653353 0.0 190.05229642298332 88.33215764533807 200.5959308560671 107.85256654161259 268.7906992987106 111.20699987450283 315.5169694941674 174.72874123273397 252.4566145885682 214.35744115593167 204.45861856004706 263.13931010891565 135.41806607853027 245.3748545292591 64.94818216219812 219.85023370672485
243.32905941214722 58.58240779492395 350.0576490624983 73.03690783076564 390.11666198000273 175.7311095542741 326.0716394781582 264.4658528633371 222.46262579977346 243.05817885869797 168.62222555358102 291.5102556316457 78.61821889275966 282.65550888794087 0.0 215.47351888697835 122.24361767714579 145.81841970046256 54.16079591526122 10.935585409071962 167.42891850670765 0.0 243.32905941214722 58.58240779492395
32.42486711808247 29.104355113800807 0.0 9.311424165806955 35.82285790899763 0.0 40.20710064978817 7.66716892903456 56.674036620038386 20.785899117601204 32.42486711808247 29.104355113800807
188.58723973425384 0.0 199.13253510686047 74.30158170844945 240.22458110911987 124.86784792505522 193.6028410367413 174.5503468300252 148.7904824995982 192.6724344060426 107.270658361071 230.40392475540256 48.66931792066393 214.78829290987233 57.78174274139914 149.16729850313158 22.455025573372495 116.99543759965347 0.0 50.70765196617906 69.60354689436411 43.76427700787748 115.52047748637322 51.715975676897216 188.58723973425384 0.0
64.26490898582566 24.006774258251625 147.37093360004866 9.63160886408761 270.9590263186437 0.0 205.3899172027773 119.31479152903749 182.28362551631366 178.41836698946747 110.6279890818754 243.67224749680457 21.3092464483519 195.14900016548614 0.0 91.880282267574 64.26490898582566 24.006774258251625
191.76597685848685 126.07321219192883 298.9193631945114 167.20483211632882 292.81687509726316 234.29556709982307 191.22200427759287 188.90176006418085 165.2628806783937 283.4198435110237 134.82865951812622 196.72381675745072 73.71472645472977 213.41423653406753 0.0 186.05930909052998 71.2294942616519 121.01956708859603 122.7758950333139 107.6988995066148 120.20166836505683 75.00734748025496 140.827161800513 42.79783230538935 187.14124167510084 0.0 241.43602216010373 17.80384935503443 286.676697268515 54.31034253094667 191.76597685848685 126.07321219192883
112.37348716279132 99.18000236730282 26.26815574758175 108.7886353264054 0.0 38.68806394979716 44.7005920488268 0.0 108.8271936725356 15.135338625326845 112.37348716279132 99.18000236730282
34.904158748738894 79.65153701277946 0.0 36.214874898806784 46.471350880426144 15.47445437536603 81.54648014809486 21.684772512055048 117.88927015620918 0.0 157.87419056689873 20.744067288170505 138.8201887106245 66.22279234358356 112.63877653750724 82.24896552206414 121.32636975194683 114.25031946960159 96.59711253120973 131.6229382091223 65.14405611565579 129.38894724213765 48.6379951097756 104.50346748252274 34.904158748738894 79.65153701277946
236.54263591242116 239.2338737078117 182.95079504800256 252.7247911063115 128.27410078184587 247.59260108081952 89.51741430596574 203.18066416730463 101.74536235871656 148.61216264373127 0.0 84.10961034555575 102.52286612009998 61.06955566188415 129.07797429196768 7.464144865643888 190.83224561873556 0.0 214.2812727242677 83.1630413025231 288.9787881592601 53.58790445319106 260.0080255766427 117.3930457779883 313.1104001689183 165.69550213529322 244.5030554044628 180.2066965289826 236.54263591242116 239.2338737078117
295.89705527538945 86.23397116743308 258.9363477938639 155.08083284594355 204.6885863521926 169.15153363490924 191.28781907886219 210.65898991705367 136.66258937091132 244.3620197513753 0.0 287.5382609935508 33.80859016452223 157.60713036515457 77.86938452546028 95.07782831329757 84.9956847441874 0.0 172.74645216323682 49.0881206644096 210.21623440571886 78.49912883095541 295.89705527538945 86.23397116743308
192.73923065450998 0.0 144.50706617916552 125.75712457366717 325.1231702741877 111.47927842146099 277.02526485745614 198.2769551373591 200.94073406324753 235.70699715968334 131.64419341457676 216.5953634590814 107.39477220880113 257.22212963286034 47.23865494875833 301.56476279843963 0.0 260.7742219341576 97.36211687757195 158.3781356066669 61.22602293338998 156.5096596409241 51.78132219522196 135.14037884435987 11.544422012659538 53.105390517021604 74.05740603213987 73.076130946026 110.17248190764734 72.21364786609207 192.73923065450998 0.0
76.5087400178864 9.066177223512675 89.23714077330216 28.276093931233824 56.40184397817504 42.03854746611149 66.5140962871377 62.40938736846571 51.135625949703595 66.77993852989994 36.805979823627055 82.85351300435835 33.303597436841045 46.81821203533642 32.98073170916412 41.04237874792023 17.62061054617152 40.49692573275451 32.69158600025068 35.060950590813185 0.0 2.9133155854569353 32.47716982720162 20.762837310291964 40.93447058506395 0.0 55.704760807228865 6.026887845472295 76.5087400178864 9.066177223512675
0.0 97.53507659348469 13.216668404605961 0.0 77.77027569986558 9.541409686750967 184.69887518699187 24.22743087178999 95.45755211492747 88.82811946767106 0.0 97.53507659348469
134.088024120998 195.91657769086166 0.0 167.70179837476522 57.34954842515313 60.30990952296891 153.9586423963243 0.0 219.83439392174049 83.8003560491488 325.6931499659047 124.52022610636327 217.4064628119027 171.76467067987335 187.3718163907302 210.9834369380223 134.088024120998 195.91657769086166
98.45557772606831 16.334559924806825 77.54780062773047 53.98175741602343 129.01130521666062 75.32038730860377 103.91058986088169 101.84883903692587 73.10976776800948 109.03523933273284 52.70833294492887 127.2102848581181 24.21680473326822 120.2308823337185 17.198276118256018 91.40679796174878 5.934063632830714 75.65071840132408 0.0 56.27936331753827 33.829544372800356 54.40200264287708 25.310084606560196 25.90706294536323 45.724276892145284 42.37992695891151 73.76325257457123 0.0 98.45557772606831 16.334559924806825
0.0 66.83678006753057 65.33986023208979 3.944502116551405 137.21822912284364 8.240658012435418 197.1504554612224 0.0 257.97129577293884 34.16049561389913 246.8458951717375 103.70513211659953 234.81611353128366 175.68629847730716 172.92934748961338 233.6131491846503 89.01425664246872 204.21551970708373 88.27375089917237 119.5124275183321 0.0 66.83678006753057
159.6549034324655 98.79836131572888 147.33226509874845 140.74488596272613 88.67784078225525 94.64020114112206 70.38357798935704 115.93397309800461 82.63316146802714 69.29698181258418 18.578732960593968 91.31082753924379 0.0 56.532798183365344 9.607394959939626 14.727973010696708 50.14116990404017 0.0 83.72884360041533 33.19954715141186 115.1668549573163 13.95362393040461 111.73091685922111 50.484201276973536 126.95530064322176 64.67855304679044 159.6549034324655 98.79836131572888
27.7643046412864 81.6076072995698 2.1142069209965655 70.07670592775933 21.397913711000257 44.330725244011234 0.0 10.814936350906727 28.744164640249835 0.0 54.112887768124835 7.753510461929906 72.87294892841574 14.113596248154806 110.87921110848639 6.735974546675806 106.40236030944416 40.5545880104133 105.50381589103777 64.77082429702 100.63487787549371 96.41178163905964 61.2214158702196 68.3922746092476 45.52659035266555 100.255274634315 27.7643046412864 81.6076072995698
79.81759949213621 138.40777862555572 3.508730629742786 135.74178662858844 0.0 0.0 157.28209828763931 22.32207864870277 169.44710107200962 146.23598279557362 79.81759949213621 138.40777862555572
69.76434422716879 142.64634350388855 41.194151358592755 124.10802594697672 0.0 109.43634032734623 22.096240262347315 67.90218359328341 9.789129923445785 28.341228236503156 38.40071892456937 0.0 76.12544335260363 2.302325117604809 109.27125459465523 3.1930233240311594 102.18731598097362 52.64895367447873 129.5854615608517 58.6815093023132 118.618251747528 80.51323656134565 153.09625164368597 136.2215443218103 105.8804159849214 140.01261465364956 69.76434422716879 142.64634350388855
1.8694608182590997 90.80867437282458 0.0 27.980041702815008 50.0219081854695 3.863848130139793 90.17388582035522 7.0781283409791556 142.4000715115916 0.0 191.81723925218398 48.88990232978188 162.58182601387628 114.66886962371328 116.1876139409271 183.19096096980925 27.02328800346153 169.916607897458 1.8694608182590997 90.80867437282458
135.03583723502692 7.369347229269792 189.68063889131963 0.0 224.10987828222517 37.75288009187496 181.1614600997322 91.14731398668505 164.9723646836514 111.8321051930989 207.76040213869882 191.90300638311138 139.57238809424933 165.87753862530766 104.22516368667009 190.66494716376747 60.19828894158428 178.69358695453866 9.973937951086754 154.70177416208577 64.10664251024559 96.60297738953116 0.0 42.44025988018772 44.176888906752765 4.072491702154508 100.63513625637113 23.922209346292433 135.03583723502692 7.369347229269792
16.281640358572005 68.71989487334861 10.878117820722096 36.833699200398954 0.0 0.0 42.322949113788255 3.1715092165002687 64.23741865732696 3.8978268413879675 76.27551161630826 21.23915767587154 85.43529462173665 42.42262063469282 76.37047040046909 68.25991593517614 48.507820784945636 71.26642334880341 16.281640358572005 68.71989487334861
85.70217241330309 50.74748077579699 61.481788494409614 94.71739850552737 17.46690570277957 61.31492454986963 0.0 7.400775633902967 53.8906106498701 19.449944799994782 107.81676009741923 0.0 85.70217241330309 50.74748077579699
59.53618966016322 2.373172473194238 67.59482306863643 32.92175430470774 81.94847902212462 34.69669100732519 85.30838392608513 48.129499021981566 92.67119571574615 60.245595806250385 106.85625641891613 82.38360848892268 65.03773300698425 68.44602877567235 68.35356626340584 93.22013478669763 54.21396242093799 95.5333439302357 34.24345463182809 103.1077530426156 10.931016235279628 97.31726438819447 0.0 75.80669968514101 13.35138173274953 54.45347750307773 10.655057269591566 35.12632731030512 20.848903459687676 16.301258748432623 36.83930012601647 0.0 59.53618966016322 2.373172473194238
18.616906453959814 0.0 37.52523169510397 11.790971020203315 13.983241457399245 32.87465314054228 0.0 5.368413135753741 18.616906453959814 0.0
203.38907315498554 124.01527355310992 160.3746474992339 131.76283413215032 128.046128907554 172.7426038428671 66.06295241300153 175.06783629594796 0.0 140.4371196280037 13.384478663025746 66.48863449474459 75.48601375789451 33.77208958033515 100.6256616094722 0.0 141.15219523172146 20.76429242317066 185.00256402890903 3.096724047394517 208.7830130126236 42.084993132031 232.68686686168994 83.83537251411303 203.38907315498554 124.01527355310992
98.91584414525283 133.51506526714846 57.670273872460456 143.0297773217094 0.0 132.22752796641805 12.46457320483259 75.32699468577137 69.67764394809019 60.19406520730476 40.22189916044243 0.0 82.45106164247731 19.771330002581685 115.32217188563637 17.779334675362875 125.03451786788928 48.91803393176451 155.7062763097057 82.3837117811742 116.92753538170658 100.55349023505042 98.91584414525283 133.51506526714846
7.351946549151151 20.88562899808177 0.0 0.0 19.57315615430484 4.495059716778513 38.905644310468375 2.3163421367323025 50.50068859492248 21.573411957984845 40.020452395029054 41.46868878208396 18.94879931941591 46.42394944214358 11.533888698973072 28.817294324188126 7.351946549151151 20.88562899808177
196.25792337641167 119.85498974059361 102.99497155708364 171.7210737466698 69.19324153318645 100.1694096266021 0.0 69.78988446758895 51.02543921696591 0.0 135.03815970244517 32.42497090853699 196.25792337641167 119.85498974059361
0.0 148.85891156369047 28.826129774738575 62.92196822181573 109.01176157200345 8.430662847430824 230.99574049070742 0.0 278.00511315959125 112.83114528647386 290.759912087571 232.43850637889994 184.45901136376713 276.51319301126387 98.33615580064851 274.4051073965183 10.089378522865957 243.81954483873594 0.0 148.85891156369047
69.7425621968348 66.59254329441622 87.7290793847952 31.051655310358754 130.42788152132874 0.0 141.21663802188507 66.65025891690955 168.20070444851484 83.51662896719634 213.11851190479013 121.74621984029744 186.3623089947535 161.7505492990323 160.18308841288706 211.20935348653512 106.35354593075887 155.06990612721592 93.2078930162452 131.6128628812329 28.347443860499624 160.81620436996903 0.0 122.63436612583104 60.45861213600557 89.5976941875248 69.7425621968348 66.59254329441622
59.237435369744276 128.65339083336363 21.602763119048916 146.25141739890648 0.0 118.0101964264186 21.872051166948552 87.59219336346206 6.435479634160657 50.46950916910275 43.67454247731658 45.91819541136477 68.50943380150024 65.2081845936331 122.2281481651256 0.0 108.4984331748465 67.54717082244582 148.19392819793046 85.19495208364525 156.01852361496128 129.03968525049078 86.02535251545768 114.85670911180073 81.52358941173667 145.4531980592323 59.237435369744276 128.65339083336363
41.915192928039076 89.89050564280144 0.0 44.6167779214685 22.900797459685577 0.0 54.54396730140232 13.471273479729447 95.04106844813609 44.46455854432732 41.915192928039076 89.89050564280144
143.36501746895334 192.3182877193438 0.0 199.820477087392 9.568040794647274 55.87623828352635 113.89884470829104 73.4467754921441 210.41663204296714 0.0 253.58567396931443 127.9905929941734 143.36501746895334 192.3182877193438
150.08386271767878 140.85741548268476 77.02396950167542 76.20265600701912 0.0 32.10350945897095 87.33338140879665 0.0 148.39670876864642 36.68357013384001 150.08386271767878 140.85741548268476
157.85998025872962 53.03388870866412 281.8027787697197 35.219478296005015 214.73351159834885 135.21619620501815 132.67152503601093 192.61550462831536 0.0 140.43878653236777 52.91421966546275 0.0 157.85998025872962 53.03388870866412
49.569055210197845 47.95862769934443 24.46407986765908 84.16879001706147 0.0 53.14174989834726 1.9631418671086465 19.463429602392807 32.29370115529025 12.414019555412438 55.17903146299601 0.0 76.00594822971465 19.079360508571497 98.31031067759143 54.92076347099008 49.569055210197845 47.95862769934443
48.645760842645544 1.9311085374163923 81.4316127891371 7.138691533374896 97.30555637932713 54.14378026575773 50.03303916041034 82.31198218281844 17.785088652771293 46.36725092223381 0.0 0.0 48.645760842645544 1.9311085374163923
320.7412677377043 151.43449239647435 209.66268050333235 270.2923941533519 68.55538980707058 221.7001611838778 0.0 99.48155289067084 106.09103608330611 25.7210588643121 236.39430050830373 0.0 320.7412677377043 151.43449239647435
64.33398924844235 42.110416626774665 77.96853130185723 0.0 124.60272745305372 4.463877930242191 196.17288980754984 30.81988139315085 163.69367416289128 101.97001185171167 117.03808753742167 148.19159393733213 60.52108352514719 123.39831738035464 31.488799435895174 93.34197608661908 0.0 50.329397043967234 64.33398924844235 42.110416626774665
0.0 27.464000962232163 37.556464988733325 0.0 71.1542181516208 5.300932200126823 108.2436769757842 35.04699031604193 59.065498471583055 43.43475130986903 34.40913237224987 58.460989768201415 0.0 27.464000962232163
34.4572054280772 87.4063335150326 0.0 47.54067068869858 56.62745929615015 0.0 143.3908793415832 85.651681261699 34.4572054280772 87.4063335150326
0.0 73.77962048993737 30.783371911240522 38.669856193477706 43.88338793047525 8.755138229649482 79.37350017534425 0.0 107.03764931959063 23.734764155211018 111.4674094695835 54.82908570671298 118.79781157695979 100.33532877057175 72.28638965079234 86.42812337675528 40.00982911264765 96.7640086520999 0.0 73.77962048993737
67.21684834031285 0.0 182.4270769181543 5.00637508022524 197.91282412168576 130.11096277478123 89.9061266383028 176.59930254424222 0.0 95.17368754925309 67.21684834031285 0.0
83.49571037219982 0.0 122.47337800435841 26.10286092342467 178.78166394537953 55.86571307426949 158.08975051793774 113.84268190998311 98.27218986881363 112.31736799235004 71.60596036404561 108.82261015860384 42.73250095354318 96.61168028698405 0.0 57.46012103511582 29.947936661809734 8.949809895476093 83.49571037219982 0.0
199.74757670880166 212.30674212268246 140.14682626916246 215.44350788334071 142.57118738989038 156.21579001262393 0.0 100.9502235559312 109.80845533525846 54.054517452196336 142.64694797502872 0.0 222.49883823475014 56.80571028220011 250.502263821517 71.56657737123174 290.86822688124255 54.19484799550318 439.08716896890644 6.119939042589294 354.7543304120401 112.4341469483597 308.2620102789913 147.80469919592952 339.7038744292066 216.1277260885828 284.0090665004685 225.4482185045212 237.34396917548548 238.0263032877305 199.74757670880166 212.30674212268246
72.4357828302135 0.0 121.58794083751374 18.610149240607676 158.25366508038857 66.07306879419248 102.40356152876024 99.53835513725511 74.780929571218 108.69197560313935 55.890399887833844 91.0288595189834 1.7192086187815363 130.93301189418528 14.221871571160158 82.45691913607122 0.0 45.490068080716384 33.19109167397814 24.705575605688786 72.4357828302135 0.0
42.611785202404405 56.01153611404035 27.63334080151624 31.459118806073285 37.81369822125079 9.610832924907491 59.606010925383686 0.0 79.09470945936073 15.461320612565814 102.11275662487304 21.42178347838945 91.52893924664116 49.461781611755164 122.48057066613785 64.60372721010307 91.59311931379554 77.73813568840785 97.34660222929233 104.76100194670656 73.24158111552462 102.07742425275353 56.39293035384118 113.89413552857854 32.7790651656438 121.03364781080342 38.54280963900575 81.58006474391954 0.0 86.23588362451099 11.125180316663965 63.06277282941016 42.611785202404405 56.01153611404035
102.91985380652291 133.57325368449656 34.45814548951355 155.51799643671458 0.0 95.59985929178379 10.289994951052705 39.182861629989695 46.990781910096885 0.0 96.08306698166957 4.806305905820146 205.60471919963646 4.122377952683685 144.79317530917274 91.91748705883839 102.91985380652291 133.57325368449656
195.43122711285352 48.942009174359754 116.72017945105358 145.2790355056948 0.0 129.20891870375792 55.67639079516764 0.0 195.43122711285352 48.942009174359754
216.19495309403135 99.5639850581758 144.66613135817425 197.93027264890515 38.06361674223615 195.16675026427708 0.0 111.1834859994723 59.31793643738203 66.44498950079986 141.8577254635531 0.0 216.19495309403135 99.5639850581758
0.0 189.24292031440427 5.745894464143987 44.91529935149896 120.76555360739738 0.0 232.8167457654102 80.75297654075605 130.42212380165995 156.65049947286855 0.0 189.24292031440427
145.62422656198876 85.77749285815344 163.12104415615755 28.837051902328483 225.2360853781934 0.0 273.73832576839385 54.317221618627066 239.71412126206374 112.8302663788974 335.81762685868034 183.50128066541328 241.38348906603431 185.82621366072675 183.40383315222124 246.78471885118108 108.09863423342244 215.6314541906076 0.0 149.05293360983012 145.62422656198876 85.77749285815344
37.55063230685268 0.0 70.69592049620177 20.804033625712208 43.55897788247556 46.67418966574334 16.388485983255165 42.76029405673533 0.0 29.66199327303505 17.01342861394275 15.904728989481555 21.738536662583414 16.54987937848739 37.55063230685268 0.0
10.989517610802693 10.072083997499945 27.085819305807078 11.761853726651026 36.517569354971144 9.782865342230252 57.07122063982305 0.0 66.01411402600252 16.811217727929474 52.969425459862535 31.758818806569863 42.705595123774415 35.75063712309492 43.29859176944669 53.44390479959313 29.536017353201146 55.76361165107835 11.107511435464247 55.191991681321426 0.0 41.150679157120194 34.06347885385375 28.274493885284272 10.989517610802693 10.072083997499945
2.860480702802448 112.16757025999037 0.0 49.1754090827289 52.73620698188452 0.0 117.19022889422969 28.22486087620389 186.38397550414575 39.24295156442085 229.72314568727927 109.69027788356794 227.18096460643739 200.90566845566357 128.20005383375508 208.91136081996632 76.94771799042417 169.81355851156064 35.692632177043805 155.37662825398692 2.860480702802448 112.16757025999037
0.0 52.882648875568904 144.69979302463548 0.0 266.7133845512054 60.95145900426978 146.21947184601555 176.8687312622156 0.0 52.882648875568904
51.95874647603297 78.95838490026799 0.0 11.48623774275353 81.68502855154766 0.0 127.58643314490581 57.294207380781515 51.95874647603297 78.95838490026799
0.0 110.58722276322955 7.146196125634333 60.521950094974784 20.36432365263066 9.395391901913825 75.31622515940094 0.0 110.23737475929596 39.21781642786135 150.11422464115782 42.46098190401751 143.22513265896458 80.36696315927507 201.82663422092594 127.1144474154587 136.46800281455717 139.37997883867814 97.61340384996807 115.68581911236132 90.6330155048052 97.15564501729115 22.49075995364666 151.2416555778357 0.0 110.58722276322955
153.1291826190109 0.0 280.65107197760636 98.24205889794429 148.79083695874388 169.74711627519775 0.0 189.90569905561404 33.641197804847806 37.91188061505431 153.1291826190109 0.0
26.304870686952796 74.04228239972105 0.0 51.536072496547774 13.07374457652773 17.806495534794735 52.17924941238559 0.0 95.19167968241301 13.902565319597258 65.04612579884541 56.9971835631942 54.87062214021947 65.29001655618366 44.665580251273994 81.40545546038257 26.304870686952796 74.04228239972105
60.9854550660863 12.28907648211019 62.76213673525103 24.759831142801474 70.04311370535507 34.642843983797405 57.328975991968946 41.14608623596014 53.056374364592656 50.41240332577527 43.02964262607679 52.04443172595482 42.12710626838826 35.11342104887463 0.0 59.70012074714364 7.466140406065023 34.471221328733165 24.35633747330064 23.51707164171424 26.877302001011486 11.771181837156803 40.13101367746448 15.555423678621779 51.274165429188 0.0 60.9854550660863 12.28907648211019
139.06342368657275 280.8701964127987 90.49591931977854 258.7098815698493 30.79514706094497 231.68886926673213 27.82324187623962 168.8748032654449 57.379502229782744 115.72173824781322 0.0 11.482644927103166 123.60896106768581 56.65623625006913 165.48158698653106 59.70844680908907 219.57549411382175 0.0 234.4546299572867 74.99763488489607 271.74482807843356 93.68235740932293 314.50142658264906 129.8341785373663 267.81315190709245 172.23071447302672 214.03254725786198 177.3564636176916 264.6206717845497 306.7718676024602 183.98889091560986 210.56154387842088 139.06342368657275 280.8701964127987
154.97969416328704 52.63286736486317 120.54636168068731 89.03036092702204 94.39797722749161 120.44751147233184 0.0 147.0472631446906 30.432099351029123 57.673269510404495 82.16616812747907 50.930261253264945 119.57260429214749 0.0 154.97969416328704 52.63286736486317
35.200414523849105 16.824844170461887 56.478039042568824 0.0 56.10220228741339 19.48362287988627 40.666573036141514 25.591394837052675 43.27531766824502 50.1388802642424 23.611611135319038 45.607837003373405 21.683198726230145 27.831174211196213 0.0 13.39011250089196 29.06711998661605 13.562210382963059 35.200414523849105 16.824844170461887
0.0 61.749682916520925 47.09870153350214 10.800029872736218 91.20141073653024 15.758358401076578 157.29551226421174 0.0 99.18788825000024 53.195109295974746 101.63429315694333 86.04004486606766 57.06574466891598 106.17313550410981 0.0 61.749682916520925
11.139106860912491 29.269331041606108 0.0 4.004739794226893 27.51314328147859 0.0 39.1297515108416 8.570634280868234 45.592264190878 16.514617725189737 51.555090741705925 37.98847437518977 28.858041908258386 44.1653813682742 11.139106860912491 29.269331041606108
76.922849784687 22.028424885868503 90.60156231705355 0.17926303490908424 113.99946891274658 5.724919934339411 131.64988851392945 17.386609559785562 198.68752404148128 0.0 138.0340213537438 53.32744758252272 206.6184310444878 89.93753337988906 185.38037133890856 130.943857021509 136.65677075923804 131.49788959200245 104.40507489825215 113.23771461679635 91.35564085591157 88.5869923293661 38.098942103748385 118.71359497087877 73.12198491177531 68.85819890597739 1.0846499873044877 48.25752273812651 0.0 0.648648796096964 76.922849784687 22.028424885868503
6.421947694693287 52.81267739478205 7.543073151275102 0.0 59.20473258101966 11.741147772056607 108.47162275436307 9.92359179774386 138.85695717360886 57.971319982102294 72.63326916182797 73.69326618827307 54.83376128497711 89.08811120902337 0.0 104.22009929041175 6.421947694693287 52.81267739478205
38.84110131684167 0.0 50.77069426612245 13.388595789451905 59.62527857052831 18.93192083513869 61.60022012176955 29.8040363314311 80.25972449390264 39.811269281310665 89.37897151763465 61.83033476775821 71.9500796621277 74.11770320481071 50.58994280715372 68.19347212387905 38.32889345814955 66.01783154267468 17.08160168457519 78.56563991733077 25.30950792736779 49.78069103865777 4.4336268543309245 45.15304690571096 12.720933096409254 31.77986470689317 0.0 7.386083502912875 27.03919604829713 11.549485452040578 38.84110131684167 0.0
99.90646850300094 29.68476710133035 146.85257121781635 22.878503330722097 169.07632061602712 65.14029809418115 119.85139959158306 89.0134938729549 98.34274878888833 100.95023395886292 84.43888783588324 73.25771624212108 37.577346666388564 102.90096267309465 44.66046361208573 65.4827154648716 0.0 0.0 77.91943597691983 33.238513439939 99.90646850300094 29.68476710133035
91.08899968162842 5.673412233437283 112.93257895908022 28.560422163353905 139.50030221589822 45.44601633861225 126.82343025149723 73.81147678265422 109.61997651138174 93.67288070852692 85.21831885941519 110.2256857515435 48.9938720168003 105.24074699045391 72.60694343850201 64.22735493365111 0.0 25.363416818403635 51.29935547378944 0.0 91.08899968162842 5.673412233437283
31.542525360937347 2.1985603851422013 44.644807745155475 16.237124924591726 74.53304448926244 23.537182078406317 28.631101025654914 39.48068949236712 30.874808788533215 45.55652300461949 30.458479018907724 65.62870072985142 19.648755404546876 52.13743211910065 0.0 61.24877841251053 4.744161147824201 43.13388909803601 21.794027048668582 37.70728772409065 15.039226473895923 30.26789026024882 11.624100746434763 0.0 31.542525360937347 2.1985603851422013
125.73134670401318 42.349236289717865 185.05326761795618 43.127090640948026 270.2468865027395 92.67913538700931 225.34660986506663 168.72620109558278 155.11955088301931 204.52620519012373 85.52880027966721 234.29220874455007 56.10927922991496 153.84687066593494 5.454318365026182 130.36985138088806 0.0 72.94432281167691 24.315892384172827 19.093828961007503 83.39344063321008 0.0 125.73134670401318 42.349236289717865
180.7195331514589 0.0 122.0849423609491 168.03098346045815 6.968813058780327 166.10004994423846 0.0 38.80293957357729 180.7195331514589 0.0
228.8361991736509 205.5078718300389 216.75840049910988 298.83736717343334 155.7831712618124 252.41398964589206 37.05744388916082 297.32822174900974 100.17330342595733 179.30955659670983 0.0 109.52205158350588 88.56466007025512 65.52996013747608 137.24211509011025 0.0 207.23010041688264 51.10358568012664 265.72915330803676 70.78823887687368 259.0716650775822 135.46964308177795 408.64752637135246 221.6081268407619 228.8361991736509 205.5078718300389
51.18942956221646 0.0 79.1319398841801 45.601098194127474 146.28370528811922 36.01860314090423 108.71647579142673 80.16630664855117 93.29041848221983 108.17684502470955 61.50955915484114 112.54811479811907 29.402669065483295 103.32182640701039 0.0 72.78477504616144 11.01148807483171 28.695634776332646 51.18942956221646 0.0
49.48559729606322 0.0 44.60119074089265 26.659001755242528 34.855548841159816 40.478877316088756 21.040538091339272 49.45986740573889 0.0 49.1723399661317 2.6839363492799464 27.464969118674077 10.227246128009838 16.63084915524672 21.39808117037539 27.29083963360364 49.48559729606322 0.0
172.87574904497427 126.91887363830782 149.70049652670474 129.66287353041412 0.0 144.0834424416873 130.2468947353259 0.0 172.87574904497427 126.91887363830782
252.8805269995333 92.41707128899822 304.83957427068464 166.15340297371034 210.2911044700553 195.3068342192964 160.26676636610011 170.67871189377064 116.39533700469187 211.75923344968416 44.04559606043367 196.6298262263043 0.0 110.27621545358829 25.29489820525231 0.0 136.3085501323841 11.39646568381778 218.25167029423883 19.196751379941446 252.8805269995333 92.41707128899822
57.53243416831196 46.366016216000276 68.7537358362735 64.13290933161142 46.3763622809201 63.96446371017191 0.0 43.969371635018845 42.744405056435575 0.0 57.53243416831196 46.366016216000276
150.1919972805564 102.21829875166318 76.81710533253585 97.24226011713685 0.0 127.24153135119761 10.510224509102045 45.66631815889725 36.266409589526916 0.0 82.52441553326629 25.100044535787255 118.51382510022682 37.977677771392585 150.1919972805564 102.21829875166318
18.866619077959 112.43720001504357 0.0 20.540939120197486 62.58876238208215 0.0 121.66928518118095 70.68414753765035 18.866619077959 112.43720001504357
47.24265045574673 10.774193918630857 56.46655523263199 17.501759997174986 60.681172096921 30.011188175838384 44.70708092715819 34.702365023047534 37.4610366937263 36.986745241991514 31.431843262539815 43.53643245624893 22.549990898885795 44.3242656060291 16.640440669954444 36.8312389174707 0.0 32.95996939325808 15.17134639650098 21.741025743245274 5.394522183485535 6.414785599398982 20.728967925513956 5.209648807662489 30.420967846334378 8.420695265038233 41.59288992698983 0.0 47.24265045574673 10.774193918630857
113.370719433593 34.23896782879319 173.8193224365454 0.0 159.3030380746747 73.41093134164589 271.99630218531627 79.78369842443402 239.83196593235672 147.0650815404089 273.4954363676212 249.42045818447926 172.71195863571324 255.1885500078159 106.0939930443048 173.4295878076183 40.85001944220443 264.3203455052596 32.686558380650865 177.1855405140861 25.763763265746803 139.22906351862997 45.54329165556189 108.04531919926782 0.0 59.792785780379006 64.47934347151954 65.00032662864282 72.65515489686481 6.458278057679806 113.370719433593 34.23896782879319
12.101510484594044 61.382470490798056 7.849985524999624 34.127003084379254 0.0 0.0 36.231572328539784 13.526204391592486 53.95101004517319 13.442865722372304 69.58413377686949 30.244466876963514 58.01952816670047 48.680999932821905 40.13016383446559 56.17278533800015 12.101510484594044 61.382470490798056
154.88688400577345 0.0 176.5915071376456 22.305253290343003 194.0470778475106 54.96785891795719 169.59100665151573 81.02291398793146 142.59282167191162 96.67052659507281 120.551102480356 68.61009736527905 92.59855087441599 75.76153046142484 0.0 65.95947370017753 59.80603840481315 14.767704338944668 105.39320303228894 11.42019791687882 126.69987690772669 9.856431790004095 154.88688400577345 0.0
131.49017379150808 170.59107030455806 101.6823170761482 145.559739764191 63.13570530407977 196.0924932373106 88.5232643426017 115.15363542002393 0.0 145.15567924123295 55.06107492232444 101.6482977611467 45.66743643419698 77.20896763700114 0.4171853009994493 0.0 60.090593336166314 1.7304521460585818 101.48974538022824 59.77726463460602 132.68456152151043 21.451717141167123 145.84442642189532 56.78644420674932 208.8241186184997 54.398554993890116 198.0664258728857 99.52011676285576 173.97045764229256 129.1227449353565 187.77259691740227 184.75676458007672 131.49017379150808 170.59107030455806
23.896025129581304 44.01879270923446 21.654346569047675 32.47317601214354 0.0 23.805404463996695 24.617676418808244 18.422362427423735 26.7926846661166 8.40475146819199 36.74759237691288 3.6143487989780567 52.154515625602556 0.0 61.9044976045207 12.173979695751129 66.20021798601529 27.069409154788076 48.29760812345479 33.26131884412136 45.72333733036872 43.60301804039186 34.52461897333565 54.542303578249275 23.896025129581304 44.01879270923446
19.35340984770461 0.0 40.238240065195995 20.09485998260262 56.804750980157834 19.42610904368349 83.3198431431882 29.900572290385377 85.74590418186168 57.690821564025775 42.69029651615412 50.236891851644494 40.37384851760277 75.17076608136739 24.94931759179451 64.18851090416078 0.0 64.67423276840589 7.384132581664687 41.87672021058018 4.043888092598181 20.24949565651381 19.35340984770461 0.0
