100
94.70661801151559 55.610044167314115 99.08853313333242 79.30499403388573 73.5361424706586 84.64868627980844 54.06321974764553 70.76024622822509 39.55345666744863 91.83461099183377 38.47241498669288 63.41522061389968 28.90542943144351 60.23209261914887 20.32170640550413 51.094119507897105 0.0 30.721136090841895 26.21007164248755 25.90639129904828 30.41743636203701 0.0 51.078999821454204 26.36052252895402 64.47558626847295 18.435677456610065 82.53741990892551 21.402648757059865 81.96883886988131 39.74773509794191 94.70661801151559 55.610044167314115
58.31008567256208 25.067594695386404 129.0302098461061 20.759263013270214 75.70684655141542 62.61635335928732 51.69570484060681 85.97551832431367 29.785408043154632 59.95504911361718 0.0 33.31238550808821 26.86168851169748 0.0 58.31008567256208 25.067594695386404
101.76210289247963 0.0 122.53269747757166 86.10653040925294 74.19900480532878 121.08574569706614 0.0 54.3590178557417 101.76210289247963 0.0
165.57396943043477 229.62319151158326 120.73838191662828 170.66348865424703 84.62455774302424 165.08092371839396 0.0 142.69537477071628 73.07893164880969 96.09510883599171 98.54981523404305 70.6430353914504 131.45349495340827 5.286480207676334 210.0478269414811 0.0 249.9498009355234 63.819859656918034 241.3133269233832 135.89511307900688 203.49947063699761 179.30354737987972 165.57396943043477 229.62319151158326
0.0 49.074978671360434 36.78712233240954 35.233491235076634 49.40484845627991 23.107762643472704 63.68497704739606 0.0 79.89823739882422 25.68256458414482 102.28424778864284 25.984848236088645 104.0443311142901 46.91015402239122 110.33507459445086 67.3925336177025 100.11767795349708 88.51234165614741 81.83242144802844 104.55547165178945 61.80819226521608 75.90819655064766 44.34847001406514 80.51733731466206 19.817606894612837 73.47514889852042 0.0 49.074978671360434
48.35864283157238 0.0 113.46323650187202 45.08189833410681 134.12423648745977 80.51151373253656 227.0940947914834 186.07121916423722 96.3529639450498 155.75515819364563 16.043473212540647 159.20368945268405 0.0 73.36910782505326 48.35864283157238 0.0
128.74917547921038 120.66767139795996 122.106825239067 0.0 187.91187439391365 32.1213971841041 236.08531923224 57.08616809366853 316.22459149902187 63.32219872910288 303.02629187810953 143.16995753920776 309.0737382393319 198.67104478392173 253.47951792880235 230.31480760454173 211.67203680134284 239.65551547624432 181.2803432477412 281.034311900907 136.02599873188413 265.44151569544886 43.04488914261236 302.54573978440646 55.051304008238645 217.03969755797993 0.0 166.28906603896564 111.98192304056354 142.94073533683093 128.74917547921038 120.66767139795996
152.2709193353571 129.053043366875 171.26690423311504 183.241111033168 132.99784284927168 248.00347074685186 51.66184979551244 243.43769930368762 0.0 183.5128547769317 12.867726000089021 110.34111978899968 29.05488084342437 57.16137500735702 76.85123168715182 27.72508544627287 130.1061242886216 16.26859063013299 218.9200685119311 0.0 261.5817634214567 74.4162732925003 152.2709193353571 129.053043366875
106.6627259494679 42.657133835710454 69.45641018491935 73.05442237054282 30.188672389447106 79.60009183530079 4.039556601816088 51.042546162774926 0.0 18.852435183333768 24.98490187910727 0.0 48.00078486065476 3.656268217058937 80.47075459814478 3.252205577781183 106.6627259494679 42.657133835710454
48.95430692991937 84.48693273718709 0.0 10.568600390766775 86.74596910074081 1.4677564272999604 135.1588444977173 1.1957238719916035 162.3796115828566 31.80963261808005 271.6586200903833 0.0 158.6447459701521 80.43510756475611 162.3104218948465 96.09986394723508 158.83843685598563 120.4889389075429 137.78736660710467 153.95823771168006 55.29268539000435 226.51100341053166 40.75806885827913 140.60549663679882 48.95430692991937 84.48693273718709
79.21533561165438 65.25235107507619 119.19213990667043 61.56689658098695 123.84244308599011 84.83462818792728 112.49043779950718 105.20738978589279 89.95792905025941 109.27026843793888 71.501633438707 105.30452191325125 59.83513322063838 95.58436883783173 16.323767408452227 113.89590609485279 28.88675786948022 79.18449750774614 0.0 51.787206464078736 22.320426804733728 27.133679992855036 58.116620596638896 40.43537968000331 74.14599954567333 0.0 100.49862840203679 16.893416705633626 79.21533561165438 65.25235107507619
0.0 32.49469530145649 66.37965100164217 27.348555608983148 64.81114633440602 10.898091306607043 89.23565236201472 0.0 81.6528951022244 26.276559316925074 96.5887422682062 52.24103844370909 68.45278363288008 51.04229384322106 42.70543087715346 55.027861095377546 0.0 32.49469530145649
0.0 25.65225949975261 106.55083370259001 0.0 153.0467591520138 73.78608173362471 67.97492083056589 132.72592043270743 0.0 25.65225949975261
167.16728553272677 180.36978544891858 151.93842665658752 182.18914036797776 104.70498322033566 212.24198673077274 0.0 213.27682843587814 50.194234081014315 136.71775348578348 127.58284114510761 126.20502053408335 107.57061980931462 44.770517384318325 160.85993102329059 0.0 201.7012990670683 67.87237791219016 237.79197322512812 95.30571040930485 225.31523399989413 141.89128195228756 216.21304114259996 171.70888665520133 189.7209562746305 184.45873168948148 167.16728553272677 180.36978544891858
0.0 130.71459169552546 81.93235498506374 74.2155291414156 123.76953687646224 38.67854997985937 175.15019535012334 0.0 235.3259027671991 10.501917804057342 282.0227331189527 48.82011577373396 237.0252773270088 122.49915713481944 208.6580261906567 139.53199013530343 291.1314224936263 233.16989930409355 220.34719043504384 238.18202014820633 166.90276538869807 254.94461315062054 99.29570774929866 252.1543277344874 129.33817765572684 161.00146511078566 0.0 130.71459169552546
202.58571846172063 79.01275980525548 199.05802810190818 113.65812711154129 172.30070930645806 138.73364999547908 135.39020278787353 125.97068543203702 102.29832401272077 153.44099861616036 69.26388935706939 135.5399895114708 36.59604534036649 112.66144864658432 0.0 74.53502152656326 47.94159671984713 36.45980874562163 103.28340810990632 44.899889509680236 101.0239568122995 0.0 129.62343871039405 7.69433941294843 160.04269849203047 4.123092566909861 145.54194135434642 52.34381023212276 184.25718282176626 52.11087496392112 202.58571846172063 79.01275980525548
0.0 42.348159302372984 1.753545552580789 0.942613378956267 48.687349763618144 16.041064027905392 76.96907644109842 0.0 105.47263587034726 16.58360707265956 113.40176624377804 45.6929455659347 84.40419431523966 65.62033732926875 72.3399789822504 70.9705280184375 60.64530046277997 59.25244841748711 45.42842469798674 108.94010882790354 35.949569430295725 82.71199156798673 37.260322774787085 65.30048223893829 0.0 42.348159302372984
172.9358846965113 209.87877489598122 121.9879031020693 172.7368221619439 103.30770389236761 141.757429202484 38.044482120918246 162.60908364311183 55.81550530337776 113.67479506600546 0.0 53.238032696481426 71.50513341611352 40.66322258028964 107.49309718955502 23.166447202953037 156.04176688746003 0.0 170.39784634347316 58.60818507477478 158.76823946703442 95.89304139723664 263.8588129554653 133.84210066973571 243.04186104372513 199.6669507831138 172.9358846965113 209.87877489598122
0.0 5.098573134602674 31.666530104727983 0.0 38.54781738076534 25.005384908680412 18.281788351190798 24.630656393246085 0.0 5.098573134602674
0.0 57.89540952346634 72.7063281703802 0.0 212.88950514095077 21.622064247576233 113.25769939706865 118.31744283282114 33.39428379065413 151.15849663770575 0.0 57.89540952346634
98.20766120125069 61.01187263279177 110.96453392907418 0.0 144.73546357065732 54.07349942482401 189.67985657876295 41.46905517043695 225.5651692694954 67.86394128941781 166.9153576270387 108.41029283702545 140.295554595887 112.22613756561817 198.85683392361034 212.54892991976482 139.22015075319126 178.47473986930237 115.6176418983489 147.51222868565804 87.90737180931978 148.32981282390148 0.0 152.56285322176592 24.31444315214992 95.9936578632705 50.09620624556274 59.246507955422835 98.20766120125069 61.01187263279177
75.05247650058327 115.42802333268621 27.86313478326022 127.81113492729209 15.147028178946613 91.5116528956812 1.9786625302162975 53.37925894861914 0.0 0.21312943383971117 75.01327407679912 33.4995894028777 89.08761134584871 0.0 104.15109085190734 43.458258122858226 156.85036721331983 11.558120615261153 137.47807322070315 54.61513676980509 175.173076019157 79.37972951378465 146.0928219692052 103.07765983278357 131.80073409292157 135.06013753225403 98.29288708268537 152.512726096554 75.05247650058327 115.42802333268621
46.78726165701673 10.762745777747988 64.44361364018131 37.37816025258096 87.18161894178736 0.0 85.9259316876637 31.516563680295313 123.93247979056471 33.82664148274494 150.39633440183835 66.68574359269522 120.92987088942954 93.07415919358752 77.94773700389655 76.84687394864412 63.80399191494078 130.3141262417407 44.05245914412822 89.9820649693605 0.0 102.04833793720218 31.819964931830413 56.453091317868164 12.094598158072543 37.30045279660025 11.161850978906074 6.145833212100108 46.78726165701673 10.762745777747988
54.32865649626572 170.80325226847296 29.801941990971386 149.61290360518862 0.0 115.09122387535858 73.59466901657962 106.49563126034946 61.36321195801111 65.25344129575251 84.49496803444875 0.0 114.00557909098852 75.2167679273613 162.34259208966108 56.065347492903726 169.39842423028972 94.1474226894769 147.15407750061624 124.23157964198788 208.44290618238583 182.67837680317785 131.6514654796229 167.76086955058133 109.42814105102998 176.81637754404682 74.72132190617646 203.8988665318266 54.32865649626572 170.80325226847296
0.0 157.2397706084739 57.170110607713326 44.35666109935727 104.72115583358404 0.0 170.78823578434776 19.524962848204233 180.95343877284142 92.08186095392068 124.62352029087658 152.50256315853463 0.0 157.2397706084739
27.726744390549783 24.137712164787175 60.406665374332476 57.16289572335998 74.78163643559638 0.0 95.89698854277157 18.885871117983754 77.20719042854465 59.67092229487268 107.98626344002798 61.17800383359783 127.68210146777886 84.55549557432822 88.67249834476543 88.26777485726213 68.60303565579343 78.27641913352599 67.24284984129783 117.44391168007061 43.57185909423822 124.39873907239291 41.65970091808123 91.85211092909087 0.0 95.8910521460472 53.35954502597383 68.48910914635599 18.323641848563483 45.65704432449266 27.726744390549783 24.137712164787175
0.0 40.56418775177866 12.531068875981433 25.52913448815349 19.952215316741217 13.272550152201589 34.51797563787308 12.819673558624501 66.23954806880994 0.0 51.61979177987412 31.125290701652887 55.29959342436834 46.82648801772012 40.897209536589045 52.25324037856565 30.35244975624859 42.73513313972758 23.04251942862001 43.202467347404905 0.0 40.56418775177866
0.0 67.48362395916143 92.58537852576225 31.806422194920785 178.08689895908742 0.0 289.3275365913591 41.16264421549978 228.5455248936526 146.1132794639288 184.91128986116928 210.16349458496177 89.09668818040643 262.04391345711025 81.3594720432167 145.60099956288838 0.0 67.48362395916143
99.31302830527784 239.58844051737606 0.0 145.5839207225037 112.96421090896564 63.06333700111176 227.27297964024885 0.0 282.3837035402803 122.73516791503991 209.48924984812768 178.32457569089866 194.83685425481656 273.94422960738643 99.31302830527784 239.58844051737606
256.1777690887087 124.66290588106082 127.01458835153366 128.05229462313605 0.0 124.45329117617382 91.44863709546121 28.893555113343794 189.57551303200216 0.0 256.1777690887087 124.66290588106082
147.30279667072475 230.4302587039989 155.12019132582728 169.76983194535882 0.0 85.83556556579383 126.77064765251433 52.3120422658498 205.54059339442955 0.0 265.87940747600663 68.74139726640821 271.562857460229 134.79866358894316 385.16841492214525 222.2228219518238 283.7700383041057 270.3992921439416 200.46503512653447 251.91344408672666 147.30279667072475 230.4302587039989
123.65623337038959 0.0 120.35580387005365 110.08538686175919 199.72719767862026 74.50319246563399 124.41947061218707 129.73123837049042 251.15875749591075 184.71322269860164 181.07995151979264 205.1065081195563 150.80974260360455 250.2432583592971 99.71200370442602 204.43246923020052 79.15286922834146 175.7431598172136 62.531503832569115 160.85600702541606 11.10690830606984 143.28691113387868 0.0 97.1350307108105 59.35293262823603 84.88622788722174 69.75029978118891 25.32615928869494 123.65623337038959 0.0
39.43769990891805 0.0 41.92967356767758 20.222597371013492 32.3623714143194 30.3408560262791 0.0 35.15671078409049 11.476605980976544 2.329157148987875 39.43769990891805 0.0
146.13695412111647 198.34989654090055 108.91773859378335 173.0783241397042 8.094823269526984 223.25797382595482 5.164798910635994 139.86091049786 0.0 66.49058674275665 45.08845142969987 0.0 122.07657727216508 70.14363193894346 167.69147540001643 52.04245430476841 212.3100943268401 79.50924743080577 258.35760301278435 138.47870279121145 191.53985128938024 179.6654199134701 146.13695412111647 198.34989654090055
0.0 160.88408536660762 13.66805361703831 104.19478485706396 30.412948610712107 68.53575228260549 36.508898459647156 0.0 93.97761044012783 35.12444283388703 135.9206199757382 40.149591791776494 174.74601980198216 68.94877703279695 179.22849362304902 119.32537081749722 131.34223755439942 145.37779890424991 99.68199639959388 158.97453341075388 67.520438494013 149.76422983916234 0.0 160.88408536660762
53.26480577133973 93.99392154563216 25.04205197503422 94.71568027047729 9.868644820232497 71.35056747120586 0.0 41.168610227974845 11.171169303240987 4.610081674845802 47.284524425569664 0.0 58.09613443754365 42.19356840137613 78.42877007179712 43.281371176114526 100.20809206086014 67.83327030051788 70.50608537029515 78.81810616931261 53.26480577133973 93.99392154563216
101.75276602350883 0.0 126.7586635685907 62.44322367925068 145.88244408630214 59.521037921161266 135.6317953814186 80.02992652416384 179.27221867464635 103.33703530702165 169.01217359612028 139.1993814525889 133.46451213418746 151.12998119285442 99.21758869284349 142.0132422043593 24.98238113945756 167.01849418993646 68.2430426724795 93.9493236185692 0.0 44.1593314975674 81.38961303564622 39.69892823874861 101.75276602350883 0.0
8.644532468615822 22.77464362522805 0.0 3.356982046030197 17.18703495191255 9.561475551606662 29.648272070816617 0.0 24.640646963143453 24.238660250786367 37.62103296739022 24.256611811719452 49.30742419382686 37.65870790523688 36.12929376579906 44.752762813606495 23.106469465968843 38.04025678553306 20.382848901750506 29.52516323529028 5.074874413768853 40.39870606386852 1.2037191985298392 30.36685058901965 8.644532468615822 22.77464362522805
114.0762255038303 92.14676080320548 224.62806589215168 168.1947016806956 145.5939658622804 211.20425146528785 74.76965538996438 220.89150139784513 0.0 209.64996514461242 12.568254941735546 125.27343225510855 23.01253656141833 92.85112470374312 21.727448936356836 59.66825967351277 35.9627871547068 0.0 92.08610685198182 5.4679203470296756 125.17433007666382 48.18043007837387 114.0762255038303 92.14676080320548
18.073298757780265 114.44680784090598 0.0 59.002148068004615 34.40328668298997 0.0 96.95478768372234 41.673071448375744 116.08553353228287 72.20490147706643 159.98709881999423 86.62950422539853 148.33222570238033 126.39485674716043 112.98196100906603 136.55535779925185 88.35044021782639 141.57269664012716 39.912369539812914 157.2582244060933 18.073298757780265 114.44680784090598
41.63233142110082 28.880381413456817 51.80718507525635 30.61536998535506 62.15296560961841 16.2510576911326 89.61928509520416 0.0 87.41426944432715 28.44215914732156 120.13891340631977 36.679587372367635 87.58992192149123 56.55126794025911 81.23933673787343 67.37161475907715 65.15953032594877 64.5113198260326 60.23254117844301 75.87051882774813 49.71834911345653 75.23663431089531 33.85221692500087 81.21378207368983 34.04067684987482 63.5260167314665 28.362309097681724 54.36061516333936 27.28188208452604 43.94135062858304 0.0 13.472813860218722 41.63233142110082 28.880381413456817
33.37915082559546 61.10004635621412 15.45330003931467 62.16223075038765 7.581804753470308 45.123316413071294 0.0 35.54688107116277 8.04047099936686 24.11247065233671 7.597189613966179 14.501585965232067 10.96491146695493 0.0 24.68903922372887 1.951676515930032 34.71140132074598 6.20546491681597 50.74084821355147 7.098323559719731 39.303598857207234 24.08766489963267 70.13943435233057 43.99598353935065 39.09212299617461 42.52581033011312 33.37915082559546 61.10004635621412
131.3842387162186 0.0 202.1770930456346 137.4299624595592 100.907722729289 191.69849700154666 0.0 192.81105010490975 55.25999595969469 112.14881908980512 131.3842387162186 0.0
238.83859402058437 20.854239122403968 236.65295456000763 100.65464455072245 217.12242030937603 187.9805942155872 132.08532190981254 153.29824404381992 0.0 184.63839700015507 61.58276585820374 69.57253232455959 84.4898004051208 0.0 155.09153938838526 26.734348060388953 238.83859402058437 20.854239122403968
193.01063553232956 81.14629298591275 229.73540509392797 175.26905824441187 129.69027052876365 204.25327406713038 106.41231855009326 137.38720432984078 12.387894546254103 149.7547388750168 0.0 36.37918431609749 117.09066586362277 0.0 193.01063553232956 81.14629298591275
68.8472783580167 103.26110308073348 45.87753603968639 80.41284508188019 50.72292651758079 57.999598241932375 0.0 52.46341862642923 23.924894210759163 32.02697823952852 38.336415186518664 0.0 67.92306158694745 18.54757419028489 85.35706351597115 34.16797988071184 130.73663732899797 58.047447335389535 99.70937813329279 88.94681566102759 68.8472783580167 103.26110308073348
16.521876403063033 59.942492249919354 23.805869929119524 22.353851013927176 55.94221974291176 0.0 94.68572528237708 53.545214609327644 109.05056037588808 37.22201464493237 135.57182748389022 34.944093019372744 228.4321413365331 44.32598559601031 133.6350429075964 78.61331254936586 163.7190631789286 134.77607089436816 108.20648090839487 107.44254317544348 81.55397459731806 142.0800423041448 59.12626218081181 110.38458607942484 0.0 105.18599720636605 16.521876403063033 59.942492249919354
147.79646611443488 188.38208601637018 102.06061774736828 172.88910527325982 61.59943976997292 185.75750655134465 89.49485977145818 108.81277015384222 0.0 122.62663561044229 34.25327102473929 83.94473573711578 68.01773334914864 74.35242110243281 77.88663524820899 40.18259256324662 114.23140369287037 0.0 147.77301404938808 36.21306619367148 235.40795522344703 35.720448479168695 186.98198330537184 107.18052577552666 178.62635090836955 152.82314739907503 147.79646611443488 188.38208601637018
245.9321042687572 121.05779394248836 198.74409311139976 167.8302753291624 55.949869039174246 225.50351497305334 0.0 70.31694704099779 143.88347941487217 28.998248880033202 207.66558281700918 0.0 256.1641240620336 53.64882289621295 245.9321042687572 121.05779394248836
0.0 121.99211817176786 91.62768328460527 58.30080467195131 187.96748179673844 0.0 209.76696685774115 111.15437859179906 223.5299060673233 190.98636428774765 147.50741652540847 198.9178836556309 140.2668867345399 133.5686158081334 0.0 121.99211817176786
86.64886904802972 0.0 121.71127703121519 54.984617773626574 58.824350783480725 71.98424173488786 0.0 84.16172560754157 44.62822507962876 36.23111908368275 40.40272721009205 0.5834480943721516 86.64886904802972 0.0
81.98406102688847 126.9863680144943 77.27552098074739 13.087666224933685 180.11152415582876 0.0 260.1105043850218 77.15207152150059 161.0406610462691 161.5325569744628 146.11436630976917 195.40383493739077 109.1698951139087 187.79578320743366 16.326581045727153 242.40397754071518 0.0 155.91847366238585 81.98406102688847 126.9863680144943
166.0741598517722 121.19635333146644 139.44493265731018 154.92446793900115 93.49839777286208 130.3631998903532 60.16019477401515 151.01971076592935 26.099803257246975 131.00928473070914 22.6106723219647 92.49482013691743 38.780743404219265 66.35008717772678 0.0 0.0 70.9366249662813 33.83544597053136 93.15182233652226 41.9158001320855 107.60898688626907 51.12289543905972 162.55382871084282 42.366858640411316 164.0868331697003 80.4847563150187 166.0741598517722 121.19635333146644
69.45457386234003 105.70826678486219 64.36494891842277 71.08810606249688 32.67701835208402 74.00319486355687 0.0 43.404773371219754 17.101242269922466 0.0 70.50658053325597 41.22154700546087 84.66486902145337 29.470873836959818 150.6770669833545 2.6557869099934877 95.63012651178981 57.610449527698 131.77710287009936 90.35315666734928 93.02457829072416 93.80624714676946 69.45457386234003 105.70826678486219
188.47932019794206 149.63872659806486 136.5649283455171 156.10106381215653 93.04073270286607 151.6230718624802 0.0 149.2605971958567 43.207665362421906 71.87879551549989 58.76379701325551 15.539567992011627 117.44013711709758 17.863465729667254 172.49310947552698 0.0 222.97798903917965 40.447426425140804 232.0037179673525 105.54010137131692 188.47932019794206 149.63872659806486
10.359702127074982 38.27647346885881 0.0 35.03583162841872 3.8262861637004875 25.041529663984022 9.30414124579191 19.36054701144164 17.5518619603657 1.8536071134138297 43.63741813465374 0.0 26.269535149517438 27.392111299339476 35.45202336096865 41.92424061972147 15.877586857500447 29.25823866650458 10.359702127074982 38.27647346885881
233.69278562778942 0.0 268.2636551343659 109.2007074290916 224.69822264714304 197.91696734847017 148.02197790876426 118.30699632246481 76.84579664575675 156.50109400567482 0.0 48.920777169742806 136.8190103982361 73.16031205810273 233.69278562778942 0.0
242.19108809150407 158.36483758248644 85.21322791452702 204.72816179213189 0.0 115.42140053450743 122.92511409062712 0.0 242.19108809150407 158.36483758248644
98.78074075308302 57.78224513505454 73.80956858218578 111.52008025931069 54.471036358581514 50.093696506163894 0.0 22.530876741595307 54.791418574288315 2.7869493156265577 89.06434313588822 0.0 129.36408517921006 25.361053097791043 98.78074075308302 57.78224513505454
59.221460324269515 47.50011593324054 30.233067954713533 31.369880168478403 37.021491855665516 53.36736743793621 28.979437771686776 43.077943547522366 20.470654374202837 48.55655972381658 15.790859502545231 43.01824850209141 12.35222737373823 37.01605579210741 17.696333768908104 30.470299365987827 0.0 15.949091399381402 25.490619946237885 25.790665636427264 22.774301310896377 7.401264326645517 33.20476316945614 0.0 41.263776578932735 10.73360349192886 42.61942043754932 20.856254903337216 61.105374185330305 21.643287431040633 56.50236384699174 34.026388442097954 59.221460324269515 47.50011593324054
0.0 0.0 32.833013627715545 6.068180292837837 56.41575255695827 32.662210431603114 14.118176855291964 38.940883259977824 0.0 0.0
91.86102073616571 41.24400012688745 109.24398947494882 61.61128113457347 111.99343553027813 92.20935196308221 82.7415109239446 101.63088516929787 61.57562423341511 111.04115544113321 42.9210810345276 93.74852909143277 23.41416906167072 92.98206873014072 9.723431536042995 77.02805356669612 0.0 56.04536729529527 3.4083612274392863 32.15861261559082 36.91662293836151 38.194116042890634 43.593378713053625 16.318925021739204 67.23810601802839 0.0 63.96433592524163 45.05276903242008 91.86102073616571 41.24400012688745
30.56222151000363 70.99022133273664 0.0 27.836566150523097 44.49571606665844 0.0 100.23490167326 11.568579394793105 76.48914648696709 65.56137857058897 30.56222151000363 70.99022133273664
54.02687361488809 0.0 47.416034459518684 28.00874608963788 26.47725201958808 51.508102823117326 1.7247766382642453 32.86938549138833 0.0 2.815777413200024 25.743026751132547 9.147237681658282 54.02687361488809 0.0
12.916088840456922 54.305746682001484 0.5778746989077632 48.71527579026055 4.493397571435025 31.025081477118533 4.952181998035314 22.351431578721716 0.0 12.13072815522736 14.718345512161562 11.977992813653941 15.048663973620677 0.22195511413023894 23.9183699272574 1.6934588655088874 32.440570046592 0.0 42.37945838938862 2.2743001391291244 40.54832521526359 14.437368860512237 50.93946149157313 20.524167943812486 62.1806375896758 35.47184644256458 39.842953596493956 35.086913138573124 37.504229374232324 48.233805657309716 25.3921801862342 35.099068014511445 12.916088840456922 54.305746682001484
166.56638082452076 128.33085066816784 130.31803902469898 146.37737794741435 96.996111740845 197.2861549965666 61.59762083572973 145.1287540412095 13.38491855930721 138.4641730201227 0.0 89.6842806203431 21.832581310287367 50.99250887754682 43.94483633465004 12.466872304386683 87.84646149621639 0.0 101.93662537093661 71.27577046280315 174.87226537903592 35.828807907992825 201.4925472072507 86.1345305630888 166.56638082452076 128.33085066816784
0.0 34.364536521460785 39.21994068294113 0.0 85.32630330719451 3.3886171620219443 91.14581761806167 46.440694401436396 76.75991958399457 81.86385115963321 38.90846297170417 69.83007848293553 0.0 34.364536521460785
19.658460362030212 56.2304573329401 25.34981724758805 0.0 81.5029762199934 44.78848289091713 104.12994631520094 47.73671533380008 114.69804064715937 67.39096942207159 143.44263635252076 72.96824921631602 237.74843921858968 100.94136947883683 173.83183498452075 139.64086616140708 119.11057969137848 135.89652284596247 102.79608029199376 159.8300001194365 57.92086738152639 227.42859681379284 41.100592957914316 154.05261557780761 63.57011895574098 107.25056914316042 0.0 92.15352231528237 19.658460362030212 56.2304573329401
41.83609474253085 0.0 76.24494606447325 30.661647196422805 64.53373895965508 62.03219556457017 0.0 53.89605400841418 41.83609474253085 0.0
244.77552786086173 84.51213759250267 249.7193483035643 230.111875976602 90.3862797710402 221.16558623789882 0.0 109.21586369073195 90.22952091658514 9.237937333166457 188.98775255058828 0.0 244.77552786086173 84.51213759250267
165.58361343635644 73.54957334975157 205.90733845378855 89.95743324987657 228.32789338106335 133.9422098535254 171.8816593625164 148.35714414558416 138.58501714207068 144.25923708288803 119.89732037851351 177.84401676077692 88.54118248386013 177.89057758070115 24.95346151747337 196.57132075686917 6.978447523749182 146.89305826479003 85.34793607752417 102.02848062532279 0.0 43.33454843949008 37.25817682341764 0.0 98.08113546534051 15.007207256780006 129.37215984766124 51.12330199801669 148.54657028306926 59.84306358524362 165.58361343635644 73.54957334975157
23.771861626569027 35.06414343391232 0.0 11.48907028557204 30.463025596907364 19.244771125109835 40.46834131975903 15.54132693529938 61.213507674126426 0.0 53.08738003115547 28.256475351113963 81.7106037368809 35.308870025773274 73.89299791192587 53.94089268776381 58.05406935973047 66.7164043772477 39.67075068244025 57.78722247649506 25.11586619069147 59.186563380778765 0.0386834631587476 56.33225056623046 23.771861626569027 35.06414343391232
0.0 61.05749746822569 92.58579780274862 65.75427481559447 111.23656724281831 0.0 153.90046465069798 34.47708711856422 189.78774396014148 72.34339622676981 175.11245539148302 124.38457433495536 131.25083348189344 145.4310304034173 93.69500981554714 127.44414980497571 45.70198342441611 120.52803734061239 0.0 61.05749746822569
99.78293202422151 158.78021830794498 69.84792558937265 145.61538541605663 10.080117124634384 178.46204222820995 23.812306635446475 116.07748989283616 18.981087601204976 87.29601697779695 0.0 37.59944602922842 34.876916234596116 0.0 84.12356332109275 41.158070432204674 118.37544594107882 26.988384393007735 164.9419333108881 38.61812264324361 206.91149366114834 80.01572277280783 207.51398721584903 143.48239430647735 109.82933771393076 124.54528594850728 99.78293202422151 158.78021830794498
31.053445309220493 71.69088877025189 68.89472185724591 9.38808403266421 142.68327189780507 0.0 183.51088394280444 73.7747913050523 326.45680722846214 43.64295396216217 275.14435253629495 144.2547064415229 177.25712288265282 161.85201878895757 228.96722189076436 300.00704592017587 141.66631188431475 173.60613202268092 77.80885539856062 240.61841366459979 91.44552924970915 167.6059041959563 0.0 138.1739376651281 31.053445309220493 71.69088877025189
0.0 172.83601437759538 102.16283639087457 115.02779747435905 39.87436137172894 0.0 130.61877268355698 12.843385754507764 203.5898160860955 43.92113479418548 247.537673244687 119.54312895073667 143.96537066919004 140.8375547300763 136.5950689890205 202.1296113789219 63.919528178540055 231.92739931261926 0.0 172.83601437759538
84.20869285935085 0.0 123.9324975341042 32.13134007540697 167.51516000251104 35.368558990919425 196.8377092265144 66.05999384089199 241.0232255809605 108.76098186134904 190.26892296330834 147.4212577557896 211.63911869710756 217.02458022030427 127.46568390142929 173.97461726228764 103.01531412722694 117.56064733261667 83.23719091712793 158.66714099894642 41.91755727608667 167.68408015667353 0.0 143.95046028820718 45.43877968089945 107.04141850401341 19.723929018070024 63.757655664969356 79.50919269979144 80.18043738227334 84.20869285935085 0.0
120.02213833035216 84.40843378719464 134.34840593395538 142.44915496133484 74.38413387942245 177.36978575065064 0.0 139.3332150624742 104.18232137973266 78.95075251122195 90.46843703632314 47.111441054146326 119.81133518596089 13.64364079000795 193.63851019439903 0.0 159.64737282833957 76.44388799493916 120.02213833035216 84.40843378719464
178.15343740837562 201.1444869592914 80.77412303904413 193.20226796722167 0.0 110.96834276718836 64.16997774036999 0.0 171.63602724573963 35.8917901660797 229.77730958522795 110.71204627269967 178.15343740837562 201.1444869592914
0.0 11.134511801204589 95.91893010793072 0.0 156.56902417998162 3.635745120911352 209.54256241669464 39.708120647399596 203.6895155030016 112.26516110986779 161.97753297468552 191.17178383218234 90.69077052998786 138.61050716040128 98.37826772726247 80.21464361719492 0.0 11.134511801204589
260.4988639654641 164.06299223801182 284.02514815058294 250.77394067875682 180.0932693323289 166.23830604505542 150.6220056507135 269.3840921119054 119.57886148953304 201.78028228198627 90.74855647557419 174.54550559840797 0.0 153.74736939121541 18.673357638726884 87.71820229847584 8.759871535165075 3.9765441208751753 94.84833444544404 0.0 157.75591864933372 31.344912046924208 187.4505942484798 59.26130237990867 259.88453595297284 20.991549900325964 165.0985250424377 122.50066952893008 292.0508391714139 123.27089152462794 260.4988639654641 164.06299223801182
97.80934165569943 27.298928298073157 127.29335581564791 54.430398268842815 103.68336787766155 97.56793665238268 51.835016033781415 87.78255432549187 0.0 39.46128583997031 61.82910032384612 0.0 97.80934165569943 27.298928298073157
104.82633064839727 93.77235964109921 124.48819162334723 197.61182757219007 59.366124834110906 174.25331164035367 0.0 138.06062267023583 32.979220405621845 75.3084623871692 79.17754830202485 63.18221838566794 103.19985547216235 21.669405644742213 183.9634570761519 0.0 200.66629173012063 81.00669321171323 104.82633064839727 93.77235964109921
0.0 47.64123516058322 16.000019801015412 0.0 45.19800750061361 13.099932012552273 56.69114914327028 50.402932644438735 0.0 47.64123516058322
212.99396957914573 135.50094528799252 117.95506448533308 178.08055144161006 0.0 129.58664654957045 23.262191080698955 0.0 135.5635216144761 28.310898088912033 237.11632097068951 32.43321988168999 212.99396957914573 135.50094528799252
170.95588012846173 82.22325978465811 113.89544166862143 79.38881345295033 79.82136879806677 128.0603008604665 0.0 110.03039768957616 57.95094400736423 43.56728292312725 78.19047449550663 0.0 115.71460654629746 30.00380256988194 172.9778960189894 27.696817297345746 170.95588012846173 82.22325978465811
23.80401491658992 71.00943066807255 8.346614649186058 45.70067400407321 15.531466153448925 0.0 57.78056254877926 19.12963100019124 107.4197636451048 7.001137627103795 116.45076900312633 52.80295683355877 123.06087520115788 99.33698246662097 74.16495765945145 102.69674193860662 47.57335431657796 112.18313160165822 0.0 121.70009254929137 23.80401491658992 71.00943066807255
0.0 21.54822889432492 13.590134231153755 0.0 36.01841476796612 15.010662809091357 49.905117026672315 16.486810308769407 79.37155786243785 35.367069555355016 56.810674731292906 57.67662390798165 27.688363364715173 66.94426589550434 23.532517856542768 35.357476846599724 0.0 21.54822889432492
0.0 102.1510402740941 160.2831969231202 0.0 346.45185578237636 84.75564295146842 224.88988667894452 222.91004711862516 83.03688214274155 286.44184801117547 0.0 102.1510402740941
125.72748822562723 0.0 211.90364605231093 77.1388123485625 171.07531538277127 181.94330232613405 96.16911019173499 129.45651096099402 0.0 48.46017234295713 125.72748822562723 0.0
14.477162202165673 40.660115881346684 23.847487521771235 0.0 62.02989334303023 16.428759274461868 114.9925123683253 26.371596406622416 89.59085533404249 70.4680361904364 55.922298757324974 97.67860546959515 0.0 96.39395692680965 14.477162202165673 40.660115881346684
77.5478894173078 31.756259509615816 113.05720233107235 31.311068136260943 97.69490395096653 55.07125976980285 154.71158790110678 99.26774135004267 91.31747631647815 92.61476079153952 84.53263241397977 130.0717064864478 53.7304557355874 78.63310954479365 16.245164547881274 144.17024317632553 34.8312928069997 72.62705841646122 0.10567663237139868 75.5343627692428 0.0 52.30843749945193 25.056863923197227 41.472945963240974 45.95592553719625 45.84093607236311 40.73669122101717 21.454786030023854 54.21654677333436 22.70785553440706 77.63131937948351 0.0 77.5478894173078 31.756259509615816
29.28001944847854 44.20642516692091 18.962822233523724 37.8563621164313 0.0 28.050084514462668 19.03199927176658 16.852764230860473 29.01015182565719 12.837188379803365 45.67447522502604 0.0 48.675923934900666 19.338886659231136 39.869510843868525 29.227039626779742 44.791955368274174 48.22495678096402 29.28001944847854 44.20642516692091
137.98334611175886 198.27245091504514 86.55433059141757 199.20915930340337 97.60434748301381 104.84896868829483 66.53371706223385 104.30168618573725 0.0 76.10607652300564 62.60128624839851 51.24708243036736 115.8226462814308 79.71878969018411 104.14491967203213 7.765059765138645 138.95283131659298 0.0 173.05347829283954 18.89178156699318 181.92250419173848 53.96402049638628 217.42957453966352 86.83122977689645 278.726557204658 172.9070714308429 117.327134335815 81.76267684453612 137.98334611175886 198.27245091504514
34.930299245538976 37.73272679095196 16.458512912554028 50.98276849275592 0.0 34.17138621697232 4.951484638271523 8.031918325799424 32.801536085509056 24.737962366933743 55.286670691759284 0.0 64.89792747345444 23.749594488762668 58.60343174685224 46.13791273382125 34.930299245538976 37.73272679095196
92.4227792771363 20.282632357236196 148.04195389991025 0.0 189.78896237349218 41.37633064966684 314.30855247370994 59.21294780063524 217.50225283128353 135.6630241484918 227.894139110374 233.4192739033191 143.94961845181538 271.3656301009877 50.57915729920791 265.1757655443572 29.424386115412858 164.59719355757082 0.0 101.6465999087351 2.8162132348634543 21.49691631752009 92.4227792771363 20.282632357236196
0.0 38.72508968823066 73.27368912053842 37.420355875383684 86.51717897043162 0.0 124.32573287076802 14.960801419795786 157.47432234054332 9.155894255644057 158.0611078925952 55.679809908739145 203.181703452193 54.250071445987885 171.59750300233623 86.38650064291076 224.5831148363792 123.35980122395897 196.01525085925692 151.70745331842642 154.4005362849594 144.9806573562069 133.29572044962828 178.4891627617631 104.24967617525002 150.9385314122556 13.589529407101764 208.31479581491942 35.90830523767707 127.447141781273 4.313728698853311 89.04096146430031 0.0 38.72508968823066
6.05040592698424 241.42145828126607 98.93653222180538 130.16244587530468 0.0 72.51951822671083 65.00578973603696 30.49881660276833 128.31760865284838 24.581631945900284 188.4758686635815 0.0 273.90522281645514 7.457400079750599 221.53011107779955 105.88216757833675 306.9696976877751 169.73649934404028 269.2180976467734 255.9681253126127 179.44549911242785 268.87447728414827 93.65392779319276 282.5779748300803 6.05040592698424 241.42145828126607
31.92021259096235 59.66110734770263 0.0 41.498979716780504 6.700468090782685 10.289400604726232 39.235915308682095 3.9633056771160895 66.98079908652096 31.677078187328156 77.00558844872401 9.662313307927015 104.5910834287658 0.0 119.14968429719956 18.350527585344558 132.20685424403143 42.70074052379663 146.11016628609383 81.58900530057119 121.46667727829994 113.27708994266513 78.62714495575135 91.93918681310961 57.79768365700774 82.0919582905947 6.124343130177465 117.59884426394265 31.92021259096235 59.66110734770263
117.75388377891653 147.6405271723008 86.51234696554141 145.3894334114962 0.0 140.49129249976454 54.22999458338734 83.62997403976911 51.42981091317495 38.21650223738685 82.33872037815684 0.0 136.14207126337672 75.91378521303622 159.82347551110257 41.82015164227313 209.43449840308944 31.374512630554392 240.2158627586392 68.71066166263633 204.27578717023408 107.84360968708894 199.08875592277536 140.08717555123903 191.51007977548392 191.75940578278855 141.85194047607345 151.72201560309304 117.75388377891653 147.6405271723008
