100
40.12915735787118 134.7821680557873 0.0 89.0697019944385 26.97523760408245 32.620890902482515 81.23818765157972 0.0 136.00814281678294 25.756108075963375 155.6775096326433 80.71620773558385 124.31790065821374 119.2759738326096 89.50245072397955 143.71466248659985 40.12915735787118 134.7821680557873
158.62210327849337 103.39370542221764 185.20586202774481 154.98611192885716 142.2831788223233 155.5386660161225 112.76509606227451 110.81997923727764 71.19977130816855 186.7325613617373 79.73008740224432 118.05177434011088 35.3799210158481 117.20309023174795 0.0 85.35674142913311 12.415178620389554 43.23945390867406 55.60149308863376 26.51839279882215 93.04186317227759 34.93218070894124 113.49752526692849 8.28317722744022 147.35089664610408 0.0 161.55774744005916 35.81442338435506 220.82695777955766 41.87044020643951 235.76079891853598 86.45147723037911 158.62210327849337 103.39370542221764
197.44246870552956 14.897345556263716 248.97357344030428 69.54446021723962 204.44211777777878 133.4097603965485 187.47923359076327 186.80746194781705 129.59816379711032 174.19161581307162 71.84612060706112 227.09290960793265 51.20626584469562 162.78697752232955 23.596021567671485 119.74996150739227 0.0 50.48680606103484 91.46056717277492 62.64741663368615 130.67181290714916 0.0 197.44246870552956 14.897345556263716
306.0957429529341 293.2017397312708 213.4190934239318 266.03548920101184 165.99641463574002 230.6334909309482 120.25755251654964 212.85698795968952 0.0 187.8851768668431 20.85448801305634 92.35320543495743 87.0968587735233 36.52974123650266 169.32677635029458 50.939294987696215 219.30122242977234 0.0 281.03728304240803 22.599943467760852 289.638798058064 94.81482413818182 345.3263786975054 138.48676101288356 289.2369440330267 185.90227786134534 306.0957429529341 293.2017397312708
303.1373346177023 59.25239840419269 280.7651194219784 127.41342733572284 236.22232810721468 160.69463917263118 320.08428574998766 270.7626518754032 179.04758090239775 144.41835482613791 177.69695126556758 160.27621028354775 151.8629930198668 189.89902788150857 129.6596478057282 177.38148439990144 128.8177113482581 151.83929573541474 0.0 91.7334976632597 86.98218755545466 60.87508483803789 122.0495462267499 0.0 185.06737287198908 74.21615694185641 230.51218526105217 55.262538501384356 303.1373346177023 59.25239840419269
66.75051098701381 136.93040925746078 29.40671103133056 129.10661231055212 51.415348472646045 78.5461057399628 0.0 56.1477787018387 30.563671140428795 29.520832296364986 64.41501286801996 0.0 109.24789370649854 7.888881279143405 137.4471034170104 47.61771387663431 99.58026948406264 83.76308102520272 99.95040295710896 117.56051923755949 66.75051098701381 136.93040925746078
70.96916428290426 90.07439736410785 0.0 116.58976531346221 20.00410462939206 53.061683995331286 29.969496674784693 3.726789688758579 82.71149050215597 0.0 151.53272601471986 4.6223620299432255 114.05836879170822 69.59281591002528 106.04469068658958 104.37374366225163 70.96916428290426 90.07439736410785
144.67288014536277 68.64532771392383 39.90429085006045 73.55671362939925 0.0 0.0 64.69967809780218 21.343324212218747 144.67288014536277 68.64532771392383
49.19955050112432 232.24038954842734 0.0 160.37314005476242 26.615533598470734 85.45676900271886 62.46014035116245 0.0 147.2743814871701 17.653030769813412 197.38702572747923 69.46963980150544 330.03133132063823 138.6992161273688 219.29234398339582 219.8696167851483 136.80177871081094 281.6448312926102 49.19955050112432 232.24038954842734
0.0 99.8845050423912 29.442513160885483 54.4295065065736 66.86847459998538 0.0 119.41514642426668 93.95039216447913 144.0739717645107 91.557746916734 166.8999766596772 106.53397691296408 224.8217475999696 127.50839943142246 195.09072980007372 168.0560149353693 176.46001981598442 203.38692128204752 126.43038931196604 177.99317981411917 104.94932185150233 207.59937304383018 63.96214805832847 215.4573858196985 78.2240713453725 159.95668603406818 12.309633024906873 148.77416331029946 0.0 99.8845050423912
143.16434479776274 55.466131264377324 268.5981859624808 90.9335921536846 206.5963963586177 187.94677723286628 116.02506349077093 127.08355537189647 12.225137735994679 143.49234657944993 0.0 36.14200729114782 87.10834817935714 0.0 139.9380664933413 20.02985425864857 143.16434479776274 55.466131264377324
16.4966358926076 25.754170712714895 33.95134969695229 29.874362202162132 27.214464600869746 3.884700655723236 41.45638580651426 0.0 37.551823894712925 26.089738865732855 56.421620259815114 23.439958106481555 55.620397179400115 34.84449125028033 53.050994706726414 47.93346080179023 41.39389113616862 52.77261711534888 32.77929424649008 35.689451199656006 18.397565707305517 47.26083835568551 0.0 40.65955589611826 16.4966358926076 25.754170712714895
67.9090297926677 48.03107643887299 48.87522697036259 51.73065814430997 30.74860999853196 37.59142584437929 25.145228287851808 62.883293341311386 16.719368496748018 48.511133036512504 17.375227914978026 35.757804519644324 9.404687233159208 33.166297447275554 2.264690560578174 25.411874171491192 0.0 13.71021130667215 16.098463578668273 14.172335411462257 18.69469698501642 0.0 28.384629901043738 14.497421150176379 33.80188782388396 14.649023668689608 49.87341732395586 7.984461038665714 46.572148443041215 21.232737670992023 58.95429349964604 30.31517633273708 67.9090297926677 48.03107643887299
168.88754272148364 254.05918287090338 0.0 206.68844893357078 27.326242471322445 0.0 289.7405401850059 43.08472648414998 168.88754272148364 254.05918287090338
123.81304926082646 255.92112221540174 107.18987292176925 156.40792317300253 43.26384187858035 153.88033373030999 0.0 101.98039150605852 45.53356022927622 47.118474011742926 86.18091050980107 12.711320162001229 137.94162359022494 22.426696263549715 184.0951262481599 0.0 197.35341399670907 55.139658538652164 280.8496021818778 65.29339383112539 263.941340487763 129.9479771102791 211.76263286441602 159.27011406407576 179.06114903360628 191.63404144954563 123.81304926082646 255.92112221540174
146.99786958540216 118.36897963238945 131.33820013107072 165.88861020859727 66.66254477248228 200.51979174626925 0.0 167.0910789046775 40.59178298305294 85.5568966251226 20.803606778649836 20.90191538195255 99.286519226088 39.67827423800793 134.2467058041611 0.0 189.0913137961134 10.22798462814599 222.39991125383904 56.72784525362273 161.13177171955925 98.08511966826859 146.99786958540216 118.36897963238945
64.76607460346187 63.0856808403844 44.74453399714932 66.2227818720125 38.863250815806 40.28494427780531 38.39904763502352 32.01275125847117 0.0 24.116196458659715 21.315108512760304 9.91622859624374 40.70900758042551 14.751711600806246 48.1336681759327 13.974686661920089 65.37229259151079 0.0 86.1253670939536 7.704908549357626 72.14817865733536 29.626885622246178 68.18328311643269 41.82492941585585 64.76607460346187 63.0856808403844
61.19690019479802 46.386238373790306 22.605783542702184 88.60505194745632 0.0 26.72385715801481 41.56090986502329 0.0 92.21370305370286 7.537385208415131 61.19690019479802 46.386238373790306
139.10267568938423 0.0 166.56192071636787 28.987243472031196 171.41062577545068 63.47514969751754 156.09550916224487 90.54474519722352 139.60991898876597 103.70367666286614 163.59325173674017 150.86519397054926 124.49527726366804 141.55110120301 106.6070373323838 106.30012859162558 74.55036224255026 144.87984418177186 65.07796594905868 120.43750710235363 36.80535642548803 103.5383686815212 44.660991243112846 75.3105198818352 0.0 10.227394475924427 98.18381095680455 71.13234998736715 100.01912886682383 1.838575093093013 139.10267568938423 0.0
56.53776094826571 226.20365660852764 0.0 138.86342415250408 70.0544931225454 0.0 243.92224622394164 66.10007691412792 159.98014563371888 214.00883454273466 56.53776094826571 226.20365660852764
0.0 58.745898171152 36.167142082876325 0.0 125.29838084499548 29.386056292510183 59.84000907107337 105.76814554343915 0.0 58.745898171152
117.80561935656992 166.3010651122401 67.48210867710384 130.2133036364594 0.0 132.8676593032028 52.22777039187676 76.07183019311472 33.47303056918906 18.459760658634316 84.31192675786747 44.566008276023176 151.06199614665377 0.0 213.8721035387552 56.3516628450522 115.79667070241 100.5666603364066 117.80561935656992 166.3010651122401
0.0 5.992059821121444 27.474257394393447 0.0 41.13340769661245 9.190598688607352 40.342141880689354 20.47579939884716 55.32721073085817 47.532862781951835 29.490222535775317 34.850853316539244 8.684230158496362 31.731323816696616 0.0 5.992059821121444
166.57726508886932 0.0 313.23757945527746 109.35593038156385 142.79011902195498 124.70237925786273 0.0 62.35092892153861 166.57726508886932 0.0
0.0 254.78853984380382 18.072203402225753 174.69333041623366 51.325397461777655 120.48822682830846 115.11674743779585 120.98919838399121 229.7788474489591 0.0 230.54429559003316 148.97678674708482 327.06103783916296 236.86804078402844 149.82481657329828 227.189916451157 138.1691832051401 298.36771674699804 92.99606871250332 257.4460579004673 0.0 254.78853984380382
128.26037483861305 125.28078785558883 0.0 107.14002141603753 112.59395999324776 0.0 294.1974196908699 46.430103577954185 180.56889041319 173.94682977953488 128.26037483861305 125.28078785558883
14.661679812850153 44.60989652639818 0.0 27.184509002862235 18.83290543006615 0.0 57.703271832593856 14.08456445912946 38.14728707289608 45.748939187000126 25.139265248941868 55.8011186116258 14.661679812850153 44.60989652639818
151.48649353896658 218.73568612224997 0.0 136.44493059252602 183.23172789500566 0.0 305.4883920145322 162.5153418380443 151.48649353896658 218.73568612224997
28.750474264306376 26.688111034185887 54.658448958457384 0.0 103.63719387381175 36.69869666879338 58.2689345596428 75.47010287818719 0.0 70.7539000158632 28.750474264306376 26.688111034185887
83.38408559548662 160.08532669150895 0.0 95.13608474122272 70.66211715317377 0.0 177.73997242503663 20.20999123719389 181.0441263227875 110.04828790281431 145.13853493765887 158.1083656024443 83.38408559548662 160.08532669150895
137.5471064959587 201.65931232774653 80.57058975210951 151.8403908698353 34.84293955695304 127.7298877941462 0.0 81.32901098363135 19.719006124515374 22.69564889250521 86.79651816715769 29.981266478941805 114.43742372379816 0.0 152.9787757692821 12.596546207375603 219.6566153768045 31.487042349271448 208.94798768139265 95.72985622710951 144.57772713720487 106.8911631838843 137.5471064959587 201.65931232774653
0.0 59.788478484772384 68.46528353543002 74.6381811623198 53.7904731676727 0.0 93.25657732763831 30.269405268053873 130.25102293157576 11.689941036317748 185.3482440469695 10.024581795058836 217.3102463410471 47.628363978153104 210.4675987245496 97.87536753451272 194.35540305587824 138.33052271978795 147.0872394297026 149.5755725643233 114.25188880948721 148.00020976248135 95.24454155975124 203.91092605537298 72.43005581699173 150.06739414548105 13.372808456264266 178.31077580404425 52.77662353947892 115.43380544609813 22.31763492244167 99.22005930261496 0.0 59.788478484772384
77.45242094000416 0.0 195.23845835868974 37.936423194864275 136.9896814598834 192.1047490338544 38.40737910987775 99.25003261563663 0.0 33.90806814775219 77.45242094000416 0.0
31.020816723896218 51.34342195421107 10.832131146051175 50.365869564816435 0.0 35.728890281533864 29.03405724192625 23.809244061796463 32.827838458987486 16.688256326089416 32.497828142852484 0.0 46.00159931634968 8.559054597138427 51.88398625082651 17.959831257728865 58.95551801899475 16.377546305655272 57.05190252512172 24.4918118121484 95.60802310120545 23.415937935875164 91.39229539759532 41.12829314048935 84.78417815136518 56.70665414385989 49.523251032446254 31.015375225447187 51.2818080033997 48.90548588230338 43.25902566156462 48.39161096470059 31.020816723896218 51.34342195421107
165.11674154409243 0.5237447651992255 217.2196810920936 42.481330412489235 304.8434525787568 98.35373392602712 239.50975030055992 168.8253139004845 180.5324892455285 225.94837180239443 138.42465252812826 133.05752529754074 0.0 170.09413599672422 17.342728292772904 67.79007510397628 80.15979765071424 0.0 165.11674154409243 0.5237447651992255
88.85393342426289 59.95680438297437 101.18127712968133 15.303947398097222 152.68338732049835 0.0 164.75784709394895 54.04949601566085 222.6773953025541 88.90021537166345 174.45352186520591 131.09330795603728 141.33502600613184 181.45227708597614 80.22720935358248 172.7691589685649 34.203664632580995 137.9503373988901 0.0 79.20178687280197 88.85393342426289 59.95680438297437
73.9805965055016 69.62691393744899 14.876746849484817 64.14768621555464 0.0 30.14190566783722 50.05319755295906 0.0 73.9805965055016 69.62691393744899
0.0 64.9244984702867 46.08233396175237 0.0 111.22972366698023 92.92240653905374 194.914361756359 19.12112717423645 202.07925534653845 95.6448334868406 191.92728658153266 163.67972239312354 120.44133223557694 147.00964855359396 81.4247705928841 158.65235440111073 23.310654259644934 136.76548502686873 0.0 64.9244984702867
129.0603228870964 33.776670679026104 112.01664145402782 88.24936143096471 208.89662723677077 57.84967047513692 198.7951446159325 101.25992225730228 156.33808155137848 121.48677462081007 130.74941516774214 127.30470446794577 114.00745174602396 146.1141504170286 89.56947649541085 141.21929142859045 28.457918427516006 169.1799433510082 0.0 127.4261092995291 79.21857093644 88.631582463682 29.827270086837913 42.83221404713561 51.82587172769403 0.0 101.23593107727336 23.154986039287678 129.0603228870964 33.776670679026104
109.98685693123464 209.55245499229864 0.0 187.3669492191862 117.57196721712357 118.94026302704722 110.2021249000647 73.10614725882664 143.61380845233464 42.97819243895154 181.71719270040944 8.556186916961892 235.58416301932692 0.0 244.91496739911278 77.13598968953768 277.175742735928 91.97693509519637 301.3383211775247 123.45670645662102 312.751516321633 169.9779026457752 255.45091019446022 181.10823119125158 225.89247734659222 187.75008982247545 200.3466898218919 202.64526448207891 165.75650203763666 208.36023312441495 109.98685693123464 209.55245499229864
107.63821492401735 96.97188381174107 56.41662366053558 68.87764689420413 0.0 76.0403572465685 35.83574655377501 35.58745249290284 68.209017047385 0.0 96.76981536596496 40.81689782825852 107.63821492401735 96.97188381174107
122.87732496550309 0.0 190.76887559780835 106.55081464692681 96.50222731336373 168.60300266183185 0.0 73.42509080096933 122.87732496550309 0.0
21.24453134522149 35.080928656222866 46.88935051577003 44.785637223259684 75.24907581921018 0.0 96.16430481173127 30.378357100358627 75.5972932428395 64.89398223777746 144.16291857640067 101.28601861179372 69.67592904098233 89.8620753298323 64.46940592007111 126.35936936555676 37.92532962225616 116.0895251417994 18.66599979503151 100.9908425819478 7.82778077992031 79.25779173882363 0.0 52.18185407290319 21.24453134522149 35.080928656222866
312.80434662912273 187.3722286435161 299.512893388489 282.2954975325233 208.43190809845063 311.17541785347464 150.01385739628063 248.8406945788648 88.06808528506434 258.7404542416248 162.6808224951261 195.71995013211452 0.0 99.46103196128436 76.49522200273415 0.0 197.20989174242033 50.84925961963134 222.33850687478267 146.75562656432703 312.80434662912273 187.3722286435161
22.474002305524664 194.90382243802483 21.388486777822095 125.38562979179736 52.2033248824367 60.82958837968839 136.40212608765097 79.93159261263392 175.50427966515878 0.0 226.08083746555735 59.53205043346931 308.63039594650337 50.452562613809505 296.1483633485506 133.26789017587149 347.5364057475632 186.3393722920587 254.1005632089266 213.49530787133887 263.2282825877427 282.94237377218127 202.10724543055318 273.5658905371207 174.3565795375925 207.59343917160191 111.057917046265 280.45648982289185 0.0 288.19149328849966 22.474002305524664 194.90382243802483
294.4824182086648 40.89419356781126 279.6337800360742 120.08958610424493 392.1758961574719 161.40146160266565 290.5090823375236 214.9596325491097 262.38367711459273 257.98500998971224 219.72862359743434 284.40648432029695 164.53581313434665 333.89623818809537 126.00714258870704 263.62185977804825 55.44904857880198 263.4033623134913 32.26907684056718 205.33356255358268 0.0 135.07716892741757 131.80664698837836 133.10334884533953 77.04378069551043 0.0 168.9180332245278 84.0496952745312 220.1597250555568 37.86426051935085 294.4824182086648 40.89419356781126
43.64096567263827 2.597830300350317 96.55139730784346 0.0 172.45590092552357 45.8390183793828 89.33045109076873 85.91355261283522 53.74961917987149 68.36920906559774 0.0 43.95489707646298 43.64096567263827 2.597830300350317
45.35635880748058 15.089280036370667 61.79718546996941 18.64802164166383 47.800648290760314 28.8766470028109 40.19082683728687 47.73282278655381 0.0 51.630413848702105 16.453095681496627 16.097271121203747 31.2754785248813 0.0 45.35635880748058 15.089280036370667
59.72540207465606 0.0 87.57858229058985 27.32233987160285 57.1981288964529 58.44491416744077 34.67187449941335 33.4616040933372 0.0 19.254159685373622 38.77123861294895 17.056439276534704 59.72540207465606 0.0
80.62377906893704 5.049463671928592 89.86596797987671 43.34019349560484 64.53846002681897 87.09867481128823 25.51496210547529 57.67250620039685 0.0 34.27291116043 30.87911102699495 18.186313799545943 46.75476503272192 0.0 80.62377906893704 5.049463671928592
219.13820715847504 89.92041652350447 151.12859535870132 153.4115608435277 68.29888061536332 163.79973726156868 0.0 105.97509975325788 33.76215848857417 31.687356777217254 96.61714151073828 29.165126996433244 173.34223642265727 0.0 219.13820715847504 89.92041652350447
108.30630370555055 0.0 111.23662579066914 55.24811016703872 105.76221844712526 90.53277090587765 75.49058319967192 102.15259669921754 49.31470574275866 91.77025223197974 35.58841419027493 70.8040585534977 0.0 22.309996841652136 57.466266481244986 16.48812664264443 108.30630370555055 0.0
0.0 81.06018018964626 36.55088224367137 42.562945503617286 43.98801024081175 42.96253379797115 44.99925988105731 17.867398780602556 93.01235332392395 0.0 108.7519789098524 48.35024486240668 65.18679896828607 66.65173890176767 42.17091435896354 74.22907066368047 0.0 81.06018018964626
131.49732659973654 19.916465379740835 104.48482041327517 55.256282067314295 128.37813693554577 68.70299251667242 124.53723491476651 88.6807325728632 123.6086016596172 120.99373675734495 91.87338418119474 115.90257128502557 70.66713278557835 120.94410972352381 58.46126021667777 95.72618257779038 36.20301368555498 93.84257599129054 44.499273567710674 71.42035416254092 0.0 52.51131552264268 18.445999936757623 28.891561053986784 34.91984522094573 8.841144470291212 60.6413993668765 0.0 80.65715385213312 38.05637481513053 96.3276294991335 28.587049032814086 131.49732659973654 19.916465379740835
107.99960706396942 7.2803075386335365 104.28336609823197 76.13546783889498 40.781476685420905 73.68410299080435 0.0 47.657128050310334 21.353436690234254 5.363130795828113 54.49372196159542 0.0 107.99960706396942 7.2803075386335365
136.31812522009977 29.185326554404014 159.89517922119717 75.4868937690139 162.06487411158463 148.88780941951558 92.50183482782005 154.01973195026272 51.743656393620185 123.11595435415171 0.0 102.46319330243956 13.139462905521313 50.83457658042913 38.03022742703755 0.0 91.85361460699966 9.72240623808132 136.31812522009977 29.185326554404014
0.0 43.671764944495415 71.80623280055354 0.0 144.85384543429907 22.542679756427304 188.22147717308917 13.268112024638128 221.16593028728735 39.52711901706728 222.73135663930776 79.85867272934094 331.58761555420097 114.89017942501268 269.2491277460372 166.99253600066697 247.06144764148638 233.14112832308925 175.52120919600654 244.05967375791104 118.79106150858343 216.54376290679937 145.29762139944626 121.70910903862816 132.00605438191445 109.25343180067482 0.0 43.671764944495415
79.66320444133387 39.62316753668691 223.82379497030556 38.47838922363161 91.7136204666113 55.63952495797183 65.27425134300779 98.18075730300552 11.252733851865997 73.33805996570126 0.0 3.5739603032939797 69.38247748622489 0.0 79.66320444133387 39.62316753668691
234.78021706366593 107.47717159096169 187.5024164989543 177.77867902849025 121.4020391995777 81.5471166112354 90.08935485104003 102.10092225073961 0.0 60.77598186017222 106.4342594697204 59.535960828315865 139.2764378079024 0.0 236.10254281484194 5.617129403882231 234.78021706366593 107.47717159096169
144.47108727205574 269.55874698044454 99.9995074099651 256.73789870312913 57.15498495061264 232.02044648748083 0.0 196.16651401343836 18.372166813412605 136.0793638133357 28.076227913956387 80.0633167977033 48.85553957949368 12.141348788309529 117.33952536040972 0.0 172.31768468210277 34.41289096107592 198.18304613257055 76.08083328039203 161.49349664193863 146.86153025951512 292.96271899606796 111.31762535280177 288.83649626470833 163.93913441837975 302.5155854104231 226.2713172216075 233.36129810346586 243.3337518004391 195.7723042770357 288.14956761635943 144.47108727205574 269.55874698044454
92.23443860491919 110.2732108140972 62.66524854503926 120.13073710661526 51.12633371997393 90.26170489456312 17.739475166762013 75.33612379286272 0.0 27.43003543368436 67.7805880951297 55.65226978317543 86.75256038379267 0.0 105.53934959155113 42.222678215108175 165.92677223378377 61.612963932417856 86.10497758049752 76.70047986300305 92.23443860491919 110.2732108140972
56.36124094655507 22.547459938896495 59.35229803596168 2.196060632525999 77.14663943861433 0.0 94.43263828901921 5.3849143627268745 108.81256510962717 18.37183915109992 116.47295580444032 36.89618031942267 110.60189891777492 55.800217226192714 113.77537177803828 93.10545563242108 76.93172709407763 59.00646727787631 51.38443621566475 101.55684206136065 40.69141788819151 68.67725469755088 73.72110447042928 37.02499159912371 0.0 20.855601140829563 56.36124094655507 22.547459938896495
145.87569679491455 90.7954235514992 69.75494819705035 121.08300990992592 0.0 52.7790948071071 67.67813915924242 0.0 109.17111987679436 5.829465281645895 144.01023397559 29.105964160266453 145.87569679491455 90.7954235514992
38.49585171691382 35.9765273310052 13.413677605750408 32.90971004049234 0.0 20.7216145677055 10.01207965696777 7.712660662304515 20.926001761690586 0.0 30.98130696089335 10.573512614626466 38.49585171691382 35.9765273310052
83.1442700670581 0.0 168.23325127972907 16.558530859823378 159.07781654039974 106.77998606290855 112.62431014125788 166.5077813794384 51.244927679028606 129.3094039872607 9.74436340930717 117.55501773508652 0.0 70.50608971142474 25.007278342548673 26.459069906850168 83.1442700670581 0.0
140.8622979541666 118.18491484798527 90.2242914291111 96.70673450313588 96.2390869263775 147.34401341162072 71.50823451464699 140.1852987495554 37.197749164150906 154.29035882650822 12.45362302385439 132.39320518923103 0.0 103.33425107652549 12.212159980006021 72.95673206338736 16.44024926616453 44.87791188001057 44.65975364468406 36.82448937932221 58.01738327188923 7.954123819473907 89.3594789562441 0.0 113.77312849872035 21.651173138497647 133.79399134718435 38.58718285352629 158.03612814212664 61.29320338998542 161.41209586560777 93.33551386408251 140.8622979541666 118.18491484798527
115.93954923252373 190.753808317907 64.46127854175938 186.46631165505372 68.70638713588886 124.77343766355952 0.0 95.43795217945917 81.70117577575456 73.11290657866866 107.4319025198357 68.72278906979724 113.31803945720836 0.0 148.20624202293305 38.1046273587184 181.8977148675029 47.5274906893747 239.22913390480608 67.19684359351446 217.0237508078921 116.53158724476737 215.21586105264407 174.68752403576738 153.66743629583354 168.2091379414013 115.93954923252373 190.753808317907
95.78389403128783 180.5329186721052 58.319986899129226 179.14809846785826 0.75917576588175 163.4226061410574 0.0 113.51225499249043 59.899331062829354 87.22431707233261 80.1238499126033 72.80705366986575 80.13545156710134 0.0 123.92141459085452 43.876862908579156 155.25932539170432 43.152998850018676 191.6627774364975 55.010833825385724 180.97553250107842 98.2372298874896 215.64991163422354 132.4455945350822 180.18041846417265 159.34632919996352 160.9203192909222 189.69038880174497 126.21677671675012 206.58772506156788 95.78389403128783 180.5329186721052
75.3690993953692 112.46580829422167 123.99348725496955 86.38697295442962 160.1258262860198 80.42160467173193 193.81818923617806 0.0 246.25587061925563 38.23132401479964 366.0582369523349 14.716103448424462 340.9030515760219 116.12297756085525 355.46146846508356 195.38593146236482 250.98649744752242 202.26588402314317 258.46590385462224 316.1306624777535 180.6466767638555 273.096551659166 113.1917500012282 276.74586779157767 103.20886308788471 200.71809310345094 0.0 173.95714050483207 75.3690993953692 112.46580829422167
211.2823083853101 81.02399937561297 204.7785890139006 183.56533860578267 100.52729886557806 193.04646830574154 2.5957057266880668 155.55585965393445 0.0 38.70053341175949 106.59013106362018 35.389500447779824 178.14365357740616 0.0 211.2823083853101 81.02399937561297
141.51783708136458 168.09181366098554 111.08188602860267 229.94985005046377 9.957716484426243 239.19879132035055 46.90133692064589 138.0803879315231 0.0 40.92015915648801 100.3959978412107 0.0 192.9315868876966 42.3771790520489 247.36020456033387 128.10309506000385 141.51783708136458 168.09181366098554
160.7294367645319 151.50025041078788 119.7574791422478 252.33738562334224 30.277781281410512 202.04158208858246 5.8349513152229235 123.26773479872246 0.0 58.17191870305442 41.680856207484936 2.4431113377154503 113.03555109757919 0.0 184.70025855211966 21.96112344993813 287.16018363444834 100.95223060077224 160.7294367645319 151.50025041078788
180.2453303232212 33.087581518211856 158.33068708526343 70.31950519380139 149.11304164275697 95.39790184506757 122.36353308480874 103.42639476251526 93.56089854749874 81.45174907453506 90.6483542632757 125.63915162035852 76.20651941261578 107.3570098813359 71.93256913193564 90.50974603398285 0.0 111.2515752696734 89.43800527690276 72.02297329302752 25.325348075384937 47.302302837094004 16.384248112703574 0.7589518588579551 72.20720602714286 31.25861053562555 88.38596058360447 26.807313082886033 118.03832998969521 0.0 122.0394037471785 38.437865483125336 180.2453303232212 33.087581518211856
0.0 144.51439150044877 46.27709773900662 87.81646613335234 47.508653823772335 48.28902418958635 83.46008286792508 31.108575232250075 107.13272608075641 0.0 142.51349689566038 59.140136286520175 177.57503571786773 11.620538643072479 197.55854649371977 39.765558604279235 223.71697996008496 61.490076943516414 181.93896226169767 93.92993656064029 185.2463575139732 113.24849694061875 152.1943353154495 104.36960070471139 170.318675817542 174.50364032277122 137.78460154792472 176.8193567752367 125.85842237793905 125.82159791261695 74.41574838452962 155.89075170340044 0.0 144.51439150044877
187.42566326792146 142.99466573886528 210.61953272373785 171.15409800657878 273.1611083871142 261.1991579623689 183.24734395664433 246.29109359602185 137.98246550221108 232.14984129865476 91.3613535230051 257.88096970346635 16.493441428552245 265.6569263807572 5.598978893564464 199.40526984557874 31.729102116704667 144.1768460015955 0.0 82.02800729406222 93.93468193301152 100.56493682040811 93.98401498359243 0.0 149.6786939011389 53.28878618131576 176.24823075986708 85.18584675074567 228.21979646538549 88.13632071741739 187.42566326792146 142.99466573886528
257.900354891942 208.59998479034073 161.02164774606888 241.87148752528276 43.935007416448855 219.33797652376444 0.0 89.30532433515816 105.10448512571054 2.3616862681112707 230.94832013945936 0.0 255.3889757446356 108.79880958182711 257.900354891942 208.59998479034073
65.83505219906355 0.0 102.65006307418221 24.30228662807813 131.22898301244905 53.480854168537924 114.2978321412599 90.95730412104336 78.86248719239546 92.52885748484212 32.818658814872855 115.88102407338951 0.0 70.48365688447834 32.911931018198366 28.13650295938458 65.83505219906355 0.0
9.906249393760959 75.4897765963861 8.209691325461606 51.262394113810586 4.654222019812238 38.53370790219648 30.523010170998063 33.721472388224825 0.0 2.530045050526482 20.21628246093998 0.0 34.93948759697827 8.149379521856474 37.936249879509475 25.822068944189652 50.997127873320906 21.765076294462418 66.13850827506658 29.1353937403007 90.84388677097976 52.13930251283065 49.83742441933455 50.44429590371921 43.60041592103127 62.14034518143167 31.68022203137916 54.85601290955913 9.906249393760959 75.4897765963861
57.6346487366317 53.72525725726295 16.984887781175217 54.77023020803132 0.0 17.15643353484454 31.938450814559985 0.0 35.05187767014388 24.684625313653612 57.6346487366317 53.72525725726295
68.75825043295288 48.38944587513194 63.34447488727026 80.88368513230918 49.188514397253776 39.638865105181864 31.299290579462586 48.84465857043253 40.27435319504735 32.75714363115425 0.0 13.39593765285116 24.676980551282732 0.0 45.56566629045036 0.772554069149578 54.82738643344205 21.33821896894547 65.20002589409438 17.65163238330824 88.73298289745497 21.14781226855858 101.05569274464642 45.41024717573282 68.75825043295288 48.38944587513194
224.64535975961854 0.0 227.75863310060006 96.07974587463177 222.13916962807755 193.15987847258833 124.67285199914082 176.40764170139636 83.22553783341073 129.9193040897788 0.0 28.87806992178122 128.02585082096377 26.804397279330928 224.64535975961854 0.0
186.58505460331776 24.165991274292253 102.98742321527348 93.18603025442303 0.0 90.33598825937628 73.67471357948106 0.0 186.58505460331776 24.165991274292253
163.63758612445758 39.91786261792362 127.24973483297632 80.67198586828357 98.67620112888325 83.18043451856573 51.31451905373518 142.8704563563385 29.086372314035742 81.83117708236348 0.0 15.366227578143352 73.32166122922415 0.0 115.85580752654447 18.0825545907148 163.63758612445758 39.91786261792362
44.093127253723594 10.521418319741223 71.7088041162327 0.0 98.46670324876344 7.451841472377438 127.32463555325083 16.344559494518336 141.46455481404996 41.941810381485354 140.1267632923435 70.35674263951303 139.8274392822044 95.8380649146939 152.98360461454206 143.385981568739 109.55517285882107 142.72799269137306 79.3155790549326 115.6375934053316 50.32602326113643 146.03838260118664 51.36471615861923 100.73612366444469 0.0 109.1708607380237 13.567251200082694 76.78397285326487 47.423214727388455 63.33699612120512 23.61656080659087 28.494001470901814 44.093127253723594 10.521418319741223
92.00842365154665 5.5677873908791895 129.7476875101224 0.0 129.3444160041318 36.42029879924076 72.71271616792868 59.510363866029074 123.56900564960668 86.61271603881036 108.6367881651882 105.59680940250522 87.88663760534807 116.64314072894084 66.84261900519293 96.57464888399096 38.73661124265732 110.30534974325948 44.1734824591655 77.78331788642765 41.05859772892738 63.916867321055285 0.0 40.10348307906758 29.043455826903966 25.12213715760914 48.748221455247474 14.541945456439656 69.19789384857499 10.48264675520857 92.00842365154665 5.5677873908791895
79.49552997844302 91.3384347160865 58.598502214901664 94.64157201657862 42.13383488842603 72.88162229885178 37.7565206144614 65.99826614921979 4.072505810374572 81.29679834177625 23.937058875864004 58.04595930359537 0.0 40.50498386851967 13.388021628987623 24.789853251368626 27.600498748367137 9.039996505546291 51.04677546199664 0.0 69.79099937150579 15.133789508435164 75.38355427125245 36.83144642052197 95.75847531091239 50.835282967528755 73.04885778552128 66.36591812193696 79.49552997844302 91.3384347160865
128.51589281187316 52.423374458747176 0.0 87.37540955493033 113.55804226171557 0.0 185.69332679444275 27.473318644994222 128.51589281187316 52.423374458747176
224.6766685341969 65.30242872526284 114.78608501530402 190.09643438547616 0.0 54.42524488194304 128.8986315252416 0.0 224.6766685341969 65.30242872526284
168.58765518274475 97.80590850459744 176.4506708186753 143.13085874315348 141.33914828674614 168.96259387320865 101.63284091132087 147.63432290850497 39.67619243433913 196.23933424127867 45.955257021069485 124.71925742171967 0.0 94.75970039521155 16.521943597404288 47.1617559595366 34.301459007383244 0.0 90.8532664461931 20.217490562480748 122.45005827728733 29.303475269661412 151.11730662152098 39.486489477217 200.74989961095184 54.517293649164074 168.58765518274475 97.80590850459744
33.28623064418232 6.289209516883886 53.54152984669876 3.2489720389135215 70.08675793762356 18.519240636382136 119.60568547626298 49.55942246904539 82.44711611268968 85.22820483775325 40.85838953245274 77.51722616129257 5.650860620894598 86.29109431160495 0.0 49.5292454857353 1.2724825978109138 25.386370328072587 5.567889026061543 0.0 33.28623064418232 6.289209516883886
160.33773194533802 168.10515949763993 118.02626993840033 180.37030357121427 83.77087950238622 154.47373517427815 25.05044801690609 136.48765495750544 0.0 68.34635650897312 92.43857300435079 72.2403079545193 119.48981283112438 0.0 178.94297141923067 27.833326265466624 265.97319142956013 63.56243310246941 184.42391312879136 131.2194377693109 160.33773194533802 168.10515949763993
263.070323545428 47.97638871011037 316.9038091515705 118.92579998612294 238.5702599516271 193.29728755116673 268.8600286220875 265.5003537166294 215.16846211966487 316.63734502796524 144.03025332448902 301.7708887251724 93.8677252554093 273.0338396195834 62.09218863154017 227.2533543656786 54.374142234425435 170.80817449803305 0.0 55.93684977381898 98.63540181163687 28.42505094033018 185.3732716487988 0.0 263.070323545428 47.97638871011037
119.01996558609098 94.67057867136486 155.32203875736042 0.0 180.59066466454456 83.63160581189082 218.54343099494486 102.23416004085095 258.6729195101443 143.19782803778145 253.7055856710731 206.0574041957901 210.86541860739652 251.2097738030968 153.1088488871306 251.65028249865435 119.28920854314671 194.38528743107952 44.242874085277464 225.15527906085134 46.2292550868751 165.76609777699838 0.0 108.93725327416567 82.455663731232 93.67724313525106 119.01996558609098 94.67057867136486
71.13524536326918 0.0 143.27327155011022 49.36481206307989 247.41519494086498 2.653515591347414 254.57655901505052 103.64122323064058 223.12025544155915 178.0686086878156 150.74068989522345 188.85974457994033 96.24190660283199 176.2967220011455 24.73839956909302 152.3235984311033 0.0 61.270825322357844 71.13524536326918 0.0
213.19912331415412 69.05915783094059 103.0702279855308 132.35922599637132 0.0 128.81643917892075 67.47822287224602 0.0 213.19912331415412 69.05915783094059
361.4280324018524 162.30723255597445 204.06862093855358 203.47864864324606 109.53554402129274 196.0098494027386 0.0 81.91439576399222 146.68257803373024 0.0 242.7450684601572 51.14357692912559 361.4280324018524 162.30723255597445
27.092793168613923 32.20573912142641 72.31451489055252 10.74171821261264 116.5519996139374 0.0 141.2208496743193 44.22790391195189 174.62017528554205 51.614947653908715 247.70945808057544 73.605417232232 149.19508996897176 104.1820749434179 118.20403499323017 94.10675741256793 137.28750292901063 172.9510247779716 96.90081521277153 181.24404386814496 56.255833395235896 164.46936423073328 0.0 137.31974112975416 62.30336152733281 86.64092141409607 27.092793168613923 32.20573912142641
6.21707219693954 14.541875781742988 15.214465461645844 5.28323220233932 26.24388695930729 0.1179434020952641 33.25931553193044 18.25666405133856 54.39659478809709 0.0 65.11940002493786 12.353725658163413 64.84847282899169 28.56866753384118 63.74689708897198 46.956430597486104 40.53101484822783 41.13190078906187 32.295649071659426 49.83279748764984 28.631170148028346 30.089044704653176 14.242456637112141 36.240921156495745 0.0 28.262557970065558 6.21707219693954 14.541875781742988
64.35781780246421 18.530164983088405 98.59632264108613 5.415513534175936 111.37355502066079 39.7712286248082 126.50687711223092 64.06579911538817 137.4357633408145 109.44376836672177 86.46959353190816 97.7377821579199 59.63607623211628 112.88038380624681 21.346858616867642 100.55635171744271 12.673427277732983 60.20482261343449 0.0 0.0 64.35781780246421 18.530164983088405
36.3633458868992 102.32471710408231 25.955437692954057 86.9688799169329 29.96325947850125 68.57049536762635 0.0 30.178089418432016 52.8291714304147 46.97563094415058 57.075005882946726 0.0 76.77761663696256 53.41344621456636 85.4554744302475 56.72585534111933 168.05340916669695 23.46389324206408 134.29619600747404 70.74960062913911 91.4445652095431 82.43217344895258 133.32675253141653 136.06161422830604 102.53445312337803 156.71506389489093 67.889720670072 127.93208754203577 39.605655952928615 132.2934722326367 36.3633458868992 102.32471710408231
