100
70.85673611915855 130.15942165027133 0.0 136.83811113317626 49.18753077330118 78.12412673078697 6.61961239770099 0.0 81.57349093606115 9.432865249746797 145.2989000857874 2.5688979256147206 177.2827821815103 61.806252509279105 121.59867676159689 100.1592423804445 110.04806041388838 138.04947689255533 70.85673611915855 130.15942165027133
3.3233686059977288 14.629443837943938 7.824744192536613 0.0 22.719415216725267 3.0385154116602706 40.03566161406354 9.917511496356553 34.866242494960105 28.220043573915717 19.90192696556305 35.43412598610942 0.0 34.018626297191915 3.3233686059977288 14.629443837943938
189.48019879477607 135.77050918620347 143.97048429378117 166.90884400092114 51.91201220247255 181.58678068291152 0.0 101.59535021424607 98.97302601199786 43.61639311315088 152.7662929909059 48.33353304991853 166.75366180655197 3.6692408856387573 215.0300484474027 0.0 254.96965774183045 33.3536395920813 233.0275609900737 82.05167015604486 259.85363357449603 147.89601417309876 189.48019879477607 135.77050918620347
31.229396802247948 4.664027687801365 46.89975349480525 0.0 54.851617648059104 14.291825098986436 46.445321813546855 25.584408059290553 45.64926243637608 42.75032148482779 31.238023529850253 34.468177915665166 0.0 36.17411053709607 21.176883284487957 14.113215541946929 31.229396802247948 4.664027687801365
22.36599296307805 0.0 64.96043731059191 13.034220314828488 74.13403702972141 67.62756441019162 0.0 68.11964690085127 22.36599296307805 0.0
0.0 0.0 129.7993465291737 24.719206456789713 191.05842602048284 151.03078294665104 50.66964305418685 130.0526060012644 0.0 0.0
129.0655200072902 63.03386349926609 200.10393219302534 94.57284120220082 111.14220314783886 81.95583406074383 96.83019881276334 127.94625069445709 29.098757870431257 129.530283514612 0.0 53.41463040287093 82.7679118704392 38.56219787961814 123.5827557175707 0.0 129.0655200072902 63.03386349926609
4.907968532262473 63.619907904985624 0.0 40.92285314039172 3.494512034189526 21.942139134884073 13.843499875010693 0.1337096663095565 35.48721772268476 11.787051191460677 67.9536129731083 0.0 55.557494737536416 32.33210717306471 60.662865172271324 50.95486422077465 42.088346801890665 55.90151815600139 27.445198420100922 65.0822181312575 4.907968532262473 63.619907904985624
125.45345189523185 31.174235570167085 91.23704210697373 106.95402816275558 37.4522649114311 101.44746951798052 0.0 59.37575106315704 43.24153104865718 0.0 125.45345189523185 31.174235570167085
26.387211501525442 0.0 69.69609012734291 5.804809756104113 78.73697515510099 50.65237245563075 43.051516388966576 76.53540029682117 24.492496509099453 46.545680021669874 0.0 24.938054884726093 26.387211501525442 0.0
50.86300478610258 109.05721556866632 0.0 47.44026323416586 64.61319284457878 0.0 114.43235665873344 30.25944944447729 150.702681223166 76.29220167568914 115.33819543694078 139.9890640022212 50.86300478610258 109.05721556866632
28.567466767460886 0.0 67.79557631206976 12.00030054057212 51.923853152074514 46.85960167983401 34.68765953850112 61.07666330337606 20.058588839485594 47.44320967025234 0.0 22.820482050782992 28.567466767460886 0.0
59.78284534997138 147.05380914766744 30.9399077454228 75.57624247755126 0.0 18.06281970898437 63.229410517790555 2.3542739494168075 98.62616504859147 0.0 142.88651504072172 12.353934770803214 159.10912691700526 64.47954260723276 120.23074782656516 102.93837844575631 59.78284534997138 147.05380914766744
99.30687355339793 19.834811862950886 57.232864386907416 41.25280597068517 0.0 41.14747111463409 48.165135855478574 0.0 99.30687355339793 19.834811862950886
181.2816586538765 110.19690839335614 153.9297138853416 146.8691223517431 105.272200592044 86.48913770202282 68.85406905409144 144.7338974796154 29.798094022156533 124.10539828530447 22.518966746673243 80.4350968241385 0.0 33.25516299678205 46.85377552986328 8.561500405703626 89.07313976268135 20.65034268726496 114.37115217734258 0.0 129.03758265155807 32.243868814130806 172.85061349058455 33.86902906568501 143.38141519656207 66.542294393251 181.2816586538765 110.19690839335614
138.0860301427967 63.57355410816024 161.4142638090762 79.78417945615602 171.17976609896306 108.8813088709402 153.74443701553216 134.3497869368561 127.9938802955555 144.91913882506572 100.9723659450713 129.80148468152183 80.79336304488731 164.01342631186137 82.89494611496261 112.67778801980646 56.63124989831863 120.2418157817512 45.6493658171932 104.66516750813608 0.0 75.32480775847837 4.3621437771288925 32.84331019860426 32.57808963457586 0.0 84.1232388934614 45.03855306181975 100.62454779509396 58.97123718458673 132.98880850514917 31.912569522349578 138.0860301427967 63.57355410816024
76.9555150045132 0.0 91.2970299664013 30.770884240465357 118.18512405363084 43.6757062378689 114.75909301719388 71.83259506536817 103.59461897736885 100.40385364008611 71.91062365548424 85.48192372000628 60.72628054160403 73.78335264788691 27.210367848969035 81.86170233052559 0.0 55.40480800669629 19.350555013108554 24.85819824128965 50.39988179191154 18.054941852314933 76.9555150045132 0.0
48.6454205774027 52.60829969378392 36.30576244665865 43.71329997001507 22.572456603243964 51.749399541217656 0.0 52.88036731049867 14.600280965184126 29.972390772848968 24.50625288419417 22.202655661502348 17.272120402409627 9.5250638757515 26.403218957886793 2.4319326509280756 36.97134016864699 0.0 41.49049704167662 15.226604459575341 64.098307631892 3.614699585817135 65.51985981653685 19.3577447223513 49.73988510592261 28.687751627665847 51.97178238184523 37.83637973145596 48.6454205774027 52.60829969378392
0.0 72.85173861366246 11.28400014890682 47.36169960305551 14.414179455885268 22.050164254461464 32.837137195235634 0.0 61.80528144046907 32.139415431398405 89.03929304442886 2.532073439554871 125.74354950004508 7.974528757346214 143.16131670350782 41.521225209757034 109.17624712727968 71.90285285176303 87.58769289668658 81.94224384777624 71.86668412858751 81.6320512367991 58.810115994091895 138.70853115179636 43.058580655553165 97.31483566417853 32.238023680782156 83.61966016937593 0.0 72.85173861366246
161.26358126730702 86.26201258627495 111.84921680715824 123.29442467431626 74.0135472377207 117.54648516176253 39.847361299903596 128.03479959705652 0.0 95.01709082594586 56.11381107571209 76.66075770630304 67.15774652991611 0.0 150.29694816746598 1.1561960694775877 161.26358126730702 86.26201258627495
0.0 7.455868516799484 43.236196891513615 0.0 74.90677074563797 11.428015065401539 88.56175642469879 52.83284451999664 44.82747759494917 63.74411703318448 21.5820907442276 44.98317135896977 0.0 7.455868516799484
0.0 90.54901716592258 14.607180406128492 9.692528479036731 74.8807013307933 35.135314026658115 137.5597331407403 0.0 120.15443492964195 65.00193449334989 76.38420237376532 86.8627275728604 0.0 90.54901716592258
176.18420110384972 121.50669144734984 163.02811391734443 170.35807783459023 113.5176017951265 198.74993813212143 102.06631331827106 99.88426123423125 39.74550916175815 130.02191010321582 0.0 89.10341205775903 37.04925993650852 46.02988317639365 76.89605322062704 31.194133685652133 106.25791747039598 0.0 121.04200613286686 63.14260493834804 223.4467577712689 11.816059025007988 170.40063245029035 83.5820808803711 176.18420110384972 121.50669144734984
112.01045875797753 2.9439823919876744 239.0878308183807 25.276660071820295 147.4450457157611 116.27752081296433 38.98489134519218 126.0150295332279 0.0 0.0 112.01045875797753 2.9439823919876744
105.80256957728913 0.0 148.79406204129248 87.80063070686663 92.4880718954658 128.20757031854447 10.799851105209783 140.93277574319058 0.0 32.383387640324706 105.80256957728913 0.0
35.36393064469601 45.780527463617446 15.655684807230188 30.443970983802046 0.0 15.322989749265531 21.995449365655446 0.0 47.17945319490022 16.049113107672426 35.36393064469601 45.780527463617446
108.55199497190166 18.22318511666478 136.2300909523924 0.0 161.6992805165164 12.82833567678319 196.4284860124261 29.714662469524704 184.00485210910063 64.7723113365596 215.64851966127964 114.2308659795336 187.38281774989707 154.45406889413306 126.06893302794734 119.68531710809589 101.79925093112344 134.78730455674503 82.60836724337469 111.38479509351114 28.67178539902102 131.07826268328316 25.977412879809137 88.85868772566306 0.0 55.57252477539301 99.84797651126374 58.43858423341933 52.35048757953649 0.0031098329796463986 105.19223339944449 60.266518691127395 108.55199497190166 18.22318511666478
10.850124963713881 89.82308989309904 5.767052863224251 66.13052341715509 0.0 39.02841287136849 4.267188196529617 0.0 45.14975764009371 11.822950672723884 69.72792644545105 15.902673342529141 99.5627754147421 8.168767456380024 90.72936200949843 49.53721994129998 126.8829856474565 56.51231786558786 136.25604869727553 86.2078548150961 115.58677971964568 109.89751028584993 89.97542873927657 120.03892478341487 65.58103725137575 105.43242107916942 40.68727411737852 129.9154497503246 38.340121293581475 92.7039921192577 10.850124963713881 89.82308989309904
181.16560777507263 0.0 282.5152055337948 76.40804194761228 219.02804585711482 180.0727821631397 162.2924788029975 201.63666589459731 55.9448569008557 262.90003958425785 0.0 143.97453753249977 144.7794900940387 138.46373910696462 181.16560777507263 0.0
31.826154943985472 10.720567411722172 93.55280358794514 24.29693087797014 139.05966872542382 0.0 148.52903000569512 56.25181672457974 171.33116650196487 75.83431284802919 181.494372379359 111.92900968845892 137.26755666215223 120.60853096963147 131.67490446333667 169.61366511523266 99.19197911926891 134.3717128527166 31.986821184407518 168.84742489571198 8.967273190242793 119.29199912829937 0.0 61.19996799663794 31.826154943985472 10.720567411722172
109.99559231345995 81.22866007862109 57.07698373381005 62.24542600692803 40.88053701884007 84.66960532432816 35.890219232750596 55.406846351383294 0.0 48.47491422408356 14.907192910100264 23.962669744915416 31.530433550695363 5.317755263014789 58.45385498696079 0.0 83.68031123305617 14.00847696709964 92.07518857284812 39.50148258440052 109.99559231345995 81.22866007862109
0.0 107.01250272588929 24.715954812452168 80.02441839964403 27.064093584148935 41.57047494390361 57.392444693638055 0.0 105.01552720851394 11.477666766945461 148.01431984207835 32.58098074870968 197.71283377498168 67.31702024725645 156.21853188564668 116.6614348770999 120.88655988219723 137.10953733337573 106.82704025998065 173.17310664180178 68.11507025606613 187.6274117887778 57.64899861219746 131.06920244022677 14.098159609355633 139.1399920287597 0.0 107.01250272588929
172.41784234637703 2.667717170825398 220.1920326629402 25.477334340953988 256.22653650559255 60.230848939548366 264.865972839754 108.19929258724991 223.2257861894868 142.26995991356748 219.72359841808645 178.01580819265357 196.60182964093647 244.4331975039327 133.26704008200727 253.2401265280073 63.652345084627754 236.90480577569315 9.178155838289968 175.4876420190286 0.0 90.2235997262491 132.90371273768156 93.43233044722086 111.31756623207241 0.0 172.41784234637703 2.667717170825398
268.46172315606293 104.78696362505357 277.2355384210207 158.67480309122348 217.3181437478584 186.2122860263852 199.18824449983575 221.03334042153716 163.50402199269251 261.53646238230226 113.30721789289822 247.25978688832765 101.2868315369874 190.4073381393861 94.54054928672451 162.20964941139522 0.0 141.4272485302027 34.42780895901056 91.36039116853696 111.44028695998404 103.78794521557178 94.09452826326209 0.0 150.80197110840595 12.968803181880446 200.5694873272163 28.539614065851538 245.0792031788095 58.14982844246724 268.46172315606293 104.78696362505357
41.00562433085378 224.04473755973638 117.79701172422588 161.94692221631112 0.0 70.34557189258632 102.69542387339428 54.69439653009958 191.24909893586303 141.86765678504108 204.0595298826184 76.30831083543603 279.3778382000446 0.0 255.28296698874917 115.62238366776717 331.3322738973594 119.54758182888122 267.44202797493415 168.9988542319682 405.83249237774044 264.89021725007035 266.8916608726943 238.60178000385045 207.14606958669165 187.8594549178573 191.9088894792904 283.3422187754952 161.36652042434122 239.95590859287128 98.13575715638842 255.7875488437592 41.00562433085378 224.04473755973638
15.543862702944608 0.0 143.2982970216525 50.87558177447865 275.0732296088164 87.59295662676422 176.12360793944777 185.99937654944182 98.13471638553983 178.5966791574299 0.0 140.92519406989922 15.543862702944608 0.0
43.369136761969614 118.06728200788778 40.918612597021124 83.19363581645398 0.0 65.92318140554879 18.39880118212313 35.20147298091206 49.98151680382813 28.081798791958462 86.62386288862804 0.0 70.4079203408225 64.06231034494476 128.67191028529555 72.00256042400139 157.71524948247296 143.3608469826023 68.43593109967304 95.89180482583322 43.369136761969614 118.06728200788778
0.0 133.0291688791479 34.12195396855475 86.12727276785779 59.3943696798417 38.614060382113124 115.33272327074204 27.310181554903664 209.34275365916483 0.0 206.70216365949884 95.79354135339302 276.9314842995568 173.29338779902125 184.67873087916112 214.20306085961195 119.24708285708907 207.5687996733941 85.16901750814054 176.5846969350209 13.417198829352287 192.20446805636496 0.0 133.0291688791479
0.0 23.754036977099965 65.84970583659266 0.0 120.4553586158146 16.135388653950052 145.72133294294446 64.1013205247261 80.4478038569227 63.60851774188507 69.910832496485 107.97479938737993 32.68095276367769 85.50787147069227 0.0 23.754036977099965
122.47706319276676 35.99737488008881 114.38473966034672 54.48479189451034 110.0996260525454 70.73716730093743 96.4076842623602 82.84438062280638 75.58646312131944 63.8486316403357 64.04425492524784 81.20640620594979 25.566360089832585 112.32239737897562 34.99403551329061 69.85970300234665 18.91739412318924 55.057088090695956 0.0 28.80690162602366 49.17679261571443 29.073918757813615 59.58919762505457 25.213749075714233 64.70450935330845 0.0 81.55662202911724 2.654683310866247 86.95385563863708 23.661315867639104 106.53230229656492 23.247792308136567 122.47706319276676 35.99737488008881
218.87914321713455 183.81832657490054 55.64159540370645 147.55648878551887 0.0 59.92551022870025 76.10043121633825 0.0 136.870898600745 33.86196054627122 218.87914321713455 183.81832657490054
91.77341813785048 94.54980269961945 46.43011404195488 120.47299760804466 0.0 80.7044450132396 12.951626650117326 23.628576175707252 55.661396906618506 0.0 86.95258289880172 29.150028847487746 157.01874595723436 59.92054207207478 91.77341813785048 94.54980269961945
224.00394677050025 118.61708525053442 139.6342209480745 123.48566790598656 144.57725601470017 183.8821182552926 101.45166775492217 161.08168300875369 62.50679469818783 172.77057003512272 52.117964563375125 132.36174785148415 0.0 109.8228479636268 59.603209335393956 79.39580713416389 62.9821686554003 46.28052025069167 83.19328221041833 0.0 116.62720748373745 58.29888797419433 123.8667655744823 78.85104804496626 138.20823926388738 87.82914743898276 224.00394677050025 118.61708525053442
0.0 71.4867952461527 14.031526479948639 0.0 67.43753925747579 56.93423242987035 123.57929068881715 39.329110223604914 112.04641353481675 98.33275404623811 53.75623525010799 105.5294910769453 0.0 71.4867952461527
137.3907798459947 131.9139763366312 72.59323798402303 167.8491982133827 0.0 132.04375152897774 5.619125951514889 54.40156750712417 73.47671151096228 16.13938283051158 124.90277152952508 3.339546520158976 168.9000005526868 0.0 206.47299628365298 22.158706756748693 232.1252415828901 60.82835991049588 237.9282134440163 105.8913384618826 204.28995371790612 137.13143553575338 192.1810575093129 215.12265930500575 137.3907798459947 131.9139763366312
42.00779550908106 88.26950001857837 0.0 72.89048703008012 32.518425814800366 42.384024427099575 50.367243122862135 0.0 96.70790157879338 14.796425403627978 61.02306872372455 63.025837143996156 95.9588483810281 88.20675633369619 63.635866181428696 85.79140705189944 42.00779550908106 88.26950001857837
29.2823822689547 12.249050005489863 64.2848685984371 0.0 79.12556412277601 32.199408151067146 68.17679797213708 78.03153383888659 0.0 64.92642733289375 29.2823822689547 12.249050005489863
8.602239111024204 104.34925049627124 128.25767677384056 63.57244959717883 122.11143006304687 0.0 189.13027235159896 44.4733559381961 213.91440760965338 44.67851178871586 233.38415237551422 55.92653813756465 291.0394355958898 49.17500644868253 368.4909648511841 88.54433387031884 280.63349810901286 131.14193153034054 310.6676565706404 219.23516356464026 246.6145183284801 256.03600204405905 183.99831494588045 202.75216939341362 127.03528625440711 198.77756077819905 0.0 204.94358710717097 8.602239111024204 104.34925049627124
116.60399068507627 109.73488508458574 159.1604748924982 74.08763709507743 190.7501937744206 87.83838679734826 248.82896334944294 127.98281362170196 181.49865943091243 149.09175380107018 148.80178703791756 154.52076379647337 134.6848423641781 202.03788946967137 95.94473815289545 196.74092367155401 57.07288462106007 187.44673114700817 54.10033958530582 143.81852528306598 14.011210662708436 117.50590804883814 0.0 67.60505918039352 80.52704127155539 75.94849896611309 70.98749042662124 0.0 117.30624631116879 45.45447921019314 116.60399068507627 109.73488508458574
1.5277411731354533 41.518561049192954 0.0 18.17229548452042 15.219484935106209 0.0 44.18183890042515 4.731696306011855 48.64685233281597 36.63038304566754 23.51020962801644 45.2133940767621 1.5277411731354533 41.518561049192954
50.73696318051077 277.12312511228953 59.350096052975076 175.7605133625175 0.0 128.2204806527751 70.86639110657535 90.49946669195303 87.42521542126408 0.0 159.92292619582696 42.72099895994634 229.25189478944938 51.114916523284776 360.68465001089004 98.05016783619526 291.69939022854487 211.45308012082273 247.25888330287887 314.75726000656215 132.97428817741005 272.093162972672 50.73696318051077 277.12312511228953
26.06352810631452 37.58351759250199 135.46362432526848 0.0 248.8634409394363 137.5039360675051 91.769275287266 162.31137458663733 0.0 138.21512264777095 26.06352810631452 37.58351759250199
0.0 95.35899849459285 50.36136395129361 21.081068063360703 143.36266744593382 49.593271886651706 181.58826471976 0.0 232.34727532837638 25.984284949865483 252.74244542791672 84.10283233022524 252.54906655317296 152.15293750039703 196.91856517823243 187.28285379041284 135.6849427794731 175.69319322787987 46.97504995710531 173.62765225529043 0.0 95.35899849459285
45.80704878838456 132.0159809787321 0.0 94.67669060491056 43.25153903548836 52.8762698564273 72.01236186901461 43.76496781606558 128.51389443437608 0.0 163.02241918368435 57.11244789553838 127.08497340070763 105.13482206215572 86.7907762428202 110.27596275649894 45.80704878838456 132.0159809787321
245.2923557793706 0.0 191.66192543313917 142.48557961569605 62.43955453968892 123.33585722313829 0.0 19.11467661819637 111.5088663425752 13.174522965060177 245.2923557793706 0.0
129.35754195900978 11.599788224843792 159.6435776982514 68.19169233539787 185.75456661162022 138.81382512686324 109.45374012532609 181.40469115395805 79.51823334353831 108.31501522187698 0.0 70.85928365735754 50.559545736536336 0.0 129.35754195900978 11.599788224843792
0.0 83.8730392732636 44.804994762208395 48.228640992342115 23.71147154817163 34.231702719552054 38.11480389819411 25.432828103170586 40.2808520916162 3.1445570726466627 60.22723030750227 10.454167493253529 68.9665626177088 28.685315637178867 99.17760782720637 0.0 100.36748744991775 24.398536230272406 107.35622532554285 39.48773324958666 110.46542139701455 57.81309948949433 87.18244704738093 63.05740102845456 95.000599817333 100.82896049802451 67.17477086688524 66.38394236490885 57.08577400339098 74.5711650815077 37.462650697786344 82.81834297965742 0.0 83.8730392732636
4.2138336863224595 155.92433418376112 0.0 104.11040517177439 43.40087284982038 73.50146810851116 51.23885014044479 27.924670470676105 93.92398700600867 0.0 121.44016734124753 53.19517925804885 162.0760556582864 60.61826591582367 171.94245291973778 100.92117434199209 121.8893522133113 118.13495992557516 113.37307646216824 133.68420910297766 95.50298097126287 132.99427683696496 71.39633713289584 145.1931222234578 4.2138336863224595 155.92433418376112
19.927976791550634 69.06177614886754 26.466638672413808 48.989810657342446 41.94950706205823 33.88756728171228 58.92105297062673 0.0 84.32706308059242 28.531216886366494 95.31486341138614 49.968960730488845 102.276614291687 64.84861453778093 139.58820058134702 80.12787147411778 91.48471558739155 89.47532049842407 97.37958044416058 110.68847746371449 85.84818407866821 134.71872114819433 64.11355105593005 119.5026334935688 57.146754812316445 99.26290592235314 66.7978061646914 80.78399304666478 0.0 93.3752303667423 19.927976791550634 69.06177614886754
25.934812343710547 18.89348809011291 66.04938859943647 0.0 107.29081431033273 15.221009565546538 177.56999110928007 27.954344371538866 174.7492032683689 94.4330566590327 107.56851068978857 117.31710172489781 82.64007076074785 139.86804808194077 44.58843492840407 152.82955410928545 23.712110311038202 115.58694853143663 6.336140575842563 89.3629820106457 0.0 51.5683125178965 25.934812343710547 18.89348809011291
86.05217690961882 150.71871485013415 0.0 118.3204124064231 15.274283362731552 60.551504320813734 60.45689024997915 20.470769128053803 110.53935676669315 0.0 159.96695379247438 40.04033640232774 195.28148440527747 52.557105382094875 146.89042845843824 129.42406023991333 208.8364880942067 122.75490096331981 294.09265536781373 176.29621706419292 234.73795936739066 209.3178415279616 164.02882189854333 171.6711566007146 146.5163866339372 194.34470702184535 126.0786278897482 175.72785756302926 71.08517770950269 200.09247683251184 86.05217690961882 150.71871485013415
107.59906513266063 102.99044696380497 76.74711982905234 38.391507082213465 111.25338465937637 0.0 152.47941918025737 59.00762991040399 229.64331526318813 3.1936576843894358 138.1622410186051 117.75022095887432 226.01561144847597 119.54985473370678 234.93792457232007 164.3094738250391 220.12180024267903 224.7969845224814 152.2391397631078 193.199154812624 110.41726243240477 229.36872436456724 89.06083699850643 176.51155638563375 0.0 182.34760184513243 71.245026292749 117.46197941484073 107.59906513266063 102.99044696380497
30.242089525814862 73.95295048575966 8.869932245417544 53.502122537950164 0.0 0.0 54.6623626617005 4.5145596941805195 124.13024004282744 30.888299267490943 81.0107975349959 94.58967436131132 30.242089525814862 73.95295048575966
49.726216758971965 0.0 110.64731145450423 7.9148771011519585 153.94446366220157 80.28317079129332 82.60832352596475 144.67109514368505 49.26954035171992 67.75802083845241 0.0 37.84940380614281 49.726216758971965 0.0
132.32028382895254 0.0 191.18431994400518 77.77139653858754 133.08053222059175 120.74340789260417 0.0 73.84262539127373 132.32028382895254 0.0
183.9503273220164 128.44650877150187 219.01781792378233 174.38497533457823 192.7885243902494 213.26146657357233 144.1745925737801 211.22910774290617 114.95558390000927 155.82525040158524 72.00886630770404 200.36352356464346 11.782373179074568 195.1638938967377 4.169103892868549 141.72996148943213 0.0 89.3902332509773 40.12716918122328 58.6446267869332 96.87908915354019 79.50460149750063 114.48607794953354 9.270111089940471 166.48527992293083 0.0 220.32028027721793 20.894721343414687 190.1636686482317 98.13339359779573 183.9503273220164 128.44650877150187
234.87686405939058 0.0 305.4312332265481 167.8922309122322 164.33513872838745 237.9182951755584 0.0 196.86484018082882 56.9928868994198 27.51231130971763 234.87686405939058 0.0
29.685060061522364 227.48069057107992 159.91833678018423 143.32262637203456 0.0 44.48473073042345 131.06864454974198 67.11127851496524 170.34654987209154 14.860792548106986 239.9622346175275 0.0 305.2839303368295 33.49737792267479 386.4974998284538 95.06719651135097 183.6363869643543 143.35457380662208 300.67469008719274 246.45366539616722 236.62304403099353 277.103912712442 171.95505162346194 246.85377887189614 150.58951034531896 193.02085963276832 29.685060061522364 227.48069057107992
17.8402507331039 16.09985551253608 24.51791219274432 0.0 27.406990342696034 16.589506705159266 36.07202019976293 20.274214044687668 28.9105369203335 26.228340938301713 26.526991586614074 32.164052513413736 20.05139198715139 34.48817070388374 16.009198112633015 28.135285213965844 2.0519113953129136 25.466011799242736 0.0 12.138346818262704 17.8402507331039 16.09985551253608
44.65826732219498 61.7574573911113 17.984465286555356 61.225416759447654 0.0 36.55183416696376 9.902983462389521 0.0 44.87561812726546 5.535118508239179 48.38005698736388 29.395506239909352 85.67141655998793 54.48386265785015 44.65826732219498 61.7574573911113
57.65818604343053 185.00360856420446 30.31514940916648 146.2531606319582 0.0 91.52499281831025 46.81807206960747 40.29724076777521 125.43133481186666 0.0 114.36046221096848 107.82987796450284 239.9979615218174 186.86579826911827 131.0567784321434 234.17570108514425 57.65818604343053 185.00360856420446
118.65466905062928 0.0 175.64506193772937 41.43997724137113 200.7755577561904 94.17860794709921 152.1515998506249 125.14680608022061 129.1342592240777 180.05302867259525 54.833843558862725 172.88565890722896 0.0 106.81434653635898 81.14673274570299 63.1842521502148 118.65466905062928 0.0
71.78660222614067 0.0 298.7934481551583 16.004276389313702 182.19489528393547 223.2324524227317 0.0 160.55946015904303 71.78660222614067 0.0
21.009004013299787 9.02324096886396 27.804840645533858 4.161515089964084 36.004281702166395 6.15690555449099 49.981642073242256 0.0 65.51808383496632 6.000310278950593 72.08717541973473 21.239147520051944 66.71119333224473 37.581658260484915 50.9018041550236 43.681604809726025 40.02886645048788 49.70653139616023 29.28324981645602 43.51401310487546 10.827857223224342 53.51798991430741 4.94110675568686 37.62069713058611 0.0 24.696702706434067 3.5753594257726604 9.982907219638918 21.009004013299787 9.02324096886396
35.14616051495565 6.361138894170821 50.95669061055787 0.0 42.482199513409185 20.83611957447782 71.73546915825796 22.64413548770473 55.912666521547266 35.15779344077758 51.98236768334837 45.787202602605106 42.74919988477987 52.30294763041026 31.530798920394915 56.97186932290815 27.25061193240333 35.89582201432894 17.44156030158331 39.64254413693381 0.0 37.57739195066591 11.483824724137605 25.57246177564396 5.410345695566349 13.028714332402757 23.611202805435582 17.87569332250534 28.330518258395557 15.881940556692456 35.14616051495565 6.361138894170821
129.1701219412867 0.0 204.88155407938513 106.80657175085759 117.53344259732572 160.01967063204046 0.0 94.16733069140007 129.1701219412867 0.0
256.1918207791307 122.6179812762428 315.58037961755184 174.77608557406248 237.20250994228033 181.10096714215004 154.1936317693026 231.61119098764485 0.0 145.10417541110803 206.20832630668053 109.04086825277253 263.1030193939906 0.0 256.1918207791307 122.6179812762428
120.78601149367782 95.95151118030655 109.4131393778873 115.89326797249613 88.01949975969242 111.27141043003833 72.00938147927486 100.2404959667489 40.2858585352256 111.02246810118002 38.816104734498644 85.05133594800692 32.1006265254161 64.4260954028683 0.0 30.361493223763304 48.15287291209956 27.035727019446 73.31140548577164 34.567572526299074 85.81044932901172 37.47775063680382 90.72679169960725 53.52860684306785 147.00928674368575 0.0 121.9035193091133 48.2892615582936 163.60620415441733 62.14147825858609 146.4485264076529 86.72888264542753 120.78601149367782 95.95151118030655
119.5298660584553 0.0 111.72056101173092 47.76808308943105 93.27740955352334 70.34293572167584 74.60792299114979 86.02110558377657 52.288055381760756 76.1954340230354 0.0 78.20503824355194 9.04115760094755 31.90425654913333 38.9192978332605 9.463253019577643 71.91475535787036 6.151125211479794 119.5298660584553 0.0
77.6916556377677 0.0 160.68327825382067 55.46222460946722 146.04765459294316 132.47489008670357 88.66910421766036 143.13203281336428 0.0 158.4539057264493 22.2433201831532 72.50386507698488 77.6916556377677 0.0
71.30910158775478 140.9126642178784 26.101122871267847 110.4843907228933 0.0 34.815883205080645 72.14267406860301 0.0 104.07319191440716 76.8509711083347 199.5793834336681 51.436896197266904 161.8869366061532 112.95670769320255 122.44497250770281 148.57780542450234 71.30910158775478 140.9126642178784
94.59574520436017 43.69822597142172 103.6084501162538 72.29118281955235 83.73785144339546 95.88724253416484 58.28342198336253 76.051398497044 17.634721944494828 85.54885685504533 30.432097173156905 46.14225496982387 0.0 14.683354371316796 43.358726327505224 5.315184907532597 63.25073111390138 0.0 79.229948861508 10.852819271488315 97.58097275376421 11.113144852932606 116.90887519952807 26.31638263053948 94.59574520436017 43.69822597142172
147.31968541711888 44.33047345514655 172.8119043723148 115.0221179371056 102.42374014265869 146.75743436164427 60.41736583277343 97.13002749796587 11.456159884596062 80.21068278092253 0.0 14.308246012505599 63.98802797195357 0.0 84.16931622191441 55.920761734157516 147.31968541711888 44.33047345514655
0.0 53.36635434071614 56.725197807827826 22.236719663539525 111.55180601813409 0.0 186.0934943161085 67.51184635910302 122.5961699005505 167.07779822759045 10.08566353830571 153.98134324989036 0.0 53.36635434071614
0.0 89.28847656300448 37.28412410364792 14.768988261160729 91.00841378208034 0.0 124.30435362918575 48.367230455581065 88.05424114307318 97.70384553252231 0.0 89.28847656300448
124.69637646108394 41.40644042899598 141.22359587441318 0.0 173.5323848257715 7.995580747803018 169.29767069328506 60.54173522067259 220.85456439772315 50.052933263033296 260.8277576825536 81.9601712772677 220.78961024449222 113.44100972732781 222.6617813513575 156.23665844810336 156.19649665845964 110.62259438585149 147.946325234817 153.32671700567136 119.06838699929321 159.35021441309166 104.37078750423186 133.02446904313464 68.40553311020577 122.82638134828949 112.91748508649081 88.70656524416295 0.0 33.95975669379219 112.20040366286486 57.47052227842184 124.69637646108394 41.40644042899598
0.0 85.15429969967063 14.061587884296301 41.65242313178002 64.40886167950268 34.59523960837678 87.89041677029772 11.336022504160766 123.62673292179831 0.0 160.22747554598024 12.370304758444064 167.48763589686266 50.59457276739496 149.74269746705855 82.40766020375519 172.73711785602353 105.5426484404222 167.1910727765645 134.48129162864848 150.18150321139555 166.64955144367144 112.55149919939247 164.403491500793 81.9814682661794 157.304760772598 72.26331207684532 124.87719688231438 21.315696478693184 123.86135579181045 0.0 85.15429969967063
82.61279938831146 30.674801743921883 112.79080319649728 51.185293697624225 72.1030123370335 58.27624756501279 54.31093812292789 49.981965256081786 50.897253670349734 79.88910211483568 33.336118005754734 75.49379241557094 38.4375107996757 50.68783880232143 23.029498407186544 45.71430808236581 0.0 21.878438108955187 29.713509487753917 18.20590040543828 40.879222633363774 0.0 59.6126265226229 5.095845128081052 59.03487878741321 33.030343505291434 82.61279938831146 30.674801743921883
199.29518060296266 14.758736149821615 214.35103289818082 213.06624195863412 10.186876932476139 208.65491013347088 0.0 0.0 199.29518060296266 14.758736149821615
179.71704063262368 102.02756658224564 205.80331877199703 143.89307312652443 142.60300088865085 122.05098041943451 137.8584031888817 193.5113620655296 104.18535615266974 164.5576282461305 97.89214726080127 128.1960382380672 0.0 134.78486216522165 100.67878688317991 93.23371964654119 96.94590943210189 70.8833631702104 94.35172931314439 0.0 130.98010809524 87.36355117501901 167.69357734846088 48.57342604493424 153.4326270345647 87.64725289326321 179.71704063262368 102.02756658224564
80.92897750416336 46.99665540882556 49.3609292764427 68.14040135045137 16.04898279792986 55.68334670339806 0.0 16.48394563476981 38.64005738163443 0.0 68.13646485450869 13.870473594935461 80.92897750416336 46.99665540882556
13.564261294668597 86.58876907674096 60.11881535971344 55.465642110778006 119.26461332231673 0.0 145.59193374461051 103.80901859607057 150.65651430758444 143.09379843738452 310.0610657385992 147.71482825497887 199.67241711829178 207.12174074832532 173.50360062782403 243.38252972585408 147.61985400275378 291.7693630273752 92.95359971890917 303.76589339628424 32.88719550010947 293.61717223726487 7.356805691559714 239.70734520640454 0.0 189.6544194356717 43.40009982935567 154.62690221973298 13.564261294668597 86.58876907674096
42.131131418254135 159.33703799065012 60.52429106862388 112.73294022966529 0.0 103.49048214167149 15.373500604713442 71.85043140656246 36.789312641170675 47.22658736911972 61.87217683292589 30.858124144163057 89.71275274302101 0.0 121.29020337227804 28.438757589666693 170.21192270650698 25.595886465446213 127.29759989328691 84.15883738523104 180.93337586148584 105.46976181315077 187.87133609594503 153.21843111710405 152.66309625697846 185.3689406105703 104.40408467261237 173.36507286423432 68.66965012170571 184.757098615107 42.131131418254135 159.33703799065012
93.18970470347966 0.0 298.47538451679094 67.22982426741261 261.60240567579365 257.8243701321947 130.92377364916564 232.54547558342384 0.0 179.15853953872215 93.18970470347966 0.0
108.53313604375114 0.0 148.2974306701269 0.7468219781303205 151.83120611397277 39.38010832614792 173.13281115965054 73.83226231745962 104.61312376268445 76.49867510029212 137.8676712198712 156.11208728725498 87.87990948328775 112.46744713357012 47.54125532595046 155.41405628258704 59.72453415376209 83.73488600231639 61.083505060722274 68.70237886267662 0.0 48.74340367772125 26.004608681917176 21.872749601318745 61.345067326478244 24.02778638575836 79.74654087510378 0.6203709061040712 108.53313604375114 0.0
2.8653703980263856 33.87123175329381 67.0087892499524 8.904367277210312 125.49298821561389 46.88433460800639 153.24522936370855 0.0 195.9697913385398 8.738248135663156 250.84669265895616 35.14819579697895 235.39447187927746 91.66323886209497 135.17840266261672 83.77412383151278 190.56137957901632 178.02066732911524 138.76345671326322 201.14519746607067 102.89993441669967 150.11135128316363 55.340969564321966 141.13465254164015 0.0 102.62822703323324 2.8653703980263856 33.87123175329381
78.57949863491672 145.40587514818097 48.72478714468993 136.0067641501551 59.321738027748225 88.48580993851502 35.985326567090496 88.29822080788492 0.0 64.9432731921345 39.100518043663 56.10640576678912 58.02689247707882 54.71234870480892 69.41745031996358 71.62593284052048 118.72764970610241 0.0 83.15071241905652 71.4884878335464 119.21069802156755 77.00546149393556 149.40893527082966 117.39602654909606 115.06554411268279 141.6210440782435 78.57949863491672 145.40587514818097
28.46403109385787 66.04663147510502 0.0 30.820957182614293 29.331382325339213 0.0 70.87804917604647 32.37556583203575 88.03674413564063 27.84649102412925 140.60559806098235 19.63179154477575 141.45427007899974 60.78974874251824 107.72595244132519 81.25655063429113 97.2459388493571 121.5359477235674 58.74946571955542 118.89697305787254 21.496494740558276 105.04640425612578 28.46403109385787 66.04663147510502
60.744695962622075 146.08114298283238 0.0 139.5654316359218 0.9551019536747987 74.7415716237367 38.0011017969797 0.0 146.26808113076981 0.8720757942654984 205.86188254176028 101.74199101310852 151.27179966919982 205.45525692727847 60.744695962622075 146.08114298283238
163.83777883205192 0.0 203.3654145950091 30.833059832528093 215.63888893275234 70.52303396065143 303.82962380265315 80.24403692809054 252.05509356107768 133.5508682132337 255.48594060005124 198.86680072221472 182.619950467623 156.9447998271422 146.70138795849556 218.7656069025397 105.75473088275038 185.31383822719954 0.0 183.75849313401167 73.25660304059693 99.90278389549786 100.30701355589468 64.14397188214781 126.85757007241693 34.46939553740789 163.83777883205192 0.0
