100
17.018996957214483 86.9989398674493 0.0 35.776307219327485 39.72180955253543 6.62400015056852 92.35287904107669 50.13033603693716 126.04934634580393 0.0 154.9588606816801 30.56671066000017 99.82121135539342 94.67128845554535 256.8717790297925 99.39201145633764 204.54376314325626 150.3898325590109 148.64746591629432 159.13416944238608 106.32689216787391 131.6199700665388 76.77586746507349 173.01606345028307 56.66350779493851 142.63058092607972 81.2612353982738 102.04394117987754 17.018996957214483 86.9989398674493
185.42844303592088 240.64668531068935 57.76664489896706 258.5965397288046 0.0 142.3696440521124 72.2930501302254 56.48309277232012 144.08905252342652 0.0 214.25462532341066 62.52131506520395 289.4587076673099 165.27884067496393 185.42844303592088 240.64668531068935
206.27020151842268 299.03924514990706 130.36679687068937 253.43617063247078 67.86634467187207 255.59777942292808 42.107567415524244 196.62353578255866 60.121556761962125 140.4829613608315 0.0 77.30112149740876 112.82887926303003 95.01509801063266 120.70591595550567 51.130514657601836 163.9872427806785 0.0 189.04290341662693 62.69783324031907 258.48767084559006 58.88409928918706 311.45884497003277 111.15599093595387 313.9685726771152 191.9049416979895 217.6555613792462 202.83676975026376 206.27020151842268 299.03924514990706
34.55853676872948 0.0 117.22211856490631 32.56315384644934 177.72360980029572 35.890963137784695 112.58091077567258 93.7519584014262 167.03962001329148 160.23425110829555 103.58084357590454 158.11623818806612 22.451317571736013 162.34475277428794 0.0 79.38006345444238 34.55853676872948 0.0
168.21339039030218 154.22832548151217 117.32411308431253 132.15473095878133 95.0359587509297 138.72792813314118 65.15890845658163 142.19218248825825 32.68282874374381 127.60489789538742 27.98559254685574 91.8433395235216 0.0 45.79304096782382 47.943544990056324 29.42895690017506 71.38706555614539 0.0 107.23901625739667 32.65450040303459 153.00515003198942 6.141211314142268 165.7469053575069 46.40941119733938 169.50476925614066 78.5445122298872 170.6635598213865 111.43770225423634 168.21339039030218 154.22832548151217
27.53581493901531 179.38428629071518 20.76784506176449 117.60431452379498 0.0 95.57923616603465 21.84849103267007 71.691187357857 1.1471949248795568 6.785327666519919 53.86933331324815 33.167904760543735 107.27611088981334 0.0 127.15204995333796 51.382844695096395 187.16185767605134 104.11184260789858 67.16715677831644 96.28472587741862 71.9581915701855 149.1186143789639 27.53581493901531 179.38428629071518
334.7179310368339 136.6887287741338 234.62722509795594 238.67905373823803 127.52521281421359 247.56506311216324 32.93966910687723 269.2131948436818 1.1168708866296981 181.43893308203323 0.0 107.93882552858258 13.281953173015438 0.0 114.41514765220727 60.6663721981832 203.3214966679531 51.164867157072806 334.7179310368339 136.6887287741338
19.01778369229899 35.06793027663302 3.000640445611367 25.215166007225932 0.0 0.0 28.07870766124951 13.534275399050486 39.31092171548194 9.278845842643037 60.71793721383443 11.431186793736146 62.06574860940424 30.614372717368795 54.98316086826881 49.17098595446302 35.51877448226932 47.974457892770175 29.14970194561404 32.839979702787815 19.01778369229899 35.06793027663302
96.46507311021024 44.98935927593922 61.88110205565151 69.13944589961905 12.07965553170557 89.3882700020202 0.0 37.691582504109974 24.01548004147365 12.172108165916342 46.93605202608424 0.0 76.86235365938064 5.624272188241633 96.46507311021024 44.98935927593922
129.85501985220725 0.0 116.86854068649285 52.799747717518855 143.000074604158 67.82277712955592 164.77423214398496 110.16723048461894 116.12178568740696 111.32662930341085 90.36694339060878 95.90442217262905 48.83667169134775 140.96390443006516 57.9235493822098 86.25993743266648 0.0 67.97682444460675 28.529301696220926 31.710436376966925 68.27638542673644 27.699268082806817 90.5101020230109 28.670153948933645 129.85501985220725 0.0
16.872514426583848 63.85676651517684 0.0 0.0 63.64386733890042 29.24385737796758 109.24903980863974 30.901676418402793 131.04127573997226 108.34497627954948 52.15735167197242 110.14268178779295 16.872514426583848 63.85676651517684
124.0074958836708 0.0 209.53877076038214 82.94071564461575 123.03268928898062 170.5157662249698 0.0 86.51221964926708 124.0074958836708 0.0
88.34825847730818 158.4009166461738 18.005799619709336 213.03211567218978 0.0 154.17296491317592 5.1749011202816035 105.41102189938991 32.39775825110166 72.85490478369263 56.34054939336222 49.130323891299895 92.06344971211496 61.83375872618247 126.67215698981724 41.14226259486003 232.29342345310658 0.0 256.1183983298355 78.96438730146978 191.6780540283596 137.44813492914597 147.93168331614712 159.66720852473918 125.16752165229377 193.35097275927404 88.34825847730818 158.4009166461738
159.98489377474334 268.36894684318395 79.57192770139396 234.49895401074355 96.0331679794133 145.31509744001022 80.17331839907155 123.50655329538496 0.0 16.48159332776082 94.57124100641954 0.0 159.73907042075882 49.40876080571958 289.5321332904014 25.217147450104605 158.39117754298428 130.59326207685 230.10571284115252 214.89924643344006 159.98489377474334 268.36894684318395
255.59727663735742 132.7439584816558 222.6794389724231 222.13783905784186 131.0711583523379 230.83999506374678 39.692523270638816 221.244547902541 0.0 140.80608364018647 22.340490891702814 57.05675168526738 109.21929883750444 63.4373027795709 168.01480622794392 0.0 227.91004418390168 50.15844308583196 255.59727663735742 132.7439584816558
36.89135594240358 26.936736795885267 62.98100196267437 8.4578337406897 95.46210380687158 0.0 103.66750273147407 45.094361068969675 124.27910821115705 48.02080483101538 127.2786759573201 67.9369310118455 138.26099111182825 99.62562433855804 91.51718272679422 66.69456774841105 89.0493012998677 82.00266549772387 70.24555745226368 93.06097618696019 45.012360968337774 86.37940662095329 0.0 55.95315545824491 36.89135594240358 26.936736795885267
0.0 66.59303883271241 67.53059775485679 0.0 207.63426787458556 127.6856182458058 31.726362535884114 138.9610687571672 0.0 66.59303883271241
68.45545754098897 72.00306752745492 53.045186662572235 83.72522012384624 42.90948710467248 62.14678995415895 26.341613918161343 69.83394796802224 0.0 46.43605973570587 12.223000691829156 0.0 44.66423982316242 57.39319072291694 96.16468543137893 39.84640699292221 68.45545754098897 72.00306752745492
0.0 4.182311391748286 79.02765132908492 0.0 68.46927090294143 47.43211154768923 78.0597924894161 70.47661336308458 36.7697770251538 75.7928416474972 0.0 4.182311391748286
44.91158183765006 50.52522959543552 28.343166713126863 37.457406604768735 28.1881706378814 19.5711547391693 38.7849278553598 3.093200296342914 58.09630689422157 3.0911391885676025 79.93283570168815 0.0 66.38325134281942 43.95498012088949 106.42913441918623 31.3475895133229 125.2232265574269 51.29064526749015 105.52447396985288 69.30852171231172 91.29543567553733 82.16228355605053 76.99159306129192 93.204559128388 59.56679629627416 92.84091731732333 37.15327894138467 102.44098604334577 12.094119406642278 96.13952947167893 0.0 73.56509043298881 44.91158183765006 50.52522959543552
282.2210692662504 76.45117301248496 230.04719908383697 147.65794114050652 168.67884687117348 162.3528385812105 140.7439984557641 167.71934328619386 100.61520729277326 248.6182873807689 38.77106712476177 229.03306115316974 0.0 168.13917566513084 50.35964068683842 110.83218549707045 24.966601696224217 36.96763837508445 114.35944743336296 88.73441634431151 152.09517331401997 0.0 209.40955673653775 31.831263954646516 282.2210692662504 76.45117301248496
58.836650479185664 49.074779321217335 53.78310249038286 64.4554946788033 18.66354192756353 87.38365291991612 12.882406727548783 50.69464265488493 0.0 14.477209918535522 40.14063514041494 11.243096421567316 53.560954436059404 42.42186136257361 122.67806258517061 0.0 89.12392369466838 47.47809669734029 58.836650479185664 49.074779321217335
316.03675851382036 74.95226138423101 202.553650892877 131.33642120469165 145.07943469602486 211.77179541745335 82.57626137762176 129.66691923014153 41.07324440596993 83.3709018023022 0.0 0.0 104.95801471008309 5.31588541033328 140.920054064338 14.553983916212161 140.95878554288504 50.8309608793864 316.03675851382036 74.95226138423101
151.46490346681006 22.90978492425598 77.87344295690326 104.11266848889323 0.0 54.91241578876245 53.349685972170505 0.0 151.46490346681006 22.90978492425598
21.46669819828297 11.847598824981716 39.892642839276036 0.0 51.83111503130591 18.49989927014923 76.69428325914691 36.17520134760029 42.950778319231375 47.06104377643523 37.46703837983641 73.92322295717473 18.303391108786982 58.94075436095817 0.2081892052837162 53.04757907222424 0.0 33.76331722319722 20.478999473900245 28.996738091208385 21.46669819828297 11.847598824981716
122.76806388979529 60.13637454535893 90.20151600096503 66.2927207034812 68.42622803965895 75.91993030491912 13.575748419729479 95.74295387643832 0.0 44.75456036944932 44.88046387928131 17.389699182867332 59.86035982008089 0.0 81.14372943578482 5.86915347891744 81.47283516206032 29.315001512091115 155.71950627756763 25.423826126067596 122.76806388979529 60.13637454535893
57.59398933679836 0.0 79.80664654945635 15.026771400155823 117.35370082436238 9.848017138697372 139.31224470764545 43.547120725943586 124.94255693688677 78.28419605490797 102.05785464757702 112.10423688454745 63.055257944508654 95.06229102813677 30.450889384945043 95.37672786721419 0.0 70.69776890787969 7.891972689368828 34.27175750440179 45.55417850851845 26.100922274447157 57.59398933679836 0.0
212.34039292374766 174.01786683661143 174.7701633494579 184.99541312781784 142.83927405094389 240.26376937357372 74.48365587230225 253.17532470452787 49.43924243151565 187.93396965815705 69.24428433264967 132.34361760337475 0.0 65.55279581035958 93.7953605429714 62.00792177885103 121.65130110696762 0.0 157.41085137605558 88.34768378025035 248.08854563013693 20.057755189908306 293.5894749861601 73.47631197349162 329.7580586890599 153.21292177733213 212.34039292374766 174.01786683661143
111.5229638244148 0.0 146.28168463974004 26.954192420283576 188.9264180944544 30.32701998894092 166.2138056901721 82.51766384520236 238.59456665460348 113.65272702672804 170.44052383323108 132.83228332504058 174.82047481695457 193.8028168356267 127.64481222122244 183.71972310388512 72.56858336041887 222.15553750379814 62.19814400566085 153.27518016066324 0.0 134.42707265879736 107.68072396863073 96.83412728180514 46.6525335358576 51.18178106319815 103.8489289562041 71.20816768193657 111.5229638244148 0.0
137.00767560748116 202.21230730574013 0.0 141.857401805059 12.399906978964722 6.620468726789312 119.90456925179532 0.0 226.3899758871115 73.46136777281127 137.00767560748116 202.21230730574013
92.31406805510642 0.0 173.37119692102283 10.6078396392124 282.94896740967505 4.862267626346068 259.8780733891558 104.97473818478967 228.55392318976055 180.54625719469823 144.04297022221016 222.25964367615734 7.4628013856118685 206.05361664187205 0.0 67.50789525577372 92.31406805510642 0.0
238.24994937245913 174.95162502662225 0.0 167.21399545245566 106.11901113332054 0.0 199.0757930290166 8.445519209832163 238.24994937245913 174.95162502662225
0.0 4.0965308368715085 69.9407284684234 0.0 104.9901670973432 11.665423147584121 102.10885277709436 61.66791484023989 26.131343852024855 99.72864572199339 0.0 4.0965308368715085
187.08135124593537 93.66593431594822 184.94586257337528 122.1696035146257 241.53975206565366 191.77515244513714 182.04718922386496 204.41046681783175 141.44220972530425 227.36089613577383 98.3216203788103 198.4219402914579 72.37754209602494 172.4009029895487 0.0 172.2784036632403 23.638829832365985 113.91356285840378 36.8325001904669 76.44781871561072 70.83282510396012 59.19667239453738 88.96778939806163 19.220688332764155 128.4521493200983 0.0 170.62286721469587 17.759966371762232 233.54005103950158 22.316714148198443 187.08135124593537 93.66593431594822
45.861939264118064 12.978456276154589 141.79170863866892 14.322112409987596 253.7462369593838 0.0 214.9446447685507 119.15985068627069 281.74439302001224 224.5391226602448 157.08872974944913 196.70138431816656 92.65631796666571 236.8495933221651 19.15232721704905 187.16526995662383 0.0 96.35770279202414 45.861939264118064 12.978456276154589
9.255261156674237 57.039478255618945 0.0 41.28078592518429 17.1269340097094 29.277571845795293 35.34170470176119 31.81968099654418 34.04042288808827 0.7998996263419684 53.86568603183758 0.0 68.04430207828443 12.373347189123805 52.43330236554007 37.438050357180884 68.55346636644191 41.65180852308353 75.46251520678058 57.59190319886062 64.87833314561391 69.04709721298916 49.99676635501345 70.88629723051933 36.68410203365397 73.07098069519994 19.18642691163511 71.39301545700035 9.255261156674237 57.039478255618945
140.9912997698361 96.36528852325918 119.03748642294173 139.70065074808167 64.45088378143859 137.2113053591489 0.0 100.91788806261472 27.896630550262273 23.623823008065216 96.72266679002168 0.0 125.09404961105402 59.96468105533023 140.9912997698361 96.36528852325918
39.90788371554633 20.61708576616499 30.35114737103386 28.08020262706262 63.209620442842606 37.637843323808625 54.36012407605239 49.039320891736594 45.22557213029518 60.65305816257951 28.845032307940045 43.07171842600029 17.236673377400166 59.09343960737111 0.0 57.607027203414944 9.72366960043614 36.160865088977175 15.756335491207963 28.02315014577232 11.132716928359542 19.828685683623846 12.900428190151501 9.395750993373625 20.308061592864007 0.0 30.626103672283264 13.304866548626705 42.12158060423188 7.178615729501772 39.90788371554633 20.61708576616499
0.0 116.53458898385195 93.12695487587985 87.20561394150248 97.68875415283617 48.509852848118584 121.18437561146578 0.0 168.6885216533536 38.273770201115056 207.63920552126584 39.23150632879624 246.60825698943404 56.34989391450015 216.20108618158122 108.15875136679298 193.56512833908135 126.84454907266658 238.1968707228025 179.59960645572562 191.2554371402939 176.07111290384455 165.95981637810405 198.96337493816407 132.8416632330953 194.80636801428818 51.352301954258664 232.0472027710108 61.83929610139411 159.0047392560087 0.0 116.53458898385195
128.0732789300121 17.071232473608504 176.364616382157 10.690384949408532 253.9533110712693 0.0 329.52810429655585 77.19519239995302 244.44380728855 146.33666892672937 168.82909214337855 148.74947304081928 59.149839733332314 173.19989076794826 0.0 59.984396790337485 128.0732789300121 17.071232473608504
84.06826206696299 0.0 119.88762745748909 30.78626936090214 143.56059663759433 61.27512366600067 124.77752561752433 96.01279984930319 94.28937437705748 142.3163326866756 52.12382021313612 110.87567012930579 0.0 73.17912874309577 52.48158861493767 35.19113962349047 84.06826206696299 0.0
170.4437525170871 44.39138738671841 90.59600614408163 159.33883112059965 0.0 57.79849749706989 89.30819496809517 0.0 170.4437525170871 44.39138738671841
104.73674185864306 33.1066434906751 106.64826905808364 79.1853426406488 62.04920850089623 90.56569597423606 36.98840307255995 90.01342971205747 0.0 91.40525250872324 8.537972438189911 55.971736867996384 1.0817051187371476 20.53706665251903 31.89203608648019 0.0 46.84046556040802 48.28777746643824 104.73674185864306 33.1066434906751
43.30341049367085 0.0 77.90957933437763 35.486665390315984 97.52739487302398 61.54265739580279 105.06819413610268 96.42414564812152 65.21704634821047 101.34431031665449 51.769980562017864 74.1277188923061 10.805562950398269 104.01659634065098 52.090049050213054 72.95068175463629 0.0 26.987881895140937 43.30341049367085 0.0
0.0 124.78478617788527 27.505197302469014 52.43941176097624 37.55132455721309 0.0 67.50172392603949 44.46474084949847 134.3248140950532 68.94702374899364 68.71084598085528 86.48705960192457 0.0 124.78478617788527
89.43859620875733 0.0 110.76389618645698 57.711451992808506 161.80487014377232 43.926552322646984 162.83257441371697 83.15336356501899 194.09763309061336 167.4142031048436 114.15388567418572 144.64628691673383 42.1131678178725 185.69318631631953 0.0 124.33787858498735 37.18759515091425 62.75872288881135 66.69739532331808 37.7228919166418 89.43859620875733 0.0
54.32627057978602 168.74170893062418 0.0 120.55641880059375 42.58364901535887 58.06921021149134 61.18616056750421 0.0 115.26823435794566 32.286302514254416 189.5203539670984 11.606776280594005 162.43045734413397 83.57528178256057 169.30444156741964 139.33844381236946 119.74116444341493 156.8645163877072 54.32627057978602 168.74170893062418
146.07573580105682 48.15892370459594 141.7446341460419 77.66460220293223 124.15973655578568 106.94231946579379 86.91689511225043 120.49951044137046 64.15602132856625 86.17004554770085 0.0 64.08026370784788 58.56882330131842 30.68245288951811 75.69067395389337 0.0 109.73432971431535 2.64146809270062 147.62795125950248 7.651820934560021 146.07573580105682 48.15892370459594
34.19486515424229 46.95017017096445 0.0 44.862243440700716 32.72818903383648 39.23554287702991 32.15474802257611 33.52500220730949 20.783274854281736 0.0 39.701199742109814 7.855596853933569 50.4991414364574 18.36322734787914 52.03504815459889 31.959671512894964 81.14455565618775 22.883574679090167 91.7793159280796 37.846658123061 60.2421433580351 48.31745182342785 63.71985279822106 61.08859100606144 49.65298659958848 57.04706128710884 43.614360009961366 55.57982810079104 38.188079980116804 56.671083393064755 19.3990373288079 69.01162169519412 34.19486515424229 46.95017017096445
71.68944096448185 176.20368400093324 0.0 173.93603291597216 16.991107925999756 106.48473723421921 54.152277235460346 74.4928865490424 61.64309736664724 0.0 127.63261111326507 8.18838988547843 162.32499215079133 53.45849013076643 204.02594481033003 87.96723115161494 158.53514363366293 131.63254386089295 132.37196063355674 150.4193986845509 111.01382648079255 182.61238197017312 71.68944096448185 176.20368400093324
162.62089927225568 101.43512163052337 144.04537648907146 133.61205115874276 106.73411740733171 157.19996368141534 68.12723250169986 135.2503991606664 29.30414996090576 114.32512497824506 0.0 72.62669688988922 10.911197860303417 18.957070485453798 96.69881180923844 57.34619366643777 99.82301742211288 0.0 121.2741698189356 33.434764366695205 161.3222274144436 32.168643437643226 157.7802315949219 66.9143187557041 162.62089927225568 101.43512163052337
224.98293841638903 0.0 247.8215040174982 134.92756499240636 162.642297168415 202.4172875020289 0.0 243.54015048812454 70.253343318233 89.03769149704414 104.4350468535746 17.374375249577426 224.98293841638903 0.0
197.1688284444073 232.65570288251064 111.15760614801789 151.45805632739678 71.31707040301268 130.29829768576812 0.0 96.82006110709652 32.263217883736786 27.08603278207294 108.23486256905777 41.81898730605984 143.43444539727363 0.0 172.40943186720637 40.786009352243 251.19843560609837 69.27750593640724 205.0729117455317 126.90447032465039 197.1688284444073 232.65570288251064
139.97581716776827 30.432860700883538 194.63560231053495 46.84190049570979 241.5652612852439 114.01625612549631 236.14315591003447 234.2553894128498 117.04980435526062 205.63433691503383 113.92834750947772 94.4910276174959 0.0 108.65308008544174 97.74666767031694 76.72033269925555 85.03645557365383 0.0 139.97581716776827 30.432860700883538
220.52103705374077 133.18142270635371 185.91758283059238 159.44875581012468 156.78917288992474 181.5817250933378 119.50924358276993 186.27636352736516 85.72667781325524 177.18989941520095 76.07586245342853 139.3202948631797 89.34490612446498 109.01773072851425 17.97046127589391 103.57488919873477 43.53768344111381 74.72185033608729 0.0 1.6839511036472175 64.42239276397999 0.0 107.85874724778618 28.01335712162998 132.51123312909527 36.24914020498805 171.04214628183442 27.80132116388438 190.72072467397095 58.68966096304386 205.67661550898885 90.82522507354513 220.52103705374077 133.18142270635371
61.998474267394506 223.75584907725596 0.0 196.0771058538778 43.978773104422174 128.07675457173477 56.06980368011605 95.31739382430527 82.32161891530095 78.60869097239272 110.31054455469923 0.0 164.21867801668543 30.195710347424267 226.19182792573395 57.16978764417178 220.16897186407104 122.61319541132852 192.53882773844498 171.40626307096005 163.5189703462724 211.80339846300367 115.21509566557309 204.37652300950094 61.998474267394506 223.75584907725596
55.90571462159508 0.0 56.7344086464409 48.221109054617685 13.779669215629852 53.87805785137209 0.0 4.844842562247777 55.90571462159508 0.0
208.16060197294726 112.40820586250054 88.83662000555759 164.24777870413388 22.603633445505068 131.14428695113838 0.0 37.45458849632337 116.94375174135789 0.0 208.16060197294726 112.40820586250054
125.82315427342358 117.51321210234833 96.18846794909972 141.24862817158436 57.02996667311486 121.88647756000763 0.0 69.15220863463516 48.90380696039567 10.985740348447607 113.07473413406241 0.0 156.5037196252062 34.307411515599526 205.99153489822663 69.50320803891339 196.5818603616582 131.82248506017532 125.82315427342358 117.51321210234833
0.0 120.53626334736688 5.798022722522688 75.70957759506749 18.466150978867518 51.97755048626623 41.32780396917644 44.81902439380273 29.444020848284595 17.10031552444324 45.517198605484765 0.0 70.28968280447049 0.17375985186529874 88.40488864634511 14.091532799134214 98.02336186758228 34.08924456595931 110.09862179392991 55.05278085030836 125.91752074813404 89.14108397959666 68.4760346810528 67.30433228014485 64.10431247704135 87.94163085058824 49.68766857928097 79.41689076918703 0.0 120.53626334736688
76.88981513175864 27.729803342783327 143.65405723277487 25.2580351647088 104.521537126716 60.762759061100894 83.95725437949318 74.39814233678065 69.31119990201049 120.77993503403418 45.617612346173395 76.03808473916457 15.802825526297696 73.42443222946916 0.0 43.96378786956987 19.068679468567304 18.04927157643398 40.140714905536846 0.0 61.83079366981544 33.94152642268399 76.88981513175864 27.729803342783327
113.56113397014748 228.28421781316476 95.46850144369309 160.14742442827412 0.0 199.296448095913 5.960491529434449 133.66503669585077 32.695620633831794 89.51462266533369 30.765884523940713 0.0 110.19638860281464 41.55605026734662 168.364206963167 30.91342417522354 152.5780437873469 106.00371982039641 292.95141163430355 126.94046735359191 131.50313498561113 142.58844885397343 183.31492465228555 248.9590927443157 113.56113397014748 228.28421781316476
119.22232440176617 67.78311888566212 75.6774097722894 0.06891018490485123 118.63204001261923 0.0 151.03327131057273 23.53644399632008 185.15451640697916 4.6343248598586655 177.70016217907414 55.12867489275213 248.87067649171232 44.21213440654596 268.7506005190693 88.42727786849082 205.61947539809483 109.18366676020223 236.40625263979467 181.36984539132897 156.49651310217342 107.81466942236267 140.11869864271756 166.40146074610527 99.95104710310042 176.11537443865905 88.23938889353772 133.7808615005082 37.110947637757945 116.66147688333636 0.0 70.5187368130487 119.22232440176617 67.78311888566212
61.23689700821956 65.1302201987025 50.001672848894415 0.0 75.74665535586881 2.708293194774683 93.88963373907322 20.565454947207634 127.73774195996212 22.9770560446416 125.13573349379185 55.1041247469816 141.71561449176886 85.68656824017852 106.04520103154681 97.37541712911609 100.4351470198215 128.2278760562353 69.37355320494669 110.97809851162786 45.11370189863139 135.95544559096612 19.581587411889757 121.9721044608812 3.3218017756946097 101.74071845322443 0.0 75.61827349913688 31.365996512898988 58.52376616850182 19.938872552239502 35.605704850553806 61.23689700821956 65.1302201987025
292.6209779426532 52.910935393402525 188.45846950522474 129.22117588213968 259.2903360745703 210.39328438515335 155.3741604120936 153.8768791328358 134.53582771004235 214.09238844957142 69.19431182578819 226.6995762860174 77.34932195562945 155.27335582870253 0.0 112.4403294512293 9.638735490128113 30.93947165794583 129.9947322264204 98.28041099136172 156.0442566237777 0.0 199.48040656674317 43.5579298342637 292.6209779426532 52.910935393402525
73.90730950120889 0.0 98.6358977052898 30.361465666840985 155.3493716055567 51.29912917554309 112.85948413658545 91.74887554431083 78.12738016069518 93.4043439913211 49.4950766950555 155.2026297078965 0.0 130.42016944164757 27.264445796673115 71.08842602030809 12.112370019553573 39.649129088183116 46.17999386001215 30.487453855957426 73.90730950120889 0.0
130.16139556015898 133.1328522944988 90.61300520888808 135.4812110783302 62.729631951747834 124.25274399140264 62.788345585992715 92.89487534927741 0.0 62.83263511939646 72.98432053313503 67.59561292792138 81.91749212888976 23.877558870012123 139.737377600534 0.0 133.0202400185213 65.60689335628132 108.94366653650508 88.55787461725967 130.16139556015898 133.1328522944988
55.65758300474616 20.98837209043512 86.70474074491422 0.0 147.4322769401251 0.9210932807879644 98.3477278812527 58.89767352127426 122.53008793662949 99.819239348791 91.58227889474715 147.19118797440026 50.46623368451556 105.97710967066564 0.0 88.29668082099161 71.84565870715123 57.53312342418086 55.65758300474616 20.98837209043512
70.85675070122299 83.81198472311576 17.96569773285482 33.652442458145295 81.27213391595782 40.22264999610405 106.93614934341156 39.236093552973564 153.87264669380406 0.0 147.98685216317477 59.846525343574 201.62568966882867 85.22387420294348 139.80410978323775 104.93568791401145 136.32337034860018 138.9792003918411 104.46741054789942 129.19405390843949 78.85912287218713 126.86090589449685 0.0 142.7474551851088 70.85675070122299 83.81198472311576
68.23148709906428 52.54790605055762 63.4955834497099 26.76939158467537 78.55212376524486 0.0 103.53356602110341 2.8936467819521994 108.47238508821351 28.865267880321888 121.21483922227785 44.09740908579695 114.76912824432256 62.57667354482131 97.94794057179253 72.08050359619776 76.621943741931 63.076563750131406 77.55004771181282 75.18376288883371 65.46131468177886 118.71309852402615 61.39115519330646 77.75783997629532 27.73458686616391 94.31215025939659 0.0 80.29661001575485 45.04723385157966 55.37082573240908 31.133823051343825 36.20119631705413 68.23148709906428 52.54790605055762
111.92960033505746 61.66411903154686 95.8383052410599 84.29055345435813 104.37408901543286 116.77343386828295 69.3996095608053 106.82918553500073 46.30655119978803 128.6372198596654 50.73334422900561 85.28190050544748 2.990024558719554 90.2188628310215 0.0 57.42034537872985 26.872043350409925 42.10358820247217 48.80118730146424 30.39414178028366 65.90569838051861 53.359068568280435 135.96031044590336 0.0 111.92960033505746 61.66411903154686
39.43960612833618 27.874050097106988 62.476729881922566 19.618843951349902 58.304239644652895 35.55199454290474 64.5048228966986 53.562188250449296 46.46067119183388 57.53812648635976 31.739346171912146 61.58482605816738 11.163122727185197 63.18194240349848 24.594760363818096 38.007817181616005 0.0 24.54977991220376 20.47537059369384 17.062746406295872 31.669985477089284 0.0 39.43960612833618 27.874050097106988
0.0 7.4511859313815165 50.898144197087134 0.0 73.4201149259518 21.348175195404338 71.45840293564503 46.395236792869255 50.73906488737427 64.81757970067278 8.853791855524605 58.854627596510355 0.0 7.4511859313815165
112.94632323691332 0.0 183.49254599859927 17.722509370113684 180.10300850436784 86.83759839301317 213.5318162980344 161.4615283657344 133.8982931996943 142.79366409608815 84.76248875469383 158.74141908831274 0.0 119.3982176511807 49.96872557054044 38.62991752296073 112.94632323691332 0.0
37.78838066983649 0.0 62.662953957075565 43.82187205251801 105.69045774611124 7.795809897497207 121.42137354152749 43.86359623008115 107.21714913808532 77.00044708487317 81.60392024931403 92.85188030114318 52.15257923957106 112.21518452148439 17.11628132073305 94.53872549271952 15.81333584581516 57.88440573268965 0.0 18.44576461971085 37.78838066983649 0.0
73.30396913100265 0.0 155.9958419784103 44.90083016333882 113.16362020347682 150.6912217695937 0.0 130.21888330564616 21.294682535885727 42.27788177172017 73.30396913100265 0.0
245.91303148982286 76.09307340402808 239.99699987188518 155.96998452897253 209.22162732822164 225.7808937714189 135.52252272033053 227.36038649619616 84.00538681522542 218.48619087145704 8.299681525443262 223.89448065962023 0.0 154.3811056528007 20.285299095577614 96.75166117493426 34.31013210318254 19.982937312677336 110.88671215729106 0.0 175.57018665563874 35.33194379306701 245.91303148982286 76.09307340402808
183.76867349496862 132.1820656570756 327.4708480671187 200.51908881704813 247.82335242276923 219.59040073406126 188.6402462441322 205.93264302792952 157.74918695789938 243.42339479868636 94.64826003792766 289.9582321938731 97.16812147010411 194.7737392320066 77.24304506461777 167.798702374677 0.0 136.66316790012473 38.08799361135091 88.02080703058428 68.93227973580603 48.776378929010335 110.72355616808028 32.848008250569066 151.4477221066843 15.649216231975373 204.5887533608396 0.0 277.61544414778825 5.1839536772145465 278.39547432264965 79.94162896685546 183.76867349496862 132.1820656570756
58.37057808989555 55.211663436523494 46.51702958671782 51.17673117727156 36.16033429020096 54.896316061750014 21.268146481244962 56.77621622832655 22.1605622695484 40.82961143684311 15.331076815705309 31.1891771161783 0.0 14.812327449530898 19.07230908248446 8.033716147919336 40.96876002856212 22.47671516660695 43.88457459855584 21.433529761947113 53.169843967001505 0.0 67.41624016826657 1.8384978518947719 74.8492902420673 12.990834965747496 74.08994207041508 26.673126310339697 66.56653914732311 36.124215353985605 54.94005859604527 38.07114829381533 58.37057808989555 55.211663436523494
49.53925656678035 148.71237654116783 0.0 98.77390907812082 8.295340689989956 34.66539952320577 54.52573055276697 0.0 90.69323351355523 43.03834408961114 137.48027857708993 38.99799716104052 151.3740711754589 87.96105426566899 114.89546458283675 129.72591787626095 49.53925656678035 148.71237654116783
205.23465351102232 202.6396589601159 147.58902373004196 224.20777870250356 96.54221764438648 211.37318916054792 62.01929333487563 208.46987640253698 61.48974200882765 158.26930023468753 50.43657332155877 148.21078168223306 34.00333911104235 132.9188950094026 12.152359500767176 96.10723772859902 0.0 22.866768816461203 56.56363510359637 0.0 101.45411197211776 59.87352443556 153.05677689748222 48.93018426361748 139.64469490044405 109.51569081785098 231.32442510887319 142.74745301594447 205.23465351102232 202.6396589601159
48.76344128969335 51.769282641264056 27.603029433340268 71.29240460206971 31.725412064829243 37.60903441789377 0.0 12.5207158834679 37.41347022425296 0.0 77.2713426671973 19.163605524149673 48.76344128969335 51.769282641264056
42.89039074762002 195.78258982139445 0.0 152.73515854953223 72.86792863974252 130.70005476620193 109.22945101892206 127.70711809036777 118.67208030228379 96.32267490512757 146.49941078968038 93.23411503230666 221.64803407535734 0.0 189.80871134589992 122.0463111056304 172.7336862898159 153.94801331981859 322.5107422882734 180.410656107017 272.7660280562426 229.8883971322449 183.41839906149872 213.65066651064748 188.09611988012895 307.1788851129834 132.15453100650257 310.3040446453797 96.69197859236814 252.89834900998454 103.41515876497529 196.1899963822786 42.89039074762002 195.78258982139445
72.7381096833671 44.23964955998134 84.14293110736196 65.84748427081416 47.859190511658674 52.4270915219137 44.88611679641526 64.32814639548127 34.55674562764329 65.29157310103861 18.38175734687973 68.23384713096857 13.01866184366704 55.059902973733294 0.0 41.4049372720149 8.658087185721435 26.198083847635267 8.30384726762582 0.0 36.94719395627944 18.823421850026214 49.22178989349329 13.192026203526616 66.33793406189409 14.103338975980115 74.82956503044358 28.071003371982037 72.7381096833671 44.23964955998134
157.67604594231702 179.27410682814136 99.53118560401529 244.36238168481555 33.64414009278116 195.9541724879516 8.55233054399173 118.01624854289724 0.0 0.0 113.02750617844674 5.85338699355853 193.9945819763841 12.328310806948721 252.12488399359432 79.36024413940874 177.24194678535923 142.2118412722874 157.67604594231702 179.27410682814136
0.0 75.18653462875272 12.617311517998758 47.61315465533412 21.77576186846653 31.655111846739977 26.014751372424314 9.322769566355923 47.03340534141867 0.0 66.30198844771546 14.996087281981566 83.57589868697062 21.747354136061695 94.41429526973135 39.27476297543158 90.82151208827119 58.459902729484234 81.78876446940384 75.17572325373425 66.10389097745032 86.82500079378318 46.61898050971135 87.9020723228484 37.1640616435991 69.79007066842928 0.0 75.18653462875272
65.5867267472347 9.41059276364878 86.61357410748971 15.681453195403293 77.3218182679694 34.50036209181877 73.82108261784772 51.45399941419876 54.87601549297894 45.027271551216174 35.498661362020144 71.47277358573916 22.434693213719697 50.835814226476884 0.0 32.54468645361159 42.39261641820595 24.078064747137702 35.57711396768798 0.0 52.92383017586535 12.126784276388918 65.5867267472347 9.41059276364878
29.514295841996713 11.325392707478983 34.42864534110136 17.3981941256786 47.08377523507201 30.04016461818469 38.69757282235159 45.894726837528964 21.063952734742145 40.09049650489371 4.7964800599356465 42.869089980664214 0.0 26.54708220238564 1.4753613607781944 12.888589022427126 12.613619295703955 6.331684084070815 23.34266292250136 0.0 29.514295841996713 11.325392707478983
91.5472209954251 32.35367076237108 153.11909435431758 58.6007094438354 213.35160685582105 0.0 283.0339093168809 26.09612390257361 214.41500229536854 124.83901561787718 293.99304785299285 156.7097046519874 236.67729906658394 189.26025199583842 226.2052642999941 240.10588401531544 174.6288304408236 232.09464132683465 121.92251680847784 264.84471754890285 99.44454693824855 205.87961562486151 64.3568189373473 176.45946894879634 0.0 127.57099120816922 42.85419165622281 70.57125546300465 91.5472209954251 32.35367076237108
151.6421989493947 0.0 143.56427588203496 49.00852821651577 174.9776328104038 80.37550246326387 87.48316197996701 71.6152101957934 118.06495458907871 129.06117183089236 86.98244668425447 138.728972684761 85.93670452211481 74.44355697970835 62.78580876827998 88.20650848690511 21.022344392014645 80.0914519088783 0.0 39.17661082810845 41.451900838915776 19.19674508444831 71.39035531867505 2.399611877435234 89.70631497391481 62.88096612810939 151.6421989493947 0.0
101.29136408089887 81.61297544702464 61.40130396455625 71.9379876662538 28.412212847215528 55.20580439366672 0.0 0.0 65.13296609972234 12.92952544729878 96.65994974239516 6.20016679937374 127.19515814043206 42.03933990649626 101.29136408089887 81.61297544702464
176.26985518127282 63.91749164977395 117.92396689210997 173.73145065917373 0.0 74.59695976232732 105.63176187103939 0.0 176.26985518127282 63.91749164977395
112.30199976106017 14.66578505343103 96.94159503886087 62.42256187283191 62.3777047979174 76.0300277258487 36.710727646138764 82.45853629156491 0.0 72.89128742192932 8.213756495273572 34.73310184997768 29.33718628332076 10.38158997484927 64.30354171456531 0.0 112.30199976106017 14.66578505343103
90.57462858137885 99.4239845936337 0.0 55.303692072918125 71.424961357364 59.11641279447537 71.19436610585606 3.599359782004626 113.56778159844386 73.36235294230102 149.20564634850018 0.0 144.39677841618976 65.62065253841489 166.75839830445858 73.77087421936655 180.39675032694032 96.34874529620004 202.22047190197415 129.73533122826274 188.3233944966684 164.8790347563355 137.16658085291982 146.68828917650058 117.46037418760051 159.27177212071643 95.78404846067552 147.56928952165725 59.248234488507194 157.42311533908202 21.145435019953737 141.10200249532255 90.57462858137885 99.4239845936337
74.48071465523662 65.12422249652899 33.11575810486855 67.03371648936626 0.0 35.39725012597005 36.43280773500868 12.652337976637725 107.73009742407991 0.0 74.48071465523662 65.12422249652899
100.25241001958945 0.0 234.40091908819923 55.192150018728555 135.97042015394848 115.37588677004184 0.0 119.72594687506863 100.25241001958945 0.0
42.1736629448763 75.89881725184995 112.53777705759103 50.1260175061754 173.1274294552418 91.15990020620306 211.64437881537523 0.0 216.76214877622996 85.57769495868327 300.7962330681084 80.42237416049943 305.88200025983883 142.57445831165586 287.12664419873977 199.57007924662653 189.46352486202045 142.37711725205298 179.56087467936578 202.5330283702036 148.9817396412593 188.26430381353754 44.80595175653136 218.37421465831625 0.0 148.39221332439655 42.1736629448763 75.89881725184995
28.69601737358515 62.22729928124424 27.913509604713894 44.98961254151813 0.0 36.87072046352908 27.993636175345898 24.174579988787016 29.01807371986976 10.78465328685293 39.40968999715918 1.7074553936232775 53.25434170600718 0.0 66.8644434619825 3.82082205171902 66.05779968698687 21.14087685250618 93.98287038929621 27.070649912519556 93.66573128802449 48.97867304994817 59.49262976503981 43.87885629154512 52.712768165989075 45.280598656528056 42.71572521985382 75.89822942466496 28.69601737358515 62.22729928124424
0.0 16.55600362728535 33.018261286331594 10.6836810184831 55.54926978097835 0.0 63.88627122713966 23.49442563905319 74.45095352234074 54.05819687410663 40.70549389305647 48.61680695462505 20.631395587904663 43.718450933977294 0.0 16.55600362728535
144.32946611791115 6.49040758428616 181.4424839299047 0.0 219.8022590211887 16.341158290191657 186.29367383259154 69.09187932597247 197.97761592441069 89.00496174031124 188.1416205118592 108.55359721752497 220.22852866159676 178.199827471751 175.7507055261771 197.74010556304 132.90699758524136 154.9497743255231 105.6961374522715 150.58002627484262 78.26862926703558 137.93970987704364 36.700599478555205 120.01649383239915 127.94165081150148 83.41384252473485 0.0 16.53445059183501 75.79037889207657 13.478998474835507 119.2684477230429 25.949922291375465 144.32946611791115 6.49040758428616
