100
111.41982277220949 76.53476990337869 91.49677613553158 96.49067911103815 65.58364713295327 66.95443294251284 38.46439567786243 94.3361655711352 32.275266642101045 65.70562629715245 66.0615753748944 43.984940676615494 0.0 17.09243704416619 49.091515870620896 23.51545937484572 56.130188867204254 0.0 76.90091157631211 6.890620260328362 88.53190811564632 19.587975166633726 111.64303334194769 26.5056775151657 157.74546167551495 55.572524374393126 111.41982277220949 76.53476990337869
104.70494169060349 81.55198199527734 84.89269040572229 63.60618401244435 60.13447709956033 127.73852174397229 31.615329259166025 106.85883430070626 51.79264560214153 62.579857920656885 0.0 43.4893153679429 46.460284972273804 29.260920694238642 48.185375428003184 0.0 75.93227228110149 6.109905432451981 86.73889936285106 38.32267057448063 106.1447701756361 25.666048335493024 143.18624704650694 26.550801039091972 142.48299814050603 54.30770134162335 141.75750139313345 83.29699804244873 104.70494169060349 81.55198199527734
163.95558620596853 190.25972273618552 82.81211779108912 185.54434064237947 0.0 54.689223634988565 138.49698034427087 0.0 244.5400652910181 44.40199650484806 290.1804752836888 120.75566367516922 269.579295960335 200.8824883255564 216.00707160013013 270.07299981512574 163.95558620596853 190.25972273618552
64.59693662330054 17.766508450785636 120.65276184392846 45.06811204668025 140.23599513869297 104.97194302260671 183.65674528042206 29.779373341171308 284.7852284234185 0.0 322.99644146997855 68.12858879506499 311.0767672616748 144.9387787750647 203.8981485088609 152.15789641862705 244.4835366158246 294.49726756003315 152.07775375779585 254.51884216054918 132.99485680165648 126.77337733310823 76.36198368183793 174.6471822993289 74.90509704758153 132.21370180698995 38.819922509277006 101.90431542549742 0.0 38.849329939281816 64.59693662330054 17.766508450785636
166.6196324951052 81.86314092290303 211.0764988338599 137.7771727879576 185.68579211831587 217.73590295868598 113.78102350642654 153.56831950488296 113.02560632298362 93.75070830511024 60.38389946134754 98.83771664831512 0.0 43.6884674358197 80.05121381056838 28.632302260955598 115.10865602919235 21.889267372134093 146.88053649033702 28.025816889462675 247.88142151854538 0.0 166.6196324951052 81.86314092290303
73.54354856769991 12.250234990893446 82.78776167324646 27.381238374593238 69.71960572054535 43.977937873999764 54.9741775380147 47.68174066457297 51.57948540086552 53.97057443853012 46.58232373762752 75.94168315515883 29.19581318735719 79.61518747854122 20.151316565793294 63.32120553160243 12.809311481256557 50.13374554232669 0.0 34.44417386586929 27.817821897882325 29.230662981363167 28.4200132280055 13.591915140415338 41.65350960209841 7.792893647683414 59.06114306279123 0.0 73.54354856769991 12.250234990893446
189.7926645300442 154.63690903168936 50.668394460235234 187.7952423219383 0.0 0.0 187.4281999249783 26.592311716291974 189.7926645300442 154.63690903168936
181.59529988833623 63.882577748009496 172.11070313236132 87.58513704800723 143.18449973121272 90.62621818131588 125.57175796796749 77.47033685238559 123.85397229917209 153.24449210003996 79.53335149252715 163.52772150374489 82.30743265027658 107.57829494016086 0.0 100.27081787881347 124.92847051463215 76.09002167297184 80.79468411310239 38.447115484694145 100.53579903185542 21.510472133640782 125.24707123158824 41.377864044324255 143.84069764145374 37.70804833327025 222.06054867759698 0.0 181.59529988833623 63.882577748009496
108.60015479064634 81.1211721456249 51.80640257223456 108.47177035042144 14.72558628434794 64.56519882938294 0.0 0.0 61.355137157629514 9.159981118885725 105.58763658695355 19.825094813375713 108.60015479064634 81.1211721456249
0.0 49.63312695780479 12.511427044787553 3.6453150967937944 86.0690029678862 0.0 46.73408583128396 62.69223909677365 0.0 49.63312695780479
91.82258870340235 54.25666354750362 244.89192744541128 0.0 264.95490691047235 175.52242936204303 167.67763662474152 260.2118653310015 47.471529904233705 248.2436692711667 0.0 126.74646669462692 91.82258870340235 54.25666354750362
112.832235685456 28.371463386297386 61.59102220273592 38.7826548358339 103.36409257346176 68.89099838044083 81.821783446177 75.0922099021058 64.60363340603277 77.03812200924622 51.5360473321175 67.32866783811437 28.386468508732882 81.07226014259047 1.8395661172128897 76.14683643809798 14.336755682916632 46.74210749304519 0.0 26.106991201449837 11.404152416539922 6.641691266489623 31.70117498863484 0.0 53.25868246771844 15.929796403857331 61.51904536082872 18.862544555442575 77.24630676205751 9.455829152565805 82.27680068029935 22.098205266241116 112.832235685456 28.371463386297386
33.20959287145178 95.40043304270576 37.38894624865596 57.34301016001413 15.533121185019695 46.917070565930146 0.0 15.296043984528737 32.318960049179516 6.873072915771807 55.97270896175623 21.657046959928465 78.13498453415997 0.0 100.50005956277226 12.142626021063805 81.41752253902376 40.66618690538745 117.28240679010628 68.4234075277973 78.19158808298084 69.07197614471916 62.974928490676156 89.46838067836616 33.20959287145178 95.40043304270576
100.80624898981765 0.0 237.92174989533368 20.185310864874268 244.74263184996943 156.77177580108022 164.12381066901787 222.72378773257927 61.15852407270765 200.95598756388463 0.0 85.23546478612752 100.80624898981765 0.0
85.87254669721013 69.1962967990484 47.865600459079104 33.22938730636537 0.0 41.33368070875606 25.179945702354203 6.640310237064128 48.14886446207947 0.0 66.48074103784073 4.79098321832592 95.3854299916077 22.711022804968678 85.87254669721013 69.1962967990484
10.641714277003587 43.71479903740174 0.0 2.3114605033026265 41.99625851220978 0.0 70.23217236291346 14.325050277930949 110.22070264676925 42.876755581646584 89.30854673965612 87.5494304111939 43.62738280737611 77.86485149919105 10.357569039806265 78.40538652109149 10.641714277003587 43.71479903740174
116.41949343543747 0.0 207.34567716648505 54.01816674080333 151.63312251208043 130.0630393379518 104.84470315607831 166.93607601355467 104.40943148606286 104.36363348776084 0.0 26.11172106902461 116.41949343543747 0.0
150.51993386530705 160.4657750852729 20.744518965260056 196.62835667382853 0.0 52.069521076976706 110.33286660873631 0.0 203.2229658929853 70.26055866178805 150.51993386530705 160.4657750852729
0.0 107.75356607484598 73.39650607756431 74.0689975737009 135.84368271246447 110.41773593278963 130.09892647514022 53.27645317019561 183.54028697196492 0.0 215.4584646945524 45.75222059698734 287.0260912932173 78.3199816856573 235.73891907607188 138.61878128002883 221.92133116222894 190.9568393318542 174.1432556076759 214.89158870327452 118.47632214367333 240.04577572839344 56.69691497356331 217.97742812091906 35.99414616311161 158.1919871754576 0.0 107.75356607484598
32.24538551114975 1.251663556700862 208.31232128723855 0.0 133.53024559866532 149.18263014011904 0.0 137.08761147256405 32.24538551114975 1.251663556700862
57.63717387116429 19.270245232447152 85.10934216961869 46.009010766796024 64.84120910316302 81.69546731142611 28.117791052101282 62.59615591173555 6.647003916997164 55.14413836479258 0.0 30.829528662881714 9.117894898986492 0.0 39.87519329833265 0.5851854757166279 57.63717387116429 19.270245232447152
26.459056185187848 2.517223029568015 45.18082070675669 0.0 53.30530023397134 18.34914949851489 67.64826488515976 24.249414418896606 60.41524169765037 37.9930213622022 63.60790949347373 54.1628869763322 50.098708761349044 59.00694321592353 38.307466048959085 50.896371688757384 24.64331276901703 56.24242876139556 19.71780025423037 44.02890841876429 0.0 30.71591006828382 36.92309851048459 32.39858064634383 26.459056185187848 2.517223029568015
0.0 21.525958066869677 124.46169406572254 0.0 166.01772010987992 67.80313322874102 146.465100464854 162.830298930785 47.55462215809575 136.27141449642716 0.0 21.525958066869677
137.61748952831076 121.28602827052607 167.61874946915074 125.97492205463803 204.23287589158969 146.84292930097618 316.96821444319846 197.24892114776205 166.37587514597539 205.3226149610858 154.3856966553196 229.3197639211899 147.7825981774933 302.8964035533601 103.82593263460602 224.66406596437272 72.2754188658692 241.86375460031232 63.10155632082515 209.75848085387173 1.3519065806352728 203.69410186593382 4.64888392063574 160.46532643624317 0.0 112.0789666842526 46.70704746645197 93.91898417489234 83.98879700408601 82.79139826868402 132.9505727644259 0.0 137.61748952831076 121.28602827052607
240.8152615147048 23.47856359182009 306.52841439676376 149.03641261545658 170.9080702658557 121.07813621520768 0.0 103.28748156355338 144.60530781321955 0.0 240.8152615147048 23.47856359182009
36.78342838360399 0.0 139.65253375510963 22.990721788642205 222.98069497645528 66.95317349119692 151.7833330381242 178.21154783673992 0.0 142.2592094034835 36.78342838360399 0.0
99.55208961263766 0.0 148.28949655616753 54.505902875876075 128.4090792789217 131.0690858074799 60.6852862625728 127.34337603570116 0.0 118.26756460410614 39.65764830423271 64.68575757830652 39.61123049102541 16.420032232007486 99.55208961263766 0.0
154.4016835915853 185.30739951686195 108.92384487532692 198.97209561787372 93.39414121665749 152.95142564061712 24.94492919109186 130.81695145244572 0.0 61.41228011948667 88.9504288409698 42.665086861421045 120.66601836889711 0.0 168.27832725797123 27.525169417503335 236.18551693148086 0.3931123521186777 333.66940324975616 27.950294194597376 251.07038551279555 112.58314727822463 260.0031788679798 171.60951966219415 191.84848519806883 175.51601609471186 154.4016835915853 185.30739951686195
47.41909435962481 27.67060862643565 55.13563923111397 33.94188105448896 60.06420814984705 46.91919299533592 40.02353913684139 40.653723730607666 37.131263893420794 59.66213976275273 29.181687269085245 48.74243592843871 19.72058037504982 45.54060920301002 18.163489352971624 35.928195131324244 0.0 17.161267990777418 17.699518776266316 6.553121644249359 34.099510103914554 0.0 50.79506474120291 6.40606104130481 47.41909435962481 27.67060862643565
193.18988879174003 88.35349449028134 159.9513745488931 107.41312743327754 148.49094694356648 124.97881166716812 118.09014134248521 87.87323288110974 107.07381429581474 145.1848616087878 72.71259437012819 148.75270530624354 0.0 148.11996406837707 19.809453171008485 90.92268504297654 11.222921968310416 38.377971330121426 80.48871085194523 42.11943191079154 107.41984547496588 42.992679763202 136.95542567141365 0.0 170.40466177813363 19.5525288931823 170.31165482756785 61.949814994279706 193.18988879174003 88.35349449028134
83.29364336753073 0.0 73.11620014997402 35.01084726071004 102.48357767760416 79.64407971486341 49.682934752409444 57.257805292379174 30.170227374284288 66.3266389404852 0.0 55.85868363306527 23.790076103782376 31.052490117100604 22.784282857134905 5.255974657001801 46.94341285933192 19.552371747758755 83.29364336753073 0.0
23.718478969021618 233.63422178715993 61.6076635369742 154.9922570105423 0.0 85.32752872763135 105.78248251652778 86.14252957343538 125.75621767455863 31.283497459566533 174.84615144665295 48.914978337970894 260.2499669658573 0.0 234.63212826786128 102.50057233170837 337.68549295243884 128.30826190038866 328.8330066059124 203.56572945422798 234.34600445205893 219.06717967237927 161.11362768786285 144.61750871871078 154.11782480483504 213.09375249977586 62.735991864070684 311.7971371601979 23.718478969021618 233.63422178715993
53.941732722948984 61.79125949410259 57.780688991237426 0.0 87.0951409432647 35.94819192904456 108.45265261847061 49.4858515017976 169.10610789098644 66.92822143409037 139.2490120517864 108.41135284195191 100.92582107276539 121.73222699299477 76.19192622615509 136.86337748398267 52.831641939901345 113.93358134098118 3.521611061875433 128.0037324766181 0.0 88.35276022281761 50.23073486770443 72.53197581165588 53.941732722948984 61.79125949410259
123.8816016849378 0.0 155.3162550286948 35.89525843831639 184.4160785399933 88.96125147266214 151.66957020834775 149.0006089742601 88.5457190202197 132.29976734294712 44.50913560581683 113.48898861880032 0.0 73.4632135585486 12.887708959649274 9.350509714984668 79.21094675529415 1.9824035891868945 123.8816016849378 0.0
40.32815678156058 206.73802789530941 30.07248683408133 159.86097559473689 43.313239261075154 116.28461099613858 0.0 0.0 102.97835978728133 46.022926786383934 148.88003425449614 60.7556013471352 184.73823329923465 81.65639847854357 248.3847031147221 103.36820884285524 290.19894665156653 169.74758017007255 166.00714515436272 176.43725970278484 178.21938883493556 248.54121710542503 127.25739793984854 213.5244408995165 90.67938769711179 217.38246559281615 40.32815678156058 206.73802789530941
254.66406904095123 0.0 259.99105416914296 76.76833878420756 331.61010794734216 115.87835849527036 286.61167039386976 179.79744294957888 228.22078861069588 203.1486639822863 175.1431390016032 189.3776491175595 156.3035227279532 208.43908620968068 119.51751350255637 245.6245115356995 99.89189547213013 206.34258084611497 56.13198338423044 197.04570941948793 0.0 165.02558022369595 147.56103994271714 142.71232690649038 80.94705919435452 92.88720090730234 93.88058245140758 52.235540043407326 146.1770105855582 133.32305039484459 183.73758240665993 5.466590955773626 254.66406904095123 0.0
86.8412582232339 3.142619772149949 86.30926530114115 41.76067433549738 112.02951659271761 44.25007151122204 168.65975866051565 92.9819309756366 103.66677937065471 97.14895794308583 70.8047876823833 107.55370757864614 2.1410529765705206 130.05654903867708 0.0 61.61709211659839 41.70312479107895 30.176781863224242 53.894768570745526 0.0 86.8412582232339 3.142619772149949
267.90211162822277 286.26973323854304 183.83433778243375 272.03483311059324 124.26305863421618 288.2614852166298 77.21265879320867 245.82657001608655 54.508863372204814 191.69584355284127 0.0 103.4412051426253 101.0720496495957 75.61613672552049 171.29260297580745 0.0 261.9859682418753 40.88866851572368 310.7883927172966 125.00086347491097 309.9567695529762 211.1565771523498 267.90211162822277 286.26973323854304
72.77986069642452 175.0531455605827 0.0 142.30247878587562 13.369090243682678 70.94176629092321 86.8778110787357 45.58258601013717 107.8819244163634 1.991884403705626 158.50365549568625 0.0 178.61157630583426 73.3305254431794 250.40105351771558 22.096595313104842 231.71343795892463 82.23676273252579 324.5906761119244 113.28220555367773 284.56714238303977 162.54851586475152 232.60653588077406 182.2566776559693 193.8616841328457 189.4730682217051 150.95897535849156 255.39572557080405 111.23646098170715 204.1987558681714 72.77986069642452 175.0531455605827
36.95056064185313 72.0277504515733 0.0 12.902544059354035 73.55879286629411 0.0 87.945363943161 56.764356321945904 36.95056064185313 72.0277504515733
35.01188200827518 63.598508325257946 28.63719985793027 72.54720176771298 0.0 61.13801139307811 14.601449209828246 0.0 76.41774543004414 30.57266140612355 35.01188200827518 63.598508325257946
64.79251056321067 79.24641462452063 123.50927770246824 0.0 175.71182043417062 72.15361068697271 328.12531644194996 128.89597629982487 222.28799461475572 225.8372338635533 123.99526928001399 211.9197986429558 34.8012123521615 289.7018476530276 0.0 184.10387946209698 104.24987313413068 139.37706616332517 64.79251056321067 79.24641462452063
113.2699754209846 107.1744855045662 0.0 51.722109213281925 129.62531417670746 41.4474172555479 167.97771063622133 0.0 241.86217807873152 15.058754276812365 340.17210774645787 111.12074491553562 211.82166265562168 160.85810327029748 114.67511459990897 280.2988400530384 113.2699754209846 107.1744855045662
0.0 25.341468038206912 8.610988286405728 0.0 33.51991847465612 4.235019430685725 57.071828260219505 10.319437337219043 61.03954498556185 39.36347090071392 38.06480529936631 60.094272043597456 19.55203372016541 37.01984508777299 0.0 25.341468038206912
78.92205666224982 208.30971358540555 97.71273994606437 158.4405141992561 0.0 133.38120841283018 46.63972924646126 91.05276837697004 80.94398483201601 60.04235259681772 115.01878178074716 38.411219898147635 158.5813345376461 0.0 195.86147244135606 41.51634869933265 170.9446010929424 119.65321876373748 209.8671411345099 115.66036363533625 202.88916844349205 139.4815423418516 299.9553010904195 204.6467972515314 235.1427185184823 226.0238528522993 167.41602513913864 176.09471817730287 149.58084410063776 253.58894227425344 103.75487177747904 245.67445356962958 78.92205666224982 208.30971358540555
41.61886906309632 0.0 231.28602829223593 37.95647987327742 134.3611805077265 181.23138334600245 0.0 168.24404934167998 41.61886906309632 0.0
60.850579804384495 64.05145478226444 40.468750917913226 38.59008656684635 31.751723263560777 52.700779692602765 12.411586630848205 57.72188395169421 8.454429354625006 41.13106612129354 20.252234211954104 28.417000265217823 0.0 6.6166360844768235 19.42197171066327 0.0 37.64854879059702 18.157312216117575 46.7317542475312 8.850556886506524 46.379107938789005 23.700197600472976 69.1292501360794 19.84551541270234 69.62975427911311 33.7323183624101 67.0691750304822 47.11698219086732 60.850579804384495 64.05145478226444
64.94866739419777 57.67141774791621 113.47869352615044 58.85232805064973 123.53162259908265 0.0 142.03006620800596 65.61505540739503 221.8401169860123 16.193564449120174 218.35108504841202 74.07255899016012 243.2934369373513 128.55784571098724 173.80483582191903 138.6227512498438 138.94331828991074 136.96736875470668 107.68492785801426 146.17032090205876 58.30331801409349 144.08864070418406 0.0 101.78932932545911 64.94866739419777 57.67141774791621
208.4098448714617 146.68589746578027 117.43852069206888 162.92860190646456 47.57428796312979 128.276161313594 0.0 6.700796085373554 131.6373855481859 0.0 189.27379628541314 60.45791135218208 208.4098448714617 146.68589746578027
314.57996417589163 41.62851101613764 211.19261861112852 134.95403894143055 244.6336194889293 168.9862959383206 220.81119176139262 198.154664525183 199.66876093800983 247.02822340061164 151.33417632721708 249.84133877593166 104.28044076678393 234.58745719435336 119.28620615306832 166.87562123012057 0.0 163.91591562387234 63.46367923125382 108.80857810276456 128.59501838923103 110.73897168405463 134.669229509609 75.92016090654792 171.23237516562332 0.0 206.55098817171537 63.937948308357875 314.57996417589163 41.62851101613764
164.6248313140517 146.86431435129188 22.175020172286537 150.16506723647106 0.0 61.07601795852002 28.13563781653089 0.0 117.15343658717524 11.722190595360452 164.6248313140517 146.86431435129188
83.00684369600128 55.023206501153936 102.47416628364175 0.0 156.35790248822045 31.42320275388876 189.9382777215278 39.44624750003807 282.1880951017475 15.563480283653533 187.83505342693877 101.95991263998971 270.2784372110766 150.2479561983336 228.41696722420815 191.5155889463764 172.7862050059495 185.43911389032553 138.60030249063777 171.6728388017566 82.33698360379901 186.83926889169447 0.0 164.3009850948772 110.5332138505735 99.76857572517004 83.00684369600128 55.023206501153936
70.16519094513099 73.83805248964947 0.0 97.42322683192708 31.1680502672544 24.076310797674665 123.71417151357748 0.0 70.16519094513099 73.83805248964947
109.94710567671353 0.0 167.99102732282998 49.93048220058439 176.64675767124766 102.09998964604992 201.40852950608488 109.78727968212527 307.2623383131663 138.76681456144468 256.3940002722711 190.69246085726516 188.28537168152485 189.8793123279728 158.3945871542324 219.00681504295937 111.37420631081903 225.47167715708977 85.77731478132912 184.7908988030993 0.0 157.8014921657492 31.650216853945807 92.61121007556577 48.06273450790849 28.06426131899451 109.94710567671353 0.0
28.354462509381975 111.84183238891121 0.0 85.82695424475448 23.832185336883505 54.513074968520314 60.93358068454823 49.21160201008824 53.100622317341475 5.24714155644606 83.21256741152123 0.0 107.22178700166133 19.158017715862172 143.0573119644704 20.427832744583803 205.6955410871156 36.822170012783275 157.71451503274517 83.62110965534697 127.17370018084974 101.7965695828387 99.32674170794554 99.3577881867081 83.54548060009478 167.724762219375 47.39527860438373 143.25002267279336 28.354462509381975 111.84183238891121
154.81447157444083 142.4931148526586 128.8469440134457 168.0858797188771 93.08023659532627 163.1571830670585 51.815204987690024 154.38847500139167 60.914734836047714 107.8197339937399 39.02570843922352 78.53599571469557 0.0 18.02945973158046 87.80691882447084 31.18107826007958 108.94305204623538 0.0 144.1215013163679 0.4465388129042793 170.48949128347562 24.168675861207937 195.01775929752102 43.03411751266746 198.97614046696592 75.37499238997897 196.62393229139442 105.38947330494933 174.72528183792187 124.0408869926814 154.81447157444083 142.4931148526586
181.8637945159384 0.0 191.61196988338935 82.44402218769733 232.263010511045 125.60029543829893 222.73046986124626 206.58269960651683 141.39703423533268 226.55006638289825 123.00010970039028 137.36961029725143 0.0 138.93985879332848 34.05343825731221 48.02608578436458 112.93807416474526 21.538722078382634 181.8637945159384 0.0
0.0 134.36270190631342 102.40462792375752 79.4274363754893 149.44326978674437 44.01050216947162 207.03285185021488 0.0 277.5327832874063 13.22679041597226 246.7027850628354 123.53928751460265 284.3663663603646 139.6666408547711 340.92336177151486 195.2538300847785 298.9139394725355 239.9527692934747 254.71352998145608 300.6164286782687 176.9598229606331 315.2170470043414 145.45386474972503 230.70892926656705 69.61225963650983 212.63592926915663 0.0 134.36270190631342
78.95872913253723 91.86326512517046 43.424599832708 64.29124255715533 0.0 53.55776939506127 6.297397389811493 0.0 55.36600601120733 15.379355064220618 97.03124839996593 6.423298507377282 117.49530781248498 54.24540529645199 78.95872913253723 91.86326512517046
0.0 168.45577896977085 42.5361079651872 40.453487311858254 148.3511232465362 0.0 231.37611278320776 37.9186034690793 237.8188726278674 119.58423351899175 205.412266629234 187.3782816159898 118.39040313385271 220.757169034919 0.0 168.45577896977085
4.126786260889908 20.342506482059484 50.74209722134666 0.0 79.59791661153008 44.37204785285401 137.56401060772131 72.13061768476146 104.47146960083018 118.72475010556379 55.72303326771992 122.41772795874091 20.922943707454586 127.18239573620146 0.0 98.21380456551005 27.011706870456912 72.11331423382956 4.126786260889908 20.342506482059484
69.49869274125233 127.87299599387858 0.0 154.6339425490301 62.243893057670846 82.98410261447698 19.563666163523692 44.89910982829861 52.63802236738775 0.0 101.02550010175474 24.253174272158788 124.09451122115212 57.10273216597345 161.49826047856294 105.6570271026478 94.2296371869115 110.7285499796849 69.49869274125233 127.87299599387858
97.01638865810952 65.11304413954535 59.597398716470664 83.08801817396859 36.46033591376252 67.41940274429085 0.0 57.277772948947344 19.92594691143725 25.389517788043605 48.96247995879449 0.0 60.33183571549688 40.55693178137851 97.01638865810952 65.11304413954535
195.44157567822165 189.9505402595591 106.46738855528082 148.02552335509364 0.0 160.6530428285609 19.360948926064992 58.10506576235201 99.33118932566472 45.45514814183056 137.85757068889944 0.0 149.67790189773768 58.73611936004848 181.8566699492612 90.12396055579828 195.44157567822165 189.9505402595591
41.92973196072353 0.0 112.91945262454516 2.5474286458047004 106.71069422628906 66.56858307334133 89.08131542158135 111.04109112591476 38.675443456274635 104.02317101585501 0.0 55.22732080275757 41.92973196072353 0.0
55.85071306086663 93.21079850342798 56.18506722031643 46.607339220985246 86.32195038435358 0.0 135.78261212760395 38.7992872039509 146.25092359887822 79.94867955036703 235.1603074242849 78.15770807851551 186.2200431449645 125.18756149082957 207.53091999188217 192.18242720195434 152.57566525591307 229.24517654045263 91.15339427388996 205.68166638823652 55.660507631909695 172.59304298077046 0.0 143.25666461196164 55.85071306086663 93.21079850342798
140.94899151516395 90.35195304540025 152.34885915110414 9.427965441925139 156.45626394538922 72.19475260739125 145.59177494279612 88.96109866367274 256.6167196401523 121.8133149007397 221.13520758048844 184.72404130210685 157.24463365085782 194.5380066777612 102.44795724502961 171.30454240922091 48.14595877536573 149.36687921984827 54.131466669959394 90.64097703390114 0.0 0.0 140.94899151516395 90.35195304540025
122.88082061527109 109.56492868012641 69.99195510774067 77.6979214030775 0.0 23.571991800576868 93.59682774599992 5.816146334039217 120.64261276000552 0.0 170.6972310349717 6.797675100446085 111.11100044543205 32.150197856230605 122.88082061527109 109.56492868012641
186.81321200824635 153.14712770201336 122.33474333910812 120.85698527629671 94.050717853827 132.4948189322369 56.289570791999836 125.77376634173865 5.657123053779969 102.38974803818152 0.0 49.92332318176433 30.446594742402908 8.012755959583522 77.2203141594776 0.0 110.61608645942152 18.714008299545007 142.75721143149892 2.579524586882016 164.2632447695143 29.410657737032615 175.01661662753617 58.76162418729538 196.09466674935072 98.01303940135958 186.81321200824635 153.14712770201336
242.7208759571423 0.0 275.27892780414004 95.38868270749946 217.77035345662418 162.66343727913613 212.21481282620198 245.6513440015906 132.6340157452487 225.15001750210214 71.33166896417447 210.82041316481818 0.0 165.6066408634856 70.64043666013683 104.22775575630789 81.9979116769791 41.67744786675971 145.21412474696893 10.27690498008701 242.7208759571423 0.0
261.7259111342896 173.34397452002418 196.17575966691243 283.49970113150346 89.20130833548951 203.36668526845935 0.0 107.280401422249 101.75987890657841 24.458994066008017 209.05392382261647 0.0 299.6176069992829 66.22747378318861 261.7259111342896 173.34397452002418
152.945559107885 141.98819196538582 0.0 145.50625269914318 66.54629184473916 0.0 204.54860893135418 21.26685724954811 152.945559107885 141.98819196538582
85.32716005061266 36.81664035979521 85.95493837222008 69.92269837092783 51.98993113187471 71.61830272172725 33.72296810908047 75.57274381303316 0.0 69.71397330216121 2.868665713627422 34.9284414283077 28.88677793998245 14.896748121045526 66.0051658876484 0.0 85.32716005061266 36.81664035979521
283.00551248675094 206.6394114088179 179.10343520288262 268.6330174947473 78.87581965334059 266.79713171653754 0.0 178.3506093459194 4.268173543237737 28.851818958662022 154.58341133207136 0.0 212.42689888639939 111.17765467920017 283.00551248675094 206.6394114088179
210.30474682091432 72.05583205541227 268.51697593037875 140.44342788050224 209.68147332424354 209.35606826592056 150.4218415560179 250.30354827568974 107.02364312213889 185.8443066266914 0.0 195.79059946677359 19.829480255791395 109.09954992499246 41.01760053047602 0.0 151.88791017287835 9.327404322061426 210.30474682091432 72.05583205541227
34.75376711169275 0.0 33.58207264838143 18.971262716114225 21.364184761148337 24.963910652552144 8.127373361372719 33.6409726368457 0.0 18.761271575965708 1.923201984259137 3.6150527394022305 16.88247648218693 0.7345057977042018 34.75376711169275 0.0
18.891491120639955 22.657396700208686 69.07251191480806 0.0 107.59421267694887 29.230701299020588 149.90514802223066 102.14159617609332 64.11352033885603 114.58147230004164 0.0 84.97963330473209 18.891491120639955 22.657396700208686
43.559437922508394 52.25110625672353 12.073632021766741 50.42255798053979 0.0 19.29329770697106 27.919935686869323 0.0 65.0411915031045 19.00180419780405 43.559437922508394 52.25110625672353
24.88653585428625 0.0 49.493469803309296 2.653847105230767 69.13012410250226 38.00909414261129 30.056129743845915 34.48454547368385 0.0 21.314214922342515 24.88653585428625 0.0
149.6978419694335 89.21017850571727 115.1951459410512 144.09984802048893 52.39779848934174 116.42335026305125 14.2285302494938 83.50462240691536 0.0 41.462877590859556 15.4623108693864 0.0 63.57046436805594 9.167650062458371 83.95253360532244 0.41109099951592754 107.89138061339183 11.365047578126372 136.88797843055391 35.34564160647218 149.6978419694335 89.21017850571727
175.07369993830014 164.13885967653022 126.1380355682887 144.45348722284626 85.8117062348534 156.67147485483355 0.0 112.40912039136444 72.3085594570727 58.05481179150383 128.3858699252599 0.0 142.1875743575296 100.98449854912946 214.61746580709112 114.71361666795936 175.07369993830014 164.13885967653022
66.28037583458126 0.0 115.7424843998482 12.082485437060214 156.1252192368197 17.987109743230064 147.97258716098338 67.74698507066168 195.92809642823048 96.11001968513511 131.753006587466 97.31505787987162 138.15264749805243 170.87808207012282 96.71409349144909 138.26991073285953 66.40043501746922 122.70470209348625 0.0 93.77070758960262 86.26831322509662 67.75987723664534 66.28037583458126 0.0
74.17779419903279 66.81335621088623 0.0 43.13965815547631 35.38516971757339 7.470829921934083 71.0449209564646 0.0 74.17779419903279 66.81335621088623
0.0 220.5563825058651 25.220897004079518 104.15401614365572 134.80271529375892 81.37880188978275 172.2007154409169 0.0 210.0268291273888 103.93927436597178 337.4594422033771 75.22835852438162 275.3442038941805 160.11084737557258 195.24003729497372 148.37248854272156 198.2251677110354 281.21788273572065 92.7454420033553 289.00218637736594 0.0 220.5563825058651
123.21109789441076 74.49224333299671 131.94312608369395 129.11946440647776 87.35780545864165 124.21575956595333 50.58311666047163 117.4106083032278 47.947292281682664 74.27055483242302 0.0 57.68127306561271 19.440893855488746 21.025490326355715 53.262813190468066 8.271105172567225 77.69973064084294 0.0 105.41466102606762 5.225088333883932 159.54890663004502 0.5854911378922552 131.73784881067573 50.09671509926924 123.21109789441076 74.49224333299671
153.90548266849524 2.725736904319106 192.96030556545188 0.0 235.3009004188558 14.56603911250778 332.53859150915866 16.919032180934977 298.29880145015204 90.51483197363308 263.0110767387602 134.85635052942604 208.51584515127718 142.3000841221306 234.5671539229544 252.35915183992532 166.43844613890485 219.40599857499325 123.78071534547857 200.40495584996034 78.40134594402627 187.3955687551541 29.663908094771728 158.23671901060501 78.67413998313086 100.36520347610872 0.0 39.895096127111586 90.63496808200635 35.37374194427117 116.85865992297593 8.66551642400053 153.90548266849524 2.725736904319106
67.74224241510825 2.3556954451146765 89.3938794278585 29.42359573352411 54.89294101289029 55.775325079621425 0.0 31.557687094818633 46.94315930449481 0.0 67.74224241510825 2.3556954451146765
72.50432152030032 41.83524745700393 136.4323608418997 57.8203239075047 200.75957472406674 0.0 189.76184656113594 101.80869401488042 242.8435166128192 124.38950420683825 207.55457948304274 162.62682727868003 178.62761036994226 178.6490334810497 161.19358845351164 239.68996629379822 135.45016792008397 164.39141263822685 128.2920187170821 150.12584399809793 0.0 158.67942973728134 2.0461589394899136 76.66262643212713 72.50432152030032 41.83524745700393
21.291324513403055 41.458088006445045 19.799786715489432 4.156696996053398 51.07381538179688 0.0 76.22089101296439 12.50710440595585 82.39623763721329 38.59869661167378 114.60240656978274 58.182746968067654 107.57901626196505 93.87152538172063 74.62210054585765 106.02562774922126 48.09259690620297 98.8710059078415 16.17735682927386 113.06550127312983 6.3381763109187546 81.33342393081287 0.0 56.4313687557589 21.291324513403055 41.458088006445045
253.06885223539476 107.62918594277018 159.1477787708603 212.17324395029465 30.410233510509315 170.40252589832875 0.0 9.095607753746776 164.75820458759455 0.0 253.06885223539476 107.62918594277018
93.42195434533627 0.0 169.151887341159 21.98412551678399 200.70182343539705 94.74570892585274 127.94652179762592 116.73610321733406 0.0 93.31667268175798 93.42195434533627 0.0
32.694665446887775 47.42339265896845 52.69540609788845 18.36067086672803 91.23219185302841 0.0 127.65881348744867 23.02798968337953 209.57518788661406 13.444515710384067 170.1942449458302 85.44304838650217 175.20451178507622 126.54773796765438 146.52626765403963 155.92738824454 121.00699079625466 202.64803178990417 72.51106971729803 173.80772494339936 50.05156548857197 146.42537644372595 0.0 150.09312948937583 9.211431454702932 104.9866812839856 16.99832061581182 73.76350394930225 32.694665446887775 47.42339265896845
226.86602187755284 65.8735815881746 223.23122008700722 108.23743753838154 258.5066585453718 171.51530417153498 189.17619347296784 174.30855487342916 154.90619763260162 195.64944378832132 126.46065929766301 153.10003178587726 84.30999956590802 171.19774060528943 0.0 167.24935145931232 96.05091539479955 101.85401209794314 50.04499305290216 55.28668087061006 72.35211311882236 9.671992817235264 132.19587318916788 64.85179231872867 168.5141419491532 0.0 214.85110341587415 19.68677451281188 226.86602187755284 65.8735815881746
0.0 61.09324529486852 1.9978501749881445 30.28323168036095 19.98381810825157 0.0 55.60006108846767 15.678750738424313 82.55835836593809 15.564625390743736 104.21709589030095 33.7537463321247 120.37581241046729 61.496118055782226 106.59650155450788 89.82826505509405 85.35529534985257 112.23611709259492 55.56466457142757 108.93676291253894 29.135074076511273 106.94329853920723 1.099798466636173 91.3721784521897 0.0 61.09324529486852
100.21607760276859 231.94193153883583 59.8204094090529 196.31421984477885 46.510645811850054 149.33104348826157 0.0 98.47514314519995 21.27159379212202 39.12218513733312 106.47052469742079 53.551219665016276 125.52675321929311 0.0 156.3702060529368 90.39693589245412 226.50855148979483 13.013842717338278 290.22203244141934 36.01125278663031 279.98215953587794 103.92047820825886 241.51122749409575 145.13392688814338 185.98879395543156 147.35487136400405 186.24464437008143 194.9958171780453 151.15569685888187 137.1557094615186 100.21607760276859 231.94193153883583
68.12402940762519 71.95365124585268 51.77875848334446 105.18157285014215 48.270806012900934 89.45406187963631 9.25453813029361 92.56376589241547 0.0 69.25138760061962 40.06738129296417 58.37907390489613 37.00079955435996 36.10059909821115 45.51808768520141 0.0 71.9075804787348 24.34156377168599 89.83697984365894 30.117486197593685 115.62911789301263 33.322814574772615 132.11116221685646 52.61721673160544 113.35033292506469 76.25049214699001 107.58343956168798 92.89968851285701 103.25888903162607 114.2140423411301 79.40341469970089 107.24497152147325 68.12402940762519 71.95365124585268
0.0 111.21358814862775 90.86681358042857 36.04439926538085 121.15802252269584 15.578282096308492 177.05952032027525 0.0 258.85329604738274 63.44193696601347 180.12698760380573 124.41740721638568 118.24248414272301 95.74855621445577 0.0 111.21358814862775
79.10682399006205 171.77106887772803 85.67948638871428 122.54552647838779 0.0 102.20107835200109 42.471430692945006 54.43244569820784 64.31240663745248 1.920156710759045 123.82613326943869 0.0 158.0953374940743 45.32002074118008 210.18568056182073 54.82216297459449 207.40876832846544 104.4305709806063 207.08472165322414 152.43531986975907 152.02989039777316 155.40332353635708 121.83449046054504 156.0270198186621 79.10682399006205 171.77106887772803
191.42881866593405 75.31735732321195 261.3193585436826 155.98777393509002 196.45626926792326 252.1472117401761 99.58248885229217 208.3329202335178 0.0 218.05508128667398 22.469335822336063 128.64259646245625 31.158288061803347 39.2731946297054 128.98702068213248 0.0 191.42881866593405 75.31735732321195
71.32851643712459 45.434312005409126 104.76684297454685 4.793600048477103 186.3838158782265 0.0 157.143084338145 79.60308115762315 163.2669945262697 135.48288551666695 101.7532979923721 129.25239455628537 65.18567570392618 129.6975985335427 44.99838703591689 100.69783385741404 0.0 49.922087857600005 71.32851643712459 45.434312005409126
