100
0.0 23.950151275493596 104.3142822815428 9.80755241351163 177.51253355127133 0.0 258.04606647146085 56.45053139078267 184.18101506835606 122.39742144013408 167.53835138621415 204.31934021237822 66.28397888109365 229.9811353724111 37.2271020524465 126.53522098005118 0.0 23.950151275493596
47.02898127850756 0.0 61.664161784247824 12.109466646528787 68.29707860978527 32.22189522130972 80.50404425848689 71.95122803268822 39.30234254434757 59.84396661311462 6.085043943281619 67.60357633975562 15.824982355873459 32.55822024847009 0.0 8.636075799181413 32.86842484562453 16.08435580838629 47.02898127850756 0.0
0.0 23.615702343847744 74.01336449251788 0.0 133.9681646017563 4.678239343462906 178.29418323084826 19.586237027340587 227.87447591866894 14.810882342399807 248.98086338128456 56.21206207502087 235.1025386645773 101.10032751469474 289.7910651918834 135.62203345648962 212.80772875329956 146.55787012615207 235.04819688431004 207.8684919956553 183.5645223983085 189.8852784710411 151.48225167501172 207.0159943243728 71.11190889270554 273.50074556809983 62.14417254244972 193.83326329004615 123.63112537495579 129.22224251234098 96.89665089962706 109.01928783901097 0.0 23.615702343847744
0.0 33.06043606572936 1.7880768433626315 19.691683265245928 12.249575782834796 11.977224596140545 14.25964330405239 0.4172765071443507 29.393777779405326 15.60642846671439 33.61846678158378 8.88053023687695 46.31880897674877 0.0 45.021483711066594 13.843568852053295 56.822890233809346 19.500471608434253 51.73443691358568 28.79462671875926 46.37115678529018 35.29137982674757 35.4396022209433 31.707205750479645 31.464332984326035 36.82074627718917 23.640358753985794 40.37724013505891 17.990744945262023 34.587163362462775 0.0 33.06043606572936
154.9526528785679 9.099263759549927 140.03190444234707 49.90423453064452 223.21150095749738 85.75000156640763 151.43545742205367 97.39890419817539 122.21086910629752 85.99396589397125 72.75013648771088 126.58656874785027 68.30386953845073 73.9721725514159 0.0 20.24008949032814 81.22241081847736 2.6779847800627152 119.50735656838185 0.0 154.9526528785679 9.099263759549927
158.988454464151 0.0 173.89776147659285 142.78595597760832 0.0 170.13649610127268 53.521138893930555 33.433342364694624 158.988454464151 0.0
0.0 90.07774322295988 106.82314858635527 0.0 169.34870778800985 145.5418242493888 330.2199038429445 109.06176267891686 230.40857948841688 202.7358927890193 198.04224748301868 283.21800016921526 114.53930535905496 255.95263269777163 75.17980712268758 195.16165692647627 0.0 90.07774322295988
79.8266203718938 71.38080218793108 91.21888508161497 47.82231324313564 135.00755544556645 0.0 148.9797392453171 54.00133349537549 142.78888609118732 87.13715160526976 193.8488818116472 137.5791118976372 134.21924582133016 149.43812422311268 97.71210872884609 149.33974870822192 36.33374529302364 183.53658589673054 0.0 133.2483439379352 19.511466978578085 74.84854343656967 79.8266203718938 71.38080218793108
159.69179029583228 136.7918654371199 0.0 154.95656135247606 93.9299403761949 4.7376837693941525 296.2983714991814 0.0 159.69179029583228 136.7918654371199
159.84590866221046 125.72906520828256 112.36103952993227 137.3228245247833 0.0 110.5429068571291 109.00422540442523 53.279802342619845 136.676909000242 24.431963894523697 198.21176346425375 0.0 324.2654853245141 39.2938921679705 163.2405833238596 89.05317410112956 159.84590866221046 125.72906520828256
97.4319540936338 0.0 167.87384815827625 17.64306769155249 251.59273518120463 29.464405095204242 360.7018567308496 132.940327338327 221.80076500489014 196.21988646054803 143.51914482804506 243.77989193922866 88.86842187202822 175.51085101896913 17.977754285196426 135.00204517670147 0.0 36.28401196239777 97.4319540936338 0.0
40.87821518360795 256.0669603361912 105.3018557625971 146.74989772840718 0.0 16.566861707642516 167.8204336711757 101.42796767766258 222.38357350962715 0.0 284.5473960597852 66.4642109128456 267.8908038998918 141.945320675822 264.84551220713035 200.32925601302028 224.27387129146567 255.23395694386696 173.3260864509556 183.71044997179467 40.87821518360795 256.0669603361912
210.22768321453935 202.36845513400516 142.50345057350998 227.88349933213675 76.74737032581655 257.15981130979725 81.98395772527593 154.75369386711395 0.0 139.54454173169646 26.735901986808514 82.61183078598955 84.57807951385652 72.4308338095104 141.0966636099989 0.0 197.49793506733855 57.87647003665185 259.15056239392345 125.37582142140441 210.22768321453935 202.36845513400516
145.91938368817404 191.33855554821437 118.05367241415169 169.1336177001755 72.50026511630574 159.02925290134692 0.0 85.67368736676019 119.01024672561388 103.83998901290047 169.5326381495264 0.0 200.13960810755907 89.05276923857471 232.11345104514518 142.27185109690154 223.66960647910327 215.30658822942374 145.91938368817404 191.33855554821437
150.39835856811305 3.473219111913025 159.73786319732068 59.89094740275587 135.05878119837746 100.18623122093032 99.03733719974859 113.5427871213609 72.21638865757568 88.73248630433055 30.48211081305643 138.42527571537585 15.779105241642085 97.76288044436781 18.669057694907373 63.26328751985153 0.0 9.003907260721924 58.9096525013037 27.863432246534828 90.98439577336464 0.0 150.39835856811305 3.473219111913025
223.73402930199669 98.5104206963553 152.9959984974831 96.54574704394157 173.831291373181 146.36776297047714 142.60029469733877 140.28498907892947 113.86119491309265 164.12754926197488 72.34263326448067 170.47494280691166 88.416385820834 110.26523588460954 0.0 109.3658445294604 34.131714251376934 62.543676277544535 59.81705516647742 35.702023932235235 100.20351547289309 39.20243472815647 114.48921237351018 8.671671745076168 133.9393708658751 57.08159486917158 179.238675360758 0.0 195.0064615210981 33.49833402610228 191.77345282412406 67.00413028434174 223.73402930199669 98.5104206963553
11.960205996988066 150.81552335187155 0.0 53.833961929433656 75.81965748038186 0.0 151.39431713388652 45.70107564830358 228.62148203450815 7.2373015065479365 313.8127651997223 59.64339107840921 228.6876173808979 137.21888535667887 244.29029846785585 247.60566765586003 143.0513135027014 303.72576585494096 39.601657034740214 246.30138793088798 11.960205996988066 150.81552335187155
23.524038108775656 1.8159708158614762 72.96191699128403 0.0 92.33331660149543 33.03887132019991 91.97448341254847 72.56067763744772 52.49624107835323 71.52281438823871 0.0 53.99622245147125 23.524038108775656 1.8159708158614762
100.66049580241653 148.38956645552747 37.60085023317383 187.10191815217968 0.0 139.80840362224797 63.29829744798382 85.22774371444395 77.55129146500013 69.11328005157323 79.6026116160357 30.635836693387205 116.06066006623355 0.0 158.58614394959773 15.062158310739235 175.5669667164255 55.80627279170412 176.12197130462732 94.49850305445717 231.08034651829843 179.162701370781 154.49681267602193 200.25566542922684 100.66049580241653 148.38956645552747
42.78713550956536 18.491596485397622 7.307248942594015 55.9677438977034 0.0 0.0 43.389547480142326 9.15007547470077 78.84605502869488 10.968964933039345 42.78713550956536 18.491596485397622
293.16144383186884 140.38969019803585 290.09471542571646 216.63786308466922 221.4072761168005 247.91949984955113 159.52627919397437 205.4630748888071 67.50071283195061 280.7350328491301 0.0 221.4786387360527 108.00182642339838 135.29086530893102 23.130480303748044 48.01479083517428 119.18517064394669 48.10601530385708 168.5657179743497 0.0 203.89034514764361 69.83291034287686 261.0963584330706 80.5496375239999 293.16144383186884 140.38969019803585
192.91533219460436 103.5714121153595 159.1378364420872 147.25150201256832 106.35349986021234 218.07568976893987 39.22684030377417 168.7455175133552 0.0 115.31800523311873 45.20285679449859 61.553741051395576 57.84553601318831 21.630413361016423 99.10975535143923 12.753677122246742 153.92970226491005 0.0 243.98286706691854 24.11765470375228 192.91533219460436 103.5714121153595
100.53314206986127 80.4173030771278 60.642170609052855 75.75860080443074 48.638201568270645 85.25500109547404 32.742424028406916 84.4567921959348 0.0 89.42560839548453 10.955106026680767 58.622606139057496 26.844465772354496 46.10488773399494 27.32677898538627 27.40957953801434 43.580401639171725 23.732367592687183 71.51899940865258 0.0 73.56077335140763 35.64184838506664 108.26039948315696 49.40517908488452 100.53314206986127 80.4173030771278
44.33738741670595 75.85545878525468 8.973359110281677 75.16872999443942 17.594025031862913 44.18713777221682 0.0 3.073650560244687 41.08315214931092 1.5795795938135555 67.48335801767965 2.2582897959477393 105.41849227827582 0.0 111.29145958885361 36.174920125020115 103.05719971287304 62.939681477047365 78.50477934845293 72.90351341889004 64.7754533380249 107.90067048790274 44.33738741670595 75.85545878525468
148.9371403008332 51.20428139922511 73.3886151933951 54.757173518325985 60.49821772230655 97.65317448503642 34.134533193490626 69.44070037270646 0.0 18.80449108590757 56.55108231446428 0.0 88.96049338495155 27.135263031658766 148.9371403008332 51.20428139922511
136.4939810207802 53.962451494106986 96.46553292607953 83.16313223823019 0.0 68.18386107323846 90.53376814801928 0.0 136.4939810207802 53.962451494106986
68.1298102049566 0.0 95.71905559541601 42.58407857685255 109.27380411127834 59.11237868701539 149.6611550361833 100.79622584351546 84.20410070282689 81.4349655108829 63.38961156133355 139.06738002142214 30.9899897627713 105.75855558749095 0.0 64.10484226933994 50.155271960690456 43.02023279446226 68.1298102049566 0.0
102.32234015783777 154.631014320372 0.0 157.77502553048322 111.5292354535492 95.32965473054173 85.12569135236987 41.66873320531217 136.08167205373377 0.0 169.18552237443944 57.76711885040563 308.0239401354588 85.70514658765806 245.20675229949907 179.46866993878683 171.0110359797991 266.343653050361 102.32234015783777 154.631014320372
0.0 125.79238142230886 27.774646940848328 32.26725740979647 98.41387526496287 0.0 174.32450302534795 3.2644452974125926 241.32712868101925 75.68439167339218 197.63957572514147 185.29285704198836 81.58112638653297 192.65632561949596 0.0 125.79238142230886
75.41370069980456 6.872700799396696 146.16683502775425 52.12694675015468 208.52498440188577 0.0 224.7322373693551 62.48146905016521 259.735599869016 109.64098484256606 243.81160635067164 167.1103990636509 171.703778603751 152.69984407369992 128.51576624702014 235.7999768376613 130.04540718275075 126.84676116386528 0.0 141.5717692938208 96.49080484968232 84.5236479489832 75.41370069980456 6.872700799396696
156.858101020182 97.6701824871153 82.8130440991297 61.271214395900685 88.77968842759122 127.38428090953529 61.70985054658644 107.5147151247807 0.0 118.2219394107096 16.782345568634184 66.89604536474876 19.37306448273707 29.670602340998002 52.49032583889567 14.422988643197478 80.66670315848816 0.0 100.78361664472399 27.373489215261216 152.23577129304687 16.89394778687103 127.46220081469828 59.43926244268283 156.858101020182 97.6701824871153
0.0 139.00841992624933 13.08300257560414 90.57999942098414 12.665752169933384 57.43667308972417 74.3987528380625 64.65516198461472 72.72116876813675 41.95539155876337 88.32235652522618 24.22226437747718 120.791016348146 0.0 109.91086490897166 59.15117657352158 178.86196261556998 43.892917477296635 180.2222548011662 82.48760009208064 155.57922582275998 109.24014504760686 100.93107301086647 89.49899109151899 108.40723834960815 137.65786325464137 79.84040760241749 162.51576318981697 63.369273062650166 124.67804728535677 0.0 139.00841992624933
49.12722905490149 75.1801670612828 30.300569940291453 72.01875843116737 0.9649847786330739 70.57780014142348 8.274818997056329 41.51989604595052 0.0 16.866570962248602 27.988727675733244 13.513667868615372 43.75783985095464 10.14688593090041 64.40507170651158 0.0 98.78162099324103 2.3719356377322853 78.56621342023303 36.38416179243819 91.77144459033627 61.409788977831724 59.913089921666966 58.95433537019356 49.12722905490149 75.1801670612828
30.385515569710094 56.50039247794582 138.29391630479552 0.0 254.73907105943283 81.59196933508153 202.87750106520008 201.9733109669549 100.03080102161022 206.70980625249484 0.0 170.27080180472097 30.385515569710094 56.50039247794582
0.0 24.396317972469603 50.367300318083885 0.0 101.04385052126423 9.390294149318564 115.02431348465967 86.59465439552756 24.776059423000213 97.37699945735696 0.0 24.396317972469603
172.88160509059753 62.2349749995448 243.44580295247295 78.27851016204252 362.08429873533566 180.58097109400376 207.09366025716596 206.17060951127365 147.45117282913446 263.97533293114293 75.70439017016272 220.571309807849 0.0 184.77968225953134 22.983407481903825 102.53301095933504 51.42106650217383 31.098126655709706 123.92778926011727 0.0 172.88160509059753 62.2349749995448
20.26684678999449 36.93966131049085 7.1599323939788775 35.80630851883154 0.0 22.249773463574556 4.168371960866338 6.836457480205809 18.402834198599876 0.0 34.69389320300699 2.413352947441254 49.40905804794596 13.799766520114133 38.57572640035822 28.8067051093427 26.951428657428423 30.260102123303852 20.26684678999449 36.93966131049085
129.1057913884703 31.123418159854765 183.48511364256996 55.97930092078444 164.4562182013082 113.4626351257578 107.75958084855858 117.21176036398981 75.70426775342213 95.47808778838996 0.0 71.52605998423569 47.43718195113473 13.341656515738372 96.89972759768332 0.0 129.1057913884703 31.123418159854765
131.70060561421246 20.603641541858565 181.07013007021308 51.434312878258496 231.236367816269 80.82265363788896 277.50969061464946 153.5368180963052 220.84441562930388 213.38675778003744 143.88007425533988 157.38789506687456 118.26604161588398 156.35134237413243 0.0 185.04256115771392 46.00834497804462 97.84440546346103 39.26887247663868 0.0 131.70060561421246 20.603641541858565
27.793324408167635 6.710450075233638 54.850614487224846 0.0 41.092928441058135 24.556876482517794 17.246749258816195 37.18969845380789 0.0 9.490506573601493 27.793324408167635 6.710450075233638
23.886420308720943 80.46176239168358 0.0 24.577771240643635 55.0604541395532 0.0 94.33158249931392 59.335355435103175 23.886420308720943 80.46176239168358
18.4572261646625 55.01873639574383 9.076919573108427 31.96498809111064 25.968976521592296 22.65652229338786 50.90431085176773 9.180204400204723 98.05817583075361 0.0 87.14517943838018 48.88158460351403 92.36276557271202 76.98830058119636 68.37523409225071 97.01360005090795 36.2844129549224 66.39371752288808 22.325270084456776 97.10059103849655 0.0 90.8238580792134 21.632499758278215 63.19824695226663 18.4572261646625 55.01873639574383
277.9642224377382 168.5032834133419 196.62529157039734 170.5677035187173 162.40864821382394 175.0496612528722 0.0 220.93368441448575 140.40463593075924 117.02032856206742 119.3267059000002 2.9254460238161215 228.43634011153074 0.0 327.2575614847165 60.72898131458666 277.9642224377382 168.5032834133419
130.83980403421015 24.735163066052294 113.9062869430784 64.47956828684057 83.00903468166126 74.10670949440266 72.4908928978228 91.71725269267169 46.78456356503935 103.53572225841891 0.0 104.8698305976301 16.075923684569602 60.942237665024976 37.43632631362145 43.10284627932374 29.111841490913704 0.0 63.1045080544486 17.54930080635119 84.74524567098011 23.146935375062114 130.83980403421015 24.735163066052294
271.3828605603169 75.62179374669549 154.44998367353423 190.96523037228766 64.2940692564192 237.09051480355913 20.83679645790137 152.1211675985261 0.0 94.87588542684931 28.08195981939995 16.797663125777063 132.54043726712848 0.0 271.3828605603169 75.62179374669549
0.0 41.48349839365919 30.11260253136581 18.756479732965786 46.75156786467355 1.6735125893602714 72.39915837887794 0.0 82.95128802122207 21.212016527603083 85.25523817042767 37.68978381222938 98.44978329658011 61.397150786881014 73.77956545388294 69.87630703824325 59.5234679932838 48.305281848962295 22.406000660361222 71.72853111238467 0.0 41.48349839365919
174.07168149876298 82.84348532748281 251.81238603068775 113.86014643070651 313.6971084025736 210.71705189898134 207.26468944308107 258.6706609052181 138.8118589785788 275.1515782391498 64.33170016244677 299.2171260307963 20.238968812466382 232.40413893495634 0.0 168.94063687918907 49.435996653315854 125.88381060087224 65.83600486943965 72.30104974070278 128.89742263472024 0.0 174.07168149876298 82.84348532748281
174.25386380466992 73.7022976376375 230.78358491910765 121.70866652851305 211.69792423234887 197.1715369933106 126.50272041307821 169.353205042463 78.61374115803974 182.27721117392105 0.0 170.53527177291534 65.83956896666291 99.88122094238558 4.8007393863379235 0.7956063042585981 95.51802328994467 0.0 151.1915551846181 26.39109655394698 174.25386380466992 73.7022976376375
78.26531847640625 150.30584815895065 35.853549335098336 168.46186514153135 37.38423015932369 129.23972261617206 52.86024313615707 103.45424551854344 56.71465523706016 87.3907779416165 0.0 19.848110770837422 73.75260604997388 57.53734828273792 88.5514585754328 0.0 115.3861285776072 37.72938996399257 129.59123447373526 60.163483084152716 171.27264111503365 61.31643788365034 194.9875315031024 93.95255500974999 209.8876673241245 137.24025997588708 169.20952626804245 164.29271614074548 139.80804353903943 189.89314913391837 100.3334058442892 163.63986563886687 78.26531847640625 150.30584815895065
257.0075985632784 0.0 230.75154628032507 94.37974109748268 222.27239179222207 122.53578171824147 342.2141318538918 162.8425135031827 274.51427399725884 200.39116665878095 211.88381493473736 186.42167606159578 185.74063872874402 195.5199548044825 146.98002456335894 231.9480083593778 107.68708351668178 212.30407380488558 128.95724142107557 154.17592700164334 0.0 132.0458862390424 79.58456440332134 85.6758814745898 140.98438388960452 85.88679483303548 169.1752746552188 97.79247671397849 188.91276954042206 48.11714528824106 257.0075985632784 0.0
355.67821937963436 99.2649417466026 231.24305922285302 152.4933948751359 188.19341752980412 163.3188157970105 215.85802149725316 238.52657308018289 168.8793272949426 245.5704190701402 113.34963454063521 296.0365140316877 86.82417757098887 221.20836530567365 32.1938598473007 209.33391430173165 32.54123671879728 155.05753876762353 0.0 101.7502987325266 45.230729679064495 61.32062846656602 61.308060554137086 0.0 126.51277033964634 19.40653111285721 161.71591112571244 59.29578839228988 224.5489353638781 18.99359918594581 282.8607083064685 46.189266547121264 355.67821937963436 99.2649417466026
258.8316544723042 109.24892654059303 347.0256955752271 204.54861839609666 220.42649074466277 220.12801013356565 164.30377649972837 245.82298347140798 128.00687575753318 189.29871953085726 35.047234886474286 214.8289543375761 4.270077338968889 136.56095786397927 0.0 34.38321352518261 93.98949698413722 0.0 162.9084808048588 63.51644580991102 254.15584801533282 21.04830757735732 258.8316544723042 109.24892654059303
0.0 141.7296159234043 51.403426283727676 54.04173506848096 102.97818363439437 0.0 220.74485787775853 12.493053339704701 213.11223639694873 152.8163663867239 99.40805888254758 123.42456463575078 0.0 141.7296159234043
0.0 62.50632865743735 31.900523409652266 31.667142043665933 49.31421281833974 0.0 84.19886141965462 16.30537441690143 123.97121983310984 18.020592456053222 130.77414091810536 53.77744464333374 127.35652273568874 91.77082954987154 83.18812342276789 83.87277781496289 61.57883070170823 107.99275765154727 26.440568223208345 98.17782179232958 0.0 62.50632865743735
89.43982435191911 139.42995722647714 0.0 90.83596297952629 70.21136096292915 0.0 194.63412163085303 3.475721748147464 176.6817101952349 125.79321007095291 89.43982435191911 139.42995722647714
101.84539253228203 78.49836040501535 105.80830405719337 0.0 173.59674891338005 58.745636168877766 228.7988372143549 19.06078368861523 262.5264974153604 65.02102688376365 265.3845564286901 118.15024717040356 307.5605058303996 193.74484565336803 237.73687636417503 231.65861421951826 172.53448132187768 230.09245505029799 148.00387304001907 163.21387910783193 23.463850709280734 206.99620876878106 0.0 123.69472616255837 101.84539253228203 78.49836040501535
2.841184418122779 118.67339930110012 0.0 55.41210736680245 19.635743455489063 0.0 78.67091555979823 6.023734269964152 121.766016159884 18.70420466441538 182.6105584593035 67.81560270495422 112.06162187831043 103.43132118524375 67.79027731560672 152.74268075335232 2.841184418122779 118.67339930110012
191.34926524785357 125.04489572466655 178.18406412033949 188.8443707671292 117.90438302040911 176.55370975185537 45.63467267583367 166.71142312126005 89.43393375089181 95.21995046779406 0.0 7.826423850854525 122.80610238802177 54.20061498390714 158.96597670241425 0.0 192.7809918917041 45.1140635311355 271.6318228420458 83.32731794651701 191.34926524785357 125.04489572466655
50.45268410218245 93.63470109238361 29.061349201151565 94.84842269378527 0.0 91.7290658519031 15.779563063993784 59.24157596152639 8.07933492992315 40.72539505965552 9.575283114320037 16.753303561885666 37.501189503493 23.08067623682644 51.150621425340525 32.61087920590452 67.86354830506741 18.03200206545656 119.10996077559693 0.0 145.33751390630212 32.58605641356899 53.235520254608666 52.48165953244129 69.78130468133617 67.32834108095682 77.49610843484732 106.21650722938884 50.45268410218245 93.63470109238361
104.7149088407342 98.72120276219819 81.21436130956343 115.1096865041833 54.0817875979038 105.51231896409472 28.512467308140856 101.84131715835342 11.68395621646971 80.88470262981458 2.0913138681103476 55.98390841594406 0.0 27.055396812178017 16.889468360492003 0.9607106476162173 58.07865041966488 32.99621415794245 70.10796337412091 10.347329734117011 99.91193431599966 0.0 107.6959124629107 27.695336040292688 121.60229339465172 49.5288637076075 145.48655856526142 87.21333441707357 104.7149088407342 98.72120276219819
62.521645668006265 26.005572058993636 53.44329500390419 33.128788149181304 69.32897065844904 57.46625960757699 46.602448274791506 48.297426354115785 38.29517396958888 78.04927522436542 27.02856156575404 53.90612734637891 14.831340998065691 49.54591339249451 7.588932223715723 39.42223689359851 2.1936606654767346 27.487986464601505 0.0 11.724857922537836 21.666520813110587 11.084249338270482 30.439565965827704 10.669084529404202 37.25712704519433 4.672867106631699 48.12519656059734 0.0 56.337254377593005 7.0472508960726685 83.63854636828108 5.906193486241719 62.521645668006265 26.005572058993636
81.21196614432012 29.206978267496382 65.41328321128628 52.25107989626231 42.444562814801515 56.85578321647144 28.2810713785868 57.58003461807493 5.646915772161478 77.66309605464062 13.617607366139424 43.09826528245941 4.330483705256626 36.27812982296105 0.0 22.710489647614196 10.195801696855227 11.895179364416947 23.771607910094744 3.48831493387587 41.21884999809052 0.0 50.4316385758237 16.88666819773954 81.21196614432012 29.206978267496382
161.41947692566345 137.60825161653946 216.01085161594034 218.1131334335725 165.43122207137606 194.2991314759816 119.58707282225853 219.38832532176522 115.29450055391311 166.94800494058188 69.17485684414349 140.25668597516656 0.0 54.95648099303186 75.8443967694325 0.0 157.8345243843988 32.59800464351734 195.4883464233334 69.82053106768703 189.33462375629705 120.20037189473959 321.8054798389152 128.4543400116974 161.41947692566345 137.60825161653946
217.10639119975878 69.81029743902494 198.25097698949264 142.7224612158288 72.49194660068831 190.3920539697604 0.0 15.081392525968425 163.5108941529234 0.0 217.10639119975878 69.81029743902494
26.115897155765396 28.67369432998545 32.934896739440546 0.0 31.52960374259493 24.010434362417712 48.6989262722401 20.170133886298387 66.70256849540564 32.21344712624351 61.467436818097525 50.50284287542203 43.97458326294357 58.29303943493315 27.63867913395633 52.26231190064773 12.162093520954159 62.139848599544166 0.0 50.82827703407155 5.607512802492721 33.4575982124133 0.022701146173744746 21.784134310571034 14.148781057081976 17.910190003558625 26.115897155765396 28.67369432998545
0.0 24.675879493878774 10.88046731454449 0.0 55.523328052577796 48.16262051034253 59.380939148071164 12.260591636724293 79.9210530542993 5.308265637754516 78.20377659668131 31.09746606368565 102.16241606142538 38.430456352020606 117.43771523054204 61.2513886900905 85.10672759390081 69.66721076428587 84.9157135376702 97.7322375897927 59.43796493491989 81.4516476754471 40.21960567583041 98.3346166764099 44.92459611623717 60.373417296821266 4.471353598546372 71.79753498419066 12.17303049301973 48.5484902178571 0.0 24.675879493878774
222.65646872237267 219.28726229954017 145.57458577438587 212.20307543325757 0.0 212.92989887742615 95.9629865366896 89.50937897533385 161.4104888726883 72.20818542555442 195.31348715703155 0.0 265.98956192087087 30.73326980146669 345.34677905934075 95.63047157455297 263.6557982866274 158.39078534692746 222.65646872237267 219.28726229954017
115.27674333841733 35.68887688707848 144.39326328078275 35.42969480215561 181.74678062364111 0.0 191.928262811409 51.59659149558832 238.20484361891673 54.166149695705954 241.26424328224672 91.4351856071076 286.9470161378556 138.05201556702596 227.81299614657544 158.96853907996083 193.04301633442728 171.7653226131094 168.64023775356128 220.24093513401357 129.20227854683253 193.30688642457218 101.37593155424362 169.47189685918804 63.41788296454345 153.93604456756478 26.05349001991968 120.12292129001054 0.0 64.0660723805423 121.72101341492855 77.59761511508808 115.27674333841733 35.68887688707848
216.60661490194633 81.12959057134715 212.91623977175811 121.74261974139304 238.01617515686002 173.49387675359955 185.1863031111046 188.17650657714304 150.60464261943537 198.16735801424744 122.97908314659668 164.7119849557518 61.35645316033981 209.99972129675675 57.38160408436076 156.80251517336438 48.1755045814281 120.46815802245193 0.0 54.822705015206 77.53845604452312 49.43803774897225 106.85539051805713 0.0 149.47035784118907 49.400733550357586 197.89171213645236 37.76148681744931 216.60661490194633 81.12959057134715
94.1625978629103 56.56335713853039 56.79373785039877 92.3119741158372 0.0 25.88592769759785 85.74572040827417 0.0 170.3214807903532 20.46853613413333 94.1625978629103 56.56335713853039
0.0 99.5240620957803 58.050675712906724 0.0 173.73342052748234 41.72909252059013 139.18172690676516 143.83517853290886 62.32933466445199 168.31974431606744 0.0 99.5240620957803
57.608890284472864 12.899435852722888 96.12536674108763 0.0 140.00427576548208 26.193423863185203 112.0304619729148 64.88487187284832 85.44276688828535 91.84506713079048 54.788368342752804 71.3254957266206 0.0 38.40279147489527 57.608890284472864 12.899435852722888
26.353633381942956 1.0044943930941628 55.05536490147195 18.703881647341447 62.529421797189826 0.0 76.71461846515194 2.9459445265089528 85.55259250148382 13.939715976359807 91.6959379385314 26.70837936762466 122.26860119730841 49.97796334655813 105.81764169070402 73.51856750032253 75.3840407176327 70.5907847787979 56.810940422244045 75.85516007851096 45.42988100876393 57.28238249426013 23.1548793030056 56.310061231556745 0.0 39.76443622652657 41.557583151820324 26.158669436641873 26.353633381942956 1.0044943930941628
96.44614382200378 188.88480442470131 0.0 181.57404365977374 25.01747138667845 88.62714630497722 92.6615815391731 0.0 149.13594442363456 90.14270339924227 189.72467646194036 171.06733671795956 96.44614382200378 188.88480442470131
0.0 47.549711913662904 143.2873675352506 0.0 264.3768630259742 127.5311804289935 76.91726336789594 207.24893836201602 0.0 47.549711913662904
45.537375329039094 0.0 141.07509137398995 17.070192342069006 257.32358373866464 23.75369476003989 193.0760830428017 137.8156290995517 227.80590767303738 224.89153495831286 137.29469580981748 238.22830298691707 69.98243401297707 220.95759730386132 0.0 175.50752267457952 40.58768049416233 103.09062984637525 45.537375329039094 0.0
0.0 23.85575065555885 36.036410436544614 19.019270001206365 45.98495814786604 0.0 63.461289261513244 10.582196669268413 68.88245218896698 26.712122020760447 68.00139873295358 43.6847527248533 59.36595744364823 65.60433573799143 37.45418877980529 56.60537797144647 23.866563177961837 44.73999710782037 0.0 23.85575065555885
0.0 14.425175485095025 46.01998034606814 0.0 103.95452520358293 14.788400070491903 46.24731728609315 28.032814062496826 0.0 14.425175485095025
41.93945849722955 16.811115137080634 61.462082109414865 18.352280231592943 61.83139927785818 35.7285013810115 68.29299195193715 60.202443173407005 39.613406629720416 52.79848465863459 26.18670860833096 67.05148243818795 8.310824650851487 59.2191405056295 0.0 41.70890380938077 2.2830844806344714 24.102318988294655 16.516626670801998 13.53499594269691 28.986963147216954 0.0 41.93945849722955 16.811115137080634
38.91908591874031 174.9823014011863 0.784410381178759 147.27609168785054 37.0436488563019 97.31315248412066 0.0 61.46343163648342 39.761908758292634 46.40364874643437 63.930695810984204 0.0 99.10340672251715 38.37243237295941 109.10946527961923 67.37303940531221 178.46986636720612 80.98252000419234 167.88453509545315 131.66541239647916 123.35797474399988 157.98205274074778 78.12802624736545 120.6758573191789 38.91908591874031 174.9823014011863
0.0 119.34291689858236 74.02181110825609 77.34558235802388 103.33367447327231 0.0 169.75306676834245 63.681474491899365 272.1672831100497 38.59555522740759 345.29817713608145 115.6018214255766 316.5827628995057 221.60718281242703 175.01925308313784 188.67982636067248 142.32222544708966 336.6924674282481 52.385515382597475 283.75619406636997 5.732936588868995 205.75240284280807 0.0 119.34291689858236
77.59763666520726 0.0 55.02689806897841 33.904995511589064 57.08024520501753 39.81094687260027 70.68135152167619 57.4795598564024 55.51554284287643 63.46815782434609 42.63645603955048 64.33204507255076 38.043634129598274 48.05567944684201 26.03119325838344 49.96765911569668 24.977776041738267 39.96456998720417 0.0 21.521843773137462 21.34833967823576 13.423961193439851 38.52013189903535 20.341547919731198 48.531520448276595 16.98246735639981 77.59763666520726 0.0
0.0 22.272026214029808 17.66504620108458 15.160830920154822 25.07541389943124 6.419086154197288 36.129824180255014 0.0 47.87827069946151 6.552005844306819 39.5424826935418 25.075840726750613 70.52448051092958 27.28093914855657 56.74785588181069 39.452269644443376 56.00944327814432 57.534421688696 36.30446217106609 41.04571000696161 25.900947866143497 54.38975564505553 11.986961066036699 50.26964067453062 6.477314741969124 36.563621122496656 0.0 22.272026214029808
70.90390419361817 32.30556421566611 133.3189900808216 72.60358457417476 101.29441584102493 91.06201230397852 67.79345619558484 66.99006339659289 52.31804491399588 59.42386777302001 56.19661086942429 39.145216697798745 0.0 28.996948846173453 55.82104731869586 23.844496261810065 59.31986030733319 12.926371288529197 70.39327056445137 0.0 81.51214178446976 11.551182809234277 104.60614452466511 12.222757570615698 70.90390419361817 32.30556421566611
124.78295101765376 148.54765863149237 93.32205410969124 135.9450640674608 47.25385474846319 144.78839161204303 0.0 115.45305768481067 29.46836288425736 64.75397491346507 43.939325489038644 22.983295853009736 91.20308154495409 27.062572052197602 125.80463704835377 5.087715142029808 187.14076700303912 0.0 151.37179174986915 70.3937151370211 142.0310448573548 91.17913348894369 171.95037266954273 146.7079725709217 124.78295101765376 148.54765863149237
243.71226146468973 256.9856246462076 171.05995598267862 247.0748830463431 105.58083328354039 294.26000359576824 39.73133074028695 261.7238856213389 21.301778979201885 190.61804444652756 0.0 125.36674747422795 42.21935702806067 74.5484515616351 104.1135620605784 69.13265004579853 144.70403180142227 12.671055712735352 216.44232570743955 0.0 223.59415814406918 83.22950597320221 309.56400765354454 118.36803780906715 253.9175019610259 183.77934724038502 243.71226146468973 256.9856246462076
131.54399386858748 55.23857472052146 68.7762221934747 65.59703908341169 54.95829632190124 67.20102726540591 0.0 97.69837988438655 34.06214229543493 49.29853928793022 34.31366753023298 24.981730474190208 58.47348431960699 29.25361867744727 114.82371596199536 0.0 131.54399386858748 55.23857472052146
76.07748128901952 52.014187261238945 67.97703901773657 54.26728000890138 76.56207329698589 73.17170578573462 68.56591975749281 89.9814976854963 48.636935968279275 107.48375528993515 40.14068118180752 79.52272602117282 19.36389293004924 77.77779979056479 0.0 61.86027527752876 50.16240257168508 47.136338824838475 10.273708479190098 15.543970898658245 44.44759434057545 24.70012719628977 51.50329858825879 0.0 61.998178761641526 40.244356512838394 70.26314369635276 34.65563107644297 107.96405923989187 17.620727021244747 63.38485311356571 48.3541479113091 76.07748128901952 52.014187261238945
63.85636886293284 19.125689609372444 71.37724223024917 17.64217061017594 84.10907848979156 13.175161053609685 109.75342137060711 15.842264460877942 133.96993063262641 40.82446122857438 111.6561600054733 64.8962198160551 107.21226813772482 123.07125706187966 64.05226792468578 73.1319017018773 30.294811545520332 81.89018688270679 41.3373490852167 44.09876233196597 0.0 24.71405864132268 26.277031703065845 0.0 63.85636886293284 19.125689609372444
81.85680497810583 195.9347805001397 141.68277522283725 123.88241309900663 0.0 103.0679926367191 88.13048086684282 83.43050792952991 87.86977781857387 0.0 153.1866502215175 42.720051525553075 188.30065638688984 66.0920926036409 288.1570325426053 67.66482742145094 223.81995714249453 138.88995445969874 258.80319000282833 222.51025792233406 191.62310316689107 259.7801963869232 125.30946083901266 208.62597536893077 81.85680497810583 195.9347805001397
276.29261931894933 26.509006012389328 184.21733511821708 132.4408774800367 119.78427149437661 67.4412020123121 0.0 97.15666305149158 60.53771633312863 8.782481547613934 134.66617950348467 0.0 276.29261931894933 26.509006012389328
214.75631115717124 167.90058625511324 170.6083998834472 185.95823701283467 126.08885802782848 172.41107979924527 102.70637826789383 159.67698094336208 28.532495882908847 230.19700070884244 0.0 178.51097026631663 17.82391107225942 121.74248025880841 66.10246497061812 96.6950059930102 65.09855907817303 70.94318851795067 111.90932081102841 110.63323139766148 109.63430584411121 8.980125724801553 156.66842386937816 0.0 174.2292954481663 52.00693033709828 135.24826593322615 102.67627416835579 247.58702483751836 124.45233830411158 214.75631115717124 167.90058625511324
104.50730555959602 21.06298138345744 202.72577957802912 0.0 200.0512320147589 101.0183551608551 183.37818325752346 164.46600610245235 124.87034079553479 176.7271706951352 67.88294338392254 175.2426484292814 0.0 125.6463799831856 12.814202310211016 27.336629321698297 104.50730555959602 21.06298138345744
22.230809222903133 45.10934235526497 178.74417309105684 0.0 124.69179714969783 159.59901293975747 0.0 142.5262217127683 22.230809222903133 45.10934235526497
0.0 33.634977551219805 83.03717523926395 0.0 143.91142007765683 62.78760876905897 155.47387497351707 100.73490763124865 236.31632342791346 124.11716711830405 239.7712554479075 208.20491596692153 134.8171751050769 155.83558437772717 94.56034838714204 220.2980690707094 99.97861542445426 140.5995449308269 39.42257288569341 121.72936590310452 0.0 33.634977551219805
81.78306260621535 150.27293816028333 40.70926725598364 129.81794469717346 0.0 67.50934177324051 37.99859557828924 0.0 113.285942995404 27.694458935712092 156.36913772213927 54.980314687291624 204.5930168538813 95.86929908555707 139.55481094572838 128.27507947938028 110.47475870010378 129.1458724730643 81.78306260621535 150.27293816028333
39.19015367796345 63.09611439576969 0.752789232057637 63.50615671981785 0.0 24.513219708250347 24.914441007534904 0.0 49.999643593911344 14.6954847776193 74.57933490448681 26.808166241178313 48.128938359432965 42.25846861930101 39.19015367796345 63.09611439576969
61.588439341892155 99.68985901919548 0.0 0.04692950478160185 90.21574985882168 0.0 155.47855073864184 53.211064549339994 186.85391151742652 35.49469746091262 228.7018491528217 36.76163332962889 220.29534804180133 91.88593646492679 189.5135079986149 121.9557590187509 276.5874791355488 152.74332397105468 244.3338004408704 181.119556516692 225.801902437296 222.3719690453296 183.9080181425187 240.00605681141735 135.2351308513045 262.87692432898825 142.17562223329776 161.23966446805713 80.91715872499685 179.20802488466126 167.9634079963609 125.47398583613746 61.588439341892155 99.68985901919548
0.0 33.942484301906745 15.202693204074066 11.46612035336615 31.09071279085869 0.0 49.69434143179113 3.4154869747570444 66.76854842845201 16.984727618263292 78.25642464456796 47.710988381975156 46.35993234474374 55.89913243770707 21.73869615889437 51.3076633225448 0.0 33.942484301906745
51.64048484802311 85.27903239951414 36.08262110053323 69.44261546990745 0.0 49.11597605114669 6.399119182680579 6.121971705727304 50.040625720894525 0.0 77.69470562067332 15.732123733046905 139.34252703521585 1.7768740670620389 122.93401175816176 53.81968516126493 126.41257442339383 101.9944990567322 74.0342760141207 87.98937698727181 51.64048484802311 85.27903239951414
