100
0.0 77.4380270495134 119.10247609628688 46.55024538482598 200.60898466915359 0.0 258.928459079243 104.26413764362124 173.0947456783133 161.66973620909516 45.47555672933933 232.62637880562937 0.0 77.4380270495134
76.510079209734 43.742237217803215 148.1175602238301 90.00990321555409 64.36217572605369 104.12830497215495 0.0 81.24014077938673 20.85873112744997 0.0 76.510079209734 43.742237217803215
25.234393759644888 95.93318708550761 0.0 83.00020208975214 16.16107325443356 54.837232028491215 0.7942292981898049 23.461461145144312 40.9364539023954 53.454410204131264 64.06202254220219 0.0 81.35652407868729 30.263353661219043 100.99253964107467 60.68770855780727 76.83685076889432 86.41902884717895 52.57574083498655 98.8672603555775 25.234393759644888 95.93318708550761
254.62120863641587 109.50420297445011 190.96664885874753 233.160761690728 111.48102835214627 113.35426345225815 0.0 74.38634571861256 92.84698329184351 5.311493133462122 197.09357149399494 0.0 254.62120863641587 109.50420297445011
140.52760268701434 57.42170737781336 121.59750005899134 130.2828225834013 56.77208210639992 121.64606849073766 0.0 101.86429032091468 19.11276892473709 36.379975625862244 85.40424420314743 0.0 140.52760268701434 57.42170737781336
66.45053573651646 131.29226542093426 58.086125099613916 100.81311295521634 27.90094771537862 78.25099846545132 0.0 36.268770232839245 61.15120263988971 24.57820320270033 91.30226779450959 23.697384808890085 110.36496217384553 27.648352760651143 125.93032208475282 25.618438125529657 165.8833490814642 0.0 192.77152908015236 20.459646251362756 153.7693585182033 58.71525763101188 183.86692990585914 82.1586368840538 158.05737981987156 96.82339667553667 160.27349390317673 142.3027927822523 123.28073311320271 122.44170261262825 98.82049739194149 127.7580966779556 66.45053573651646 131.29226542093426
209.6737654194555 54.781073825490935 228.6212780668196 105.53076255101189 190.59559544445227 149.08591383429658 263.6726206839936 216.36831285829936 189.40239658421578 217.29195732672846 146.98986824381956 256.37554615921476 100.17438862142933 228.988683696547 68.57912968682092 192.22500615410812 0.0 138.20491399863636 118.55357686058488 125.77806680537135 73.16145688243176 0.0 158.04130588764556 21.15660769471664 209.6737654194555 54.781073825490935
54.66763512370605 19.76779367381795 66.9298469138813 62.48791130531728 20.19609157770681 64.73460425202472 0.0 31.51060011373491 12.266184751015246 0.0 37.30477645733009 12.388979495230089 54.66763512370605 19.76779367381795
101.35778124138857 46.79267678605315 159.61451709467323 46.13064121392331 186.77416929309797 95.40531439804923 227.12910827450517 161.12883840121336 149.70051922170816 181.61697277129753 109.88834349013979 172.2420181137452 59.8315703291186 198.9373711865356 14.309441898987416 161.46284394247888 10.154650833922148 101.42252139264815 0.0 0.0 101.35778124138857 46.79267678605315
118.45039122510406 132.87062084310082 86.17773173322281 172.34466736343603 36.82259559804817 164.0343831855139 86.0430075993939 99.07520157598388 0.0 70.44615064645622 43.37533498738276 35.567815455431564 73.31976929243251 0.0 115.55958865255803 24.04263653655785 155.63250298082886 17.496031650076603 206.70594828305929 34.81949631835973 149.09778505205458 89.02761459854129 152.12583940485143 110.43627601878181 134.81366373878626 122.24008726540886 118.45039122510406 132.87062084310082
30.978495090551803 22.72823393864816 91.87228774103171 0.0 121.96841564831317 74.54257245047464 149.34324829396485 90.69971514396927 194.97448366639406 136.7525057597834 148.06376053679486 173.20778031109575 98.24505720681007 154.50002047236254 56.975160370908064 166.2808740164397 0.0 141.43658471890367 97.56222370002091 109.63199608768025 30.978495090551803 22.72823393864816
57.857228857267785 26.065263884976538 84.59034555425072 0.0 101.96401255519453 22.998429034315095 117.52420729562407 43.07274591229297 106.18209787474423 67.77726238411822 93.01724430238207 82.64290553120972 100.46629503685939 114.33014455135199 69.91581734820159 102.0400400530743 56.348505676156066 95.1771709515643 37.254205987091 103.87962823805745 32.60456101326211 85.76426271409858 0.0 77.80863762057372 21.581238054397545 56.81786258518454 2.904741206219853 19.163346343440615 27.951506957382094 2.895582518972219 57.857228857267785 26.065263884976538
148.60494677924706 30.145223438029717 187.96869361963502 20.18751499021353 225.98262632573847 2.902846176837855 274.4306179100164 0.7070756687413677 274.7575739004301 62.01297680764105 338.070618226088 73.3168620414109 284.12355435152324 117.46761448271779 354.7010876089463 184.78612838848545 258.99910892137103 165.533033574554 284.2174748192964 341.6261746792689 202.89948808841632 243.8200775771012 172.13849463374441 195.87223019655477 130.80554627993052 182.39514227775197 47.937396176987875 162.1662214239762 91.33240123594342 100.5931884573053 0.0 0.0 148.60494677924706 30.145223438029717
117.76708898628965 102.97523818868744 89.87422891855903 114.45400146592404 65.40434454247442 102.58840997781907 40.59995640077692 112.26968140171756 7.556606134653606 107.32595189367093 18.16190620412192 71.73176981056416 22.145931629098442 51.45486869194454 0.0 10.149683330366251 52.51961429687117 35.68304378209754 65.79184697623758 0.0 92.17536318934803 4.813121310709455 119.53570061205843 17.62872638722905 107.14681376052812 51.19420475995467 148.64497565449742 79.64259175221822 117.76708898628965 102.97523818868744
27.13203774871883 88.33844733613923 0.0 63.904187859537984 24.19742567694749 39.1276475291387 38.72362083950871 0.0 73.2407405023823 20.26786955316404 94.72643379873799 37.353699110708845 116.06734422990903 63.3197979021389 95.43026698265396 91.56095307379124 72.49135075581287 112.4083629765783 53.5637911358192 81.09616165487925 27.13203774871883 88.33844733613923
89.83113644273547 3.8227077278125847 120.66249789290661 0.0 144.12555490985983 22.14973328128373 180.2860258727818 18.36809490248718 228.760007897396 37.59009684948304 196.4586810408726 80.95024375463285 157.96614330791198 95.27226958720115 178.86149740317038 149.9380616314437 135.49211546194255 130.4844148137659 98.38238467272639 190.09830747058822 113.88779513680991 86.49011774568453 7.015360541147089 141.36707815992355 59.60420334092578 80.392639757785 0.0 31.266331013197266 65.2278222892331 22.687892649172525 89.83113644273547 3.8227077278125847
57.140238492298295 74.78186210234125 9.989629832956261 80.85175653445712 0.0 18.587466021994956 67.03167943992133 0.0 100.44625013155328 54.16312025847844 57.140238492298295 74.78186210234125
0.0 0.5220115517984283 70.24361571681929 23.719198015565517 114.53205477875908 0.0 125.85449138789967 46.74017374276185 163.3087464890345 120.64642033698524 84.91617943367667 119.90040767346034 15.980216685045612 134.67856090912508 11.041203339094963 62.42544841253433 0.0 0.5220115517984283
160.32593648975677 7.203339574659644 171.00615772655118 74.93770322277312 191.13733977233028 175.10153023098928 83.35651424870713 116.86715583709041 36.80943898695428 137.7468914636732 33.942211305184 84.14628592755311 0.0 37.5476961497658 38.67060947842381 0.0 85.68119549820929 22.38494774496889 160.32593648975677 7.203339574659644
87.61935704890124 82.15162288151346 59.5687670240216 93.3532708435112 33.99429402881185 76.65931335433997 39.61690483350614 40.70718644139515 12.688342451627562 50.774263584363425 0.0 33.66475378158488 10.943815848256037 16.56738868080879 31.829711807384342 17.158440489957 46.437176774436296 0.0 69.0437359010669 5.016609593872971 69.22818508540794 29.510790018254383 100.14064536264746 50.99815561477196 87.61935704890124 82.15162288151346
0.0 81.29592978063648 59.26846270825244 55.75464241835397 96.60936062268671 0.0 122.47606425411135 56.315455836754 150.12056553284663 115.79173377618129 87.85112330569044 123.03919297118149 54.52815168722553 109.10811538405675 0.0 81.29592978063648
85.27433024416091 120.97055869827925 46.26535266433335 135.6850470470094 13.075069519953132 112.34758362443729 11.536297983940699 70.50087099181201 0.0 27.94510049771305 36.47917300554542 3.871312260678195 77.25848709399659 0.0 122.18036467033708 2.4844339297619413 106.48750249504288 54.66287069142905 137.72588412153917 81.42487380687997 127.18027622811934 121.10468319386841 85.27433024416091 120.97055869827925
125.09369955591052 96.32126659864338 131.05139469989126 132.15148920897764 98.95856472615893 140.6981876575759 64.76340384622958 149.9504232275213 41.69431651972155 120.69381261858965 0.0 90.01709041432922 57.14028479039331 67.68169513999688 57.71453861977275 20.773794423075756 99.21872955734564 0.0 145.67086619833424 17.04092505426351 165.05933535300244 62.77499143411039 125.09369955591052 96.32126659864338
23.24474491226607 98.25213650026238 4.795563574127684 70.30956836860817 5.197709417932288 46.1125500225622 0.0 3.680959957996926 41.151839314340236 0.0 92.89601752535637 9.244416151109263 104.4198076415104 65.81774389887701 34.54761090680741 54.45571475232184 23.24474491226607 98.25213650026238
0.0 42.06196405029885 105.76828915401947 27.404313089425827 166.8265573170432 0.0 206.53653956937148 59.818924270319215 196.08869810876712 129.56183018090286 131.52687904429817 199.0036924791869 75.93010559337327 119.92288860666385 0.0 42.06196405029885
51.30347117634369 13.4683824479674 51.675201486056054 26.824725424560967 59.950296666807816 43.25657696698859 50.07500848251878 59.56194751266321 31.77784881010996 43.533399486437006 16.741648029224237 52.42797172235484 14.009263361075767 36.978259989374465 0.0 23.550538034567523 10.58146752607827 10.265013811361328 26.48476306846311 8.434970820037847 41.412922758583846 0.0 51.30347117634369 13.4683824479674
153.06442151129647 56.41182928758937 107.16897188539458 94.84192501524127 75.23050540800432 107.71564781360036 56.652798222618756 82.30159174297907 0.0 44.326208300215 52.341887679108666 0.0 115.28574447494368 5.533859874632853 153.06442151129647 56.41182928758937
84.6976025206872 2.839593256960832 98.44851446762775 41.48491674396048 78.29925208768167 73.73286334491156 38.256387547762614 74.69872196275777 0.0 37.38910765655642 39.95888882365594 0.0 84.6976025206872 2.839593256960832
139.69179812300774 45.64056500087852 157.405557065793 79.5092381922026 190.4162054436389 127.40636337863519 132.71654102763156 145.3213325304792 77.40365753244765 101.6698672730168 73.93184599602417 134.76593526844334 56.01953238273529 131.55393463398008 29.589757420918062 130.70865856627512 7.906760512689317 110.82776383673722 0.0 80.03582782563288 19.210243279624848 51.79638136854703 63.8534259578708 72.86666135035344 74.71360864985549 0.0 105.61078772485432 32.96153504479298 139.69179812300774 45.64056500087852
46.931931938949475 65.91482730051067 0.0 43.27863644718653 36.90964107498735 9.028044328200082 78.4113242735263 0.0 82.28838733713292 46.44104401793258 46.931931938949475 65.91482730051067
182.626297909368 16.031630455889612 179.8280644592909 80.49283761096112 209.09576026850556 128.2165156603943 157.36628997353034 152.28259946235767 92.90455478554753 176.736359885965 33.225264829156515 121.79244376008872 0.0 18.76245225506463 111.75373527488145 0.0 182.626297909368 16.031630455889612
82.81672838555596 72.8989132645786 61.91054751654489 67.91614131490056 52.921117369925064 97.67732413958527 32.69206294509862 94.25140159667939 15.808778824836402 82.1972794870893 0.0 66.2043652373437 3.514700209963152 43.95768253265901 1.6155219277931465 19.81655551450619 22.07227546939273 7.261280175109469 40.011337739514566 0.0 59.08623132694428 4.1361184640715365 83.94721244596892 0.04093842689307792 78.29626568581281 31.085314016192058 82.69948945699261 42.88365949173142 101.13329089008025 61.47895110813917 82.81672838555596 72.8989132645786
60.24013899337157 59.8302624082375 0.0 53.280078159707884 24.69912112273702 0.0 73.71538536186955 8.961617441552313 95.04388876735888 30.2029989350343 80.26251069605003 50.067619183952004 86.29668953879543 92.305101785844 60.24013899337157 59.8302624082375
149.99456303290793 0.0 223.7080650048348 109.38251653651832 105.4940812983746 155.41214593579227 0.0 118.88809786083564 61.954066400439785 30.005048521681864 149.99456303290793 0.0
240.02514439493171 111.57815676402677 148.23031562125 224.24059725504245 0.0 155.85897205395275 58.399075703988586 36.13309462389894 167.1257907575966 0.0 240.02514439493171 111.57815676402677
0.0 46.844176431892755 21.384843723218516 0.0 54.759140678360474 35.44979640051235 97.79309508961379 67.86994865750535 48.95734614144008 88.53638376860684 12.692245479614748 79.79871565884133 0.0 46.844176431892755
90.3723551331187 235.61045187695467 9.342415491631897 176.0785524594052 0.0 77.05730711143107 61.92835692323456 0.0 126.7244002708568 89.48246038104345 238.12805857892374 45.39397515663117 262.74533016347635 145.37181530647106 158.0010151801137 169.89289395324735 90.3723551331187 235.61045187695467
92.82476112318322 0.0 209.42239422595247 7.275941415709674 110.55924043586758 64.57031257547985 0.0 73.0457832629119 92.82476112318322 0.0
163.78160658468872 39.236121931626144 218.79092025505884 65.91591107370809 155.56679552480512 87.68587975069994 145.0754689862888 108.13585634230056 136.5620878545974 146.25264377587092 103.75041142384123 124.66229733268376 72.35052850115169 141.71371495748548 68.60182341116106 101.10427380766352 102.73319108788371 65.34737696159961 63.71514190505092 65.82611731371232 0.0 23.567373468929418 68.59817035966122 31.866749784612765 95.3150339728721 47.111469553922305 102.2026704103317 0.0 128.02700648049245 5.806605659227188 120.37752061396398 47.50143207378393 163.78160658468872 39.236121931626144
98.69183501408551 181.98886410555414 74.95720643642639 186.89878457186418 49.29367334631732 175.7796797442922 10.517607116105467 151.25027736461163 59.28188703105502 127.28368070757153 0.0 43.13250498721838 72.23110599477292 64.46069767699946 104.18558162677161 0.0 121.85879388590361 112.84304710666049 181.92516225715252 66.9268748827391 231.27299699645545 85.74650479391812 182.9374071411463 140.72661621183806 208.26227937904875 177.42338439492616 137.15471377561252 168.57354035314546 147.97750245673495 219.18423829391824 114.74595090995052 205.97888763232922 98.69183501408551 181.98886410555414
23.967266126929346 6.289521376006377 38.65322221264414 0.0 43.383382241965336 14.952147130795709 37.62404305319171 26.919655527154077 46.469942888102395 36.59769674754813 36.446684259761184 41.78924681521106 27.228660362843144 40.77157780796442 20.88993646413043 43.89071920204228 12.920332760216027 42.735647719287044 0.0 38.69566548427008 16.918084875755866 28.265282322367852 5.1142223546580965 16.071067913223445 10.829820094302946 3.5520794908793647 23.967266126929346 6.289521376006377
157.6555178447116 213.90551345233172 54.03552865443517 262.71666137261707 39.90975671968911 154.97153014776924 0.0 41.40560045741549 120.71697429592128 56.56394359710511 224.78433797269307 0.0 208.12717839351188 118.27491743244755 303.22441377542305 232.10533602327948 157.6555178447116 213.90551345233172
70.91818535778202 30.186922986945973 59.61940702603263 38.19755584879243 50.495594050715226 44.90029799730509 39.03378389172815 57.9341415017273 25.825604127415176 50.53676283106732 28.1226106720011 31.976052913024475 14.85714216161334 28.04469223655019 0.0 12.996658093195165 34.389026631466294 17.702572453953465 30.787047555226366 2.9213025603609566 40.31193081919103 9.194433586992588 49.4955347062419 4.282615271381189 70.12919160373768 0.0 67.72117461691373 17.440563289851653 70.91818535778202 30.186922986945973
102.20976785377232 211.14216489808422 131.51276795734003 132.09559304510492 0.0 123.1271159351601 78.33978495851856 76.80645879726862 73.21787236178342 0.0 143.3403173603268 2.50446668741327 182.43411552206354 48.68438285157447 227.6054431936911 47.97944864454213 250.03447008768674 86.02885633187162 288.3276842558846 136.37654335662245 234.40495575481373 171.94160110312728 210.85343253237212 227.94963209582727 153.84921281135996 196.85464233681387 102.20976785377232 211.14216489808422
95.29978871962935 79.36729498867905 69.67808966453167 72.31621466314674 48.23500609704094 77.38349029625878 45.93763040099462 54.58444971363224 0.0 12.131762842588067 50.656976503371226 0.0 69.23616914821277 49.640467180428004 98.8357259590447 31.214461034511814 139.7213817923382 61.16324087078462 95.29978871962935 79.36729498867905
112.56251330664398 50.37477347149622 190.8961901542083 0.0 248.59907962802149 72.63547914139014 208.2869124505959 150.25602578328346 148.84436186729056 170.55153385739408 72.17506137218342 219.93792259434076 0.0 149.44332579775397 72.06573304979608 78.25104588652314 112.56251330664398 50.37477347149622
19.484137158260296 126.48788084236254 0.0 90.58508788104557 6.408552457279356 52.22208478907032 42.969354048555495 36.580775788630106 59.108262580734504 0.0 86.63545562831168 62.14308164481713 124.65789547133977 23.525051165058485 158.03104910369805 43.966675476449936 159.79800181974338 81.62514245288114 163.64906446266536 124.8726922932591 105.06230839014712 109.47737303598497 87.46113341891244 122.20284797540198 64.10116887721088 124.01999272864096 19.484137158260296 126.48788084236254
52.82520716706591 0.0 63.32932356763193 12.465795675650803 68.3505326419399 25.05036054401281 72.0295539192881 36.16027209937696 69.08956592381358 47.81988989134323 66.70723222353237 60.0172249362411 54.96838027048938 64.4866359196327 43.68140062166377 62.47831364666765 32.94764531051325 64.72753173028363 28.043897744142086 54.55771319883572 11.010204809661474 53.65886625789222 0.0 41.85797333930103 15.101771527858048 30.2705730530919 20.78131245860186 21.380501278662727 30.786653431527782 17.613349441640146 39.04813029457567 11.212899049419711 52.82520716706591 0.0
100.36396046226832 2.295246027531668 104.92647964808735 46.27863234739897 161.0744745718796 84.69426483234668 110.89840244067314 125.79170578073075 57.02132701957996 98.49604166089955 0.0 60.0587366785353 44.587718273006686 0.0 100.36396046226832 2.295246027531668
0.9220606745694653 174.99878358941078 62.84043458443563 118.04402753605505 49.11549749768579 92.94866226437334 0.0 7.1697410399275725 66.43812533061198 0.0 111.36791790906021 54.97603521756914 161.67915210108447 24.58784983250095 190.05467648791824 59.810264676918905 235.10108689346896 98.79555853608824 204.68012923978978 149.01424225404608 161.6399889791639 168.8385933190512 146.34875196129445 224.28934812924442 101.9279938597194 143.42291539926563 38.967303527943216 215.7515427820761 0.9220606745694653 174.99878358941078
153.92359498598 159.17265413945344 103.6900632259613 122.04154505253885 86.45472841683001 100.63190740680025 53.57220148246148 128.67095542819678 42.71856472881681 102.73078064246465 32.870599624681034 79.86248358440946 33.63239101816777 55.63980699431737 0.0 5.6954335682539465 48.182103763343086 0.0 86.87606695201917 36.58212333508767 104.36331059947972 6.4918175084375775 102.14210072322646 54.880610479165966 177.41471040149054 9.593252739920828 163.65919726397908 53.83850691220243 174.12740294406444 84.06978337789273 137.48045152488731 98.43720934238783 153.92359498598 159.17265413945344
29.685819895615623 190.55834071138406 0.0 105.4782002385276 17.823743612445938 0.0 128.53968461113377 43.893185863852196 189.27971195387738 38.681600071787244 209.20876947783145 95.09264228471095 236.02680951210428 160.2819415721247 185.27494535399362 221.29069914897514 105.27173594806332 218.93745344272202 29.685819895615623 190.55834071138406
193.5005949629215 0.0 272.7984328184682 108.44198085523574 182.68300662096559 213.79024975994275 0.0 207.26122663840437 32.96961974354724 13.66925752549382 193.5005949629215 0.0
53.27854854830264 186.1772929176854 0.0 79.63548863641248 64.6090897781069 0.0 135.63671012196454 32.643842727214945 199.39809494595733 75.71894131697073 160.67013608886546 157.93432680741444 53.27854854830264 186.1772929176854
263.08321571756335 131.89920379665972 213.93749683543626 235.72426060917928 136.91797671901685 135.6473021646417 0.0 115.68070708818554 65.78239457646674 0.0 167.20329459690478 53.884763059715304 271.4884051084422 28.0115856694881 263.08321571756335 131.89920379665972
0.0 61.47481337029883 3.559860253504496 32.357707215196086 18.75374750388376 3.4353058188945695 51.059061582078485 31.459527403248856 84.65829016357641 0.0 91.07130141744487 36.90634690959821 109.95848948668699 62.14920781332715 118.09467844902103 111.24660254638209 66.13302797785914 101.44521162437024 48.49882261071818 65.05647852628148 20.84653052790874 81.05711289787023 0.0 61.47481337029883
86.87354722333019 63.38646956554693 161.0435189231061 83.61795246130364 109.21156939534387 139.6824121343201 49.363341111619434 109.79679595551205 0.0 59.78590750506747 52.403688350909164 0.0 86.87354722333019 63.38646956554693
53.25464911609846 3.8373867340210808 68.16736457145824 1.4794269255141899 93.04963839890507 11.091522176597977 85.17427171961427 41.050165110982036 57.88146327788144 51.717438907500934 50.54996870263324 23.52625544626234 0.0 0.0 53.25464911609846 3.8373867340210808
141.44369454661216 59.689131564493735 174.26130346333744 68.31770932612932 206.5978035339869 126.00218549005166 151.0451664640032 167.502588844525 95.11482946261486 132.52068721847058 0.0 80.2212642964228 67.23835900142066 0.0 141.44369454661216 59.689131564493735
161.43081167749392 150.36320764261745 74.55113301211173 90.25755866284308 0.0 0.0 116.36309797214072 19.450111669516275 167.4653677280765 41.721518028986864 161.43081167749392 150.36320764261745
18.794320129657592 47.93057872602354 45.58713136081127 27.52813368433204 71.0984458975219 1.9948427443402323 108.89382974080044 0.0 154.572613128112 4.609488347583849 159.8898011630116 52.40636861967897 210.13667251588652 97.06951908651202 202.55469575628516 159.50996067421056 118.16724185817097 135.03882537032422 84.38260240722279 209.51961036226663 28.2270505753213 181.14901977696962 35.68248565662398 111.00617364714087 0.0 84.02074120910157 18.794320129657592 47.93057872602354
90.8677525128127 130.33434492493888 24.346966303624214 127.98427598140759 0.0 68.4184717234154 51.073254796663534 0.0 200.9891219506598 22.131956471719526 90.8677525128127 130.33434492493888
73.13413685099896 38.85031642755492 92.8460283840706 60.74223403091175 48.047005933481785 57.981323951023306 43.62456998149574 67.13142261758952 33.16491244295095 72.64159071736779 24.344681622056115 63.94806504720693 0.0 75.57449941922903 14.198126664090125 51.15905253726722 1.1157676790242732 42.52053643052708 1.9426985344342853 29.057444903443276 26.57722528128305 38.12302051612243 26.653284101711236 24.502470473484983 35.982156519777675 18.16846051512953 61.004340389145895 0.0 52.95165311270769 31.49990047299655 73.13413685099896 38.85031642755492
74.3239516316961 60.61060684727336 186.93164161731218 0.0 141.79270928480014 144.768579310749 0.0 165.29871070217797 74.3239516316961 60.61060684727336
147.60381741533678 54.20829591032154 194.44566874335266 72.05030905690829 231.56916843625135 157.7190490418981 144.31216832624523 153.65360723986103 93.12216336247684 140.4849037889036 52.576511761583276 111.05371098631113 0.0 60.07966797261686 75.43404096128648 27.08835559254998 106.40780104327122 0.0 148.45191878454222 9.90572620409609 147.60381741533678 54.20829591032154
186.94770701015315 180.88689761130405 169.07216065284035 201.5189066319459 139.20821245491433 206.74504539281568 83.40383157346935 207.55001946417255 0.0 146.89211093475294 79.50023135242643 91.6160470092493 118.55604879524844 0.0 197.0074776574956 63.76763988201532 190.98367578709016 137.04940906708097 230.02580484348243 162.32900318119064 186.94770701015315 180.88689761130405
59.86024227118915 29.264900535083427 84.32396192969846 33.37478168499001 89.00644373027137 0.0 106.333560727376 17.949076486641133 118.14687650158106 27.005812846827325 122.93951531859186 40.50422997778327 128.39109945801854 53.6748218372784 134.23503145801567 74.35727098596985 108.32685930640802 68.9927991743112 102.80189120611942 92.93291857033495 79.89270561566727 107.32973575603 67.8772983624961 82.45712359963898 51.997593954767666 67.91918986587108 0.0 41.7228865503718 59.86024227118915 29.264900535083427
56.26455503194683 19.379734354446896 71.28148395486448 28.496753707792408 69.25093923055007 43.37966143284241 51.23279076226777 45.31194561211527 39.06160917360607 37.828349996799346 35.46695569158321 31.43023263655394 28.38878785811326 38.19499578761916 14.81556647393056 39.79320168655593 0.0 31.319348106085172 11.617648723795583 19.617723576121108 26.825297602906858 18.750447356664864 22.893127866134677 0.0 34.823677057736774 1.0477854586248156 45.24156066500288 4.023136934247418 51.9205167797201 11.215198073859469 56.26455503194683 19.379734354446896
30.99079553799129 77.88840325056324 22.49429105155538 63.01858577656307 0.0 63.267010742231136 10.011076349831228 43.44427169947309 0.3689708987751743 28.869478573714844 21.85488284438992 25.99826092336633 26.596746589634662 17.9058745683314 33.51778464972797 0.0 45.36593957070073 16.49681693589605 41.56689261601099 36.4995808913184 87.0194650265661 11.048503169105885 70.64471731637353 34.060188142699445 98.12994243152964 53.71754007839732 69.38056958503593 60.48552424731584 60.00757856603501 70.32312994240934 46.56340959196568 78.72881766900412 30.99079553799129 77.88840325056324
9.76892931010245 51.77151648142923 0.0 27.709582866611015 12.239383579865077 4.471057651839871 33.928321478737786 0.0 58.58766747759272 1.1258154255801003 75.47110983879496 27.638874814436548 67.67837392459809 61.70418966654502 33.81489239251067 69.2914425685919 9.76892931010245 51.77151648142923
176.68361513475145 46.844404584138985 134.26991563602854 102.84988198799813 97.58682959218208 154.2198578264401 42.74393644182811 122.25014777731691 0.0 62.40442595715723 73.06075791957744 41.12577267813627 120.39725924141888 0.0 176.68361513475145 46.844404584138985
229.66775071520294 112.07288386522396 137.71982077469377 140.24601699021383 69.90407604365673 189.20908083713877 8.869562074613896 133.826945312947 0.0 66.42381569602895 36.68352535290279 19.945067490201183 87.59891619724354 29.443810903983227 134.31892756690857 0.0 162.65301897240607 41.88482216191828 229.66775071520294 112.07288386522396
174.63716403182468 186.83646371174856 113.69507406218031 181.30491496902502 79.51910934115142 161.3580772477392 15.46986009569413 157.97107843856068 0.0 93.9245884172752 15.098444292577284 19.381542370057687 93.81807100897777 26.013415191964086 165.9122937804106 0.0 197.47265184607596 67.90537187204964 271.33459076554453 142.18259017708144 174.63716403182468 186.83646371174856
31.152967306072675 3.211918537405012 39.401980007658985 16.216652714002294 55.400371176529895 0.6067247196021839 62.56152664578226 11.179286101679963 88.30408125511957 17.135878514002798 65.91133344941264 33.82498338545314 48.679073692054665 36.99751202001171 61.00464868516766 62.89604065738811 37.49416281919854 33.07538548916369 33.642519379680174 49.41108486291343 19.100309929785233 58.01630832094449 7.122832578252407 51.01180667792545 6.494350872671298 36.77163689805967 13.26185316432153 25.593905794759607 0.0 5.561104531360996 17.15222019727954 0.0 31.152967306072675 3.211918537405012
21.35634264534457 163.77216665535178 0.0 117.23354192550471 69.15774782237796 102.4407436056334 69.10462422671833 57.03641057732908 98.94917068739551 0.0 129.4385485854213 82.135901454372 187.8095588439969 54.149420768163566 281.4838955093499 65.26468681708107 248.45066476359054 143.4217543583363 207.71774520988998 186.76272342147746 178.73424628052538 232.844613740097 125.84301872045685 233.1143759393816 82.88442405393693 215.7231675381116 21.46425303641402 223.11782316995726 21.35634264534457 163.77216665535178
158.92544272660936 55.68201592583637 322.08650824823576 7.020015481838186 251.56953483176892 123.92996851417169 284.2792728083582 236.88509125194054 144.92388827301144 157.11632345480177 117.9329596350436 152.93638913465497 101.09837770246301 135.0463553818107 31.579172549651332 106.0026909022228 0.0 0.0 109.1613038552608 10.843127333888916 158.92544272660936 55.68201592583637
47.7792313351994 46.55555250301629 95.66058164206022 0.0 138.14390819176174 48.98333367070238 115.11582709225942 104.07745869648642 65.09947515382227 92.83467430975128 40.10871093115118 130.75746666682923 0.0 105.25693740763104 3.9020629961441387 57.08674885002304 47.7792313351994 46.55555250301629
0.0 82.18746263780562 4.607940392209173 44.30368600849404 6.8385202235763245 18.85273396600499 23.892767872246225 0.0 47.11505393648201 12.622774014725962 55.573731079536074 25.35953246461844 104.08225589079689 25.365470682306537 72.94595958274843 52.10862799755813 63.239568892586036 75.25793621008393 39.285753787508284 62.515875352525626 0.0 82.18746263780562
55.91911916353041 0.0 186.26618578004232 26.44326651019776 266.83305982816285 80.0786685326929 246.21379475807765 194.50016387421277 123.9136989497672 241.38903201646787 0.0 144.0039260062763 55.91911916353041 0.0
238.6121618695806 180.08810695444183 170.60412897037295 232.14703654126666 103.39236213740452 199.67109631322893 0.0 179.0493719060846 6.784020226778296 64.607786392076 92.14235406103917 0.0 191.09653878372873 22.171773704484195 265.4649615143187 83.44291318067923 238.6121618695806 180.08810695444183
36.553977781968285 73.13666702736333 45.11165370788157 0.0 112.89919907150124 35.23040830189295 167.7334893135056 99.11713002629791 86.23978303742606 120.58377082879996 0.0 166.37515869686388 36.553977781968285 73.13666702736333
205.8446364123632 178.3945663957318 183.87482176959685 195.1281638584091 160.29661016251316 258.49329617371876 115.97305080180394 229.09200719159702 56.13108899171321 234.14841089617002 66.94999002967569 169.0821501198915 0.0 126.92077761589049 64.85790891942753 92.59912141539147 58.58991729083908 19.553863619852507 126.73355111261452 32.984580021463614 178.29614036047417 0.0 214.2304951547249 43.47514492358289 291.6225639624291 46.98131929313412 273.91224918267835 116.04758024771384 292.311506685364 170.75230888208128 205.8446364123632 178.3945663957318
83.81581554193804 103.02411012379655 60.88196032034978 70.94314518515336 51.20947223768646 114.04551681756136 45.365202420332174 90.7046126994832 45.44770184619316 78.7568720271694 0.0 75.68300374276103 42.5494617321071 64.63118044010746 24.692004612951294 38.031804520383005 47.65554732668718 40.324661143057824 61.589442982361525 0.0 79.07108701589621 32.03981725183012 92.2373563687197 42.80841068605173 128.0199827658091 48.909852098402794 114.37555816304959 76.0458782125096 91.9089600093362 89.07315349241935 83.81581554193804 103.02411012379655
51.682274696955744 108.93997998100525 134.70281727530988 85.12196313286134 131.34066327373097 2.1728259182707177 195.49378262529083 6.595448351336458 270.87221618978015 0.0 278.50375554542876 81.48664994416126 273.43561301817124 131.5099164693314 318.4721648621005 217.69179379828694 212.23534534734313 177.2927685619478 180.40136708927156 196.88605946971126 130.94606002668328 202.00069016328416 0.0 210.2511148203037 51.682274696955744 108.93997998100525
159.19108357145177 191.59472132280996 126.2197598448905 152.76412431214538 100.96158261957052 154.26025683745092 89.37935611730859 132.06194165742863 0.0 130.89661514330555 72.36000950744986 86.59537518576582 58.990328275833576 51.675680456762414 95.61474234687049 45.553089186537306 112.14437558462572 8.312074737672049 147.18555865527725 0.0 140.24983068547576 87.86302833920313 188.96874495523943 55.681250953552066 203.9853292518638 78.73240318653166 163.22723456698938 100.83139504759136 224.34470997854484 150.69701745709648 171.82581942304094 145.90765434744463 159.19108357145177 191.59472132280996
269.18462462378545 161.05916265298816 171.13421106640573 121.3724331775655 153.76252684442812 156.74183494906595 84.29051827684884 231.81981489370645 40.25045552685981 170.2579754685255 13.451627549465599 111.57672594000364 0.0 39.65974197340985 89.50862711077585 26.419768465703882 124.55484377960832 0.0 153.3161575311837 75.55563986739229 210.1723248860394 13.07873171461054 333.1715701551141 5.061909149627141 336.2364926466379 100.20438748093761 269.18462462378545 161.05916265298816
164.22089411900942 208.9390633614049 113.12715946005629 209.65239877636466 89.27991348441522 160.63379224195137 49.51986800907105 188.08646122702663 0.595228140761094 168.04926537990292 0.0 119.76260662388717 1.2969903622648076 55.21123857619614 67.22421969948519 51.557124039340465 131.0188560868179 0.0 175.70289410418502 56.23217834206304 171.38131719094952 118.72294501428146 256.3574654512164 183.6193309929921 164.22089411900942 208.9390633614049
271.80453795627636 156.97623349928352 171.27571616973145 224.70842484487292 82.89513532289061 193.20949532114537 0.0 90.31122218962413 108.85357389366177 0.0 238.68112136512576 18.866451132028146 271.80453795627636 156.97623349928352
13.532667721663557 23.031966431677134 0.0 0.0 36.91553536795391 7.859335285510696 21.312996845532737 34.508869310704654 13.532667721663557 23.031966431677134
60.79310322486609 6.124421814472058 82.10718711635818 11.353736219749052 100.55786691945546 3.8953614454731422 128.33696059297748 0.0 169.84964121398204 6.14425804527373 143.44575368323254 46.514080160099276 110.21531224390453 60.39183927839736 117.94966925822956 79.34485528242888 127.92180439464846 130.42325135310074 92.05707836119223 114.02749624314842 53.621717621739066 156.72733433287758 48.04068274637625 99.14890980425471 73.36809931387275 60.079727384754015 0.0 63.29648939688334 27.776623436914655 37.279175208506594 54.84219007481403 28.111758759485916 60.79310322486609 6.124421814472058
42.253214095765635 63.261844419736235 30.36208344952427 54.90199561290996 10.597899086909798 62.468087986182326 27.749209967463365 32.08879241066279 8.753367501858058 28.955009777444374 0.0 13.729923170120202 24.454942871511896 14.274693593729523 31.026072234878065 10.987438978792511 36.79612294935564 0.0 44.73908925105797 7.787667657039563 53.48919437229865 9.243159305491034 72.1547300190995 9.330809825390546 60.85500302505401 24.059089763404543 74.29240041059924 36.606343883182234 70.97584334977765 52.657349318861804 53.03486594201423 52.08035277286879 42.253214095765635 63.261844419736235
191.4653173482029 237.74812637804922 128.8411573139001 272.27338863771405 78.925637539598 225.49972911465434 0.0 212.91571250262058 17.14532104451257 131.17314660487745 69.24758753123672 88.8789391646896 41.6638170650273 14.669272595560713 100.57718503697279 0.0 148.48127404428408 67.80304087237016 144.52066027605585 113.88998457469637 209.86799470997278 67.95593562871588 283.0713174876106 89.99219257897028 308.6383681107416 162.46586282787763 188.7748677270256 155.33139977879196 191.4653173482029 237.74812637804922
22.211712747949264 68.00317972713027 0.0 38.86012420690918 27.628012897507418 16.044457178294365 56.83142425014414 23.96871706732462 78.51477053537927 0.0 105.98211051713058 15.045813740152525 111.22341022238668 46.03726343263065 125.8569114073831 93.55593854955559 76.5503399348439 103.17587852563092 45.30505254506673 83.80392006663389 22.211712747949264 68.00317972713027
46.75021748012802 0.0 102.85462627809441 10.488966011609506 132.24817518595088 38.62083217144955 175.3342103713425 62.3546582661308 145.66261239807153 98.84887179876344 120.55084776126174 116.60530028185563 91.7554973970675 143.53800689373094 61.76405058110453 120.75803112392511 42.834582759580265 90.03026833730782 0.0 38.037154886185085 46.75021748012802 0.0
35.91793253913086 6.006617196600267 58.262154413419964 7.170383679522182 80.65803866822016 22.87733329693456 97.09967739152144 54.89210391489225 54.210187444368756 61.95123307140076 40.103871244235805 79.06366094273014 16.189039218452805 82.67062816671952 27.803296059736326 37.76865825538123 12.272971093446941 42.131283183544404 11.319279306788587 33.403587116987914 0.0 9.546255182995615 16.92962090514588 0.0 35.91793253913086 6.006617196600267
58.54849807379392 60.45504172309312 49.2015410972824 77.53554427344966 30.353399972901983 70.19905710221893 20.198140837727365 56.87827351563267 0.0 38.025785265208 20.210472695216097 21.071320647582667 37.108692724166815 0.0 63.09131803105667 8.681005315072696 71.93065731825173 31.63316458083881 84.1882426122615 52.13702075305544 58.54849807379392 60.45504172309312
23.998031614597508 60.30404422061565 1.835806618433537 61.93718047359418 23.674952702489307 44.11195282423441 0.0 28.68852480862415 21.83005722250124 27.572791632531818 30.08424688689537 20.80455401867063 44.347753253603216 0.0 52.367000908836246 22.394334009600485 72.53787803671646 26.08932871579607 61.04102022081818 43.12261791529285 58.987154419922575 53.85256068725519 55.92972047253794 66.30026146983724 40.93042244251903 61.18341471496031 32.01094203574513 66.88053248678753 23.998031614597508 60.30404422061565
204.5036707729957 0.0 213.29276003075114 88.81808365175392 315.6591341663784 30.363576451707317 249.62618927190098 101.08914188126718 308.6496050656178 144.22569254743485 296.64203818513397 204.58915418344804 246.23253932266684 257.20336861112196 188.88007455602465 177.6432379431206 153.230792336618 169.30823499661625 160.28307594061744 124.40529865981598 0.0 82.77772137317788 164.85449740177643 79.33306659031102 182.7657799494648 63.9759403166509 204.5036707729957 0.0
76.64873968119531 5.562631868909698 99.87512375226738 3.0476790292288456 106.94947079553856 32.29240325934024 145.48367838645106 23.8540075765151 163.8534605313842 47.718144498655 126.11637609387498 71.1963290734071 142.69850421958412 99.99088007640376 130.0320058913461 125.02998428238027 99.9408012825456 124.11500283375804 78.96563867139594 100.71127890022214 42.861935291425084 128.37393134754632 56.10516481203828 82.35788768091044 65.0257504428371 66.5058989111667 48.44163944303682 53.933479835229356 0.0 0.0 51.24225685005672 4.587628812074932 76.64873968119531 5.562631868909698
104.20466795753015 167.25216055265412 0.0 171.52214190221065 45.39001595935892 112.71677001207254 70.63710081181173 76.23723416958863 85.40715680519779 12.335034042635897 142.47629714100415 0.0 187.34278582270724 36.752842336771465 190.57962342078372 95.21404179683813 287.2140894188349 96.97570338450618 237.72149171885758 153.2010713421838 201.6266725898219 177.43676339614987 197.9708905820068 242.79265554479446 146.44094804920366 214.45560597046614 137.54902768599925 148.18297671454104 104.20466795753015 167.25216055265412
