100
72.80496269578552 59.058499324042685 0.0 94.16441164856309 1.0958118214769854 19.438020063201805 62.97624943190162 8.53092096978979 116.8379939501074 0.0 108.04906056649133 53.47073713063132 109.68941186491803 97.80125325874789 72.80496269578552 59.058499324042685
199.46467642433933 161.33837295103223 161.95627948275015 182.65946798093478 129.60135691156506 221.86587185103934 83.77637711872148 206.8200305899091 0.0 235.86895924828264 1.384087813745964 157.44367810117666 63.292660791782595 105.78537302124406 98.04462135601568 100.04936486067476 59.56538030777 32.311559157631706 98.5782226130745 13.385104233475175 145.47624301698238 0.0 198.13501921342123 17.96900904575334 211.30609899047653 71.37151146368201 278.6262296310829 124.64475215101952 199.46467642433933 161.33837295103223
93.74897222107428 96.41978147244264 59.102346832270655 64.00762414325887 41.592817210198575 82.4359810191442 20.71330249344433 74.07817440078084 0.0 52.75388241613339 10.911481661470305 26.076883815478567 33.80676702878446 15.546429528037393 52.14554009949235 5.132594084500454 79.13828234831142 0.0 98.7120287896623 17.140906009820597 105.08936435414037 41.79849259813835 73.28673912389803 54.12667202453598 93.74897222107428 96.41978147244264
97.93794305117902 122.23924709042957 73.4976798249502 115.35916454295112 45.29223651148179 134.21498035992101 22.460468385847207 115.38862355718574 0.0 92.1135641662945 31.588245549592074 66.646718739775 22.685996895958965 38.97036914355188 56.301288107545716 48.49754283703416 66.00894493815817 9.199692558915665 88.30471830505836 26.989049076883255 152.3788416858797 0.0 144.72554398907153 51.507872658653625 137.45606797239475 83.82988385194902 105.15312246091378 98.07223899916055 97.93794305117902 122.23924709042957
43.4048201807757 55.39228681249142 0.0 12.592210262833476 65.55990784451345 12.324004029516033 90.70049446978122 0.0 85.479154552351 27.63965800793416 87.12046618296887 68.91600799168546 43.4048201807757 55.39228681249142
110.79152781589356 94.552079784712 65.8470792426847 72.66641528804782 33.904423458608136 94.0244923882678 7.9318796593651655 69.04387632983007 0.0 31.31426061474005 31.607797108623288 8.600204533555285 59.10099957848945 13.16383205989338 85.13877906079296 0.0 83.55737420581586 31.549315957081333 114.15966094621666 51.60670167670385 110.79152781589356 94.552079784712
159.2834163833253 227.7969690931821 98.8183629923773 197.14267309605495 34.935827736796114 153.78354300712246 0.0 56.878000038692434 94.80880117011603 10.686041382351519 180.86820544924092 0.0 256.6604346495022 43.7231386801611 332.42032032248676 130.02399622316258 223.20408415886143 192.9946006689163 159.2834163833253 227.7969690931821
114.4400314818534 7.671315394493263 89.92292019203637 38.87713559898452 72.47770617009078 50.09720190264258 57.571906622769255 42.101243972808675 0.0 53.8741149256152 9.837732728427 4.475674758230397 59.1908068473359 16.84672478440578 76.20751531597762 0.0 114.4400314818534 7.671315394493263
169.38202118198893 200.41932628693962 126.43595734121172 205.82976940015678 84.65062855231307 190.4897359066253 144.70130749585735 118.97971861599277 0.0 97.30264143552563 75.05523229921693 62.04885212513191 115.05040947214283 46.30660041922826 143.61765034600137 0.0 182.6957150761313 37.21141397944834 219.76119008370495 48.74217704946547 240.49343755440023 82.8737004338422 242.36401674024162 122.863210340762 225.5516700257885 156.2871079780273 247.0588143304878 246.86665336632817 169.38202118198893 200.41932628693962
243.20329232539348 29.451539910382394 249.81432251042264 95.59020908594964 188.50418892679463 130.5930452405136 171.77078009413316 170.50909546556827 127.58513455871768 182.21069187515755 84.43639010851757 166.6405469074443 0.0 167.56839322693762 55.48021798223856 91.3336469464914 88.06818909828334 67.3659955015818 81.58369273406086 0.0 131.9346449497579 24.212235208780797 174.1357272707041 19.726848248704755 243.20329232539348 29.451539910382394
91.0820679446472 0.0 220.72522253640926 36.121804341944944 163.95437941607466 136.23648583567848 0.0 163.6610309642212 91.0820679446472 0.0
154.22354765902367 128.75499451815182 91.32598902631074 103.71426939892486 0.0 103.40679141377082 66.24594057424108 40.823049978658744 115.83873446367117 0.0 147.20418774389577 60.92976862808925 154.22354765902367 128.75499451815182
37.22659936024074 0.0 53.711048340157504 13.578259593576718 84.06490777317987 6.7906405098808165 83.17336165953333 33.18809072531255 75.10613907817226 51.76173240665631 57.01128472353632 57.36471341138389 47.39262494302123 69.85034745368772 35.13708152023278 57.528919993861095 14.901463703076189 60.24108152844069 0.0 44.690790880024 21.816066387130647 30.469341824633773 32.2344920031136 25.458930970914125 37.22659936024074 0.0
85.91389516051848 193.7548064714019 49.9152682540543 168.19409307030625 50.871927785869076 124.64405494610806 0.0 43.405809611478745 77.81750886981104 31.88233271857331 124.54131143601458 0.0 182.3369187490971 12.971215892279702 191.35557391794288 92.22647152611117 240.13864277766424 88.43053126463603 212.68157621253013 132.88347348293905 298.9881450766242 172.33436541081898 210.65127393374456 180.0332568834411 198.3482382732082 205.6153114264377 176.59255596233473 249.82674978262705 142.34660510803099 217.33575462447558 87.6035558573968 248.61553701386725 85.91389516051848 193.7548064714019
103.47182864274532 41.30521827946285 128.36708450094747 0.0 163.63969271545972 41.65759650509398 209.01222463787656 22.668835888104525 260.31619356896664 41.422441153512494 250.61080463384675 96.56588174082695 290.6261138180144 148.86347973029135 226.60875862690298 170.25649467834415 234.5468816734492 255.83973096277109 163.53382698132413 222.2084445645266 133.36391138739765 174.3443078792186 65.36261096854932 226.92716091738578 104.49447515292064 139.92545625366168 0.0 136.4814188714141 75.46477917906 97.23664785296175 56.20090020744635 48.905571295101794 103.47182864274532 41.30521827946285
0.0 0.0 79.38640724723543 19.387280195739116 133.83860563154946 38.08024005871718 169.41895244913388 112.92459449622088 89.62361578558188 141.41776746750736 30.516228228527098 135.39920061009144 17.403588300203353 80.56412998808051 0.0 0.0
30.929586403135303 74.38678372858398 41.57418977172288 0.0 112.290420532587 11.504706372994633 157.6110689251381 58.12992747855857 220.73497952669905 138.69248332556737 116.53935192953523 150.2804991261802 68.21315208031363 147.95833462846366 0.0 137.22841935622034 30.929586403135303 74.38678372858398
35.17618054924681 1.4538820494395637 50.88095677668355 20.653372386434064 75.34507517758026 9.064074162130233 101.39155877105455 26.419806733832083 71.70573429274738 47.89523219892646 66.80027439269512 68.60869325115596 47.040340048911645 77.4235430978517 44.21833140606638 41.14516138096622 46.68861982377015 37.02309657760805 13.931446041514874 33.200532549116595 0.0 0.0 35.17618054924681 1.4538820494395637
45.892196714543886 8.822748370322074 101.56652623482114 0.0 111.12956792375745 52.91322700358961 161.87581948068447 131.38856005747706 70.72696393031678 118.64623123267711 7.990383768771778 107.66239918038991 0.0 44.227160914832766 45.892196714543886 8.822748370322074
199.63927489051096 187.3767920509544 135.76534802384666 186.75396910918096 97.21244788141813 188.50735196519133 61.59112917299724 188.69681706647737 91.54274986312785 113.40461950761134 36.20716152444401 130.48527067656977 41.60481308076841 105.96450545702201 0.0 48.80298826233941 71.28431003838807 76.84025260738377 86.10802989799733 40.289229843244755 133.62655982845934 0.0 150.41754177656006 55.417144832079856 241.87056139768717 64.18655352804316 195.6906733423182 127.75869632836212 199.63927489051096 187.3767920509544
114.64740779281178 70.81971371394529 179.09265274507135 74.51374752144982 222.83442646303973 146.58191748252466 146.0202022037616 172.38621619615918 95.80180428934761 92.06857864265557 33.240236224274724 166.19468123336424 38.22784989554455 104.88922029539835 0.0 48.27663971209442 77.36875802502857 60.55678124963431 107.10601520855096 0.0 114.64740779281178 70.81971371394529
0.0 108.49931159911125 22.34389863482528 0.0 118.88607628030451 52.27376469517162 60.17365360509342 82.59681920614898 0.0 108.49931159911125
219.49291404382183 165.94422674137127 143.10635134450416 146.91204745710064 121.00732005099269 219.5142163318007 100.52932045441338 151.63615361672612 27.542537437449624 155.12384998299274 0.0 91.39806023564681 85.31631756099208 76.74882626013803 105.6281130211766 15.969772882835471 170.72176882238762 0.0 155.92223300876162 94.75869079971149 273.1789833536906 106.5412216359195 219.49291404382183 165.94422674137127
292.4185925519115 58.52792792405285 261.4872313057413 140.69239454780322 174.8345328947036 102.98084229589966 146.22175461319677 172.9006001997584 114.7688171339557 130.58155727454158 0.0 32.207996029491326 132.86806094208634 0.0 208.82975886211966 20.285305275517956 292.4185925519115 58.52792792405285
85.69418165106765 47.91553177412674 57.3224762792962 62.59861417104724 37.19236717452961 68.32451071901156 0.24277541058597762 68.29906695171425 0.0 31.757274003606007 16.77430291203143 0.0 46.11804640473946 21.24267223798919 88.43896969095105 10.452427961020057 85.69418165106765 47.91553177412674
54.64722048229012 242.74165331735668 46.90877148770953 180.62498226643444 89.30984299104259 133.06584049479727 0.0 76.18759152599519 17.78462083876535 6.941347983053504 107.19907418453711 41.5036983471537 145.9388281203652 55.14851856224908 208.37823406582226 0.0 230.06038099650866 58.444623790139886 253.3639793076807 101.48370903555815 296.3131027510475 155.49113098447205 227.94683538331324 183.95000828794875 213.2012369420914 236.64915249590086 164.7552012719392 262.9241311953955 127.11841008651848 183.80806195489453 54.64722048229012 242.74165331735668
221.6024771278969 136.0914320611935 105.13984330391658 177.35918159381222 0.0 177.50138460492113 15.765323417363163 77.3849321827528 63.15234856644959 21.55566481928824 179.40885563073064 0.0 221.6024771278969 136.0914320611935
5.285164810368968 25.065706637802542 26.309101445636315 18.591677788075337 31.147156110298027 0.0 48.40443717247622 17.787050119883496 61.818816881998046 5.799659576899053 77.90367477324558 11.036130775160665 67.90729043559381 31.962785747635827 88.64567194775597 42.16435960252567 75.5495775897479 53.092300817036794 73.59703888186988 71.48121283757757 53.64060205670552 58.76735919040987 41.31588960765272 78.33295797737685 30.414328462023548 64.83112778052057 25.407950091557197 52.5872861573043 0.0 45.150111933425045 5.285164810368968 25.065706637802542
232.37336619871593 260.50648240052084 142.48263615292436 330.2878785591955 22.706643467378 304.0396763554088 33.93827073249619 180.03290393739752 0.0 73.06556434643838 87.16781536313201 0.0 172.98870234426906 76.21256419359203 249.06331623278706 92.64591902949961 331.16153831728303 187.7299795879951 232.37336619871593 260.50648240052084
233.4163640347752 95.50321131280184 213.9593946987547 149.5138699188816 179.56923634375343 183.7124277366234 134.91250954308202 210.1794978049357 66.7493825465217 222.87646699841088 52.30443879715027 153.80653127161344 0.0 101.50009506125865 74.84994601394436 70.77843409556215 92.39174411334409 0.0 149.65140025729247 32.414602828931166 173.60943558128108 74.6794521332084 233.4163640347752 95.50321131280184
206.16703937565734 83.62845349793395 325.1671132211237 88.62886581404815 229.34780591986745 159.26901634654743 216.66003583300864 308.4546542509578 93.58333103770701 230.18889661810888 0.0 121.5135593057891 103.91467493884107 0.0 206.16703937565734 83.62845349793395
264.15215840100274 204.92344137581864 227.57955342378162 237.91761905512826 172.8476725986976 214.38076549142548 152.14507099023712 305.5558627515221 88.3754121198549 305.7379313645872 46.530493541238314 258.5344765482306 0.0 213.48050962042086 72.71298849070183 157.48157695774626 99.5493420668866 136.25317044790847 131.9062214456617 138.73637339225877 121.50928653695959 0.0 188.62522853894583 24.601201255500683 245.4185019932341 50.5657012852444 191.30747308089596 147.50575503115996 326.4419846082593 153.9671929330225 264.15215840100274 204.92344137581864
0.0 100.11850000986198 106.95878161374155 0.0 192.43047809290968 63.24415013011233 129.12302875633503 119.13687405219414 0.0 100.11850000986198
162.13836109046812 19.737084631849427 183.53834205157617 90.44520781243749 232.9648561205353 169.89298963610463 158.24224639946476 227.26352895494227 91.7246873434 154.49298398841836 0.0 192.5409847371123 42.47996284883709 112.68656794518414 46.14023746196963 62.717404058167695 87.3485939335119 0.0 162.13836109046812 19.737084631849427
187.32280811814076 198.21535437344772 26.602786683708956 172.2313303058213 0.0 14.778175233848813 201.76675745471084 0.0 187.32280811814076 198.21535437344772
0.0 76.63441298242941 65.20348578211542 34.94906528636102 85.95770561755447 0.0 130.2681218479099 19.358024836454298 153.84505949878158 21.80838113490266 209.70172175469975 13.6422272928519 211.45294743811695 59.6655848744697 172.6443927432292 84.10000003746315 148.98498874609373 88.12034869920208 136.19572805461962 113.63747027431333 101.2888866089336 131.74703956043336 79.03590726310422 103.67587505034274 0.0 76.63441298242941
113.24512541270438 192.01820494145716 93.18257026144794 128.3575420304894 92.75645770236669 100.60165300334572 0.0 69.0073562591935 45.29747726741023 25.790286729755266 97.78638031911282 21.635414827771157 137.16199414508588 0.0 158.6961442991123 44.19964819059226 125.28484707146028 87.02912602510389 200.42848555635072 95.71672183594536 172.97884727289022 123.89321988271769 161.986212452762 175.71620297121632 113.24512541270438 192.01820494145716
0.0 14.431388286866813 66.46030788545605 25.979922671463953 130.95421574849416 0.0 102.87737498418478 62.72293664552022 112.82659272055268 128.34530237744443 44.051503107707404 124.47702108556629 20.76789957702327 74.17727272156172 0.0 14.431388286866813
130.40816337484557 171.20327139755682 0.0 158.55592599338064 30.38750006229182 0.0 136.30305832943438 76.87636803468357 240.41868751317764 124.47239435435083 130.40816337484557 171.20327139755682
223.27172478194132 131.09737452549055 207.05090239803567 163.73817741776708 167.1225718246181 152.93403114775612 133.25446285411388 220.35382515646353 121.80490416973569 144.82831754994086 104.96013146337677 128.1876705488949 0.0 121.98018284346684 75.20684404066186 76.35925845703 80.29273807895649 39.8210840776852 99.61423449007263 0.0 147.5906424958584 31.54210614104366 181.42315022247982 17.99346794543814 206.2676085735783 41.12321257098761 263.4480037416849 53.16524071194629 310.6536030728069 104.72566793327235 223.27172478194132 131.09737452549055
54.847488077888336 62.58382217878038 51.11526484595587 46.22665430443057 0.0 56.29636497070409 19.55696907724669 27.84775578400624 32.73445404142489 10.146226362514327 52.29813188144377 0.0 74.48405235641636 2.6269666695232985 86.56643749477374 19.793287479493614 103.12854787430237 38.9328829581771 85.79435386645054 56.684600105128794 76.76661104234284 78.650961660401 54.847488077888336 62.58382217878038
0.0 205.1183510366306 121.741134816772 116.19811543086288 4.131543138306881 58.30901630950632 124.33889195213463 71.82932920310523 143.30173747695696 54.90126175042127 167.44563909313695 24.340856854722972 219.75690298173288 0.0 240.57700853412217 47.15410374521126 317.89777124581667 63.14008646058783 234.76090018439407 118.53548823276675 345.52992048271943 212.1334703736028 226.63474265499494 193.9835780765934 179.3785450802165 169.97297785856182 144.63324848405955 210.0649491187117 115.14019300788058 182.11988357332956 0.0 205.1183510366306
36.300677445302256 79.89461815559062 52.30458238953946 0.0 122.1686540274771 19.093733822080765 184.38932329939007 24.070328932533172 189.83946439668796 99.0897618699739 328.39861598454604 119.41172097313274 202.70738981311274 180.77500856493978 186.14048309956956 222.9247232994298 154.87621446141253 265.31793115571236 102.37388060647208 264.10688424799474 81.86594701557024 201.00597979126152 13.45892467756957 217.20219646788632 44.68031115215115 161.558136688089 0.0 116.01474793358011 36.300677445302256 79.89461815559062
0.0 116.69061695743815 1.769529420800751 0.0 107.69695478645689 12.00053241613162 201.86944760118564 39.03500013979648 184.37193575239513 147.04716006357432 89.68456816426816 161.80981839898772 0.0 116.69061695743815
82.57095806772332 232.33421757088374 0.0 179.36163440528605 52.815201150777625 100.72178782924419 93.31892510261272 0.0 168.78389621453104 100.37332572063981 191.5574248604078 128.94998728603173 306.76237437004255 180.8850546310144 219.39719253374625 240.35410482099613 144.73665253804907 295.0414029577511 82.57095806772332 232.33421757088374
67.83639941492248 34.84964202856431 92.90626704292633 72.36375478071062 54.05476893915596 80.20058423045441 14.641825869788647 82.64871650372149 0.0 43.132101641816725 11.788765894959738 4.901415791181655 46.54591184508104 5.352818937324962 77.8298018006294 0.0 67.83639941492248 34.84964202856431
0.0 50.62999046231932 18.03337643754896 31.48177799038894 24.900064018133087 9.712625345682461 46.41003133175253 0.0 63.186273264027925 16.577362539057525 104.9549049599278 5.72471769306307 110.82380633908534 39.21664817081891 116.88766849260108 75.02560847926327 89.63332321525229 97.87287236237933 55.485666073097185 82.21646263168964 41.6492869905103 64.9011042180077 3.6581508132215177 78.89541644100876 0.0 50.62999046231932
8.31076198633697 8.974722559071978 17.288565704210683 0.0 27.84920759643539 10.723355678896183 36.965159851673334 11.471163633229168 75.09251337517745 9.05822819014729 56.49077962407995 31.51125699649161 27.17599440081655 27.004169847246132 36.5837571545794 61.44856962921516 22.20717866990445 34.088079450992055 0.0 51.0412647601067 2.391330949858528 31.447817534865038 7.692765873324802 20.4912560782397 8.31076198633697 8.974722559071978
103.01054362051184 58.36991323827463 77.03047676347781 65.09499395462097 89.81072811246594 103.26516514809163 60.726690443510364 85.37370899674374 52.08133084066239 58.64520699716494 28.821700671329452 87.6231747962315 15.054382779410247 76.45288397435996 0.0 61.699556082984465 32.59303563514983 46.23547791487042 29.503658988050276 34.06824227048332 19.475337427810217 0.0 51.279531032134386 38.427205508638615 56.07044949245068 37.07334310578663 78.348855922747 11.742352637281705 65.12376695793418 42.29747156516782 118.48332460734582 35.86423705794018 103.01054362051184 58.36991323827463
84.73881425671748 85.32885784406312 0.0 133.16735342892844 27.406120784392584 74.01620383323026 59.83460642901744 54.86258639825421 83.82920585122532 59.217256680754744 98.17457214409983 9.724939651567233 153.47868899747792 0.0 149.45059554808608 55.68908259729588 159.5284841393707 93.65122173380246 137.18253238083048 129.1750152504249 100.91867371869883 151.61962150886166 84.73881425671748 85.32885784406312
67.1710497179447 104.14397373423111 52.44659112536431 78.18717254419737 2.479385052492489 84.04748628683807 0.0 36.703572876483264 38.32349062240549 0.0 85.32103084519764 24.42798267777883 121.96188126485784 53.01294237561581 96.50112408328293 92.22338271738914 67.1710497179447 104.14397373423111
0.0 27.533345339291188 141.50098725808613 0.0 227.47374595886455 33.32822157036409 334.9154140911943 118.25782955526111 245.9377885842955 224.85343517782292 132.19546865218598 232.16967650138173 26.575733118979628 167.05515294926602 0.0 27.533345339291188
0.0 36.49821542526212 51.57011173497716 24.562900409661637 54.475171844342285 6.643979011553384 73.78566762551395 0.0 97.30938732735382 6.793590193669843 104.55057040319832 30.46431836854545 111.19637459053237 62.35285319507739 82.279508951316 77.6249928953938 58.68049083524778 61.94516285889142 50.940829479444076 45.56144155042914 0.0 36.49821542526212
60.7237054459013 0.0 206.06062440083213 91.07000997204226 103.25499899813659 175.452087653996 0.0 142.49099580370563 60.7237054459013 0.0
27.931811884593728 47.235821367531386 0.0 9.718560461615503 52.34484291246518 45.07771313701802 54.85190738615367 19.365873116824986 66.25380400566355 29.238664934250323 110.69734535574193 0.0 88.61773999640027 42.538564450436155 127.95091119619389 57.91251373620082 113.79850529718857 82.42625342730865 85.22303273056 88.21286368012744 70.79945928236779 103.69914971754639 51.12982529674878 91.41941803387292 29.824306903519002 97.56530514715573 14.777836895446363 82.6073299427974 3.668381176126296 63.74694974585026 27.931811884593728 47.235821367531386
111.19754157005252 137.16542156595142 69.30075715581336 97.62838701423512 0.0 53.79649006143546 87.8029740592592 0.0 147.12919958944894 66.03390883457492 111.19754157005252 137.16542156595142
0.0 59.229116601912736 45.80179702011199 51.76355590239937 87.77098670958685 0.0 91.85331823650128 77.27129380491057 154.8055381539219 90.14577698297609 185.69984994514465 169.77355454101493 81.57819656560534 132.3128805881172 50.36692625102698 170.64510336292904 9.698382370391329 150.2549399347868 8.630530006211302 104.8884856215037 0.0 59.229116601912736
0.0 14.964215800269265 43.59136732108196 16.46090332182819 64.69158123412225 34.16369249911897 94.42147331771645 0.0 105.4778635243409 26.130914336707768 99.19586984443066 49.96993370749535 131.35358773742516 86.0535430067664 91.67152921883051 91.22845140483028 65.8868906302314 66.75557130886406 51.179658395608016 76.52286938419812 5.497410793558792 88.66664627990303 9.699590564173164 52.21518229397619 0.0 14.964215800269265
104.20540085066642 113.9444959892242 125.16475747897502 37.1098255190788 221.01533435324467 0.0 136.15788448756808 106.1056148052748 231.9852903549631 152.7069657808426 152.31993728573633 165.49236664636874 124.00955971329282 192.69727537838878 93.61134235338767 147.63879127418306 14.977221654823722 194.57451741347614 24.397470863529833 132.893309304767 0.0 83.35307587189207 3.1401283111678424 12.84935364513538 104.20540085066642 113.9444959892242
153.1564471765954 0.0 156.7310062613098 72.68648955892797 214.93630597460626 95.77124563160466 186.05887567530579 143.16106141611272 138.68230859399145 152.7013539678347 134.04678968601868 213.2549380479547 85.37701118727853 209.38130991362522 103.01838733155068 116.13090803719552 0.0 164.68519156884224 10.40997679144101 111.05375897958396 17.548896552560024 66.54309033460929 61.692639620130734 49.973162706487244 95.26777866185688 23.876016006390444 153.1564471765954 0.0
254.10306732441515 226.43172468810312 225.08288523465362 280.4709945833722 155.7486642622966 233.4445470923399 109.61704703071817 274.1120614410202 89.64754580135511 216.42579567689378 0.0 221.31469890138735 5.114840959539293 158.54809778257575 75.64899535583545 126.33409164149415 63.57512937940788 70.36327733257639 98.19683140259002 29.212340296294542 153.85259024209557 0.0 185.9925331384951 71.10640987463839 286.15568076053626 36.11922335844859 277.8949906291203 116.58693709847186 246.9852020256852 168.41578450517324 254.10306732441515 226.43172468810312
62.178161538025506 34.515041118334246 152.38707540522825 19.68123802931801 124.38530493559276 99.652877492024 61.90076958943099 107.06625494338331 0.0 115.85533058672237 29.169741568888853 56.16072420446296 18.105066256698336 0.0 62.178161538025506 34.515041118334246
82.84859746878375 205.6636154681334 54.20423927249029 135.6918702170157 50.550151244016725 97.98456221627586 0.0 68.48677731568962 33.11629917302503 33.40185404769237 76.63625975523284 36.0309274580297 101.88723043728534 0.0 133.02046482857793 23.43441342125226 164.5992766900435 45.650490819892696 208.98904309445243 88.17176547263429 190.77796210769674 144.2375111392121 110.45354171098722 108.46003223255053 82.84859746878375 205.6636154681334
16.764712523155637 62.36893198181275 0.0 23.20498190573977 30.57866157527127 0.0 76.66778500365794 11.74135753058924 59.50293350615637 58.454299568471384 16.764712523155637 62.36893198181275
47.249992122455836 255.89407896544037 0.0 127.30042838427109 33.010315751206946 0.0 163.65966174167954 28.260661831163105 269.449263693435 114.45000523651619 147.81886768731056 171.76843793572738 47.249992122455836 255.89407896544037
154.64439038172924 116.0748004928232 125.23321083536786 121.71882361540729 98.96744540205171 113.1848718030149 57.44426030196685 116.98130013909902 0.0 94.76615133116589 65.54824657532217 49.50493715058913 74.26843148595023 27.901056991015253 87.78959470343439 3.6944803851313637 115.48588148577065 0.0 138.3053955301521 13.202545375588471 181.18475265270587 2.78489649062071 168.96752098737716 44.02574016273026 199.76064628291078 70.62440114284603 186.86820172084043 103.82492841928247 154.64439038172924 116.0748004928232
56.60859349403141 44.93292590321494 49.596006429750005 57.11807073183144 33.99314943602775 53.30280781693 24.920554402586447 59.0785056157556 17.127475697640392 51.7734198906433 18.724231607766754 40.40320838379817 6.327924066582966 37.27283068349114 0.0 25.543464886136917 1.9188739485703366 10.718780081072055 21.71168877955661 18.54563972305715 31.13129850057996 0.0 39.309884541411094 15.822557052756721 53.989419968067764 17.467112302317872 59.19256003788607 30.757295928892574 56.60859349403141 44.93292590321494
46.89948622171326 45.02629179563972 9.2412816221604 47.37459299780606 0.0 0.0 46.009265372931054 1.1758544974219092 73.94658115392498 0.7120893597592044 71.42128931659765 28.43152621200892 69.99435493946271 52.30418410713497 46.89948622171326 45.02629179563972
99.16266010251792 26.319335674016855 172.8912906864518 34.82164626613335 316.26808236005087 0.0 307.48312351098775 143.00541959174728 190.56731683056 152.68320261328626 128.4106451736341 156.49776532041216 0.0 118.37290538109583 99.16266010251792 26.319335674016855
163.3129216589026 208.6581433242015 0.0 102.30923396438693 143.86099493075932 0.0 353.32959688167404 67.399968358012 163.3129216589026 208.6581433242015
72.78120087362007 31.28228848413673 78.85608688334264 48.82127561316729 82.28068494747194 80.23730881904534 51.85100917940658 73.3287935777541 32.034899920024934 80.46742291543221 22.575116519041636 59.02687291882032 0.6465259426672532 53.78008100066809 42.66159052242187 35.92309675324843 0.0 8.539048637279322 30.353507677264325 14.36490109319027 41.64738757093402 1.3589748132300343 60.15311673471441 0.0 52.43514212248605 28.559656567111404 72.78120087362007 31.28228848413673
113.60975027406128 51.942238862550056 109.13695792548617 73.58377666446509 91.00668452314693 85.01015607103557 69.87801191935061 103.4786566843764 58.439027707333096 65.03682810838785 27.88729300620534 73.58674774467352 41.06105440417531 44.07845795019419 0.0 28.141600003144504 32.1745829935673 12.864750123046008 56.001482617039045 13.240715635861164 65.1957530019368 9.536677329542528 75.56426752545613 0.0 80.77160740729359 18.080479832244535 91.74899381337217 16.69100396591648 121.17746480550485 17.054634271204733 102.10253756193731 34.38106419207702 113.60975027406128 51.942238862550056
89.42367513382466 120.9469115926048 55.74129850317992 116.92066418502839 0.0 124.14409473956002 12.45132053853802 71.07826619550092 43.313481188163834 52.383023811042236 37.97381801998654 0.0 75.81897241273656 29.805063269542686 68.84031293420952 65.65189890812873 136.64828804948206 62.35996833361274 67.55111234014721 66.73613094926299 89.42367513382466 120.9469115926048
149.42816181620745 131.27927967841987 0.0 115.56172651945397 107.07354700148272 80.13376169379876 91.02842207431542 17.545225226719225 188.97840239648372 113.56113918605628 187.0126900336653 0.0 222.22816837066662 27.424221457511962 249.02815449307758 50.474795169042864 329.78158732177735 48.28448181204563 306.91279906765936 108.96973101735861 227.45589713040147 128.11711366641026 261.3026446022875 180.60712720328763 247.2340418099766 245.89633123812092 188.97840239648372 113.56113918605628 167.2673559555647 165.29168268123323 170.24808080555772 132.82972557014278 149.42816181620745 131.27927967841987
186.99657514957443 35.666207735146514 251.06513883510667 51.754817369965096 193.43937990445139 123.64283566106725 180.5513520982604 141.8742539998845 177.9624477134641 175.7201611104311 141.8772522009247 239.46913185651076 91.10840400075267 203.36960213994658 81.75949624485267 152.26931417788487 0.0 93.967055970377 76.62823038819148 49.42087670377195 123.87549789667581 0.0 186.99657514957443 35.666207735146514
53.58216267491268 99.87969584226784 0.0 112.3030105809598 2.819826084444685 66.80955053740753 34.26240447040334 45.879427353472124 45.7605365939242 12.55366998717657 85.7836818985452 0.0 71.2503181642244 61.35868400607737 170.50264030037826 61.63695585379668 117.06043200530252 101.09390729290052 99.02563628116192 165.00787077810267 53.58216267491268 99.87969584226784
158.80324209044582 88.08885150535795 268.3649110875765 77.65157454283067 248.04276131471084 139.127602148651 216.66331383416747 182.9463647438685 162.5360509652224 180.8914108991415 134.00784607799972 122.27433549739084 92.91817427086511 165.63583617784965 0.0 174.72232117334207 9.765198586116611 100.03901421314501 4.318092868697676 26.403537432466777 70.14450430676577 0.0 131.95645794259178 55.556807468107614 162.57418081987282 42.9217780670453 158.80324209044582 88.08885150535795
0.0 28.984826155238594 29.267879435375974 0.0 70.29161770294024 44.73258370136931 13.59627424666553 61.37107059049795 0.0 28.984826155238594
95.48603566463666 36.24095882571169 87.79292123254872 48.887064109072355 76.40934558939061 53.507082704608095 73.99616113209312 63.690661508770404 67.07927537894147 83.09218149985055 51.73859000572237 78.06973139736546 24.461776089029172 85.82578363954987 33.99642086015638 55.78192631898243 0.0 42.84840345583184 36.83711668772824 31.718960938256217 26.621979428771994 2.2373049585504035 49.55877782035242 2.85977933282701 66.99375897485164 0.0 79.42973055126963 14.824389385417163 108.58567866312649 10.651549531373703 95.48603566463666 36.24095882571169
168.80448250896882 64.23883806921678 177.75402821378486 99.67482880640658 109.10800114467705 97.89299346112585 112.80388493480905 122.19770823811078 97.28783138301688 138.50284881278094 70.83671853951907 151.9016427454355 73.55486938381158 102.25172879887059 0.0 129.99318329294712 8.394643165222504 88.75649460859852 66.3637162631111 76.1656837666373 49.449526312857586 47.21283352939443 54.7481333279124 0.0 89.65141134196303 18.20038096545528 110.41801866796419 39.26503344964365 136.06463170136166 45.725863245504 168.80448250896882 64.23883806921678
23.733127032351575 59.6342676902818 10.728237483447941 52.73972093870326 0.0 40.55934701974766 31.954491510304052 26.71904219098009 12.790695652069928 15.315637052617717 34.51738559185878 22.630756737474144 31.46675115688845 7.632846982306006 39.27871661787607 2.3228264618652474 51.21459794880607 0.0 63.22834879033411 3.741501419522365 73.63916391215702 13.257347089794607 78.947330511855 28.338064530932698 61.76996967598973 37.48726361480038 52.898918702261156 42.30533854584236 43.80724869098904 41.015117560091895 37.017380762479775 65.74005412067555 23.733127032351575 59.6342676902818
0.0 85.82062453892387 30.093884822148816 68.36577741843611 15.277019779055784 42.49905385106271 24.861098945143887 17.840319990220266 57.20802407948373 65.4827876892931 79.2103226037564 0.0 69.04778749938444 61.396749143565586 121.0175637212362 43.88472109379117 135.2248621121046 73.01651726471859 74.43518538196128 81.12975755355222 63.69452707460241 80.0096605218252 72.00861511104486 116.4113809331611 51.64712167457315 127.7474301838061 37.76810941851854 109.96212139879844 37.387173641750316 89.55254354749539 0.0 85.82062453892387
148.42508756135277 153.1643541475719 82.2994523740819 130.9088854147938 34.36912500984574 134.17784603752963 38.246667504147 86.92466885758355 0.0 0.0 81.80175902784538 69.2016895598052 156.52909096572427 19.105765934044356 167.44989293143465 88.4299950700014 148.42508756135277 153.1643541475719
0.0 139.9907036567302 95.1575934450209 49.28324990485004 188.04701399905053 0.0 301.55988569946385 30.63594713469037 380.7489540469502 149.06755638607137 234.4825891295927 194.38056447883451 174.42515794199062 331.2722505547186 79.87714779155039 238.53508005656505 0.0 139.9907036567302
87.18634019992916 235.31199009968702 67.97232086427553 167.55972349316255 0.0 175.96883582613611 12.409100766476854 117.62653430190569 7.953605466701006 77.35523455013144 69.17444676918807 67.07392855729994 52.36038254241705 0.0 100.51379453196719 13.831556432413919 119.08170379797204 85.35700824524366 183.64697112144268 3.2137112527782676 203.936037741802 41.15541223280679 250.39064811237256 73.69216966110888 294.2789196696416 135.3492413892901 199.5371857044554 155.10839566871647 220.24627719741386 255.69037451867183 134.03342189910973 197.3629376617501 87.18634019992916 235.31199009968702
0.0 23.425098559627955 85.19622622748257 43.25078949714853 98.23990464622257 0.0 114.13279230309773 40.72247919655021 165.67504462803387 31.41989930045912 195.76474941884877 76.64225742202355 146.73779542711767 104.78854991352964 107.54154845042589 91.37098820596974 83.56746563290821 118.90248004988749 78.37574154446915 84.2212462280212 27.062252596365425 76.48935806538871 0.0 23.425098559627955
108.99710630409083 30.870094738151302 81.82375175953189 55.41762030703327 120.88710094884371 72.1425302065054 104.67377943890348 88.11806041323683 99.527801081651 118.55487509609475 65.44456987261067 63.39062181175853 61.966036715504075 68.86480487610663 57.68040707826775 67.81501261758959 31.97045440967429 77.47290203688033 0.0 67.97253964634623 22.12652015636462 48.441302842427554 39.185874495093714 39.373516133839495 44.60481969469947 25.447835864322705 59.57928588554286 23.982369691009147 78.24284514582862 0.0 85.93879895554667 28.86352168589476 108.99710630409083 30.870094738151302
52.727914579988806 0.0 90.87010128259776 100.12188080680993 128.11475714178175 84.85009388799051 187.26883060370292 114.06692049141807 140.9681408618067 153.496828094348 104.79792250395288 174.64948751079754 61.75069460568051 186.92739237915887 23.35696883912135 157.7411571779825 10.05614640896772 113.04019532957788 0.0 49.476681757735335 52.727914579988806 0.0
214.8025697779069 150.4844492484616 96.63567848630362 125.50569950875848 46.333960456392106 120.92523205616973 0.0 66.89321814684102 41.80229437146107 7.6521067540647465 111.4550091549701 0.0 169.17599082685786 40.87301647141135 214.8025697779069 150.4844492484616
29.098065936735182 0.0 39.270821557451654 2.6538749327045963 47.27596133964005 7.196301872406835 58.34648019645677 13.347471807087246 55.12232976466663 24.593055667767956 50.99982503660368 33.760458228623406 43.76284386471633 39.858844420902514 36.57860294821637 49.39053509862519 32.49886779078702 23.080708085136834 10.240431971125744 46.3675543927984 32.49886779078702 23.080708085136834 0.0 19.5995368567239 8.924047023249614 8.83841672199803 20.866888670894 5.075464045915965 29.098065936735182 0.0
64.18198738117314 43.9031793932119 83.96883329108788 58.479272436593305 69.09324634381368 55.91163164320713 65.20906152266306 63.97026207486553 55.76457327738366 70.09662330070469 43.008887306931655 70.94078124572248 52.063524243753875 48.781834682354855 28.914173290632945 50.69014997241342 0.0 33.55006829123543 16.52398763835764 15.90676142860542 29.80263934528223 2.0816509387283517 53.87891144574496 19.530748083984037 66.06714222242738 0.0 71.91238907793853 23.54477882541407 86.11997196592728 23.733257694727342 115.41977983232273 30.092692081435956 64.18198738117314 43.9031793932119
230.1701737376736 39.62978725921316 351.0641054605145 128.4667766707629 166.37329945940843 129.09367079249236 116.07293388626826 271.90560897507083 128.09406837010272 133.74158183359515 0.0 35.07494779935675 136.63834731815143 0.0 230.1701737376736 39.62978725921316
94.31160409877452 231.35453770250183 0.0 187.86583849599586 3.2257400217519887 84.4609685678841 60.62202910563411 0.0 157.52666343734165 26.794493910947367 280.0195728718005 42.96655992069793 208.20526882697828 152.2071962012469 171.41571774305277 212.23559986295385 94.31160409877452 231.35453770250183
0.0 75.87347907793091 13.880256557123317 0.0 82.07044984382796 34.49103044039431 151.200917874641 11.500195896984671 140.6498249277144 78.17378133157983 116.2628666594241 140.25676109786656 63.848522325061126 94.04432153317966 0.0 75.87347907793091
66.11668384165054 23.59898645508258 77.95669091265319 47.3112567300104 47.453725956942314 53.303690044982275 0.0 27.094280429503172 47.801934552276414 0.0 72.1673731713197 5.253646612991744 66.11668384165054 23.59898645508258
179.84419472455448 71.67890981466657 204.65126033819058 112.08732381379099 130.95775432438518 95.8555966482891 136.13928701587741 156.80603996380182 102.8129149231357 139.7696196856436 32.89931769673433 175.2093411121139 91.03837372579724 89.05941169168158 48.57756872870334 71.40046520707557 0.0 0.0 93.83822858725627 37.4051026027516 116.03434735349363 68.128883878864 153.48362345442155 8.589642758260851 199.3621762501288 20.66394553031109 179.84419472455448 71.67890981466657
280.037677722691 108.01097058103501 206.17726895907836 152.83900984953044 213.00642193704772 216.7153799011476 165.86907252249432 276.99198040756045 95.24119027973387 253.213996720709 0.0 248.48471749509793 44.496836552008176 146.3354202725718 37.74565046117888 91.69836606011702 37.51268760407473 0.0 130.93053982319003 57.84515670507331 178.47456212258206 34.45870967057478 298.3622115540921 3.095468158046316 280.037677722691 108.01097058103501
156.64101398570563 113.12087750881847 76.21007561406873 114.59815237828823 0.0 7.426176981039383 132.56034736106986 0.0 236.6141809256922 31.575583803549456 156.64101398570563 113.12087750881847
99.74596605954125 83.88228369418988 74.26126582704234 81.36918730738026 64.28265867097025 88.06223432673457 50.547620472998226 94.43731392001962 41.74024193396779 81.53137703073389 27.66522231746925 78.01627484896395 14.578132313463442 66.76320628048339 0.0 48.19254340222232 30.124105329990392 39.83202787363056 27.023068824334324 13.673303329860403 43.61324112603385 0.0 64.87600945348541 7.764586363504812 83.23070702054758 16.15799192661727 93.52773744775928 31.965542402630412 104.31596057344214 47.66455977383733 86.4829916286225 62.38310812071892 99.74596605954125 83.88228369418988
162.12682434712028 0.0 204.94336685182887 69.1611964408311 111.11894344970356 188.32650434281868 0.0 5.820676561203392 162.12682434712028 0.0
