100
80.96876477418989 8.02659560380988 77.28161154179088 57.43733687189683 0.0 29.52197496606709 64.30086127760595 0.0 80.96876477418989 8.02659560380988
103.59936688292304 68.37436525847332 129.87763705006978 124.59755929785634 66.08478551203831 127.06007811199113 0.0 99.33613906062328 41.12985954922735 41.991987085049715 95.46023153064546 0.0 103.59936688292304 68.37436525847332
18.94434607964517 2.303351106368794 30.143119853196552 1.4421238725281569 44.263788708629164 0.0 58.508435659426866 6.939763927008855 84.29089007406422 21.17936761357285 63.92019389864139 41.3766005331928 39.68074845288395 39.84604641892862 32.161530025551684 48.745419273478774 11.82201847735702 76.99586120032606 2.3277709635267314 49.620685712752305 0.0 33.26256196134045 16.244628347657567 22.668112062292735 10.322092855258674 10.01448357784345 18.94434607964517 2.303351106368794
108.4364440241988 101.91163244345839 75.19012423733864 85.33897847163306 0.0 73.50837944323192 45.208055284736055 20.767731436783635 90.90234874379736 0.0 116.03890868636351 38.87319449219097 145.15337237321108 73.56319068300348 108.4364440241988 101.91163244345839
36.89458564412692 91.6991764782465 0.0 89.27219348350488 2.469925554423156 58.29747755174045 10.849344369846115 32.90668952804031 32.541166748472435 22.285248699563972 58.672876877936645 36.8651372013343 59.77013851681352 0.27779198012184025 79.80012318156011 0.0 94.88009548050456 12.372591931558453 120.44470062102036 21.857005804542275 95.02562123257624 47.39668606908898 118.71704062909524 72.31979052125106 81.768607976162 67.86880495890827 77.27836162879397 91.87705952070789 58.56381628068452 86.49470126083213 36.89458564412692 91.6991764782465
154.87364633376833 40.96973415999136 144.1490680055091 98.82661844474941 246.57037237743668 92.37082221700811 225.09063121009197 150.01901232424547 160.65117013292837 148.14131040174024 136.0136828534808 204.40441867823986 76.17791669277085 195.87988419002062 5.920281510384427 167.36912956813504 0.0 86.70779584590987 42.119731407620094 26.44021989740675 103.93863463521527 0.0 154.87364633376833 40.96973415999136
47.60671450882006 37.70158721618063 82.75462969412364 18.486676730526227 76.77239564818692 46.297086417394524 68.46689418200731 62.87090856305642 47.06639589752345 53.69287236830789 37.184359100324855 77.96572740642544 21.438879372545216 68.34210915306831 0.0 51.13195088707889 10.426194587751183 25.172560200276962 26.136612179040014 0.0 47.60671450882006 37.70158721618063
50.20875507748464 0.0 64.96884216132368 8.809992204700137 66.75275737304291 25.100924469580747 59.59256140599807 37.95037962591812 53.42820163610304 46.536189805662616 40.89962847610413 41.54610813071021 32.94767745986084 60.169639350640736 31.853358788064355 39.37785718825687 33.325173651410225 33.679720528204555 0.0 30.69400380837618 26.383111367339154 25.107963335293164 25.23776880839057 12.340551452585018 35.90904498468706 13.794445022231756 50.20875507748464 0.0
115.70399126504249 0.0 169.31225216856913 6.355294289565563 190.61429793952806 64.99757691602326 190.96173185888205 104.51579006553959 261.4396134675425 133.0005648331009 240.69086955682087 182.61789195903933 203.06734076122672 216.11804624166177 141.56473426777742 174.95081450823005 121.12526278487098 197.67971734387896 75.86306923273011 223.57468226099456 27.870695649838012 205.7510439215073 0.0 158.4268566742662 82.78195243215254 120.65536202666236 38.01485649802352 63.61507320752361 81.29126291603922 48.773294697449145 115.70399126504249 0.0
47.35308561778234 209.14693841869973 93.86210330529066 138.12338667996852 0.0 108.65195908343404 52.8503988929551 76.55534938983818 100.32489748075983 0.0 191.85456107574117 5.107995158035038 171.0555286837244 110.25378173192935 258.0690157722522 182.92466801733195 138.96149829099872 187.56298644484517 102.29383884013511 198.631869445214 47.35308561778234 209.14693841869973
51.14421196838624 148.2258850166728 0.0 111.06051288752057 18.017372725958822 55.68193999593113 47.712892345839464 0.0 113.37224281791568 37.254732532318656 165.56546465475674 18.53058084104444 189.12578954003817 63.14910679514924 241.71442347381782 105.76963133728935 233.9088224538986 175.7008440473338 196.33561011961046 240.66764451658324 115.79720704856038 180.14649975345128 66.16810227263468 198.3514149865747 51.14421196838624 148.2258850166728
161.12293743282535 0.0 194.9869504876789 24.981106787592154 187.92999061365592 72.56630220737765 191.43894441480433 96.74625470463945 214.74294060292746 128.85047495949934 233.25868208104347 190.7787561140518 145.27945541066373 129.91846361171704 136.00559890742096 184.6891368170263 93.30249174469915 210.997702438313 74.43505483261346 165.41618525820087 0.0 166.3785151688741 99.61317550011397 103.04455461217404 30.359120679856062 68.38793418741416 19.32909243510032 2.3241846309731784 93.6224733181909 27.26024742339679 122.66230814047334 13.278261746507567 161.12293743282535 0.0
119.32316000604689 201.67072709347985 76.15402096886484 231.12257771534695 0.0 244.03288413721316 106.76128084455628 128.71723357081203 38.65124872923411 120.70899694612433 34.00165618333756 81.92654113442902 21.320122512549972 6.488688151522837 85.47995416584618 8.04886583234115 130.92538694517864 30.982600307532252 199.12053440889028 0.0 185.79259223722593 81.83248686221671 276.56469600157783 102.55154734994979 282.89485383669614 170.62676968014944 154.1650122142429 156.41571265530274 163.21797078985665 220.09669664322888 119.32316000604689 201.67072709347985
109.26465158495205 101.33050898489822 53.40844794343852 144.84009140989704 30.586204539831996 80.43155043434405 0.0 26.32011382956336 62.16577039296193 0.0 148.20556745687338 21.921499643302603 109.26465158495205 101.33050898489822
358.52281330739686 217.7975616974989 291.99572775371865 250.79425903138159 277.0434629439335 313.3327788302885 209.46801598076195 287.86098228811386 147.1805930175675 352.04513029953307 153.86252962801353 233.51958879859788 109.10570015808327 222.51050635244414 0.0 186.1635603117296 56.771532205737174 125.48135060633359 128.50280141191962 108.14970594679484 153.20298220762214 50.16339677805854 205.1607982825605 97.75186221427204 303.37713307235947 0.0 289.8103372450221 118.76623648350855 267.43786666800486 169.09813588397785 358.52281330739686 217.7975616974989
236.4088026552079 124.85405524887365 177.10595665398318 124.52044647229219 165.56353391545574 158.95071404574384 134.54610130237228 166.55687164032855 80.25076512178401 209.17522130295976 60.13777337773712 155.87649360740994 81.19613231962597 104.7605445536263 0.0 82.04114953798046 17.30903820474083 34.78054806352866 74.60986922284584 22.22935144980891 101.75773539157132 0.0 137.3433504260796 27.092751174561414 171.16848110351486 5.643459852295891 145.22927545350473 74.23910434949309 224.02467976924083 47.73138098988689 218.84653409632995 84.37157641246883 236.4088026552079 124.85405524887365
130.8287130563883 27.93851349452236 180.2981064732165 63.98640875904826 153.32191790999786 120.29493374545854 89.67635797863552 90.53944677019534 69.0045436774329 107.9264176388167 12.574470153397641 109.19980240163616 0.0 52.24745128413731 30.85406417244758 1.3035861172527063 89.30372440912213 0.0 130.8287130563883 27.93851349452236
0.0 129.90082765713197 64.39792669892054 0.0 193.86400013752075 66.61996426048165 326.8758313787272 105.9883057484928 229.30191558769036 199.91702714742945 173.11306153176716 250.92276595733387 87.44070278886818 227.1078963558896 0.0 129.90082765713197
246.87878628650077 96.38246463307175 317.7329455921874 81.0108372459284 233.7897924590817 141.61836765025237 273.0224250478036 162.3108425470886 267.6025517954414 193.458444807194 230.7140449696173 180.22415351672737 199.473715770053 306.74317718375124 180.1605178847626 204.68752818618086 168.41006090996146 174.82063322496188 0.0 170.98720633176808 111.66566550127254 107.7212412255997 159.65895715108798 88.22172447449803 163.62137373525331 0.0 223.1359552889365 90.798072801675 246.87878628650077 96.38246463307175
0.0 0.0 51.62974152905069 19.490508307821244 103.43063297380317 23.03714558565258 74.45001844339025 86.43082722228303 40.380999212928884 38.11792502992117 0.0 0.0
59.74278315333706 20.51336984770029 82.70038126302897 2.6042928003415398 109.89514158158735 18.751324023734092 188.36955339970382 0.0 210.9948476555869 59.292643459841244 184.3791861258968 121.29979267008147 120.11228681603471 128.89209979228664 83.60675020625669 97.18549037365048 60.412691918494374 91.95627510946886 32.0997233653743 72.53509373214624 0.0 28.856611231094718 59.74278315333706 20.51336984770029
2.0413092413159575 66.65124042776671 0.0 5.95833768221695 65.78616209613591 41.86993450134105 115.8652828719302 0.0 148.59430069926117 48.39881109091857 174.75530300623046 120.08762349898949 99.27113409116699 134.71973634727857 58.512954875948125 116.9219728696742 66.5293052501871 73.72068664745856 2.0413092413159575 66.65124042776671
49.61534159771095 24.17355387766247 52.09301752111844 40.369488185997994 34.558116547748455 40.78698916539996 23.67060837199358 46.24007573347278 25.948840177046833 26.0688927572091 13.042523853179517 28.495013160920294 0.0 16.06427184673271 6.96669194894379 0.0 24.853969271204832 5.837844672321054 37.6014098705338 1.645211522085134 52.62261736793836 8.12697751528286 49.61534159771095 24.17355387766247
216.89199088289547 20.732702115315433 185.04225461841574 83.55487174106773 201.2218668269698 163.5624763485551 134.09070529639325 196.16540109521355 90.2977641788524 122.36598971747001 71.44944856388503 95.0426364726206 0.0 58.006685222599714 41.46702782628199 0.5175417091711552 103.58666236733387 7.459741533825834 151.64851126923196 0.0 216.89199088289547 20.732702115315433
87.8661961329344 57.24525017591124 123.50414021081583 18.37035680312016 193.29173691850517 0.0 116.63823596733472 92.36838634837639 155.9172455668727 108.66395471287579 127.47416190826391 125.03653340670924 138.28488239661345 172.88596552431522 99.70643898527972 156.30739398323954 70.62073492175264 184.40112041864654 69.72957610903963 127.65247584450545 0.0 153.38955433232348 30.161306397389808 108.76373304262802 37.6829408736038 87.0789278965803 27.733078330180774 49.44232284524433 83.7832600218436 91.82025903694812 87.8661961329344 57.24525017591124
0.0 40.675687214043236 17.530833172451672 26.812848520772278 34.2197815481266 26.825038358852396 42.76350330489591 32.342401548437934 68.79958827927808 0.0 109.63761415606149 6.232567086906656 87.38228691370924 44.25010286381497 104.13697377466298 82.46877526178153 57.0858211019462 72.1187963935258 39.20674142094391 105.52261343723055 21.55924898559308 73.40545561108578 24.915173201931587 51.14055849909795 0.0 40.675687214043236
4.008871507339222 0.0 79.53821888865389 32.60197306390748 97.09367420488914 14.860145289825759 127.57407986510728 10.772188116131176 124.07525064149544 45.53940053345782 168.07298275619513 66.94005762920035 101.94438344843908 65.78714324918371 127.55821376043968 126.74700801615148 90.77093629812245 100.70935958279773 58.20915523433115 111.71631574148986 0.0 106.00151751773171 41.222472749454624 56.395538528480984 4.008871507339222 0.0
146.9485672544294 168.69185004344058 83.00479880667471 208.39196333054008 23.111943730642693 152.22898469934324 0.0 83.4531779360219 41.566163514466574 19.54223635040806 118.31220873254236 0.0 241.53284491357817 5.907671457295379 156.72294347882416 109.81048489653442 146.9485672544294 168.69185004344058
104.70477583571082 71.67840076707748 70.65218457439214 93.7700841267636 27.208093208534592 88.30533934255513 0.0 47.22073348465317 60.25564901083655 37.43863467936521 56.746795987135116 0.0 84.59879458179381 10.057636210576177 90.3907421847494 36.377533266921475 104.70477583571082 71.67840076707748
67.89132388861552 5.976206089774223 150.18192654967095 0.0 245.21240423332105 3.7933333266561675 252.7522949136609 98.92839956268165 259.0985139119239 226.3733282309496 135.72761973893515 189.52444459698933 15.860938049755646 202.99369557912485 0.0 82.79892902160965 67.89132388861552 5.976206089774223
59.800622118401535 117.99152121837818 48.32553043924415 88.12667656679173 22.123105916735653 90.22233820732956 8.930872202017525 71.15395252928388 0.0 47.09393418638309 30.2140111949156 34.513587774142856 37.05772621816007 17.43221233109982 54.34845123313326 7.5218217368674445 71.94434794102975 19.13599769742575 98.4068156537344 0.0 114.92436123554117 18.415725179949966 92.7018437407827 49.01722091743934 140.8178555746726 64.7038954245225 126.38860299782016 90.22357908359999 95.3222018149421 91.69157399486616 82.81873322328728 111.58164589394056 59.800622118401535 117.99152121837818
226.56629398516446 225.4761565329771 113.54801313228796 256.16905479948196 0.0 138.09803932393515 147.69221279038823 79.28226808924308 259.63472011867805 0.0 308.5721045374497 143.02995931980016 226.56629398516446 225.4761565329771
39.241942752304666 0.0 99.51618374748179 67.04509963262359 45.101805932667375 96.65171948461092 0.0 71.29875433388803 39.241942752304666 0.0
235.13267696900238 169.70010768878447 127.75290821685378 156.79845196344914 0.0 167.45020362688427 68.64633208956339 57.962876602525775 138.94220362536305 0.0 233.2998883638762 52.865554635619745 235.13267696900238 169.70010768878447
126.1709483366166 140.60641018284912 119.63992660019734 226.50972865422682 67.01556863660491 211.65191003358868 37.363684986867966 169.8849067480812 1.467483427693196 134.80098044018675 0.0 81.08232754740723 62.2915428422652 68.12430076323375 75.49594744646593 12.909667429690742 114.6068932758521 78.71609724647448 193.807462694921 0.0 217.67729753096557 59.44094939004562 272.5877475796837 115.34652904256373 210.91849116235142 169.45852227382179 126.1709483366166 140.60641018284912
118.17876414816604 55.97936611006523 63.490090822010785 56.989638785060066 74.26588590754808 91.80587884028397 50.13689104978147 97.65933742270222 25.64916070297781 88.4737806382034 0.0 69.36289424072184 11.448586514539926 39.269121642737744 57.537061607227244 52.064737047513816 54.26038038777125 8.377507121361454 85.05973268464379 0.0 97.09993333913224 31.875411804809985 118.17876414816604 55.97936611006523
65.05025120135018 81.85901326509466 39.911952280716946 66.09803266052492 0.0 53.409656748449315 16.68225852546383 17.400885211285008 44.47863883865401 0.0 70.22451380540586 7.9527178284496 79.92071702486133 24.72020685963404 78.61585447680257 38.93754050801699 95.98967404092508 71.41215309717447 65.05025120135018 81.85901326509466
0.0 238.4904899093332 40.374098445486425 125.47982649462463 152.44269423087246 0.0 277.5843357117319 166.39778693730707 119.13149695375384 237.6907576077154 0.0 238.4904899093332
0.0 5.647287844302255 63.11026434587228 12.224708352149243 103.99874438955132 0.0 120.94881289198477 39.86180869342717 138.22624819129274 79.4974444165602 102.89697979304333 105.79667412706846 65.98048351068358 107.05643890449949 15.177106491579273 109.22613812549238 16.80266283472644 61.41068830122534 0.0 5.647287844302255
246.37624721217495 227.07917272432456 171.8100671590864 207.7223211582799 132.04042438519355 171.4702778855655 108.27083196424056 145.18876028099208 31.454633822869766 135.41825787694984 0.0 68.54070036565119 43.31978264751872 5.094021766396523 150.10763797052505 81.81405270876587 163.9468341732434 40.02135094867943 205.465035412809 28.891957982241237 342.21477100301604 0.0 287.8625369971119 94.56697387543406 279.022222286643 161.43449605980436 246.37624721217495 227.07917272432456
0.0 24.210704703475848 11.63622597298955 15.060935734555237 26.14226538205935 23.4419040159461 42.95585416940624 0.0 45.70366153128941 23.068542705166003 75.36296908997207 27.012406939066985 61.72363695789912 47.00090197944123 55.86513723547128 63.8099011391408 38.94865770596441 68.7800541608741 24.325790812388348 68.71522521152187 10.121033183060263 65.60837107039512 3.175095579580571 52.37932984053756 7.782706683184898 38.95938110816879 0.0 24.210704703475848
15.529601089273598 38.19449207654786 0.0 21.734338095805683 13.107179483783796 9.64905889531677 36.5726041591563 28.322607508600456 41.680086551414576 7.4877053904911435 59.568037452080574 0.0 62.846149979458914 19.087438255405345 72.74851945700644 28.895676632134595 81.12180989986433 43.797445109453875 50.017648766986184 43.834970709628564 56.601150473451156 63.15806984756588 42.68806770641851 56.047123184371486 36.682014518582264 48.16040149978352 29.86390318803757 49.57191473010408 23.487085406704182 45.24939462099553 15.529601089273598 38.19449207654786
5.564463481504852 67.99716926454744 22.479362864902356 46.640738848078776 0.0 0.0 44.387328688851824 21.04767806696436 64.6916884071616 20.626674794160728 92.3851207188321 26.359803660559784 122.4034431753224 51.19155558084902 77.5360549030244 69.82710217678957 76.38162986503659 106.05016455733127 42.85449605714503 114.78378993177049 32.136414778899635 76.18455514847565 5.564463481504852 67.99716926454744
104.91800066514634 0.0 255.16147025502417 60.01224809272003 140.8305399015357 177.82262632553756 0.0 121.16590987229397 104.91800066514634 0.0
240.47567003512484 194.13320816562646 160.17837486325652 195.41323837088896 101.71216396150692 232.97626541894152 76.21920288934993 162.7630223366064 67.0448429723412 125.64350472096814 0.0 67.07268920352891 40.91326891572933 0.0 120.23352302202346 33.585685695164045 175.39480917398552 15.532599473751446 203.38153114496876 64.82912216971175 220.28070747662332 115.44154524682118 240.47567003512484 194.13320816562646
205.09570273902435 251.42892079351043 190.73517793387822 323.6286383423793 156.87783440215085 271.4242763235218 109.67236385424299 286.31396862573774 102.90148900368156 242.43654358474234 0.0 216.85690303260606 43.587652163991066 153.56337115870315 123.88993627013726 152.73364577170292 99.04742387931381 0.0 183.33065817384994 44.20609920806771 218.25678245917211 118.57235806690926 272.1301829095289 125.24462192531361 281.48329499773206 176.58669870688306 384.34459149612564 239.31111843238463 311.19477963035104 295.80109648610795 205.09570273902435 251.42892079351043
0.0 107.22523543063824 53.15546566344608 63.20315534091344 45.07358022447562 28.87513340965016 64.87684996585779 1.7697563074183762 101.25282479399152 5.892640870373732 112.75357612918384 68.09654361745376 161.62325373964256 2.939838324089095 238.06114816662136 0.0 136.1251041440795 66.07490146749085 239.46298918032932 109.90724888535587 257.07091146405236 195.71381599725723 173.07889823899075 196.15700000124585 112.76241938108544 69.70049210036854 102.20346469296942 92.27217238019551 71.68661353135798 106.1248011876489 0.0 107.22523543063824
161.38948140509538 69.44761553207664 171.69211895096603 15.048160309721538 212.3786749239777 34.6449380795254 278.8355609893264 0.0 286.93163395666033 60.29671283683233 309.02452907323516 98.85750510259544 334.9331838759956 153.62308278519507 270.5681993859597 176.60879158815325 285.77934824195285 286.3967472457006 206.6946637533865 278.8208603880192 178.51863560534156 167.4108057197999 71.59613366386611 238.24200497650924 0.0 190.21271094740177 67.50992385831844 109.01392160356822 138.92503043938922 86.27008549711155 161.38948140509538 69.44761553207664
212.76574663866347 44.53457437085335 179.43169442509486 107.45757836595868 159.5365347891501 179.474415455928 87.56385312392537 167.72868516785638 0.0 157.10886983682286 75.33072130003586 71.15131314171215 90.10160468976828 52.007755663448435 107.12095667223518 21.265530662587082 162.0944065085091 0.0 212.76574663866347 44.53457437085335
143.98068706201548 117.91754607363991 0.0 171.27788636588195 43.7380701084665 0.0 185.1237062873304 36.026249388603844 373.22101695137155 151.85574366840927 143.98068706201548 117.91754607363991
166.91647621709774 243.7051904449159 123.32899545442365 252.68821160047094 80.26045978856529 244.0946768687119 63.4825780351901 199.70936723912308 72.85504737117736 158.1433414788222 0.0 129.3570796376152 74.0907429326785 109.33429786515757 20.641656631108944 10.571572335980846 98.77908987977099 39.426732733901105 133.8036423549397 112.86494443255489 202.5293550198548 0.0 171.4149704708332 105.78642959375541 226.01634839654844 107.3523473019049 189.55715550712114 142.82904756635224 257.14929315815226 203.7581419838769 135.53058683466753 143.0613936312748 166.91647621709774 243.7051904449159
148.42192879520258 201.70096571757733 120.2645263470894 230.92620350546827 96.28010215424283 160.34640178280392 56.363204804966216 186.82861701403624 32.73496805768269 166.42780476835873 0.0 135.7057324177983 50.07398310429332 109.23398567906175 10.899224608575253 46.013465565969 67.80506338972725 53.95212834941839 94.61383539802945 14.618257141469115 120.20917967256247 77.49338212753825 204.74733606007482 0.0 178.75354465559906 84.22858879446918 238.92265811159413 111.61910463113816 295.56477797973025 180.5081716532522 203.95401113115355 202.56154904764264 148.42192879520258 201.70096571757733
122.51506740616536 6.285578706225401 208.16422003322896 0.0 189.03175340549564 77.48887657821749 172.16967010673676 140.74580789744812 105.65410133971679 180.28929085491774 9.436088762583807 172.54934864714932 103.08537550243398 61.46456009554504 0.0 4.446278104602669 90.72077421388127 28.400815997457784 122.51506740616536 6.285578706225401
95.79622906591992 254.95956716127537 71.74269404842369 205.3332842512727 123.98694737455665 128.0412391175365 0.0 152.07522487032952 44.607576341465105 112.49607822633126 4.143468740416978 46.62843964981013 40.228685956622684 0.0 107.0594868939659 46.10808225630714 140.1778461753304 51.739811739854986 164.4581913277481 67.91396019558132 199.58837701898486 77.19109069834145 260.4537599048898 100.80688622014323 127.83712933568735 128.86095921310778 190.75757497550467 172.436552710778 205.30641903153338 250.79355119093393 137.1752664706832 201.19799652413968 95.79622906591992 254.95956716127537
45.95018603689874 9.35809474223393 89.50081052779261 16.357018252885005 137.278133358091 0.0 174.17174345423888 33.021613159485796 179.30612320769927 84.65680028988484 170.70624143178838 134.9480202871973 119.49614819530689 141.06907553392372 75.4255408886995 169.2208474893232 55.30813088843837 118.22440798611979 94.43532006988744 76.13340132759018 0.0 41.030548370925786 45.95018603689874 9.35809474223393
139.371580332543 2.5797769099479666 180.25372584707083 18.11974254059473 142.54659111582953 74.98365195402857 215.6686968502483 100.56740947940978 205.95826598528765 149.54854456929164 140.26644943661177 136.89196970554252 118.37277367164143 179.8034902855781 96.08590422245749 120.15216053743066 41.712974246121206 150.7143739022281 82.16985744031524 95.04842709253691 0.0 73.60424767538802 63.62191794104689 56.60699460852153 56.9062591555446 0.0 103.36222505101794 22.507320250812633 139.371580332543 2.5797769099479666
152.23125416544588 0.0 203.96159086460403 15.61362566590514 252.85746327800848 64.91375085005016 194.3994692882638 112.01599710350119 153.15139446173322 130.77200442703156 113.58464314443694 159.16698232339814 55.659834758476975 158.67190832561977 96.0105496779358 82.66765242686876 0.0 39.756291310755714 80.13177505228545 28.461001310665473 117.36742077640837 41.00128849375035 152.23125416544588 0.0
0.0 57.57240247655358 67.04579061051021 36.82865874640737 114.1516353612464 0.0 168.70685443355558 40.47234222463699 138.41512184423553 95.06073154907274 139.20713157045947 162.51045464003593 75.69806983962353 150.26911823349573 21.015768176956897 120.86970766725324 0.0 57.57240247655358
99.75101066050881 20.60392276627813 148.2756969588794 18.59263351948499 272.21767699100633 17.669504891593746 186.01587776296776 104.20519278830938 144.78592882775757 133.05201008858103 137.28338035626138 186.89384405326243 87.23089688912368 142.68515066423737 59.80906705204116 152.84894805085548 16.743320644351556 149.04395841845297 46.35048155796217 102.85066626937089 0.0 68.82566456858689 10.754381403550184 17.84777102096905 56.702863174524495 0.0 99.75101066050881 20.60392276627813
0.0 129.49713962960197 51.42938495969686 27.405503740680203 181.25851848817248 0.0 194.13471812429688 135.14749615947215 101.41636255385534 150.55754095439102 0.0 129.49713962960197
3.3942554653405352 119.86466485450697 0.0 20.38050028304361 103.87360825922636 0.0 139.69714186973601 88.89254737315214 76.29520841666084 110.20664846636936 3.3942554653405352 119.86466485450697
0.0 132.03209480606552 64.90754867428029 42.78210564276428 107.34372102096907 13.64302040558512 156.10134589736833 0.0 206.14114728537314 31.723520980903942 219.89955529130694 97.85471662419036 154.1529993533321 113.7231046423176 84.35584365020318 195.33789484010256 0.0 132.03209480606552
32.875414062676725 65.3383382857004 21.865044176355298 0.30990476134644496 65.54660017964197 1.3888763563498543 109.73483305795818 0.0 143.84495053281574 27.860288173567966 121.58555959058299 79.08838367384429 162.97631388279854 111.16457061252164 120.69379940873047 128.72648710941408 103.5635983153024 154.6003440532386 72.94733400065182 131.85054462102977 65.38538571481769 106.35283933132558 22.746535418832366 135.9656155426401 21.517968266945303 106.48894162417487 0.0 79.96807836222396 32.875414062676725 65.3383382857004
34.7783503747641 0.0 55.175750998932784 8.93597799687808 71.44527778423296 16.961240107246255 113.23074919445708 22.00527967888577 69.0025197879897 47.92244713452497 116.68579914162437 95.77514725658395 56.65238740772217 66.39174110157872 44.99556213318316 102.19217571212249 34.21709505469251 65.01152119392141 4.801355809914895 70.96910799963068 13.332647582449113 47.43042843870076 0.0 26.609182212700418 30.470663154916608 26.94159851005358 34.7783503747641 0.0
86.89174218988474 0.0 101.0350046102504 26.142881985008763 141.92761383990938 31.859394774977325 121.78778405714603 65.74676440036836 130.66352863106056 101.96232579865418 83.42692498160655 82.831517967818 71.27174271900714 115.68740478205771 54.64065816424585 90.43437848919754 45.62055968980009 77.47204361791324 0.0 68.63209433578996 33.98314630219682 44.539336528803126 41.89288868987596 24.854304742030543 57.68019079850906 0.35782870241867926 86.89174218988474 0.0
0.0 216.4580789314943 40.24938469459637 137.6217560569615 75.55401562273254 95.8846366899816 106.76523734046226 46.389442540081745 171.12750406908708 0.0 201.46966003560496 83.56212706804237 310.3783118498087 87.16044614990071 215.94590036445652 159.84580551674503 180.90885326254104 174.14377322162647 189.7759476299033 240.54173599788828 142.99764164031035 233.5344491923505 99.67025784538612 220.7964168561653 0.0 216.4580789314943
133.27046010035716 30.89583196291032 115.25227938739204 72.10642707514651 121.87824175867848 105.46907594867864 79.75306508988947 93.26136054987442 65.2198917180318 113.13148870941308 37.99813124548771 113.74470672693451 5.250467276112005 93.23560315905193 0.0 51.898711288990896 41.34208747028009 38.03272260413013 60.45829687009615 0.0 83.17815641119039 44.700699392751574 133.27046010035716 30.89583196291032
144.58932227612064 184.60394579828457 66.58151437982829 156.0738872245287 0.0 85.63076041919322 86.62495441943177 47.462409962252735 176.4626895868018 0.0 202.39234888931452 106.29052021848943 144.58932227612064 184.60394579828457
23.04519333790013 50.86628411039999 0.0 15.395679429256738 38.429355492078955 15.564087211899498 58.94742263372079 19.672990837292417 91.7043040694626 0.0 74.44685136925736 43.089525551269205 120.93196013844424 57.92342597759986 89.2635965370052 75.09905931024578 85.42877419906425 116.79623616174709 52.23196227148638 102.73602881408229 39.532504578046286 76.92250278506111 21.49363679680016 69.38914725407643 23.04519333790013 50.86628411039999
276.3139333101737 39.21016487084444 153.93304798394084 124.59218664602179 138.31932102219506 127.21454802818141 278.4199832246188 241.3548939832329 177.13269932929882 207.8838077761491 139.32807286359278 177.46617272585087 88.444962474665 251.6554615824966 84.1634931601937 178.09922610512848 62.981274304357385 154.66666689659183 0.0 118.22508540719593 22.1946394024458 68.52605790545289 63.89642189951687 35.80291695513081 101.35952207501325 0.2992531723620999 158.3505255854193 0.0 205.06076991770067 28.16178317543192 276.3139333101737 39.21016487084444
122.50583363854581 0.0 188.57291960282697 45.72349241846311 264.2721606528394 85.38365144766539 271.17760901935367 174.00556146679963 174.62726670986143 184.89899296627806 124.75770589965126 229.64723441184822 0.0 241.90453637407137 53.49009355385624 123.11821563381858 50.083149474450124 41.48720945213606 122.50583363854581 0.0
147.55499738404512 96.90468980474225 138.79122153900556 138.66649958008986 92.10472155052976 102.16225986994647 62.53401007250643 129.26460910809533 23.022738119966874 122.33463145022 26.66499001426839 80.16089542179779 0.0 48.07800961525394 16.97869149478285 14.532852121828022 74.66094320458234 38.87106990670173 82.36595663407603 0.0 101.86246968064201 18.671591873503353 135.2957127998119 13.342740501771665 176.11387562506428 29.554958681020274 174.4679832485487 69.57925566183036 147.55499738404512 96.90468980474225
102.89675622014639 0.0 262.60373741907745 24.32694624111268 201.482097846437 184.7758047410278 0.0 164.19018029724165 102.89675622014639 0.0
199.09973877184035 50.817414947752866 148.71145451027746 179.07097975799502 2.8505960306654146 142.23181133995593 0.0 2.2767535852082403 114.526352945384 0.0 199.09973877184035 50.817414947752866
237.8299592943858 112.29417391480654 282.3996009561116 155.73853218776497 233.23885798566977 184.4496005948579 173.38831558639376 165.6489494566363 182.04062733809644 257.8940798744081 130.93095252422313 265.2794955734836 142.659113842722 147.93531006095606 59.79786734781453 203.32735888095988 60.71558673011188 157.77230142752035 0.0 110.75715106009574 56.79248513948721 77.25643045956548 82.35739380960558 44.08734117047831 124.63465103325093 34.31573877821931 171.76232919662928 0.0 194.58071950281777 61.365014536666806 220.1239174843012 83.6480699749427 237.8299592943858 112.29417391480654
12.815551365684584 4.982253982070873 38.083166842203724 0.0 54.270827810568974 25.069593080843276 30.26271622438766 34.759804939930206 0.0 33.38956931472107 12.815551365684584 4.982253982070873
240.75254647756236 97.79776819899413 221.58662884257043 128.79166191838445 268.818965452946 157.9956357762429 257.9622973031303 195.64235779837574 240.67963990849375 244.63871315773022 190.24352239364882 234.85068460460187 146.87967813574133 241.41895210484995 100.72256876909127 234.1476333778566 86.88239246929004 186.97858816037987 0.0 153.9921925104567 95.0136717127499 111.16082945720238 93.79414951197803 66.38676374111024 104.22167953373416 0.0 169.9645480770953 52.54710248052517 182.756080254516 125.98522750587101 232.12370548011842 64.59277108605522 240.75254647756236 97.79776819899413
63.6890546969855 0.25426986453013 68.50472958698217 21.995873903798014 67.86523903142051 34.63538213851682 81.74402962178132 42.54251181309617 76.11535413450366 54.538002554074 82.33812726419316 79.05526239734007 58.96643682051275 72.04678345461491 46.25154248199595 73.97014150428396 41.63732321232033 56.688522209814735 39.50470345504093 49.95901899524124 19.686712649595712 48.439815173865384 43.18457345473144 40.71491455661544 0.0 5.5600900091986745 50.29730600305532 42.35574900562841 45.47089604834604 0.0 63.6890546969855 0.25426986453013
112.64598189200981 184.34718101220065 91.18028826770029 134.0841896899977 12.80509815323856 183.73198011946272 18.827786856456726 121.79479891119968 0.0 80.4213364636552 45.313642988522815 54.79360509981926 82.5141494001397 55.487899659606505 98.62949512847793 0.0 124.38064842518014 47.69429475366062 143.85050505626594 60.824869428005336 185.3932485650236 70.71840752529842 128.5260546037239 100.43704873735933 119.92276765085886 106.54115229808187 126.85268049863961 132.14865203918998 112.64598189200981 184.34718101220065
152.33380695980958 107.25899339177244 124.2402185629354 136.8935827032433 83.28629852863715 106.01687540363562 51.44705380454667 120.86137039828321 0.0 109.1750739680343 2.4466045158815177 62.003884269448875 32.225729293972734 26.507189718388247 75.0339386381899 38.41374355216082 108.16604683359004 0.0 94.33337558496275 65.55011817169428 124.11207766299569 70.3913505404987 152.33380695980958 107.25899339177244
53.32178608054828 14.60476901232407 77.84199282745729 15.66191291024441 59.732860324797485 35.26679147756815 70.3345191516344 50.55248800335005 46.69939756086566 46.80277107539955 46.10626213040234 69.69656522229516 29.42427112469504 72.15398440957563 28.068050557893272 47.13744335479748 0.0 53.24653022287974 20.794572038329093 35.75035025936293 34.2454202042273 34.02788722912442 8.254248758662897 0.0 34.94347239864979 24.946962092865505 43.60513556396798 7.42468527552289 53.32178608054828 14.60476901232407
82.2955930559137 76.00879545342585 0.0 8.41878029133855 54.85281336364456 6.693793642300875 88.18918711086046 46.91146998174035 131.9612507243384 0.0 160.0783834326013 33.50509312567029 148.42779606420518 73.45280044627962 162.92157704964097 112.04224273859953 115.1145474088951 112.88140016420701 93.15520309354287 108.65637298908788 69.77479570320301 134.97017817009248 41.56969785722181 124.04900790556246 9.049684289022935 102.68944096857965 82.2955930559137 76.00879545342585
31.676635370558287 0.0 65.48052641825333 31.85088419501978 116.29790856657013 57.441618201092105 72.60404794668499 94.0862288450952 48.194607503308944 53.56769324902444 0.0 41.078903058831365 31.676635370558287 0.0
171.12431305442698 119.52324740358631 110.82279142304269 147.29015710806476 69.20170672291243 112.18511756310468 37.707683540611214 99.93732501842288 0.0 58.14803033876257 46.41029134481593 27.803051226896905 83.03746828227744 13.173795998401296 139.39363663454708 0.0 129.2155271303789 62.9327874850044 171.12431305442698 119.52324740358631
0.0 87.88713810371203 137.86115743855856 0.0 309.03625223368965 116.04425519808794 125.54811951363648 186.24205529511727 0.0 87.88713810371203
29.489423372400026 71.90539035446312 0.0 41.738163921058096 38.48984286029588 23.616344420718654 60.977730322871196 0.0 75.02293113190322 34.712420811395226 133.0433809341596 35.903650129807325 103.56752922010158 72.38553701590021 75.93369931562098 85.71574587098453 50.47608692790989 89.93688532982353 29.489423372400026 71.90539035446312
30.63509772756217 46.61844772724558 54.39391973566384 0.0 85.36642636217722 43.471089947528554 129.7514221587849 62.88220517195735 86.69844629160802 86.7255944608721 59.1694246683154 104.8884057809044 0.0 100.53063106875138 30.63509772756217 46.61844772724558
95.21917322531571 194.2621148987074 0.0 132.41475124658257 48.66090741644784 0.0 172.1938636610868 51.513134096925185 268.20303691564425 125.2548632909072 207.32261966629503 250.09957581023673 95.21917322531571 194.2621148987074
181.76312525479864 17.491431166599483 354.15860637764865 0.0 267.67220137553096 151.3690838451436 162.09569060251084 120.24896544515869 0.0 125.051320025356 136.56986684875 34.6027463041879 181.76312525479864 17.491431166599483
40.946616810876705 11.11386329970233 56.68827002649549 2.275940374946572 57.385037836079476 32.69101988738754 78.19185725291621 25.930603960404724 74.64013448725129 40.10880477953255 101.42079607187999 54.0685504749855 51.993904760920344 47.53466244311201 66.72297384904118 70.2635242149256 54.55734229945823 70.10528078224065 41.903510532993906 83.9915806143246 23.641378535031606 86.43118728729571 19.405706866868343 67.25003704987635 0.0 56.71803181015787 8.19842422127249 38.29741400274564 15.273117361914444 23.278411970807767 17.05141719378119 0.0 40.946616810876705 11.11386329970233
0.0 206.62088532422894 7.444492604372641 141.80357829646317 24.273462848492557 98.87901775738452 5.769274134223878 51.79791542348639 65.85876674709331 51.83563773872305 83.01477616620228 0.0 122.33577066548615 30.03388499048367 159.13565926835133 31.856436290255232 180.7691205969686 62.77269350538432 217.43789569770763 92.25608366071846 267.46367053539336 156.4678822287267 181.293386288941 173.36702393709498 167.9098745168339 246.13634080590583 106.72820020211894 184.39012376422323 70.79976489863574 188.54696856783005 0.0 206.62088532422894
107.41799435395387 0.0 88.55370469999043 62.66701216349007 139.3953861770034 55.655692509515035 152.89834917275425 86.67250775747802 114.43994462956186 101.83992610855866 104.19966767739231 128.25929077989122 77.86326214320678 114.09681023118377 50.722381391115505 132.4676626613317 40.494437603569466 103.46673154409855 61.97116136475701 77.11143783640804 0.0 57.35608453688077 39.154049832995916 45.55643070913398 70.8396728935717 63.58008267010594 74.13301997405095 24.87412538055738 107.41799435395387 0.0
30.705570048881697 109.42784035075472 18.568735577167388 90.58110585351575 0.0 73.8948495206431 9.815067201498636 51.50326966887103 18.076427454627463 29.850848012484278 30.92223189784346 0.0 60.315092185609274 18.716330003807933 64.38670720389287 51.20556413123538 97.25876231562513 38.24096740520778 118.89068797135724 55.51462602824712 134.46551398355513 90.02091960267053 101.13323866279134 107.85864174729527 77.40941251952536 118.57648004106007 53.13662023855491 107.97400428331851 30.705570048881697 109.42784035075472
169.21695243977425 6.162543202328109 145.2950152702581 66.19305564541587 174.36413915933682 83.68708529197572 165.5306561517165 110.94267994705596 146.39208173389162 131.02949725995327 126.72293659330268 160.87646370041148 97.40958290844125 135.63845517478487 53.39180183080711 156.5738313079814 45.5779745338406 115.37664260309796 65.93584477695848 85.23720872346851 0.0 32.97364175138982 76.71469405675131 43.20133107420819 101.81342031322106 52.099131673920084 127.93964162031581 0.0 169.21695243977425 6.162543202328109
43.37024401024161 22.70324301724061 65.71970750928918 0.0 98.30728111864661 13.866549109842268 85.77059375818473 47.48947633830845 75.40620246102719 70.00217062951872 51.299591746865495 67.69587455406666 16.979351279363378 82.29147550550682 0.0 51.25639571019873 18.71978605018389 24.413460153111544 43.37024401024161 22.70324301724061
0.0 22.713359882520535 34.218518987705906 23.536774206531916 38.1421984612975 4.385406928373854 69.14980742508308 0.0 63.6962475651746 28.439379662703033 58.620287747214064 51.39731627273531 35.36660936883571 40.69154028850447 0.8741945429253661 55.453310396192705 0.0 22.713359882520535
178.85074757108356 319.5640489750707 172.45552162517208 151.68314828073238 104.771092558138 214.6166770526838 0.0 218.58894377653328 14.26637624691719 144.1549699651039 133.2999952466928 123.76927188475491 97.79626180559727 62.14465419002566 153.7935712570386 87.10203330374873 173.8008973867049 0.07252968842809082 234.77540036447874 0.0 222.76446094738125 93.49357139183502 226.98503093584247 118.89604091789447 334.5415716996513 137.457023422005 228.68302863754207 161.544729851025 277.03495470649005 235.74700868696888 216.60102425722695 229.3646759323675 178.85074757108356 319.5640489750707
0.0 22.803494229440417 51.77995774505044 7.710706505531206 86.87237113336798 0.0 113.19136508951652 41.05646918002462 67.26738845499301 48.61947003101854 15.218973872416804 85.52620198254004 0.0 22.803494229440417
56.656469624944364 0.0 69.03092262524827 28.62255540176526 99.35662781906993 30.968152903989996 63.668233764313115 61.39683811744245 68.75611529993807 70.55762590014496 65.88324193551817 80.89354177943315 62.202870039998515 97.25598545076423 46.687919744179396 95.96952268990023 37.55498029292379 83.3670765320501 24.95280937298122 83.27652902751723 13.213055775770584 74.75309128302032 0.0 59.55484053512979 31.226798290406023 56.20192393454541 21.194493771341683 31.47403839027107 38.307589722708755 34.300733920964326 56.656469624944364 0.0
139.01929651570265 0.0 144.30566624772501 57.65230864566158 142.30828117127896 82.4598876996921 177.64194037362608 133.82935629488173 132.12085909450155 152.0157267750974 79.11443396757228 166.69196945668006 39.001797209756646 128.13408748956704 0.0 77.64801710657306 48.34230361728166 29.113822731569414 101.63157458026977 48.458907749919916 139.01929651570265 0.0
