100
95.06389176731209 87.1272798824086 62.014356971524975 67.56231945124875 55.05211046594749 60.390348023123316 0.0 65.93248412188822 40.672935084910364 41.48827845798545 44.682671881973576 15.161242556280847 76.59220498146101 0.0 106.32798366916873 22.04532377652071 88.1778628662123 54.40647170011861 95.06389176731209 87.1272798824086
69.0944628787437 135.51170563765095 0.0 63.87548087574568 72.6788899878374 0.0 142.63128207650993 76.6717212220192 259.64404288059507 27.812586027901602 217.2655681781155 120.61972786522759 228.42020492216102 204.40494123706353 144.23626173750776 230.66874761662646 69.89392969827679 208.2934447812219 69.0944628787437 135.51170563765095
102.42355486268787 88.53733675478988 81.2161228697819 87.58895942002516 16.32351596132203 119.49420797923622 0.0 47.50049043902311 53.75085740572548 3.9516524209756057 121.38696569988495 0.0 129.24303105148698 61.08234338733972 102.42355486268787 88.53733675478988
29.66697972488742 98.0177008035013 0.0 0.0 99.1616024713017 6.240020107509785 107.54376959039277 73.44989258603442 29.66697972488742 98.0177008035013
46.38194490514215 107.95874328400075 114.45109887564658 105.47100496517953 128.58422727079085 0.0 188.41723074436635 54.351282701984715 281.31457185357135 48.049644052014116 252.3367813936439 136.5052982297634 265.34016302808857 196.7767669517922 183.52169361616777 192.58885317822663 163.23508369832837 254.37447030921615 131.43969011235922 192.52086953445198 52.57363977701499 227.76169163225055 0.0 171.33608890795298 46.38194490514215 107.95874328400075
255.42824285293466 55.348770082974845 247.0191361693624 99.04791644595034 255.48818573269034 132.0008302912181 285.59623161203837 192.44910541772674 190.9881480297886 147.30690013494726 186.9784326636917 201.29422920513423 157.19648479159363 169.21633815154817 148.18217062848854 144.27983937930844 101.75052107885399 159.5604403816943 0.7865879337002184 147.5223647448642 0.0 82.85715098792062 106.00148754850812 73.02249372723159 105.94869315624493 21.677334183579845 156.17188489993606 59.79936919444766 179.59057492660128 51.73103871095604 243.66537929524205 0.0 255.42824285293466 55.348770082974845
34.73774482039958 0.0 94.09567069379368 1.8769974828208547 139.15676104908 22.012112962626865 92.07702621593215 82.09190690604561 182.62541896450176 117.26277823905261 119.62556007381546 128.42249914463187 85.74042375211063 139.22260689556146 79.48133774069422 94.2955138387457 5.047912368998055 105.30016298620856 0.0 46.79879274098955 34.73774482039958 0.0
27.10945631889024 50.052474950203795 0.0 50.7909299589974 17.889474087071818 33.69879803586023 20.376055417835005 8.524618226665943 50.28290971061182 0.0 77.28886319291625 24.657231581973328 93.3055724397316 69.55617039073394 37.98945889365595 58.06009279137192 27.10945631889024 50.052474950203795
50.99142197631366 52.818024128931754 69.06498657012364 37.68086557519267 79.27887896474317 0.0 112.51249347948757 7.927851027583472 128.5926005409784 35.70731348269848 107.47739551544485 69.85967844951297 190.33740810997227 67.01447418368426 139.83474655156877 87.56400352395057 139.73384795029398 113.81821748296385 121.55107721363561 139.63115848355494 83.70899310149606 184.33930096970704 55.326213984389426 139.3279427960714 40.95651183579321 107.01971254480618 0.0 79.36696117247469 50.99142197631366 52.818024128931754
33.376896545895235 23.009648782271846 46.690801297650836 18.915812644947174 71.57400028148959 0.0 87.75543674143736 19.83242348342241 91.96956000719874 43.250400855889175 100.3341422249267 72.78316333840917 63.04617128291913 67.2314243350063 50.21115704606376 68.35430928909605 31.041962938493782 83.84458166284239 0.0 81.91919755350207 27.33858734879601 47.56994062875193 5.136455855021239 25.310419137035744 33.376896545895235 23.009648782271846
46.97948154413591 3.7242988525291665 97.46009997008574 18.749726729308357 79.63191891368234 68.99167801426609 38.68697815324494 66.03451408256473 0.0 81.13911097968949 19.426140571689103 41.14043708556634 5.817667064423773 0.0 46.97948154413591 3.7242988525291665
26.51287983490775 0.0 67.08556218912064 13.593665426979271 104.59670517373152 21.74294641458647 103.66482992514594 58.484937534646804 75.81413740130773 75.03741766443473 51.72365297013627 92.78443066851793 29.275602511441008 70.57880991032299 0.0 38.43974483761731 26.51287983490775 0.0
0.0 5.819281537621748 59.59218304379494 12.827613951388784 135.32936987862647 0.0 90.387041913883 59.91498828411416 59.74610089148606 119.90172633975999 16.20354568724626 68.50396191658291 0.0 5.819281537621748
0.0 28.82357843242653 14.177599090402197 18.727957505885968 19.503166551301817 6.893612275524461 37.66365173061351 0.0 41.00715862141067 19.68431385269382 53.44667559239852 35.41461455914656 39.27794483945968 47.96388440985113 23.31420773729107 41.44968751582671 2.440758350334363 48.11374579363674 0.0 28.82357843242653
51.965786061400394 34.38895979356167 9.719082948001947 18.233077111381192 27.612402802833927 10.409472724528484 40.74657019296663 4.69344056207639 53.81649918789721 0.0 61.23420974691061 15.358968149413272 88.77781234628529 3.9363666488294484 91.54255026974812 23.412532460044147 81.28870823411268 38.54859189436824 72.78620946354164 47.30128303790468 62.55595576509745 49.947045515735084 58.22609060532301 67.36605024007471 45.94295519996959 61.117582285808155 46.47232927854236 41.52848038819437 0.0 61.981369867246045 51.965786061400394 34.38895979356167
27.30426867604693 55.094838435436166 0.0 35.866074400486575 29.527284746019347 0.0 77.69679662740285 38.15349024932933 27.30426867604693 55.094838435436166
26.847681905031983 57.24257279974705 29.32400321996864 34.265774864078764 0.0 17.94059766662248 37.132000421573075 24.198920873930717 43.29904693668991 0.0 57.748224128976055 11.920955495487846 64.41133517238492 27.027458028246514 65.89818854036577 46.790883579955235 43.98072616836094 43.820844799745416 26.847681905031983 57.24257279974705
0.0 3.769625620625739 78.06291873999194 0.0 88.72255817532667 72.67792323843057 30.826864405690003 61.23331340820995 0.0 3.769625620625739
38.683157978160196 145.13375333320442 0.0 93.67942982334363 41.59270517367007 41.36672395676882 98.81058292579787 42.24700334804047 141.56917884414253 0.0 167.32876901150456 51.9631542913162 223.12894655429818 78.94650112073164 249.34399760849647 149.20563039237186 150.13313458381845 145.3707215525655 123.59436324307073 187.78535400289616 56.31726660778359 216.68251721197367 38.683157978160196 145.13375333320442
30.681272973401946 0.0 49.518926393038385 11.46641113438153 37.36597074213901 25.43259819118215 31.270253396443167 24.834117606494345 0.0 40.7692488048377 18.939712749290578 15.82241129600979 30.681272973401946 0.0
205.4600528574078 93.21427419039205 151.42418193485724 96.51306949176578 128.41428699867265 169.54402676041198 84.21880263620798 121.634796803525 49.83051798836192 90.65628921084885 0.0 38.0389809991728 100.99501324241697 34.988092136235046 108.7242209590779 0.0 138.74634723772812 5.4902498878664545 184.15857237282594 1.328215560551513 186.03313710664554 47.00560086601657 205.4600528574078 93.21427419039205
19.943589166760496 69.58501318286652 0.0 8.156816763576934 60.23110647119617 0.0 94.72639467172856 33.44913484362402 151.79468889227314 23.30637968164863 174.28763923587084 72.96267563495758 86.29785575148387 76.50571367909953 97.1752925221848 132.46390008752184 67.23630607990982 106.01013689120894 30.926362999857638 104.09713379244813 19.943589166760496 69.58501318286652
211.34302187184838 38.023105255465936 248.1080522584375 93.17108606697278 342.2256508489608 135.34271177026562 264.11985358789264 192.78747772945044 260.4601536326305 287.2624218801317 173.0960452605308 283.36408809275497 143.3630485586152 203.430375093694 0.0 229.03307100389682 61.53293829625861 130.38475306529642 128.42548717858466 105.35175358561995 137.5670278095005 0.0 211.34302187184838 38.023105255465936
136.96039511511316 67.5986119759313 158.44366054033713 90.45370848322027 146.97719558953827 118.3546818994435 125.5348823174467 132.28503173975201 107.14871495687457 140.7834555065598 90.24621655256743 122.78578624822576 57.629129864999605 147.2163909667762 27.06159535136264 128.89086682879247 0.0 93.650531085826 52.67585753235427 73.69925584390693 46.577071966985336 15.78581526035893 92.13427564772674 0.0 130.5344127299777 24.062109471409855 136.96039511511316 67.5986119759313
191.94108006000283 228.45410519029008 0.0 224.05738210928104 21.50944053176437 31.645999369146708 183.91928140224863 0.0 278.72685960392334 109.50359017977186 191.94108006000283 228.45410519029008
59.11706507298376 136.95449322872588 0.0 104.27810422091864 20.90599508225307 44.58644779432257 48.88372763673527 0.0 98.7708068855311 30.748310442696294 129.12790385147918 35.258515243275525 169.1641505430544 61.12386388594767 129.76916139599578 92.59361966015413 99.77349398502139 86.27397296961959 59.11706507298376 136.95449322872588
21.921623953053967 0.0 63.45071660009886 8.13836031615115 105.92694996201602 16.486386046889415 82.66354135270674 56.81679245324229 83.43792748230895 79.68018967984437 64.77023979894196 103.9933947017546 33.69174194941989 93.73397891994765 27.454350501158586 66.30051817941057 0.0 37.726657058252904 21.921623953053967 0.0
34.31201036097089 31.431443706270414 45.362928494001835 0.0 58.127348917664634 13.527297836516993 85.3442599351512 23.60412888267794 54.57355977563749 41.03675375800296 64.38365931945594 66.10238424113047 43.0349495735981 68.0717522167314 28.10696806898534 58.30782351225916 21.466369976289357 47.831449292157885 0.0 42.74617616216271 6.973497785674695 26.283552063584807 23.775956990213075 22.705284739694363 34.31201036097089 31.431443706270414
112.29983084207434 92.82965372025552 96.49405524347372 118.43095171616375 63.345825726108984 127.40081740389687 19.881572224541003 128.14685788648094 31.435231833610658 77.85908940490349 0.0 49.68268462021376 29.38712690620809 24.545559381624614 45.147265323073796 0.0 75.66602202522105 0.6798578085747593 91.1151950862376 34.58704278222129 116.09728896814079 19.258362902279885 174.38467773301056 17.641389532079835 164.0685047752504 57.741789624260164 137.78567391781797 84.16919182606372 112.29983084207434 92.82965372025552
111.7203054463625 44.90816376838162 142.94614811264043 38.97421178267241 160.2234948401681 62.33540141931494 224.37850950929158 75.72956199291488 194.23309493098077 117.75663904411664 143.58542611140376 126.80380401405631 141.69920169042229 154.50314257715806 120.60431329633634 174.59321363687965 90.69607231092522 185.83796990242143 70.54102748162063 155.83598295965535 37.24837170930306 149.6232500309705 17.931648979407697 122.7787478583471 23.504770456509988 90.4439948524843 0.0 40.06597976786769 63.53099932187388 49.18969851143933 78.5835312357898 0.0 111.7203054463625 44.90816376838162
289.74472291340953 268.16619720455583 209.91192052175967 253.95094624474808 170.89477505516288 201.95340024881793 145.23157423755887 185.5741100044141 0.0 193.9137405138738 52.6002638263152 111.24505826232125 72.02416272744284 40.45406293539487 138.15545860909435 6.901344715989893 206.36023060163834 0.0 264.84787390984906 32.90077473189035 342.44292156031327 53.88296684160271 207.1787081101204 138.6076585509203 306.01335156444964 195.43210391945695 289.74472291340953 268.16619720455583
70.26132596161048 138.1602507049475 0.0 56.74451714840468 87.28255499485918 9.762392843698343 203.9937890592181 0.0 143.84348486854728 103.20011279294896 70.26132596161048 138.1602507049475
254.14604364372252 240.00822848843964 229.31629348974786 332.0850235766452 139.90027904106628 350.25408932892555 46.592459455017035 340.4106710769105 0.0 255.98272344829752 139.2589973730225 188.6373277822467 13.793128118237263 84.94347390800789 74.79898604430912 0.0 172.44490613982106 62.262722610521436 238.92100882168612 94.94988087350474 354.1494702058459 154.68807994485996 254.14604364372252 240.00822848843964
61.26826555474733 79.03975734956802 0.0 36.55909027999943 75.02793900933722 0.0 123.03855804669456 60.20691380932498 61.26826555474733 79.03975734956802
0.0 50.93292561440528 85.92097241278455 0.0 123.23304034771455 83.4399195253394 61.5408732420272 95.42885909216857 0.0 50.93292561440528
0.0 77.90515068868703 83.35241759035452 56.72855362245319 113.94903206678538 0.0 161.64553251820422 78.3241821795718 191.85687531884614 72.93524069422388 299.86902814731786 53.10501499010999 207.29847980403156 124.6780049443605 195.09927520030237 145.02885852807174 246.01724377063613 260.8553030034384 168.6901916118703 268.9308301370267 111.82803360690923 233.57330257956215 52.133923979316236 210.3496099107038 27.499100786965784 151.58476235199828 0.0 77.90515068868703
29.728553315218292 48.18421426427717 19.719019909405745 38.327246486316 0.0 25.213275834309854 22.20791756832685 13.92846347524575 33.516248941469954 0.0 51.41237550834943 3.7481448836336 65.05737359585919 18.649961352647637 73.57780449236436 44.690029362196555 45.95164764194176 50.32744168869047 29.728553315218292 48.18421426427717
164.43540059306991 115.85477345173601 111.8849991893301 116.49324127129495 65.18764678549792 158.02339129476843 25.637935339636158 116.97601415940028 0.0 63.561383595403115 53.529059148985766 34.8396820483966 86.49777813811339 39.44283102854126 116.55318454742535 0.0 134.6724328112684 38.50847489593622 143.9613355115489 66.8782354546126 164.43540059306991 115.85477345173601
46.51737226734073 35.08581096725449 16.187950281556596 36.46007624833652 8.597685894279039 22.865038335486773 0.0 10.144059007682031 16.02533244220504 0.0 37.16008096252803 5.003040518293432 46.51737226734073 35.08581096725449
120.00523306802728 103.0366190019221 95.96293069558652 85.84545990554045 67.60926607439055 138.8843994980955 66.99934371310466 86.47550812205802 45.73561031376916 79.96057830372882 27.625137700308315 59.835803541193705 0.0 18.96438130572706 60.67574270958376 24.232813033941802 71.97843308493744 0.0 93.95111828928333 45.10067044468136 93.07638244066372 57.767945862949496 153.60364577904738 11.5749501229908 120.03704285598346 50.927519200740086 131.41852384288802 64.65154173249422 111.66812147703548 70.8395676346394 120.00523306802728 103.0366190019221
0.0 25.091531967782117 9.8175239457982 12.857880466583268 27.197101136405266 13.518777823155645 25.53795896988545 0.0 34.553761644636936 2.483498144934586 39.75554271807668 7.915943194347108 57.979694450905356 1.4311051090290903 47.98845971572567 16.99853683313121 75.29583235026448 31.801383046048983 57.62729979074271 40.968343891798725 48.8363103147565 58.89433604992465 33.120942688173045 29.15814032010084 33.78207764596576 19.447121817709217 0.15031966219297033 42.543133646944725 0.0 25.091531967782117
125.28748588335688 0.0 221.31883205268826 90.12819652154695 111.03916145162682 179.9824041875138 0.0 76.19902221903014 125.28748588335688 0.0
64.6848260060433 46.36104814762218 53.097936711995104 51.215041375418316 48.382396178583164 70.47011227923463 38.11528708548299 50.308928908888824 24.119548854705727 53.44687263452658 0.0 44.84625429035953 22.4221206939863 30.698782024895145 17.854658226872658 6.927415759585337 36.344561773179095 0.0 52.19962374305253 10.55028944458612 59.69628211386778 23.324966039279012 72.02926691712236 32.57307045598815 64.6848260060433 46.36104814762218
129.23974317205085 28.26287397284137 91.50878288919424 126.15903662956555 7.478766948853519 89.80498717522576 0.0 42.14797405165317 6.007960594989584 0.5437394952524386 50.14653008318032 0.0 129.23974317205085 28.26287397284137
45.34826367818253 92.58176791387915 0.0 87.04539692379608 32.61641796285837 57.16962453162819 23.1315010015759 24.612639227446813 54.82574810700241 26.231272877155803 74.25117038703955 28.38749004500653 111.41951712074562 0.0 159.04701003876903 15.007997368245029 105.08495110551083 63.65616230867006 139.81544027394682 95.80949441943375 114.29767609881624 119.25726829013826 82.18965725014601 114.62688945073955 48.93648711602994 149.58286616397336 45.34826367818253 92.58176791387915
209.07500678598075 0.0 189.06170082059543 104.7339044416595 191.75879387701997 186.33548800621537 112.92568056358475 191.19139620423442 36.01900380689102 193.50029715314236 31.95090278441866 116.19042189948964 0.0 21.148394466634386 107.08504243595326 77.52666321471358 209.07500678598075 0.0
47.333471044448956 28.741446449123302 60.96249641237095 38.61574128212342 62.32093372334454 54.7864278450901 46.812497988118636 58.84567305258524 33.626508527402166 56.461489768682924 23.71641573231527 54.583812291459765 14.512880664363593 51.152474743602994 30.933470672798506 32.33326330432661 1.051089149143877 32.76036802177491 8.80125764661193 22.94567332697322 0.0 0.0 19.66566102972169 1.3480933551591505 32.56761263506267 10.001328924451045 46.88584372602902 3.444648281508904 41.507231273667955 24.39561216429381 47.333471044448956 28.741446449123302
0.0 145.5466881404618 42.828092550475475 63.29444400797176 155.30103751784407 97.4333046817902 199.36706588444787 55.92546155463461 301.1516140319288 0.0 347.64423819262083 84.21525602882099 426.2076588106579 160.5134165238352 287.74510773587076 218.13082076469317 260.80453332308997 261.5259103302752 216.39890798803236 305.8510229904657 189.1420739750878 188.3308075495076 172.48702865923676 196.52378501476375 111.22115128657141 202.69665581903436 0.0 145.5466881404618
39.132409922666454 20.993255202434796 35.94065019837089 32.32084746391861 26.232869577028467 34.75340664475003 17.118943799653252 33.19442933496029 0.0 22.507606273499874 9.807183625869925 0.0 29.89666375169631 13.571493223458006 39.132409922666454 20.993255202434796
50.717069604415656 133.8691570186296 79.45483799700827 89.72122666480121 0.0 0.0 99.7773807776843 12.108732703529924 152.6983825255287 54.165620569366176 177.90028128703335 36.68100515125573 211.64524751846125 37.82526198143708 223.5571461185565 68.40830801173954 236.0647256247337 96.83718240611444 234.87411560479921 127.79262247796848 238.7766090732291 174.5203706890778 202.5272220011181 199.55156199233338 159.55982035268454 233.6165151353709 103.99118764073006 224.95610396424777 58.647965457689736 188.74017160817996 50.717069604415656 133.8691570186296
150.21683369829398 6.122032295658869 194.28872827078894 0.0 206.9174681204427 47.63390484270167 220.89016793687247 79.70492264245246 266.63774514137333 115.92903588072615 213.3640842738933 142.33956829610042 222.1416283151664 197.82655823924563 180.84199804552208 220.7594474656604 135.94796798463835 177.90686366842561 99.04184741918036 189.50776152136768 62.53719580585289 172.59077211632194 89.05953627397687 123.28310834477803 0.0 97.13417283204005 71.4948799091171 70.07148473464022 111.18133195447507 69.40944213507143 129.8898336260959 66.64159734677985 150.21683369829398 6.122032295658869
19.47870672467765 35.84022588318244 0.0 8.472844040645171 21.518589633077355 0.0 39.59795578594198 11.499680517484336 19.47870672467765 35.84022588318244
65.2425496440619 20.05563688692945 81.79335128988482 0.0 94.8813280843563 19.531185288817966 130.35369858302852 13.23044810572219 111.29474076243123 45.35787906877316 98.14448216541216 58.70272443135005 113.46117237341404 78.87671646477358 85.78231462130664 71.46305957202182 86.1360632828294 103.269435953608 67.85604916989334 92.24347735257928 60.879050115756115 76.15785466062638 49.71976617828524 72.74752544292181 0.0 72.7499477251901 44.97710135102922 50.681226210219876 38.89277214665432 33.63707165073603 64.32449090833079 42.15729938138398 65.2425496440619 20.05563688692945
0.0 21.53072839854042 30.051932559715254 0.0 45.64167181318777 19.563232210093517 55.53303596832738 44.89448220155734 28.75602611240032 38.886413187315796 0.0 21.53072839854042
291.22302876740855 0.18498461704021452 261.7595761847456 123.89607036377922 215.86022730830732 205.26885146008746 140.24409016594348 250.95444723322 75.13860875398021 192.15953740633714 21.55743513565193 160.8524644256593 23.59267577164053 96.26380798677886 0.0 0.0 102.51612328310848 51.023838749325975 161.42031252242091 1.4893254415662085 291.22302876740855 0.18498461704021452
151.01860867517567 37.74958089446389 97.81652507061793 58.160069479522875 117.2267046386821 84.9925628974036 107.1727950566411 110.39683314085941 77.84962459649105 95.33265092774052 60.58306721531109 94.77651760920911 53.12410541991265 75.58750982259738 0.0 96.45306903722046 48.26360640488389 55.32030821969826 45.90787026167389 45.600222386495986 49.32707629616009 36.69809754070032 51.96641289725952 23.34508084794902 61.39911748108922 0.0 80.21573925116908 6.206815982563185 91.92302371918669 21.390199106428213 99.93249470860205 33.63627987112855 151.01860867517567 37.74958089446389
137.08779701093147 37.1813012126442 152.10006658364983 67.93952195031875 141.1614968179481 101.44638841427616 99.45979847186422 95.27910392641547 85.26499952599006 109.51637307600268 66.06530989461717 105.71014563650365 52.709777356106315 92.20599985715245 47.00472912724321 75.16420679793328 0.0 46.79141162599318 48.953248834054364 37.47509717542954 58.41028286760779 1.4882119055449152 89.58401630198357 0.0 87.85296135234472 57.33743454239698 137.08779701093147 37.1813012126442
125.37040385484383 78.00260361963993 85.96921769591633 129.05217197614957 26.549457456616125 103.79728511563698 0.0 48.21056752636173 39.165841130558164 3.7791316511234925 86.97642302159653 0.0 159.99852770457113 12.321818397395852 125.37040385484383 78.00260361963993
33.0402583503364 86.46900414990786 0.0 0.0 114.84860160822285 10.176163280484147 157.57629972452173 60.416054016351666 198.27400108530153 5.551530582487402 240.15305313344336 28.55067736870042 268.284013821984 79.18882005894807 246.83470624143942 129.6962688278133 221.83200318107143 189.14880048929146 161.88940163379368 198.33663130720177 136.24147645285703 123.3562205113812 47.139934235312126 148.8364879908969 33.0402583503364 86.46900414990786
21.8003275012141 164.44589563593854 0.0 77.58749694108438 51.36855141359919 0.0 121.40520029653028 69.05331309337505 189.86885810291398 47.48732859816384 159.83540678003732 106.13769568508411 160.81429311909812 164.43642267728973 99.39005801321116 184.43489717933318 21.8003275012141 164.44589563593854
0.0 13.349392581233957 28.013147467167443 17.967445810937107 20.89321334741878 0.0 31.801619322782102 5.730274051752332 37.34204685169513 10.401287416191593 43.013555085542706 10.389072232640544 50.49429804427143 12.50986019108268 80.45250317323715 15.316061687885622 79.02393296821981 34.265438855717164 66.85366785951456 47.422774929241186 56.37889672327694 61.12521871508048 36.625182630876665 41.51702929343608 27.508763113943246 45.98832293731493 14.752551616386015 48.00799617421568 2.203886601254055 41.04381910866488 18.431119739088757 24.82601271800209 0.0 13.349392581233957
17.34153115286462 14.81848490802578 27.955466651831784 7.536196800639132 39.02609250543425 0.0 45.277529019316944 16.141346558112303 66.17969393090645 10.812030797731438 82.8347177967741 25.780097249931046 53.16967240934167 34.28725553224582 58.60024841409037 58.79572817864336 39.87501190144974 57.39677109067166 12.042440998116348 74.64715187864026 0.0 49.75537453880328 24.546170301221792 27.033199658440452 17.34153115286462 14.81848490802578
240.048572312119 57.12246731670882 260.22078380958254 114.06822412553016 230.48750343154623 166.75793887912607 203.77627012624768 223.86399743590908 136.41345771814665 202.76023147571544 95.24165620471473 183.71351287165476 129.4734454679237 103.81036402658117 93.96666835330669 110.52125825397371 0.0 61.78402210257382 79.90231084448816 53.2074116028204 97.82566423716908 0.0 136.7195071452138 67.93414571600184 156.84682604552728 70.69112586578196 240.048572312119 57.12246731670882
32.16004168043857 20.159125786700677 68.12010585701478 42.49492766220324 80.09675010427947 2.374864828789484 108.97053084373583 0.0 106.43471261579693 40.92384515622446 142.05949491872366 44.449251905816595 94.12397589886315 67.92702958955897 137.9896229675074 95.34597792665042 107.39576493965525 99.90125371060236 96.77989433194725 118.18281280952661 76.60482054518117 106.030824668609 56.22777047847981 117.01823562305202 33.96671686743093 110.43599453532312 0.0 97.74812280090222 27.937854907499293 67.00441579960085 12.177448230018669 38.235548391845214 32.16004168043857 20.159125786700677
292.6197653977624 204.86396998128785 276.71152565873876 275.0362655288856 209.9717145642211 289.282499990759 154.7763056123075 250.41730048004902 80.45333162032694 233.24029260785335 161.60415554214217 151.1579225360208 0.0 50.78639072128715 105.42866669800905 0.0 198.1522339398 27.46582513323483 249.91081244696971 49.181699846096606 342.1982605259909 25.358653610067293 395.9797238783424 90.63123033734936 434.39239803283226 184.87243002669567 292.6197653977624 204.86396998128785
50.48522736741621 176.59886348402614 0.5481696291119675 161.89331334621784 30.59137390796468 114.19235828913826 18.395883254228238 77.56558869463446 0.0 0.0 74.23141440599089 20.795146516412046 113.69961418467082 11.057364687283396 154.83336930206255 25.543189604756236 163.76507625808796 71.05551393838573 206.80086775147856 91.14109613824193 183.87425952873357 128.09727411301304 182.1132347122924 165.93770919367574 146.44701440283453 181.07258128338134 113.43057978676777 174.4592319959567 95.081974993366 147.1139043819586 50.48522736741621 176.59886348402614
189.9019048903666 13.654259893646923 242.44044319899956 143.65262248777142 112.3629067874221 192.27141071474867 0.0 101.56255534063949 81.22519111905214 0.0 189.9019048903666 13.654259893646923
134.26660681790474 131.41757243197384 118.12572821297506 146.89404171984438 83.77272945719542 209.50138713308166 30.602342083024865 202.5480264293438 51.645233725783925 126.37303342672199 93.19224418227483 95.9953463390617 0.0 61.034107639383194 36.16672912350509 33.713442871580554 77.61454269412329 34.517669781133975 102.76083876376777 3.768851334389609 128.5377033992853 36.109309449288084 200.74841489447255 0.0 233.38277072150282 44.71350881811116 174.35080252294716 98.22656950908039 154.95006010713178 120.16307791808842 134.26660681790474 131.41757243197384
120.97769711437076 18.89061196216967 225.07063750407795 101.39260725622728 114.91841818818546 190.2940058532672 31.273029873532565 120.50967624413268 0.0 0.0 120.97769711437076 18.89061196216967
227.08386675690966 134.76604132905203 172.2538532249458 163.78908866851202 111.6504804801322 185.6568859226739 0.0 207.9749337809666 25.15846577578108 94.67291699745118 63.68205488197728 43.35835516171045 82.39103082416415 0.0 130.3730211084159 0.39569123406982953 154.71456424310887 35.17354147486034 222.7147782076482 17.34430392345009 273.66212315159635 74.42286898707566 227.08386675690966 134.76604132905203
0.0 18.12446793785392 17.16813792224194 5.3906823153909045 35.06520278169286 0.0 53.01326517615078 3.809057612074497 64.20677535787642 16.48032363613885 64.9231162733088 31.455472078482572 89.91106955507759 49.80685352317876 54.43106114894414 50.50349480895501 42.14767730470986 42.89464756327483 37.01152341007459 68.2038351153202 23.969033330213122 62.47424930574158 15.47969679102215 51.06819817551042 2.9431387946851473 38.49467658758405 0.0 18.12446793785392
49.525629941715096 38.717573346009885 45.49825573278484 14.475496626717543 61.08503956448489 7.526539704634146 89.00598579587475 0.0 110.51241436064507 17.389162721097165 95.59775638665991 46.32142488127542 59.40287682383665 46.688937014900546 56.50170032850838 45.12942519562907 60.18084608686485 80.82599775237313 45.09792797142052 74.41006346032916 18.83526263280058 76.89825402137316 0.0 56.47583809658738 16.50691078965508 34.339024622581036 49.525629941715096 38.717573346009885
81.1001165996203 8.871263525162703 82.02669785979226 35.02287527674775 72.69887872087804 50.56429072362169 94.79352638696881 84.83994541299384 61.151202029570044 78.62683944596196 42.930945458525144 80.05553129378589 18.695448541310128 80.3391991429194 0.0 62.949448018688834 6.887377126462184 38.12133392926656 17.214148312590794 16.468803901435727 35.244610351680834 3.950991379146771 57.47200478752596 0.0 81.1001165996203 8.871263525162703
107.22737761949706 46.347163798514536 138.48690119198343 29.647976821457164 134.45128166874403 71.10167778608663 173.31753374435814 83.8102544232377 152.4105343977673 109.53863730390906 118.77768363414259 103.22316543949938 112.83929631133677 158.90203000431865 92.72496459844406 119.29646014380477 0.0 159.82779479338637 9.918021912774876 92.6249089891827 39.75389731675067 51.893625932528415 53.85745445908584 0.0 107.22737761949706 46.347163798514536
197.92363701789114 87.50815702291581 289.03306737611877 115.80759209220842 280.6007096324559 170.88863581336707 242.76141956303024 213.2911488539042 170.2630707317203 157.01722824241565 146.98117900683965 165.5134107604162 118.68478874733745 160.97939515691252 87.28581798048903 151.78491021871807 100.38613407182926 113.0858761426366 0.0 75.58957783875039 89.673039489023 60.093332426872834 92.05816920639283 16.718638880386052 127.6687657264804 0.0 164.9353199188003 30.73635674009293 205.17411796178774 16.705104192636227 224.78790391371615 47.259562759802975 197.92363701789114 87.50815702291581
0.0 67.02514971824549 7.6633300665631054 24.883411934375914 36.440493194245036 9.584976617525555 60.74536376629108 0.0 93.14891394728063 2.133887140695208 73.78300285150803 36.80950151066172 91.29427796145744 61.28949582210764 66.81387175838341 67.6352451729348 46.554674956480426 63.01412491780384 0.0 67.02514971824549
157.2361691789234 301.72650399359634 140.27518770050455 239.67319393725938 0.0 228.64161523514434 83.96488904305943 157.02811383802597 48.9717198128381 0.0 180.0125254487574 106.5603594921845 251.63738883752677 80.81575886834739 307.6131897666147 134.09681298465492 377.2986588367171 212.28653201297914 268.8143718065277 265.2703163347897 223.53462592408843 320.58332185026933 157.2361691789234 301.72650399359634
155.45338173475182 95.54128528762939 88.60599290331122 88.70188266773462 16.003688502572146 125.9408702168422 0.0 34.11731242628747 74.99717014858172 0.0 120.37596899862139 38.373730636259666 155.45338173475182 95.54128528762939
186.9318716494136 0.0 254.87653801787653 40.48085709800239 251.85883092048766 127.65191735050303 351.2942685276368 167.37873231838017 378.23259231202496 262.1971174351452 154.72655026317724 187.1880456493231 203.1027652643956 299.3109658052789 154.45600309749744 308.99033466860953 125.35031938936712 249.99810950436137 61.60591446206807 272.7243713260304 58.8328565205871 220.81203935330205 0.0 178.11498266230598 61.44170900934412 140.31201224808015 72.86080363742316 86.26795492736285 117.9733317202354 51.40116525053526 186.9318716494136 0.0
232.72931944517026 35.0318259501139 291.24084261597164 49.205660011187916 260.0202023338872 92.29421129929528 289.68523673886637 163.7786168547484 226.19904620891518 172.05615159153538 181.10809066679502 164.39024927791942 141.9567739869525 156.41951406965316 129.59845371988783 113.93959691442274 0.0 111.80255763407257 73.34212730776892 45.761574161131776 95.77897562317028 1.827550220525879 149.07185490125025 0.0 182.96574133161636 11.847749651720697 213.99042180188377 8.797682541389563 232.72931944517026 35.0318259501139
0.0 27.43930557256447 2.667448682025963 5.567180142233575 26.397153532221154 3.7318567559963824 43.238793011740825 6.708015834790338 61.21660653708497 0.0 84.33885312157027 1.7285407715862036 74.257232752769 29.860341487132608 80.90439618536232 43.901257809547936 77.07854305473106 59.25001730507346 53.76382432512791 52.936092903751835 54.017030518773524 81.85727962682031 38.24306172156032 74.31637504319784 16.8796953651743 78.95431565040789 8.860661221496457 61.804864185085556 16.554395877985726 43.947798388718134 0.0 27.43930557256447
170.96400727649296 22.809775027286037 232.77197973538125 13.004309478076777 179.82926776626692 104.97771602800545 223.47022095138317 117.70170723790892 284.91734586769167 174.8639462262483 180.08283861698612 155.4970118491288 183.46002682714268 212.97221871399944 143.6582682902382 210.69398686273138 112.90608890073591 193.21418031071624 79.29652087371356 179.7434303440764 59.151830630869696 149.13780277448654 0.0 104.62555404020104 96.5554621939601 91.88838571361569 89.59042218794247 41.17287118427599 122.11670820690966 0.0 170.96400727649296 22.809775027286037
127.23780840236785 189.56678382361036 50.85344609476406 175.4985568922741 28.233109436349366 111.52216753553611 0.0 0.0 112.76718360230082 19.372702831556822 133.89773546335346 83.1734770757608 210.29313015949705 145.26484844118676 127.23780840236785 189.56678382361036
171.99377862296205 146.57644643397606 0.0 166.30647467763026 100.291631094914 34.959882446515266 132.70355444361073 0.0 213.73934415636438 34.66632720878766 171.99377862296205 146.57644643397606
200.00428357851817 95.8502129693991 233.49966458970425 127.57372056050619 186.49205830489905 140.60254584528212 198.5749252252342 200.94853521547006 158.71978345538105 217.898992693961 118.1905984862527 213.23380275244267 115.26957427500089 145.79785262880185 57.37418119704677 163.50484320840283 51.40780902977963 124.8237462953364 0.0 77.28829632418739 30.530766023388026 32.341683866662365 99.19177572138159 43.61043966934136 135.5978307184788 79.82630380253431 165.23639217272537 0.0 163.84784896229007 74.27635155371757 201.1456207975733 68.48659671688279 200.00428357851817 95.8502129693991
142.6290850179305 51.127833320809 167.7737566151478 85.99606550265356 188.38382748094602 139.97210433981363 110.08190175089956 140.34287970732467 85.09270779965532 148.01342841603662 59.116968740777295 170.37976623659486 23.217804873371563 164.21879574224084 9.473228591582867 130.92574507356088 0.0 103.71902447085546 15.210780999666355 76.69974528983306 65.99864623454734 94.03633748113157 56.98594866542804 63.989689067339285 79.53007029820925 0.0 104.16632583645529 39.93138815246858 142.6290850179305 51.127833320809
106.73353561257699 26.644599504667987 129.4096989877676 16.30153281677432 182.73798517573323 4.558825207719686 168.3333352924733 49.39959602106918 190.35987273431874 87.06017775903106 182.7584007575668 131.77222509966066 135.11243120310314 141.54496184518507 98.17026438993432 128.2650518079953 59.98969549038955 137.95586893359157 36.85132968420018 106.75813319336552 0.0 74.4297520537994 26.074467789736133 35.421354340471076 51.07175947231855 8.940350522456285 81.16035689791961 0.0 106.73353561257699 26.644599504667987
237.5466623774079 253.35553411537035 202.00552637748888 324.84056332213885 113.86365368348159 337.5267581119903 77.39839845717368 255.90150307713824 0.0 196.3693520265134 84.46124638906177 144.00805953189845 91.63946032338997 0.0 187.18619143350836 98.179079420448 242.34431508047388 134.71616752538193 360.43894305088094 190.9114118023428 237.5466623774079 253.35553411537035
66.13940369854153 170.9962961921463 0.0 72.96865808279041 81.43492008966419 13.950626747732102 129.54507373353243 0.0 296.4134046903795 23.472489019404648 208.01510417752723 160.2887024282021 66.13940369854153 170.9962961921463
0.0 57.99464975300658 63.34360368471796 43.355123903561584 77.3715185882038 42.392211068155696 97.81981598198081 0.0 134.82632327062083 12.55961599198686 164.32414165626307 50.99844070021995 157.44482909095183 103.54753023113881 109.55611742639105 126.96714856846575 77.79877146240321 73.59008930962366 28.891673387034217 97.52956046502206 0.0 57.99464975300658
106.40966595366095 0.0 243.2206654148219 78.43753889914542 123.64156114030637 173.67108869775575 0.0 190.0755102688077 31.869687105119453 73.68897766173212 106.40966595366095 0.0
126.31055463082082 46.9128665101208 140.18283610172193 56.54950008365097 197.17887547470735 0.0 216.82370352875517 34.936865082343026 205.13679800819295 74.48204207176963 165.52340386597962 94.24015012049546 175.29062385170522 117.68094694124026 190.92759415803997 178.78997451502192 140.66723521992668 135.32027833194633 128.88129701022635 100.32715900835635 79.83543882941984 157.45215819094057 62.94625823029227 128.0662855058402 39.924641191204614 101.18685818865914 0.0 56.87349513455061 67.26287241942123 40.20893324724567 93.0086163405889 23.117704005828834 126.31055463082082 46.9128665101208
86.04612619172198 167.49175330908787 0.0 189.94369495136985 14.026853531324207 97.65930501185555 53.28195937570595 0.0 150.56701628350095 51.60427387391198 225.79734780921416 174.22832643880835 86.04612619172198 167.49175330908787
39.07716006166257 0.0 45.24510179595457 19.889344421454716 58.31844197185305 18.248194500763567 44.48769718186644 34.33691084941196 49.871218242451164 37.5931285445914 48.7888760446005 42.36451178771819 54.86373021696832 56.22389934486457 43.439198476627624 54.033067676734696 36.4788546601002 56.95464265052862 28.67112966032107 55.9573301230948 25.40146760411379 48.288722904896495 17.36947431536862 44.469956924309194 0.0 35.260895846400096 8.27278436790803 23.28186056971534 24.328089997578246 22.87614546455469 30.907010547488284 19.115359752252466 39.07716006166257 0.0
0.0 42.7379360543631 77.20139457730386 10.596092913420655 132.24847506155402 0.0 124.89095572343798 61.4603099672153 69.45762992260777 116.04993679189161 0.0 42.7379360543631
86.78722713468908 36.48657059477976 142.21847132253671 48.216135982055384 98.36716191989315 85.230531558515 56.187894844909295 100.47624274657781 0.0 62.38350423806276 38.514113776781954 0.0 86.78722713468908 36.48657059477976
202.65915637116677 110.42814742830117 56.641807524926094 181.9261534665848 0.0 0.0 147.85489067582654 11.00115753467773 202.65915637116677 110.42814742830117
92.91370485624422 23.868920035125065 95.71957635914758 40.80888521057911 123.31762700362984 66.08276521645377 100.85114334705744 86.14763637102712 83.2414058917788 107.78684178089517 57.41076149604686 79.53222545974063 24.327469520611658 108.49148804604539 22.442327060499196 72.56108732584133 50.36139504323816 48.53193737435374 0.0 29.758769275928437 49.15503966955136 37.59681221734919 43.59397233904215 9.041965998242823 61.79695695300394 0.0 83.00008980714058 3.8683844332064723 92.91370485624422 23.868920035125065
58.49137367386722 102.11822961880344 0.0 104.58761376143102 32.58727892395988 61.01342866460304 53.426925155036606 0.0 105.79552117066666 58.98445168128036 58.49137367386722 102.11822961880344
73.00031686363513 159.36821878195337 0.0 96.99313075444724 39.98430884409575 0.0 135.70504610808803 11.195046731766567 197.84662640567808 5.0906125884879145 254.1284938918713 53.06350392682066 226.82335465704313 114.45638385699428 202.4567186443507 174.7179531288296 131.00072934097997 214.38338176917463 73.00031686363513 159.36821878195337
