100
41.670248248878394 1.599460350116388 32.77002325077167 21.934902143347117 25.078311618897132 40.29614427091184 0.0 26.644470769219623 14.047038563302195 0.0 41.670248248878394 1.599460350116388
0.0 103.8516825370157 148.97806757508732 0.0 235.54718839717154 133.15801537066355 178.6802287946309 223.89294786032988 115.33469471492133 186.69768177365006 0.0 103.8516825370157
232.27535501936904 0.0 216.99140180101176 95.43173093037876 300.02571963015464 128.18840103679764 197.13849998016525 147.72810313637157 193.11332080839793 178.9979726855524 163.38820621962716 169.8732244559511 128.20919291365027 189.94159641927314 0.0 222.4625487477091 100.11855209367673 129.95515484836528 49.031852549630855 69.11600004155127 106.0428007204174 35.624688176892406 162.3959753209471 115.77595555232301 232.27535501936904 0.0
81.81751507096327 89.50022890442064 26.20205221357584 83.17812226680131 0.0 0.0 88.73801192416393 6.82344654952837 142.42329883746083 52.75919509002948 81.81751507096327 89.50022890442064
180.10101681577362 19.726030337642356 239.27687034737147 38.17995006293977 182.02389567647577 108.22517366099204 233.03333780141426 145.88950443385707 221.35908678459788 210.39529883485952 153.56465229098043 168.02791312382786 108.43641227848713 202.54947792922212 72.81813999865815 171.7141452482674 70.45066238257922 126.34631277536177 0.0 60.447736988795434 77.11757263470608 31.907252683789466 124.40091524297931 0.0 180.10101681577362 19.726030337642356
71.21874893647133 150.38611177063166 71.16302857778942 90.84066459288773 0.0 51.43511554384139 65.41451956807444 23.350157943748577 107.32438739798178 0.0 160.601775513733 15.428285866078255 243.88000208316225 65.77772365181018 264.6392280737448 186.20230630191062 139.47651667174802 195.62539547892342 71.21874893647133 150.38611177063166
0.0 48.596273290199676 70.25754273648434 5.92551586075345 175.8429014444435 0.0 172.9636171508756 106.15221972203643 123.51230666433074 160.75945756798225 71.30168560204108 132.75296250457149 25.11771995270596 120.539968646619 0.0 48.596273290199676
90.95352761729467 3.4509510399656165 167.97880883293334 40.970019072920934 149.0867836960606 130.73395773419776 70.50637750407839 108.4761981769275 0.0 143.26043079322596 27.87967977769047 75.55191669245082 10.94590187460389 0.0 90.95352761729467 3.4509510399656165
140.61767119157935 151.8612810379395 129.57361704176805 202.20832686368513 84.75567032264125 241.50347039676038 0.5548338155406327 274.95833730987056 76.01934576601607 125.82004542064394 43.95117736907804 119.29047106249016 0.0 87.89362496573003 55.95134910836953 75.02234088626196 37.72358957448813 13.812167640330202 76.30998195898428 0.0 115.59019694879885 11.734747861961296 160.8149387841545 7.247850413059126 200.17627743085484 29.76335220329861 183.53851711567623 81.33990774502013 290.4609810727913 127.15147911146815 174.38375855747543 144.03349661606117 140.61767119157935 151.8612810379395
65.47438144068022 58.49706602982374 82.50793102869935 32.0556808386429 108.46338349215577 31.46531848549666 122.60938213762182 54.47993848885076 160.36534297987694 69.24093636396576 96.53502260325388 93.95307371601707 131.4055430792974 126.690025473172 118.19379581669818 152.52902880137813 85.34533454017736 143.39766653359672 65.59656656330046 138.02171774356586 60.0612953580316 112.1073468539144 59.45786946766732 100.15399712049226 12.9011505049914 103.8748920035647 3.723553072576138 79.54692129435934 0.0 46.44822444186348 7.119758658961118 0.0 65.47438144068022 58.49706602982374
107.00331827335712 78.05766347375966 143.592400476047 122.4987992200684 101.85560525912254 84.9440871390962 88.94374622937882 146.0417878008507 65.7833927965595 126.54913017954956 20.63259039346957 121.93456151314814 18.46626353444408 81.44081154019199 0.0 38.558846458296344 59.2046573188946 33.09947124599519 83.80574343842784 27.34494620734634 109.65425737078067 0.0 147.57386383009066 2.509822848531414 164.04472222887287 36.549298663406645 182.3490427686871 68.34206173824933 107.00331827335712 78.05766347375966
69.22970363449716 17.15717944445305 61.18865745634062 34.29255613301278 47.81905917763065 41.24586336786362 36.541827851557116 47.90213731545009 23.70897725074805 43.702130045342514 0.0 40.78771676214063 0.21855951859390643 19.3238946806334 7.8090571499487424 0.0 28.018308536573116 1.5187410403007107 38.56849809274841 11.921524226999637 48.790080987418094 11.264718218105315 69.22970363449716 17.15717944445305
88.47579572731452 64.23152690299747 68.62028472808085 73.72190091608869 40.064774636871874 72.39746179208731 47.31401110900755 41.4192220772838 0.0 0.0 61.189327257563676 11.656636708502582 79.47445483092201 3.9349825378365253 101.65539773028584 10.818064376344104 127.70739862140965 29.915082217122055 117.68191170957743 60.58447069132264 88.47579572731452 64.23152690299747
33.44000946183751 63.67643335724155 11.262990630527234 73.95154207050996 0.0 58.368166684247214 17.737919676615455 44.21016887006812 20.449269749053805 31.39636599037847 28.906007448076856 0.0 41.57723169656101 40.17690427121019 62.87447405409319 30.578785430630305 106.54347241473519 39.877806383793626 77.99542654378459 66.41136078713294 60.04458697736347 78.118264030846 41.76918045752161 72.62689002816802 33.44000946183751 63.67643335724155
119.39120865722427 211.3853854639955 68.02749960262899 202.2302053259693 0.0 168.32381346832483 41.83835915585557 103.33037038317435 56.69785157837664 46.329608156463976 103.62139749925029 0.03769159116254173 173.32430507829426 0.0 230.74351267749313 38.33999392083359 232.77592254045166 104.59995502330844 231.68020338876445 154.11505524574366 218.2936069974158 208.7311964414295 164.48401523457332 223.26043065014824 119.39120865722427 211.3853854639955
48.465591962392324 17.95227993612248 112.12457803458398 66.96916202260192 223.99191034396662 0.0 247.3962993800564 105.55318121067927 156.8264825692206 152.54882837411031 128.33288815152605 206.37127769842843 78.96864084612952 169.13952465767505 0.0 157.035271285338 61.526543795020686 98.08274097374452 48.465591962392324 17.95227993612248
0.0 68.43594460396008 153.22818048543957 0.0 226.9892196178638 5.619515369346885 279.4185621787739 32.86493019709385 302.06749663239253 89.11199667293347 298.96256339303204 169.48464549211067 212.68575002517457 286.397014568764 156.88163970567007 136.60037767264626 0.0 68.43594460396008
104.76096157477633 13.362709343402436 149.3403802818708 34.87474942935656 108.00610116789716 65.58421067175792 88.25231839485937 98.240793346376 65.39328146299835 61.01984415364269 0.0 75.16839678730344 13.143255960150412 22.522768738225416 75.29216481125746 41.60134759582008 81.01000279934932 0.0 104.76096157477633 13.362709343402436
19.26680680641188 93.19638796810804 0.0 0.0 77.63878564182733 10.436134465426527 102.54389707928725 33.712153295589395 93.18836475309843 80.5032080242612 19.26680680641188 93.19638796810804
59.32562285714952 4.314603406290281 110.51360364476321 21.898132239855578 101.63018097542866 80.22665700531718 47.20235951934617 87.16463929186321 43.50593152936778 44.633701326631744 0.0 0.0 59.32562285714952 4.314603406290281
0.0 125.20916637070545 35.800048157207954 0.0 174.69009090418655 92.6377286740521 238.65987633927702 74.58486973463415 272.83631052759586 130.00528282041097 333.9136128631626 204.06940063020838 272.72226401876844 277.2110337897403 190.22094966965096 315.45707056188417 100.14568539741279 293.14876884525256 58.37556523341884 220.6989608252937 0.0 125.20916637070545
52.763254660101694 29.748517715671433 83.85194816091268 0.0 93.55298945122746 52.51512303152744 155.33715771244172 44.35824286890579 173.4446193193314 86.73063712318626 131.64162133151012 117.07073693711152 130.41468516230788 171.62383870769173 79.48073924706627 151.98217383751415 44.14026672050527 149.2578417091117 7.1295075871075255 137.67481671735567 0.0 97.77796353344638 42.57793113260979 75.03577658919407 19.552871543847857 34.04475881994465 52.763254660101694 29.748517715671433
123.11213614340588 54.78194053275208 85.29767264454267 96.28307360016072 40.57287015755344 98.38704374355774 0.0 73.46071922200838 7.254616009077694 25.87383843661585 42.84691913551322 4.267724587553381 94.39201781442358 0.0 123.11213614340588 54.78194053275208
140.2680131891387 43.20870390336127 145.7742894969138 69.13109674233252 167.41975665918213 103.74520567637678 159.2137256503643 154.6294546205367 105.71139878432 140.899917623021 80.09177910768375 117.7728053128887 52.196000260891985 116.96892470042685 0.0 103.98280151176253 60.189561145803935 68.09132847828127 75.15462786077346 60.07985293230547 58.11667058828209 0.0 94.22551632684595 36.695832629873316 127.6299121171424 15.003541079074125 140.2680131891387 43.20870390336127
126.77665020432764 84.38358814948411 96.82360891587692 89.09156913405657 77.993103528375 122.61049210369747 65.63192779890969 75.96229515019174 50.281418765755916 71.8882188485784 0.0 63.2244448205967 37.04454062755464 37.15547304059848 53.19799807371999 24.682425815869422 64.44225085222098 0.0 86.22684433484785 12.922487980518227 93.2466757754883 33.92541472195353 110.88520296557436 38.51757582024263 130.71874345595526 58.28272764575142 126.77665020432764 84.38358814948411
0.0 104.56053607304753 52.62503706383163 40.03507762453303 108.04657417327073 0.0 175.02925497208923 30.089908787329463 198.44586692235663 107.17297059077373 145.29133139922837 173.10362219450107 69.90076862568418 147.1015762905438 0.0 104.56053607304753
9.41574366562827 0.0 58.86154194855647 16.294307399914246 99.54962500329742 30.816383782778757 60.41737999582016 52.79298782926581 38.40322832623256 83.79728947091783 0.0 55.126974624391266 9.41574366562827 0.0
39.434157670812795 87.70146591039011 119.78669766783216 86.47934821297493 132.2577028000546 43.18662780022434 170.2103624243959 0.0 211.53281363601266 40.18149233650743 248.15349826586584 60.02787542172359 283.75109301897146 88.52789970254165 212.3860771981367 136.2483762120816 304.1148798106217 186.7337435204089 211.69748951550133 171.1086124225519 227.2363766955307 255.66513268829297 178.90615362788537 220.309281128187 143.18529772237216 226.03486770253033 68.39496710161416 254.21764618850332 0.0 216.2241374783145 60.441687847526 142.6237655194241 39.434157670812795 87.70146591039011
66.97833833707406 52.67963388719833 57.242813820765065 87.75703312761175 27.391319773612565 73.05724613701949 13.085992353879504 50.944203286042246 0.0 24.503715179254932 18.535987284173075 0.0 45.20927888049209 36.76459685072576 75.45141395954852 4.6309385473231615 97.98889793983143 32.924443626752485 66.97833833707406 52.67963388719833
33.00864081425402 113.93412281986923 0.0 46.676597593573646 50.62458076589786 27.53395827278696 131.00351684459804 0.0 87.60672736444332 75.34602561092814 33.00864081425402 113.93412281986923
105.06075473257782 14.363133280435306 161.1293812947121 0.0 220.91593125841501 45.2076088177249 195.26721437183915 114.77268126422905 155.79242689267 200.52069969676504 62.761290249497414 167.50013548891874 64.17417789702364 86.57693158794277 0.0 2.5537522745160715 105.06075473257782 14.363133280435306
276.42113883251676 204.70648208821063 158.46636300438354 168.66258767593828 0.0 232.06539335959707 105.79823936044123 110.18812779673476 155.43732344401724 0.0 307.61669506817776 50.510785171808564 276.42113883251676 204.70648208821063
110.77567167384737 75.09436043862169 34.92566597258366 2.1162327324277896 94.82337804889988 0.0 136.25874978208057 12.015313642065877 163.7397605971497 13.88304561175103 184.581037670883 32.63665427311501 200.74164769193868 51.443278859759715 252.64281410410604 66.19531909377248 223.1994880248754 101.78641573859886 207.30206036574634 127.57371733375871 159.94671395698367 106.0731013021069 153.72909230466746 134.61961479337114 109.62697943265465 217.5655725380728 50.39434760881238 208.55640557091104 123.54791038035873 98.3545021531086 0.0 106.73360251218378 110.77567167384737 75.09436043862169
67.70536421975405 20.649081551306985 106.27079597403625 12.484154892133539 152.87482456148877 41.35717974069296 92.04664815768027 68.65810125793766 77.09590949612725 85.13899662659725 54.422981248256775 102.87967664372144 48.24661652795736 63.78686753881468 4.283363240743483 72.14388596057574 15.94229770056316 43.286177615038945 0.0 0.0 56.289214109162614 44.829432365645935 67.70536421975405 20.649081551306985
132.9485429516377 161.17581974966708 91.43595357716276 174.68533136277085 19.74784757397265 168.27269009126093 0.0 106.19996889828785 47.80675244621415 60.1957262850262 71.25668169798627 17.866700732031532 122.14058915741445 21.436924703061493 168.48213516708137 0.0 199.48929053016028 34.53401870448535 255.44132233798882 61.34225722400626 247.55907693616996 119.8575150343414 214.74283500352539 158.37687571178822 163.43601318511548 156.98616678730355 132.9485429516377 161.17581974966708
29.919027651634117 0.0 72.04739391766896 45.98406214672938 105.38409694960313 3.761818146593548 188.2723319191433 23.450185490641452 129.29644200302903 78.99633405744737 113.87457520934873 151.52194579793598 48.69256965224997 114.02363436113251 0.0 90.7113884064434 47.484219480143494 43.87289479875022 29.919027651634117 0.0
108.40841502061178 66.13425174481527 138.25132915303524 73.68120599836726 166.79916710606165 105.72421449778561 120.09308569473757 120.9492844996374 101.60060478108527 137.68186387130447 74.07418479805207 152.6566495880618 51.195231779806704 133.16230137356905 0.0 125.07745754867628 57.28371406789827 88.90599625414234 65.99824869595038 77.75273839855372 73.01858036883844 60.68321375096434 102.45746609070311 0.0 108.40841502061178 66.13425174481527
0.0 116.62046073313948 145.1381375149518 0.0 258.22844318137044 62.62727962681646 187.8765212646893 178.67070991813873 0.0 116.62046073313948
137.8159179623023 228.54362107697347 114.05339561971705 158.43894539254978 41.534988691747046 151.14964734563807 0.0 80.62659997250785 81.50233318345944 46.022517487403476 130.98363247775671 15.263346188046427 194.93300492071106 0.0 261.33805377887705 32.88523144188025 206.18344743193893 112.45858999305707 211.01664944243237 150.52677782768626 174.11368272089544 167.01710726700435 137.8159179623023 228.54362107697347
170.55679002855305 0.0 354.7067446085508 4.149848992194734 338.1635497572895 192.69308221241283 268.31215461765146 327.3886768563731 119.31932129798793 285.7786549172555 0.0 204.6623231248275 155.9977252507727 151.57331085389242 170.55679002855305 0.0
70.18622729035663 38.477044784018986 67.2106678676753 0.0 107.37246853347362 15.344543305775915 119.96216096142096 32.84342245142955 153.2118936964755 25.19453902944602 150.5368688991777 52.01666872001783 162.13936449570247 85.34682595033718 135.1256975622676 104.23581793622 98.98023288936302 125.05726107713701 81.23226300675132 84.32311373179292 0.0 82.35874185209471 70.18622729035663 38.477044784018986
124.90247673117719 58.30950510398156 127.28454221470005 95.2172369060616 90.52182100963729 95.92400061301754 67.99935916986021 77.57134683066158 22.16139728711933 101.33879073242326 0.0 69.30295403251219 48.77516769384269 40.985765275417585 34.3307855955237 7.925174904585241 61.10810035754727 0.6344831943186335 80.21965877669477 25.42884748609803 118.53132982114812 0.0 94.10867179677898 41.97307724638751 124.90247673117719 58.30950510398156
57.7960063962434 0.0 101.25029378808699 18.06000270369217 144.03836012001105 27.074930136359285 166.20678290392857 72.72491085444051 117.25156391046514 93.73315515080206 95.67147679278237 111.09344370053408 49.442018687943914 132.63597301382873 0.0 94.85980801973857 36.89758391261705 44.12842471180183 57.7960063962434 0.0
0.0 43.650732337145044 37.70745029553393 20.506098231098093 50.00397558517527 0.0 73.15614097844195 3.842421740360024 90.24497532725348 12.6033823993845 119.54389981721224 20.706296186190983 135.26544984841112 52.54480444404744 105.32345652055929 74.17576758953228 80.93764501619906 92.76092195210222 58.53842871952773 66.58949018585932 6.492818122251464 84.4073971052423 0.0 43.650732337145044
264.4889475077072 8.784159707795993 194.87067479855293 167.09997925175006 118.4404519031409 214.78509739272027 0.0 150.95241233587436 67.38397340727059 0.0 264.4889475077072 8.784159707795993
28.978997975945504 157.88410489705106 0.0 109.2028442818612 56.61447475646321 80.22982803869365 58.86860493991412 35.231926218002016 104.18222026418141 0.0 162.00170289173573 26.977543547740908 165.45589580973387 84.76516322362865 213.8087778872856 156.15416641957253 91.15744709661317 98.48727275570408 80.81758646846455 168.62314539781934 28.978997975945504 157.88410489705106
226.11145738737474 175.62046050437453 153.0259698773574 195.19069880565104 0.0 120.33896715519428 134.8541987454879 31.301045080431948 257.96799447100307 0.0 286.8300752219466 117.69046570607351 226.11145738737474 175.62046050437453
74.70631306064888 1.9443038417731202 162.8248902432178 0.0 224.7560172176158 63.24550329942359 303.6951809810456 140.30734759217015 228.5710942629717 217.14258526948606 152.78006047880592 246.89022928702002 69.55915382913284 282.22795387066935 0.0 222.67783801098093 0.10364323595112523 138.31337229769554 60.1690210640315 95.17621007108622 74.70631306064888 1.9443038417731202
105.54317586095135 237.18009608532486 41.902228876618906 227.44612139133488 43.379944306756485 153.85134220307862 13.605179623639287 116.27187656681713 0.0 52.19425447609857 37.111236390146104 0.0 103.6167290631711 9.22674493252704 137.59655858520028 62.12654450964757 195.53635246356913 44.094766341888686 227.04570346730367 85.72622879294524 234.6917497486747 142.51346130821406 237.74123456299148 222.79428293102978 154.70661491754421 210.07193751269762 105.54317586095135 237.18009608532486
71.05354749704436 40.78721074994085 64.94766351240716 48.11655573079404 61.21692377728117 64.58134592588539 48.8842135607388 52.36866676992981 27.863404858221145 64.70995399443075 0.0 55.45898985606636 14.241091408607986 29.991424851028533 43.259574422026716 29.0890387634441 47.36489697069531 22.946376735377093 60.035953959860024 0.0 80.51464699150345 5.276747403320776 85.76371093204004 25.49100523215717 71.05354749704436 40.78721074994085
127.68189309759066 96.56078265159859 181.3099676777636 159.56765187894388 105.28126936962818 177.76399263909872 61.89367176234441 170.81509536934817 49.589612635025674 137.14686044495267 21.206979838094433 122.54738158823967 0.0 64.93388278805591 46.493969592148204 0.0 83.83239987993788 91.10368717324172 127.68189309759066 96.56078265159859
13.224513327397744 90.48889294993462 25.827508312378477 73.22035090216116 0.0 52.748794171702244 25.270970282978162 47.5825595854612 31.768315083128947 27.595267107088027 51.90205754679831 0.0 54.991700139480564 62.457193490612994 86.17656971979869 41.103373573700225 98.8347386624628 56.52800116745759 110.99642893109515 79.74776401636758 86.35682062301319 93.57099887641978 63.96688344520867 91.76068698583245 55.8975800270776 106.8818946949708 47.009970927001085 85.35073718954814 24.69298887872491 103.4509949663195 13.224513327397744 90.48889294993462
72.18462348852262 48.476596467057 83.44606636811417 73.74800698502517 60.31984207385194 82.19846994710997 40.7207256106935 79.37279454010479 26.84540370140619 71.23979780651214 10.327601898657356 63.51502257906511 0.0 44.74174066948368 7.213757960088579 24.54893698504187 29.578954002821085 20.45213367694 45.46228964664801 7.582869367606975 73.49435981414209 0.0 73.26560524242561 32.02398673803966 72.18462348852262 48.476596467057
73.36416253665092 0.0 118.85938847379037 13.759070983144873 132.44177830034178 56.68446390591974 90.30546989563877 75.06491971096344 93.25732794192922 103.02684805756003 79.67183871104112 71.16800764675597 37.05290700725166 97.56759350247867 0.0 60.31174282702865 47.629689244988725 37.86288706769584 73.36416253665092 0.0
23.83457424947362 48.787378714917196 4.564905224664429 46.80235511939668 1.2382303728513904 27.181816420365436 0.0 6.773265056918646 19.929519484476202 0.0 33.93807157106093 9.991273137743505 51.12670582774494 14.495324450948658 61.32414449572255 35.83761520910919 28.78343525463187 28.55282815382658 23.83457424947362 48.787378714917196
325.8984510090364 152.24077746368198 283.61452400367125 217.84199742045956 243.0273930025115 295.0835745286655 152.32069973224316 227.5141420230725 113.52728580208269 189.11737898907126 47.802156964848024 197.1917037952088 0.0 156.0038588517324 70.48680261917819 97.77284392127773 4.726572741424064 29.14556762312172 78.93914387381875 14.183496627923148 120.73277939352066 0.0 163.8581285863885 4.225461390838561 189.30124806734648 41.40582609989157 273.7574575741223 20.58540661735111 259.8056788578946 86.07488529667599 325.8984510090364 152.24077746368198
298.27347824010604 110.21839584150041 356.0520747390761 169.1051172672557 253.65476852809678 177.7215117291317 264.053123392389 252.84939086901306 201.51997414735064 215.31593271037474 178.64002616134957 163.53748586634347 125.3454698525428 215.65517552342448 82.22221098966855 197.9643862784352 53.09553056003452 155.84826788650457 0.0 90.8067909643137 105.54151685826105 76.8127047439645 135.87071500083584 57.513395406424735 174.5562257966078 75.03764204588055 203.44555470917658 44.08560051680104 270.1360671070646 4.292982198761095 382.60512369030545 0.0 298.27347824010604 110.21839584150041
84.29958240169451 123.93651559137666 85.14777062878146 69.90925528606688 8.120607660478242 63.396823163511215 0.0 3.0778135751019775 71.86545944872239 0.0 106.70475101806426 17.669831367160683 133.6636798151824 12.496169853731814 210.74030333127854 8.139668563769341 217.08701120304522 69.30688034265711 182.3721455715919 122.51902907999659 142.24701731482094 188.66277088696572 84.29958240169451 123.93651559137666
68.804291230485 14.638717475306848 59.69793776091186 36.42233734925651 22.660215316845886 67.83785060197872 0.0 10.35381560277932 47.448058535251754 0.0 68.804291230485 14.638717475306848
206.37051484692734 31.04031442399699 280.2874513540387 71.07313050327656 250.8908725034725 155.50656868903877 202.44327052800494 199.08769826801642 144.02691672578817 224.4764779318894 9.721737132307652 264.5096448861234 34.64264664077936 131.53465634811778 0.0 0.0 143.64292221699543 60.29594718112631 206.37051484692734 31.04031442399699
8.322334070577227 41.364407058037216 7.0768048718448995 28.091407687208417 20.477111274678634 22.297841671155552 31.400269081282048 25.9108471851045 35.847431162034425 32.8157464293502 54.553955994772835 0.0 41.200449612793605 31.76176567857965 37.464317329537224 35.54249457763204 57.19184604995226 40.75485197736111 69.75639200449879 63.39095677789777 41.94362679129701 49.56118405142509 35.57909875859434 45.35157087194089 24.211179691104377 58.83570474679256 0.0 63.9723954299661 8.322334070577227 41.364407058037216
99.86651097016401 0.0 173.0301422695282 23.4776740401188 192.2483797002805 80.11632829321726 245.86639784640283 69.2524722704015 270.1578878468876 112.63973470962063 227.98358964263622 145.43685789252712 200.65888675030604 173.58938780324505 143.51393169504482 255.78379047672595 97.62142701053881 185.46987387144387 29.45049568258139 137.09915604310254 0.0 37.9518770715018 99.86651097016401 0.0
150.38532289714252 144.6253849367106 103.84097833078683 166.0614478655064 60.33732427410007 141.11658230191472 40.215761471787744 100.81079107533829 0.0 56.142611164998485 64.41686004337424 33.83897626354634 98.92346096411124 39.32410958220974 117.8501153474056 0.0 142.82101062882418 22.271366390094357 170.2881600311184 38.32179761547289 205.05415732833933 73.27024762701548 165.3759092170856 103.61467933131594 150.38532289714252 144.6253849367106
214.76601428299506 11.80723567661677 254.6253713289156 45.801823771911614 327.94803239800956 37.07999262174171 311.34592450027753 106.58430688985271 306.86203186484624 147.89649549340973 358.0247642311472 236.47797186972699 298.7231432909035 285.4326999623919 215.13188924666576 128.98163789391216 161.19231794832658 247.24720046862018 146.91533523716774 185.76323944015536 180.0940663224934 137.8375914803704 0.0 85.67076845850718 132.4016330193954 67.77941481942534 149.95544846664825 0.0 214.76601428299506 11.80723567661677
0.0 45.58812483219228 16.532500173685776 29.411614473381192 8.734510631825145 23.601870543399315 16.709407958201254 20.367627532087837 13.967260607051742 7.506773860551547 25.271765242965003 18.00670636723173 31.404670670331825 8.212001820636772 46.3907468580027 0.0 50.92956323327117 12.04602614016224 67.73999809870736 19.41318392152806 64.79271790284253 35.36215920710923 36.055005449350915 33.77533546230161 38.28615436288081 44.7607365835233 32.72435599535453 56.69796997602485 22.798930504291206 47.034863164109154 10.87811619545964 51.012596947278425 0.0 45.58812483219228
0.0 109.19860793588884 6.841037356170077 0.0 93.99230232061787 19.017595466790105 247.7033781883952 65.2270623006302 98.19411534831694 118.77966662159713 0.0 109.19860793588884
203.30867062256434 44.46448708204767 215.48410994016717 73.02382325204033 265.86800599204855 90.62238562013701 232.3994136897909 126.42070696763695 214.5193115234494 150.03600746541815 221.95311068404953 205.69218531736624 184.4206147426134 241.3047779542212 140.58109155302122 196.2457411242143 82.6922933911637 227.96023783855964 65.46999184929976 175.60348736541567 0.0 143.4888295765374 58.81407727766759 92.91448417048701 130.86050901731969 95.02484099155855 124.53825565514924 62.55419201986755 137.3175255084068 0.0 174.56570579311494 28.721130903511607 203.30867062256434 44.46448708204767
47.00723799012201 22.226976388123177 64.48712341985237 54.17169350571349 30.763984661137712 46.28697044746666 0.0 39.34812042187835 16.905477427974546 0.0 47.00723799012201 22.226976388123177
236.8910280648912 53.8698087704507 265.0185824718221 159.35392278550944 101.0877989486878 264.24253553416764 0.0 63.864638950192756 162.52094018565657 0.0 236.8910280648912 53.8698087704507
57.21739890108444 62.30445469387285 0.0 79.73235802571307 2.6647456843322743 16.749163355654552 50.001533799647646 0.0 108.0255241120918 27.273515492937698 57.21739890108444 62.30445469387285
117.23263242245994 41.603997320754786 213.27433302079064 0.0 225.97292974849697 119.52099604218765 306.44544534770466 177.24871583623138 232.38190460851752 231.75219164838964 168.058430624372 234.0367018459223 112.50100923915693 259.3945602081234 0.0 257.26186806100407 13.944580319119893 158.7419179953754 6.374883231761999 51.296810544425114 117.23263242245994 41.603997320754786
249.2800804239377 130.74219397771031 184.72272089154905 159.71209520886092 121.61566540082269 163.03957659843374 0.0 138.20445375624703 65.14135268218477 38.901425380720525 131.6182265194369 0.0 169.52887617674426 71.54126030352354 281.5354076965574 44.47110814022408 249.2800804239377 130.74219397771031
119.10141768173943 0.0 227.7911397690859 75.57715081558088 131.8095973962842 165.35232883263797 16.712629582406493 173.01077638900415 0.0 69.01689388011974 76.78910820820226 70.51721283117446 119.10141768173943 0.0
89.82906789241038 3.1817648938337655 131.99445101554903 0.0 166.86144676888097 43.2063988924809 138.99371403576652 98.92418015856902 77.0262534425955 145.26650746466805 0.0 110.96525595883514 64.3224252536108 34.94852426830413 77.48910908672747 24.69459916866473 89.82906789241038 3.1817648938337655
0.0 41.39277866187916 1.7340103435668084 16.280933463552813 43.25533187565644 29.58628195039124 42.86544317478106 0.0 62.9677852355874 1.1869736172526189 84.4236620221701 8.34222474957771 61.14623314369524 33.88280218781314 90.89667257979556 54.05486381196624 51.79580031740497 40.802186546195756 52.56890060048241 73.7019833810725 28.360897237508354 80.00175881237669 30.419990353008075 48.76234273048182 0.0 41.39277866187916
0.0 28.142555810839823 19.01364691197668 0.0 49.329035882902076 6.813657289275582 67.40376676782212 30.01441909203787 43.85553668319427 42.7188189218453 22.929045739236443 49.085547943105595 0.0 28.142555810839823
80.80297121832649 90.07462127387973 38.27832151568473 122.50663372709852 3.773777849287349 80.08307488073555 0.0 39.3595023498642 26.72514462449326 0.0 58.483352405654735 31.660100661744963 130.1934056386126 44.942750322674286 80.80297121832649 90.07462127387973
70.39922328408518 0.0 98.72087886758855 11.888272297101018 113.82916306857835 35.549619578700394 147.5976399666859 60.48187372105928 99.87622031377241 78.6314889807841 89.66893095939245 95.99086018864088 68.79071744598815 115.2014217434342 30.216670565517035 123.4979495767162 0.0 96.24395238108295 30.55441353751737 58.67998984134213 45.24584950602684 45.515132096581944 43.74085667046349 13.591210744434186 70.39922328408518 0.0
142.51269054370476 0.0 191.26741063065842 14.508247515454997 209.22264518726243 64.1511614346449 308.4118310608832 97.46029160715295 200.3632922869883 144.61203579439535 169.22067878514 166.27603764982993 159.20082265834253 216.9823713186403 113.50535200037234 206.53657882345274 49.03266857629191 252.68599721900816 37.026650568565415 180.4693100696889 0.0 147.2979602622397 30.015134109197803 100.83539929215758 92.73413670229682 100.15567217057492 43.412724021910634 9.993776004802754 94.15784501282923 3.813478903854488 142.51269054370476 0.0
42.97565280986295 56.22024010850171 24.958927292070115 43.76823578151952 0.0 45.69402319194812 7.229946316060065 22.934987617871798 17.062631744925028 11.937861151439932 28.834851936523975 0.0 42.15383933697858 10.958778423050845 75.59815547496484 15.059277377814126 55.10842521742261 38.166854750713426 42.97565280986295 56.22024010850171
0.0 35.179287293397095 70.56474027095513 67.21711436087585 80.98291542072018 0.0 112.38695483363153 45.10774321692884 159.4988880547371 24.8431381528068 161.63641461715002 69.77485645908298 154.67904627575274 101.09964305417719 195.97524245363056 134.74281413393658 183.9954877736862 175.70859483998788 127.45018233022174 165.22384271068614 93.8831887705694 109.24872818644151 82.47152419560459 153.85642591806885 51.010612582959396 163.8178384058748 17.55028240924213 151.70047890736402 54.64482694188962 113.15763423946973 43.60321946341503 94.91555063613102 0.0 35.179287293397095
126.01626385956544 0.0 175.4297861802636 66.1319928971145 249.06119412207687 33.33909812379646 174.19115018252967 111.82337761231891 280.28496903949775 162.95140920241627 232.89320631156545 212.51993472873912 163.57124963964435 179.9045132379566 149.11464390465935 135.279663588779 68.21683983555634 162.92333834173272 0.0 97.26785017970568 100.65918627966491 63.5030151953356 126.01626385956544 0.0
53.94149327252653 144.21509178435505 0.0 79.57724962865808 66.0964929016377 31.056835483803525 120.36525591047699 18.716886860480457 195.99637326576112 0.0 263.70347232505435 57.32417974811473 228.26378471420162 143.98083631632502 160.7250218024977 171.17146216146656 94.03582992316427 204.67485570156393 53.94149327252653 144.21509178435505
66.31474918463334 30.303179631696693 140.08239918801863 54.803482222247126 177.4695281893225 1.2538926456822281 245.80023008004946 0.0 297.3160085986464 47.786298768827734 262.6889688631934 116.44671362363177 259.5820274134519 166.83394683233638 240.41321333588593 222.82483691546736 175.9444990920586 200.89089921766606 131.37686294631186 207.78072347741434 61.32460230552226 207.53904496744838 97.17146056375285 134.57799392348977 0.0 73.75042513622327 66.31474918463334 30.303179631696693
13.2967880220707 79.19967300983764 0.0 18.49678804124968 57.915213790365826 0.0 100.24755500828499 16.543177076423348 134.7925454498109 33.10638436191074 161.3865918951254 76.96310238970342 131.02197051725793 117.5104320755275 87.00366994763353 125.06038313573718 41.56923939025069 118.36793966409378 13.2967880220707 79.19967300983764
50.378223205405135 91.91715139990043 39.13601373807383 87.79201631753752 0.0 84.82865498591002 18.574170760959355 62.04468565512707 44.63380450689205 56.67074971561091 38.325919484739714 34.27048874722516 58.39749661777148 45.18807947579337 73.13148888547366 0.0 92.48178793045942 20.520365086186565 108.41326486363582 35.94351976746924 114.22063209173734 55.23509797533468 96.40316149701607 72.94244422694227 96.0229166484277 86.99439468979406 79.80837272404413 88.81396532022846 72.73650650058974 100.49161930631556 59.55541424986046 102.8821367680797 50.378223205405135 91.91715139990043
0.0 61.07728517970941 16.23676190038971 41.878334186395215 5.2501650868274865 7.151192263657869 34.48221755033515 4.508431466870164 54.66079397683724 38.469124984338784 86.55260645965681 0.0 98.64379981495442 25.401004581185013 132.61247547271773 44.90598930742882 81.51551702362657 65.15801138437345 87.48312061191815 91.96966883414584 63.132798966956656 89.58449477249712 45.00861163694812 106.81590156811998 25.43029685181132 96.4499910708646 14.930706914469958 78.37208601754415 0.0 61.07728517970941
48.9075758187532 16.09969172760725 51.83693481761466 34.64928667442045 37.299833578223456 26.818003408752617 0.0 30.297739621555493 24.026569144800817 0.0 48.9075758187532 16.09969172760725
79.86961342219924 64.27740441552679 98.11461794341811 99.74946843479754 76.40833625166216 98.90393446699358 54.888210262899236 119.65201332944591 28.694740615699914 116.21838664002107 40.310608957732924 74.49060213469572 0.0 71.08772405436996 59.325909728805485 55.03610637644243 10.67465006475436 20.348109084522427 43.7631146730251 21.808240867830193 55.07236310573116 0.0 76.79368434334246 2.5156769750762678 92.91896773498974 16.346660011311712 71.60643383491995 53.29129159380379 138.175769365595 38.52016480848805 144.01437520457648 67.70906490981766 79.86961342219924 64.27740441552679
128.093275343772 0.0 119.00356166281517 116.19944409196154 263.01156165188985 166.70542088244972 164.11511957228777 230.342276337415 76.71888563063185 233.3991693740616 12.799037733053495 187.8011515411106 0.0 110.78942927495635 15.6687042878456 3.9630484553257475 128.093275343772 0.0
291.1827293704738 193.72936635235448 174.2924201887687 177.18097098019723 114.9057580580637 200.57704356910835 0.0 214.0956222346278 27.878066488564798 106.2841886066581 30.933339433292645 29.97472750816131 109.45624695156016 22.527729338794586 151.22293902194377 47.40035549884111 251.0631642504623 0.0 266.37194496812947 87.44737646216578 291.1827293704738 193.72936635235448
89.20626777027795 57.36325617798661 63.56535908657837 62.270277971821464 57.367444383113636 82.06330458229593 42.18211860860171 68.994364228893 7.18576762223455 90.14946070665235 0.0 61.61568222459233 20.59936214027917 40.681794204061966 43.33411655386246 43.63396817225894 33.76671324423779 2.1995380613195294 56.02325795084532 12.44942712263839 91.0647773201332 0.0 100.01773236828909 30.782041852419233 89.20626777027795 57.36325617798661
0.0 27.252649168011857 73.69928409198224 0.0 119.05027270730362 20.69364923182863 145.35210761520733 20.288060862515664 179.18089461763054 36.08737139649625 220.61505240037633 83.96656733658122 131.49242506883883 69.30250158258495 124.37451737070317 106.76491368614106 104.91065989261315 82.33548953284365 8.478482246547884 98.55525253490885 0.0 27.252649168011857
100.69202372553366 60.94359822345757 73.54632557342083 56.079195352037345 30.451031988353726 89.65235387594322 40.66977531538471 37.074214650662384 0.0 4.597235823962336 52.038559474932086 0.0 72.25869757095826 13.035387895228865 87.63477583468602 3.3034790213708902 108.81235848961965 11.663301467420965 109.88849863745175 35.431934394631696 100.69202372553366 60.94359822345757
47.0716711719915 0.0 103.15592348477607 0.49189461586553307 152.28468932797978 67.21077422338804 70.58672425358499 87.19818808209119 1.5380539903813997 101.44373153280911 0.0 25.93756228540677 47.0716711719915 0.0
143.86801481958958 20.027907151197255 176.01878866402473 41.12609141011259 214.67069754957308 21.71331509410294 243.50734666072296 45.773887179347355 329.15731922137206 67.49731499589123 227.07017998261563 113.28523799547344 221.41294614232407 139.3894874465637 226.5908748801672 209.08009442495154 174.76808216509448 206.23301303760013 149.0443163322405 151.4953751072624 93.43667193742883 177.20649731481583 0.0 166.9997062385819 22.999258905267283 94.62642826510061 24.713382130967318 29.58435555580668 82.96831716305445 0.0 143.86801481958958 20.027907151197255
315.7703178633957 99.25247390334764 289.22650089101626 147.10913030984202 267.58236446468266 190.55308126466372 221.29975947063656 210.8785627859396 172.64675193605478 215.67775399413378 133.53989071705786 190.53606507553005 150.01079387325677 131.9828453680658 52.45271563547422 115.68165827413002 0.0 26.118799694847297 133.89856031133908 42.096799648915734 161.64054289283916 0.0 205.52403541029219 27.936353468011532 262.1818910828852 7.444839774336089 358.5663884118778 16.76504463841782 315.7703178633957 99.25247390334764
105.61291579583337 62.63695562580763 108.80683740330628 85.9867185203939 90.32210048205845 96.67619034472041 70.56638124488367 91.59947977110649 55.26681665997715 86.33629319972856 34.93140004691776 85.66513602781792 20.892293291109404 68.68956839196474 50.15295032957519 49.97946419991045 0.0 12.320495004063055 59.652076528430854 37.604972684671125 58.147231818927224 0.0 74.96715197216987 25.276692449989795 89.81813349673813 23.942093007743637 111.12579123555639 27.3692321445438 83.98937596644592 49.95500630427148 105.61291579583337 62.63695562580763
53.85750048989897 0.0 78.8423861304407 11.002277137150969 66.07037068538953 39.07813644368103 48.93956262457962 49.09126655383524 43.15228732725211 56.453206606965935 33.151179950450725 48.56354522145227 24.934861382071574 56.49332018982476 0.0 62.042932555705804 15.378206425022043 41.516032870441975 11.986523244223577 30.185028349454583 15.532030117808148 14.637943241068356 30.487895809884392 4.634858468405113 53.85750048989897 0.0
0.0 18.3769530938916 23.449041195670915 15.58400328002908 45.559201913834784 0.0 75.74313107889645 17.40030791302678 63.32331826469681 49.278951854112634 39.856480936403244 65.17801187863188 16.49099716235652 56.967992611152454 4.016243968748583 41.09158624107211 0.0 18.3769530938916
