100
120.61697302773547 112.86746258764897 53.055240816592516 113.00760506479459 22.021456751896167 94.90344597138562 0.0 53.203559102244085 45.453390408846005 0.0 96.91994327153773 44.488650122858516 120.61697302773547 112.86746258764897
139.58008582266058 191.02864279405253 94.17835735161972 158.84612972153798 34.59457839063526 165.00473000778078 0.0 109.79206790506076 24.187996690124507 49.565750444928696 71.3364116749728 7.683677535740003 140.53328028144603 0.0 190.89578414938876 45.73817812836665 117.36624353796212 109.04555781682308 238.2607682205141 196.9854348741555 139.58008582266058 191.02864279405253
238.62684374230082 148.60014711402434 283.8186583976086 225.75152749501586 244.7473347995847 262.01867643992864 188.98614950758991 283.0891967001461 137.39319415006491 258.33967505975136 122.05621458014545 196.6668486261663 86.98782366837929 172.3417433126335 0.0 130.77671176350768 77.20260812690543 85.79911358783397 106.73309338168525 49.38203040367219 186.75026900604198 123.51448471684253 186.91956128437863 4.530149832182403 239.2429387728323 0.0 283.829739578135 28.949203562522214 339.7759906821736 61.34406516087964 287.28521582744804 125.81661163926397 238.62684374230082 148.60014711402434
3.9220012358622967 126.83416588367116 0.0 24.552597023416496 97.69444576053834 0.0 130.37836015494722 86.43453530587895 215.31286174975503 93.97282183641056 147.16775886241453 130.93716795464172 125.25499626585415 196.13807026869267 38.16459415849185 211.8274284844092 3.9220012358622967 126.83416588367116
19.64706713688662 6.788399649751312 30.980124192465652 0.0 41.775071486979485 11.291584163174832 59.935759527895016 2.503034711796218 71.91307715832536 14.005959384083837 57.968131863464464 31.831676359661984 49.150408442570495 38.21616080753731 50.931241706312406 46.44019747845826 47.9261718159993 56.475365937355434 39.097307409128874 63.38231091158008 30.873341506054658 49.706260482256525 17.41431708919687 58.02467675333118 8.2767431539651 50.13596624587605 2.854544097496955 38.82213774803593 0.0 24.68782941213651 7.608393496097676 12.471288217949606 19.64706713688662 6.788399649751312
71.45198899388323 48.9618291925191 69.84072572996975 60.47343656561802 58.039455919748335 57.925821474214224 42.118420405076606 60.79349493034726 0.0 44.63483397128409 29.578848690576578 17.125230329119596 55.0156143418434 0.0 76.15242079595501 20.049065119652887 111.67593063768554 26.68786913046319 71.45198899388323 48.9618291925191
85.07459826349455 156.32290430306952 0.0 104.11551564329918 50.16405841101306 22.13682246028018 121.05658956155764 0.0 149.7061693282958 61.61725161503584 207.48992234654312 164.96031657793472 85.07459826349455 156.32290430306952
243.7730572109674 61.212353404411076 314.7899269901442 173.60317813833043 184.19960154362894 202.15919227592914 92.26133524691649 261.8909540646764 0.0 171.00656648661763 12.501199345499458 22.75548588457211 150.4630684022897 0.0 243.7730572109674 61.212353404411076
57.46079262089095 72.87787025374085 36.544860569966765 78.76841992117978 34.5223945945098 67.58592713364781 43.75350901596601 59.00760127280111 0.0 10.689557655943474 51.44881795608185 40.06038125601805 61.33410639125491 15.851509952214279 87.70249593901161 0.0 107.45337869567567 19.73806428465084 123.22113208305024 39.65816898475802 105.71478714244589 65.17957592306468 119.16330208464231 87.8840060090964 117.22150825251938 117.60922217244044 85.8586748794161 116.13566142760519 65.2432523772514 106.76550879473879 56.74333460054523 85.33364278636074 57.46079262089095 72.87787025374085
50.67203217346572 46.69669880939684 36.63229381324122 72.52601616500797 17.051245151842792 50.40527586706842 0.0 13.372739395529699 41.295404088185975 0.0 71.5490200640369 12.570741304023066 99.93250006621976 42.77464279202088 50.67203217346572 46.69669880939684
153.39171523911034 180.51673059587608 126.28766908936748 215.23933475250354 74.50577697684275 231.62267367123087 128.15419599663375 121.94861911575458 19.420220807660286 149.74913471841194 0.0 100.72554139148018 47.25308233780295 68.70151791984787 81.00258606601193 43.998328920689474 118.14407169723617 45.330569318064235 161.93880765391106 0.0 214.47612371864125 18.738161502442864 172.9522175086479 98.41814993598273 229.9111434680151 113.85334988972004 264.02041990606006 170.71567380248501 202.7632076725515 194.02445425625814 153.39171523911034 180.51673059587608
143.36672109639082 73.90613734245362 89.82955493111231 141.92002146377092 31.59736205731904 109.39880972702234 0.0 43.60465683808978 76.01570952305488 0.0 143.36672109639082 73.90613734245362
204.6557972130289 221.74224525045585 135.97578972422883 199.5938142763407 82.93119414136015 227.30030638975785 75.7168891619367 164.72600694282917 0.0 134.7326460426371 46.76925929107651 85.5164059893476 79.2415076663037 38.16297924812305 144.8266837785774 0.0 186.3111968593406 63.99796180103051 236.42133561795757 100.69719904160712 192.15777133786963 152.8628792180371 204.6557972130289 221.74224525045585
65.90567712912667 0.0 185.4007977541118 9.173681155869147 157.7079512777729 135.08024992371222 33.058236780192985 153.7216722245526 0.0 53.154230540053454 65.90567712912667 0.0
95.76521388671227 0.0 163.82020231384755 1.364095010844828 119.15350067653884 59.00552693214375 118.28262587367178 135.91855751579985 38.722626174371676 118.81010621113273 0.0 48.546486911857485 48.92835401742154 1.5173757134452686 95.76521388671227 0.0
0.6887809424737554 116.35512132055509 0.4377028848712712 90.15534678328684 0.0 60.94683640096323 41.484633130052345 68.20793449405103 37.66013263276885 0.0 68.54277012184615 68.09635198466863 94.59939981368912 47.2714546605543 94.90858092339276 76.06079058851891 191.39524941029032 63.560881417757976 178.91640602327965 114.3799690548382 119.02662472837763 130.02051976071434 84.66021915872035 125.19081498978807 86.21011871501464 181.9331044841274 59.003637872569556 141.5474917954878 44.50669762017195 134.87676666240594 26.172949214137304 130.25735423859936 0.6887809424737554 116.35512132055509
45.00813279436517 0.0 68.60916610333274 51.742825725358685 10.87739097073677 55.89929638370302 0.0 13.15044183230242 45.00813279436517 0.0
0.0 139.63094861712557 78.87486934837588 0.0 224.546478760645 143.39646366494904 83.03736279650099 221.86436988849613 0.0 139.63094861712557
73.51507136996959 260.0923880647207 22.235061130848194 213.47289125703415 0.0 132.04528930855216 22.552298560452172 19.19232870409357 140.87386312337048 0.0 156.2899164336393 152.57399065532533 271.95389257545236 135.59142005035017 188.13607561697026 193.46795020916883 168.22095334229576 220.45209654422277 135.19021328804047 249.29233296142053 73.51507136996959 260.0923880647207
191.59689413064115 9.681269665199224 143.99431759559263 47.57486942362999 117.94948454536046 125.46866980134654 58.64279113540374 72.399882408641 0.0 0.0 113.53582559000937 22.62188175484934 121.88719576449026 14.6629892621025 191.59689413064115 9.681269665199224
0.7119754170530683 54.052989630609105 0.0 14.924703723815512 20.376006839591867 0.0 66.2182188594202 4.185411192126082 36.765441755439824 39.57402758298575 0.7119754170530683 54.052989630609105
59.96410885298242 54.900180989296246 51.45609772243475 24.218599771049327 42.07973285924956 33.15617598509445 0.0 37.70487183834493 10.233434897743422 13.542693857068542 28.964450957996974 1.363297663614162 44.8687422986406 0.0 52.48685659380793 20.31188339480734 75.38281705626972 0.03616030497198608 81.0991222095182 16.514553983718102 64.20892515857454 27.679508229244846 64.56337693459109 37.57639320253527 59.96410885298242 54.900180989296246
82.40998339930832 9.105386069831773 122.53062955760375 16.047278832573888 182.92284129284678 0.0 206.60856312083433 54.26552963639159 200.36895936464066 116.83202717223621 132.7838563795896 117.3665566920301 88.76547931254518 120.77643405837286 0.0 113.57094750853243 33.531937440811674 35.72799595446676 82.40998339930832 9.105386069831773
0.0 0.0 36.724376480106244 11.67907211694694 52.473366908211176 3.108096448540792 83.13485185664037 7.5540716576741715 87.54572125015845 39.018546305063055 69.45491967327686 66.6977748286161 38.50822769842668 58.59551416729991 21.536836448341802 48.44689061594309 30.806579632033674 28.241652234006125 0.0 0.0
147.8469352783165 61.83921373593317 154.88320457206726 0.0 192.81280291199312 59.12488281143368 220.56995585910548 52.2191123850539 281.97811095660165 43.63351224394353 228.178075907865 100.021408976069 272.4699932856326 130.84604817773317 265.03401730116076 170.61098144292413 210.93743454410287 159.75214273175345 190.82849089129633 251.8207458831468 123.51236410411931 259.80509381172766 130.25885536136843 159.14392856015564 108.1414232798254 135.28881430547528 0.0 96.85841967121648 70.44245056655214 49.35074770603192 147.8469352783165 61.83921373593317
188.25866410434767 222.15429322988996 145.47858281106465 220.80682269765907 64.14441084755671 273.22034365039843 50.98627383233705 198.4708608643919 0.0 154.3537052112813 101.28666139589532 108.02605448181185 21.902174064136176 11.759219691927441 140.826835909989 79.0462910154836 158.1443255477766 0.0 188.66097566249786 56.954044838351436 185.09103205873726 102.52696033745411 285.02696618433004 76.27855628212603 278.50005025631515 130.4423547220381 301.15421416494394 196.5241000301814 230.59625909190305 209.37479186672988 188.25866410434767 222.15429322988996
73.81556727698513 48.55337083751016 92.28529160660298 26.585418160889972 98.78938300805218 44.768041734403184 137.11232726129418 55.10658769886426 115.14353714790128 79.21797695574772 96.43381881080879 89.60047550989806 77.39179370097335 81.3671784970439 61.238147865672886 103.01619235651556 16.068532526018146 122.3895631333895 44.15396047956611 71.37442603304282 32.78862910588964 54.520966638691945 0.0 6.249025462138903 43.26967181845339 0.0 73.81556727698513 48.55337083751016
82.66710340341422 101.75456093056408 44.426250159839014 92.18609297798525 0.0 56.842783461809226 27.30316116030258 0.0 81.56639979239763 26.60487045464223 154.40329812100478 19.10795323131324 158.54134597394898 102.68948368603839 82.66710340341422 101.75456093056408
48.049558774401675 200.0668895764078 54.20987114627465 154.86992757790813 0.0 112.40108728239048 47.85175719925482 77.87466466656994 86.2011161361657 59.03218394535652 114.90107058442341 0.0 151.31716931810627 67.4044164693176 181.63806872330488 73.59291600716037 203.15394666035226 97.88864511167807 312.26492317900954 127.31407447735943 299.7749683188457 198.8750588288325 174.8774737726293 177.39376022128684 171.8361124412329 235.70597603395697 127.04082770043293 246.48866885919887 90.96382468163068 210.73958831199113 48.049558774401675 200.0668895764078
59.46432845976133 0.0 177.84132593093665 19.16358361630622 130.36271567287798 122.73865526901174 54.42269746318182 154.02019787578143 0.0 75.3725510140673 59.46432845976133 0.0
87.97311138925727 186.41233232872264 35.659183348657976 141.36405230312823 0.0 59.1163957234308 102.24309864455535 72.3849761476659 152.4674746209998 0.0 218.97823924101957 53.79227368890726 158.11566045392834 118.64185160288869 171.19175956056043 217.7899947208105 87.97311138925727 186.41233232872264
80.62259142332466 61.12528026541341 194.49276523534428 63.599819456416995 140.0673956448614 87.64246448320961 94.43171409559878 76.76342659824405 97.94080951828734 117.58100757490797 66.51272182184032 170.6512452387002 28.819850688744403 143.8847364105217 23.588918573146906 99.08706789976688 20.82054336991545 72.88317930219856 0.0 41.70739117351863 50.32863559727481 37.962842727686805 56.68524229432765 16.034226300827136 76.06263487321505 0.21731799088352943 95.86191629803834 20.235835013243907 141.64003570906266 0.0 80.62259142332466 61.12528026541341
5.397748256577202 16.21356594055237 12.746228582769348 1.1120770289332427 29.127692777531394 0.0 51.47807409952232 8.564740874483661 44.910801612532225 31.08096659763946 27.61821175085494 51.39774515498986 0.0 41.54573567888988 5.397748256577202 16.21356594055237
177.51245069756453 95.5098013397373 91.56345522108718 112.2348716187087 47.68608134247569 131.25399793242667 0.0 105.32584985515314 30.404549908496506 55.63196159023056 51.15042002673789 36.071531337029995 85.77045401390438 0.0 99.00944359301369 48.21948935772413 177.51245069756453 95.5098013397373
153.11530219953346 0.0 236.7968794865438 96.35398175591367 279.1056374577987 144.87985261779957 311.4217902338629 239.16505529922836 212.60068883840194 248.16042189973285 160.66961391839016 217.1001178980959 0.0 207.50767818739135 123.6997368881888 118.46700368698492 153.11530219953346 0.0
12.394322376197664 12.505285940621633 41.12007406567922 20.588135708432148 42.54767840130559 17.384105176954108 46.498249450002845 6.9374974982291775 58.18996364813 0.0 66.77479978500332 7.6733873191233215 70.58164904802626 17.712333293864447 69.79819000110638 27.918343153411215 63.60295672715603 35.23941464364644 66.27422935247182 52.25138579056302 47.31681515976561 32.25438757629888 40.548716278287344 49.635585182180535 25.251107350947308 52.83498590034888 14.770431591783819 42.029249486583694 0.0 28.586163527060037 12.394322376197664 12.505285940621633
95.05688153508032 0.0 132.8745567609927 34.616570204234115 169.28354661778744 31.333631032956035 179.5563314309669 66.93985470578433 138.98195101287357 80.88227713063786 136.2929352099701 104.82909281946569 99.2212078896755 155.42462443967554 63.99060761856805 119.06603883356688 0.0 81.37290032507788 37.43368950819627 16.652563937286686 95.05688153508032 0.0
27.171124091589604 96.84915586590643 48.05271015412845 67.60776523997166 69.02315044414544 23.75288872502071 114.1936372529833 122.77444424754015 165.97183808701195 0.0 140.40022605828244 105.2993192515149 227.32675812161636 82.68932923354065 255.14403545905193 130.7573131505495 227.0294085161509 176.20626698915868 205.1602569725722 216.6727490339358 141.37543065247536 194.4244925092871 114.48113118671716 206.52844809849566 88.44908477800068 196.59964757143908 56.04696576459935 190.22610999891492 0.0 181.37845712632318 20.343447909431603 134.36717342796254 27.171124091589604 96.84915586590643
164.56703425187368 96.19574517798121 139.93387489541357 141.70116564443038 88.69715245619754 135.73423263214863 32.53659025773405 146.06908986918296 39.28009415445166 86.70692083424969 0.0 38.89449357335123 43.71301573108869 0.0 93.80121093673371 18.45404140291798 108.50363408170907 50.237805129447665 192.09522327934616 39.6282259227021 164.56703425187368 96.19574517798121
0.0 17.895633339973656 90.59674055361059 0.0 121.63095086539023 68.08959576301096 56.93421177203811 85.67591918178876 0.0 17.895633339973656
68.4973833617884 0.0 163.54628078124745 15.163802292884952 170.22482195930775 105.96965346961278 109.11253494824184 155.7382313421491 44.52198055282773 124.50567775211836 0.0 54.03034351149073 68.4973833617884 0.0
128.12449953038333 48.64264460771997 107.36373400988185 78.83148747446366 147.65245311689978 132.59812300729521 73.14262257866582 94.09275392138802 62.53252639369824 103.5462011398988 26.726377423072115 142.93768401941156 33.62704052046964 93.91234989156239 22.985941050047217 78.91053115711155 37.79746271225425 64.08847379011493 0.0 0.0 50.52150914065398 22.52484972996266 69.53717407612297 44.769294665070035 109.16494692314993 19.1163091106572 128.12449953038333 48.64264460771997
174.18758795621193 51.789180378843405 160.99963794782033 93.9720094237575 111.38606979036484 80.3910877141937 88.05012752272759 155.58517404754514 60.416029408129276 105.55511632281718 0.0 77.54777923193316 48.32900745159034 32.37961333993393 74.86170152901926 5.195688095973658 115.07566037142189 0.0 141.92097370588158 24.433275806579182 174.18758795621193 51.789180378843405
44.21618576457897 4.4922930303218465 54.882433185105036 49.347993019661004 7.729717418262311 43.54011501882749 0.0 18.70335061939555 12.839560232261306 0.0 44.21618576457897 4.4922930303218465
0.0 201.22322109978342 76.02910366268421 55.114257279627886 169.86899903710017 0.0 279.64409300475575 97.3311442548744 173.13384750460608 210.72778734846548 0.0 201.22322109978342
113.2274963281622 13.601226925843442 195.94539851131742 0.0 190.80436956161077 84.35782195064934 136.0769851886651 157.6354969229575 85.62864223660083 82.37700974753557 0.0 57.7843496807135 63.85399723133769 6.0703688425343785 113.2274963281622 13.601226925843442
24.966550578685784 12.404664809318888 52.903797414679715 0.0 87.40289847052522 9.639131942627522 114.8742815441236 43.04200660754351 65.34987064967281 60.6663038973964 53.980348278282165 77.2821922436627 32.022528345589436 76.38449261556434 6.9936225351941985 63.84771569763792 0.0 31.54208079205671 24.966550578685784 12.404664809318888
107.01379752046186 0.0 172.32229390548574 3.294676172421461 190.9103113424965 68.29278160953965 178.18282350940143 137.95556170654095 96.45871848136298 180.56995760571732 0.0 132.51742039351956 66.4800940459914 44.151877502568084 107.01379752046186 0.0
65.58944354037357 0.0 150.97724781793374 2.020773901308715 229.06149598973087 34.92233766733913 188.34791902187578 109.59185893510393 141.04228673559862 123.80418577701631 77.28849914496618 149.36286052008768 0.0 77.52343852141124 65.58944354037357 0.0
39.62709288165436 0.0 115.27271398382393 34.098436983079814 55.62533094255305 62.84073647701813 0.0 65.1889910259871 39.62709288165436 0.0
27.504718498059248 268.12031626449277 28.344210231124777 201.54624785624887 6.895510213175214 142.9607256978153 0.0 55.51991807131846 65.92616925862777 0.0 145.1116071280839 23.32667891866089 205.96381238004022 40.88287817115295 283.9115143560581 59.991290589840276 291.92482721813496 136.11269215982193 317.26897232723627 205.8284332010617 289.21347211938996 282.8502395696844 172.14234748995136 221.4177206054803 148.9850340557817 269.97233525560955 87.76841341573197 295.86108151004026 27.504718498059248 268.12031626449277
84.58817066834283 5.243512844053079 121.66473180803705 69.36728817772487 53.09733156656142 86.46969538846224 0.0 72.2015635085694 15.252011736843656 0.0 84.58817066834283 5.243512844053079
154.80576169950731 0.0 275.6832749328505 41.91420519193225 231.16738382504835 166.34670520089395 132.575923201022 174.30868361925087 47.34087116280648 236.08153627746916 0.0 145.2154449713593 10.656212290185977 62.77581108871917 73.94679521591789 13.906645167240725 154.80576169950731 0.0
0.0 53.91185459397103 30.05130938350012 20.3519368755359 47.4629934810437 3.714342288011892 109.31464477364634 0.0 112.74921403590503 78.75277015355047 38.552577663429894 99.50085278359583 0.0 53.91185459397103
82.4224597373857 0.0 111.23391079469182 55.971640611000666 108.57957179317904 105.45474392580692 49.59849443421584 110.32800913354063 0.0 39.81150869218078 82.4224597373857 0.0
22.89700443838231 58.183037441105355 5.153635415782105 49.27194444315346 0.0 26.4237996831814 8.932408802347567 0.0 38.69830115923865 19.39250544499515 54.57817248763534 13.555037345343791 75.79056784330132 17.42642557599723 101.15026687515137 35.34520978833011 64.29491504355582 52.311621665850296 76.46657428454141 87.33742961694657 46.29036845708889 69.95225334876618 21.83753469551573 95.51382124365693 22.89700443838231 58.183037441105355
0.0 52.17761792228623 84.15683360564287 0.0 154.9165488306648 6.546383577537966 199.9444437888671 121.04016337991818 76.89173812873328 120.24172249440748 0.0 52.17761792228623
250.09306129200337 36.6767360288284 284.4756932746599 78.79831884326731 375.46675788064874 83.61268939493394 285.46660799116836 159.31587686974393 410.3294305145627 243.25812430554595 281.0089873827809 232.7386639298575 256.3035185751769 279.5224561566831 207.73220171277018 292.9313238578374 180.88789653461788 229.26997064978772 68.68135861556263 283.01231387849407 176.2757361740583 172.38965046985984 0.0 128.10234225938515 92.18340347224186 84.21089131258564 108.15847368801876 0.0 200.04129589722595 74.3549933524484 250.09306129200337 36.6767360288284
5.275511165696145 19.668152943917654 45.14096715474069 25.64206538427954 42.956155447698634 0.0 60.27388471122177 3.816807637723052 68.75806639876309 17.7583817237142 109.62520863464145 3.3530549625701056 98.14045068426287 32.55161671015275 101.71973495933679 53.1139892863038 70.64354184513591 51.00460168676759 63.45460567107369 56.136279365772204 55.91908442414575 46.59279760799212 32.41969705031558 77.32026599467386 10.242720421860668 67.15105425212462 0.0 43.853214569811804 5.275511165696145 19.668152943917654
45.57084298645371 2.508247817984717 58.68435832460588 31.82577401640485 93.55921276549381 19.623595286309936 111.97534015735468 43.16425158273846 116.67262860728923 72.77194000237436 86.28999509635383 89.39580740297133 72.19638766699936 106.52585844419018 48.71757096115272 100.80269433773888 30.508215201002116 97.13902549404888 0.0 99.37137375992849 14.56718944237572 68.72330827688161 37.07640981493577 57.89655069697862 10.691025760971854 32.771671268174416 16.124364981453454 0.0 45.57084298645371 2.508247817984717
58.13186786877881 77.67880115810792 68.34449121852892 0.0 132.4106457679096 44.58295521826277 130.41699029028166 94.70853718204617 299.3340802261848 136.6794328270592 168.62564993326714 173.14043864172413 109.13485151350828 224.50047430181638 64.2712328658532 159.77833281641568 0.0 127.60215160605784 58.13186786877881 77.67880115810792
0.0 68.55677522953593 11.436268499284793 38.99597522671319 1.2050209205763451 15.71651750798717 22.109936654121768 1.5819512276069574 39.997158716472626 31.269616146682687 77.97905885388867 0.0 123.43427503455293 26.307363766540654 66.99313217452854 52.86188234686593 46.66150966328358 54.51821696512089 28.422591972166998 78.7261056321436 0.0 68.55677522953593
173.08366058214995 191.4276853232888 102.57480939464709 182.39553828235412 35.909483348213755 174.01366749227924 0.0 87.60744787289431 65.37550095646097 0.0 175.54412016031364 19.341563980679 229.89091114688267 112.59543324857347 173.08366058214995 191.4276853232888
152.5029978440317 134.45010236564877 145.14331056960737 157.3754617728788 125.81783514530748 176.04096606903323 97.72383541919392 194.37119553528345 68.85044625843399 178.1998044235666 35.141041857561746 166.33255066527403 39.283342137070875 130.3491746322884 0.0 86.23421810910573 20.177996323038244 38.891722953396894 70.30178056981751 24.377882560912866 117.05081164996055 0.0 129.47727453550033 79.18882188847084 185.09223342843245 64.88522858683561 288.45247429223207 93.52819785164812 152.5029978440317 134.45010236564877
20.20017929530239 84.66147259918797 0.0 32.98855477557874 47.04549980200538 7.930529564532563 90.28369019581321 3.1314660628204365 132.9068825567452 0.0 188.88166918406495 10.874254509112617 175.75151005029005 67.91218461713177 158.86349192604848 100.36641730358365 157.79905407408324 139.26275036868333 116.08047735592227 132.1695430738929 87.80943170309766 162.1077571706283 43.45770965980151 162.23425113166377 54.53862281337565 106.3535989421296 20.20017929530239 84.66147259918797
152.29039894625936 5.877805612830315 186.07133116010561 0.0 211.9062512842723 24.038520777156954 257.9327303761089 41.52187044224063 228.42255021198798 85.95556303137381 187.22879519961776 97.23786447993342 207.84668265246438 143.23233376609966 165.40616706718623 110.66204934704702 149.57252368569308 151.89856728965378 97.27448032227664 184.27782171475087 117.5179897115037 110.45848000811849 48.901002196924196 102.87359194458867 0.0 42.85570587918092 91.628850809103 29.83259313764146 118.05093672431076 10.081905056389814 152.29039894625936 5.877805612830315
132.1906273027675 236.71299716474897 6.5158885895754395 251.22370883466408 0.0 125.21654589451795 45.577178827117834 40.36680517528019 123.78761765637365 0.0 207.03797952982495 29.64996463463801 287.72534499560095 113.44979562701927 230.81022537761385 211.56303181882424 132.1906273027675 236.71299716474897
96.23340869810647 0.0 72.39543677242068 47.79579014910203 115.79829214036846 37.18451326052167 155.01541781244487 64.04099758807291 103.80478226296404 70.24130790724513 120.33864548032469 126.07436769267898 75.06519166282467 67.74129914039611 65.23479365485204 70.51375532938759 28.640036483218978 98.7300953446221 0.0 81.72098110692875 46.26996206295655 48.65810211771989 24.485868185516154 28.47389638373879 62.660392368961425 37.68539112113818 67.42173357769822 34.52587314847037 73.4052731950071 31.602965542834355 96.23340869810647 0.0
133.2729140758832 119.92337504205165 0.0 96.8922140563476 146.38259639249233 60.485445913620765 136.97601390148526 0.0 187.7345819195105 21.860376054842362 208.1857183422015 48.31864581435025 255.79430891137113 54.57903467992611 275.75307287126003 102.36852107041781 247.9651490522764 144.84569253514982 189.1483214191561 105.40035338165691 136.27281166101568 203.54197774454272 133.2729140758832 119.92337504205165
132.06943598566926 19.085183543700467 152.06340719078503 74.35880151840571 177.86382541318898 63.92663701221214 198.95070764469472 79.86725815168491 233.7412517731471 110.96306887075183 207.77590976291594 145.88359271648727 188.12948376890094 191.87691117180998 140.52462390430077 152.28289197507894 121.81299227059651 132.89005373660405 68.29781378443923 142.54033206835152 0.0 106.88110960846305 60.510656404348936 58.15493358069599 69.14044506967852 0.0 132.06943598566926 19.085183543700467
192.15701327904466 73.10167062339423 86.16663922409272 113.42222599966064 0.0 51.7703136157985 75.85497589758201 10.052949789409254 114.55231401592195 0.0 192.15701327904466 73.10167062339423
0.0 24.476360981653826 68.3605049100199 14.830948559531237 88.65587430743967 0.0 110.84848079509804 7.687389661125593 136.20338813981252 14.491419533340476 181.38554670882786 38.12348327620012 190.2325313638355 91.19849285643748 136.7204000148128 108.56249781517666 96.14482630070887 119.45258612219486 59.44005885366033 99.1182859199428 12.137726784823258 77.77098064165598 0.0 24.476360981653826
11.690936424714188 82.3597151558769 0.0 59.66507517024915 21.875820458639467 41.401843514365865 35.8033162542891 27.27341347658377 56.715741673809205 29.27856463490184 72.13790496691306 21.147859704203142 104.43933850294924 0.0 73.46872242349211 61.89214490783594 134.46071821682546 47.59122534368734 93.93863573588108 69.91076512782884 97.80970971948555 83.08138750928593 103.01342691640666 111.18890694032933 81.12750375520451 112.22675514741923 62.051791297967185 113.75646047610036 36.54933512782445 125.03112794053274 26.46812085880346 99.78399354853443 11.690936424714188 82.3597151558769
49.868829950704026 120.95140242737533 36.43436778507788 95.24626984614231 53.15710828075294 68.2483208211744 0.0 0.0 62.0598550235984 1.4547301071073662 100.00607647974897 32.47071848500561 115.4667790980135 45.626606806057964 141.1467753749318 44.32908150094143 142.03981461178225 67.78677146561735 229.91470823289822 103.55225050922654 143.1593070339197 110.19673601560662 114.29874316744616 103.32328881215166 102.95061370967906 134.47814681172622 50.46969043051038 188.6267583865918 49.868829950704026 120.95140242737533
5.640110367574209 31.465052147886034 34.66388373361799 0.0 46.51515700765388 48.09134725472459 111.69277584358952 59.757205641621574 84.66582982384602 110.03774283460069 33.90326256611654 86.56078213471122 20.04517369492868 75.33338217068854 0.0 60.93519639428805 5.640110367574209 31.465052147886034
171.73706067547576 65.51333435584118 275.24025881156217 94.90237474236233 253.43791377191712 203.76106134301676 147.38758640327526 236.98012921559706 107.75663740739921 145.9522499246179 0.0 125.05548483437465 98.4263432897639 77.88989106523672 121.78774276231759 0.0 171.73706067547576 65.51333435584118
56.46303551842481 55.91079291497002 45.057388271909495 61.2755956396887 33.36055156593124 60.692993659881864 20.94339582964522 58.89637716082794 7.325269269106478 51.27108275154558 0.0 36.45830254285249 13.296170266857551 24.01978463521202 35.23081778075811 28.77053080050476 24.96724076733684 1.3968457278339628 38.813534018573925 16.95046155447551 53.09062695571354 0.0 60.3782985840215 13.311597636646084 72.04512535831714 21.165117234273907 87.15435818467117 36.52010360983404 66.86015312690719 47.46379561698926 56.46303551842481 55.91079291497002
79.02728577826863 165.37605303014556 4.589307973567884 157.12357629237226 48.75316231563025 109.5362623416373 0.0 36.54859939548257 52.377928583601204 0.0 113.9265749465764 12.644030555617547 152.9519533738391 33.807065937443 170.9060575730371 69.44541970046201 227.9577014914825 72.60152242864041 262.66338705523896 114.71994900679819 229.50434899595814 158.26759191638018 246.63960842753875 233.48977616853 175.1521652568783 238.68320786485205 128.29337231462944 144.57222517579046 61.12482028792675 261.0945713737825 79.02728577826863 165.37605303014556
225.4629126192587 97.23616213617426 132.95168280454754 115.50157215220392 146.94149897208717 153.52038890723452 137.23254431153708 202.9166531165693 92.84540522654325 140.45876021120233 61.061551236190596 176.79459836525706 58.851421874393395 133.87064861569098 0.0 136.85874175690589 7.187019135808612 98.04853075165106 23.30910962169743 68.31507445534818 30.32895563901765 35.40717164068517 58.42000610409785 12.894083680856568 93.3410901706573 0.0 125.46244848161676 22.28087821303211 139.96733148619165 53.19678070732055 127.08048289388076 84.833708997024 225.4629126192587 97.23616213617426
103.8454796605954 14.63776675516614 170.96596998784813 17.786228417978997 143.68207721089922 78.21379781764902 106.2586085192095 93.78763608467425 71.6300290666397 116.765539982981 0.0 111.41615169226144 42.55292994473692 47.709763661804644 57.60005938250636 0.0 103.8454796605954 14.63776675516614
98.38408973462296 0.0 158.74498437813463 63.65288649433248 192.15604615570138 81.77952589926996 284.1820117618932 48.033044706477426 275.91591988055154 122.88473274101916 257.0001442112067 172.44569954228857 313.21713474766204 245.51040201349994 212.7972079954879 239.511894734491 177.87544945319175 259.2418222003996 137.2298117119731 301.42294461399206 91.81205429630644 274.1092528129649 30.484420376756788 262.4502515708955 75.93007750959063 188.26370874823527 35.78180923582616 153.77132196289674 0.0 84.55537101881322 115.08985159670641 124.74609200107203 98.38408973462296 0.0
123.21631683616462 34.22503934460823 103.13220963323081 74.46049424285161 67.53575215366315 67.20073183018027 42.05633040255438 62.83605951784866 0.0 25.672134501701457 51.18468134361892 0.0 89.80982633842704 6.346586645067731 123.21631683616462 34.22503934460823
122.02983137054039 174.18536333165906 0.0 116.3028772225041 155.18928090378375 132.32494463838248 146.00350181591395 0.0 228.20754846722784 30.20109840202703 292.0137783289949 70.20593572189676 351.2705602046271 142.25233105019308 244.8931464802351 191.46018027899746 223.4218599065276 236.70638857534058 166.50666806847715 280.07525398478253 77.28542919308146 282.361917354332 122.02983137054039 174.18536333165906
169.01338936222805 147.0396690934575 166.2846197775625 198.01771917932751 124.50666456555388 191.10059352383266 92.13316627541333 176.00806636166743 79.11760402509339 144.33506370184415 58.94105106071331 129.6247408017802 0.0 107.98078032887379 54.82330937958116 78.55948534218524 27.014156046090193 15.300677107891687 79.99069413923107 13.791592108810875 117.68930839213905 55.95681151273534 158.54016036098534 0.0 212.15940412002726 2.630144754095383 196.626705487221 65.07231572323707 217.6363449723923 95.79684011010477 240.87419865390558 144.4286337958284 169.01338936222805 147.0396690934575
107.21831681409594 11.138198449971469 105.56664388303625 40.1076846280952 130.211464278779 72.94239170693147 62.67598142456694 47.48683597582274 67.26323382316339 82.83160478817553 34.826929676536906 113.3825209980358 0.0 96.01192839946481 0.9322924553890743 56.72875449973415 4.126485096845478 23.166239972425004 29.66418157530302 4.696933229894718 55.958007964355744 0.0 73.51288604342416 20.25509947189552 107.21831681409594 11.138198449971469
184.04354319391638 160.55318539936417 157.406306634568 210.5956852924424 104.58405008303518 188.22777492072368 61.486603737552144 161.1901361876885 0.0 104.03727247358803 60.87881470985988 51.11648509160456 107.10867720345195 0.0 174.7603245685211 17.945925898097215 167.58667893119463 98.30667025854554 220.5956604430295 126.48147269858818 184.04354319391638 160.55318539936417
167.23399889998905 195.27705042340477 118.90967405898328 259.81120069013474 110.76936983978365 172.00026061059597 0.0 203.2345861212462 66.9295273710617 126.35741567917411 77.65812421563328 93.9029358442301 90.65143892662545 61.97258997807032 100.30584637744553 0.0 153.4385331448858 55.420125213797924 193.25379112717994 31.760715129368336 233.12364318532008 49.01319689228501 269.165535234559 83.28361215341305 252.35119698659946 128.87237715762654 231.82228313469972 164.0477111121124 238.1127163583623 236.69968677341586 167.23399889998905 195.27705042340477
52.06317363951762 7.629095286697208 107.4936989783024 35.187522086908814 50.358605062933044 60.163061932390406 13.079760064573016 67.49940562958011 0.0 29.983108113282782 19.63495711529462 0.0 52.06317363951762 7.629095286697208
29.712588852510173 156.9466263556834 54.42530446577291 81.26922258737662 0.0 63.72315607418918 50.84703690368724 51.85722394103182 57.254505499299526 1.081339989628674 104.57155238545832 0.0 161.88457523724608 23.527189814011052 131.971715795498 80.68267579636894 135.2782026978043 135.61713274159928 81.8409494386324 131.63113890744052 29.712588852510173 156.9466263556834
107.56176876979173 151.97407668012755 27.936230834454015 142.21962364277346 3.073674285724138 74.96801807066646 0.0 0.0 76.50663350615652 9.740086200011547 137.61305585414988 18.038964818803144 161.18044590220353 89.90172478319161 107.56176876979173 151.97407668012755
283.2393215490195 98.7085807274969 268.24855149490264 190.53071086005693 204.31720201947434 258.7036325317115 116.66307783524569 194.2665923016288 46.411980540549436 223.65895010783197 16.76841577768259 165.9288547036033 0.0 101.81961415964558 24.479750569883706 38.11316042464716 83.70213613658538 3.7438052481049624 152.9493892742633 0.0 220.37080486813466 33.232692235060654 283.2393215490195 98.7085807274969
54.7389851160972 1.1777894929152382 194.0265008885962 0.0 70.82098898127742 90.42242472411553 0.0 37.22303516736332 54.7389851160972 1.1777894929152382
98.56080443947052 98.89327294052572 0.0 22.129829150397477 142.1504876428959 0.0 233.25298180523998 124.15245301930214 98.56080443947052 98.89327294052572
58.55115632280999 189.31996179687795 0.0 0.0 191.41801013985443 0.2493204831699103 217.9404631838936 147.19966827746674 58.55115632280999 189.31996179687795
265.68726676744586 211.31299456691232 162.88436498853014 173.24134837725023 135.75067036251716 158.7587398080837 96.68169637583208 240.37846383842043 113.58288991963359 139.78099140061227 72.59673566217481 148.52712838113598 0.0 127.69618886532338 25.956171801927923 81.51806728066919 45.78415993827008 34.79081320626034 98.72458003830857 38.61738706595584 137.88162892959997 0.0 152.21939752429086 78.36692858580413 188.23651210535985 73.7806939050039 232.57694504847694 91.81044202305837 180.77062073934937 128.18035862003933 265.68726676744586 211.31299456691232
0.0 152.2944903821388 14.935916514003736 98.55473375838417 30.713521510019177 73.90283092497401 29.491845778652447 56.010288618714654 48.21158516596603 51.00612144419242 54.148494904115324 28.461905957897898 75.79028008514399 11.339274713257815 110.21041046696806 0.0 124.22280710476626 32.95721791589787 175.35682227770212 52.25853522125412 149.70838717077692 90.84430252739718 162.2879586086384 140.07333870225926 97.62270917070347 120.86127671328053 74.17965250573117 122.6400209100362 43.41875714539795 155.07680452637828 0.0 152.2944903821388
44.03166194369528 0.0 94.45421515367039 22.268208650809775 134.22908962840415 63.369284167461124 102.62250384628763 129.75235978614032 38.495667646729004 107.61505252078345 0.0 53.27816030036748 44.03166194369528 0.0
99.51504341822726 106.70075108403466 121.71679485337506 84.11734072620234 148.45343484167648 0.0 199.40746836898316 48.37667284368757 189.03705926404402 119.12032362871878 290.08148775735833 120.68971351906316 260.6605159704592 177.47506964084576 281.6975859967342 276.48506072724615 181.7543968476433 237.07686228912277 138.52170762181487 229.93164104114646 85.846887743639 225.90519188728584 0.0 207.1837422635601 43.872830105106004 132.99012934719764 99.51504341822726 106.70075108403466
104.48325878939706 140.49457609140015 54.93628562485759 122.55384136395054 0.0 41.971227306407265 93.24241991694407 0.0 198.25665176461465 20.223638182256437 175.14419569360706 125.51962426161612 104.48325878939706 140.49457609140015
144.6903997171967 160.25247439724996 98.6062249423253 184.27561011047192 76.71850822213341 139.41505727094125 0.0 84.02046221544579 79.81812985042504 47.393945005899184 150.77455218618434 0.0 185.09242075152144 76.67631332289672 187.93074602803154 134.51638117935664 144.6903997171967 160.25247439724996
