100
32.06126920830101 0.0 80.89685261587002 34.04204331971839 118.35667673214449 33.90230643932293 203.900532985539 58.207466384405876 144.9928229423799 112.4777512680908 96.39539870868182 117.74374337936433 65.54756898829649 161.6408414765802 15.233160817908242 145.22019619590844 0.0 92.8206756368335 12.816414965747015 49.077552298294165 32.06126920830101 0.0
20.36510237984522 99.81730627256671 0.0 71.96881046873592 23.80409693105809 45.96116011110385 45.19011962526978 42.80134498073416 60.41945548501693 4.5244373305354415 106.22347052249097 0.0 100.67887984060329 47.19811838891431 129.8058463682299 89.03879153283417 59.30760368866196 66.25339165991828 49.00557947929355 123.63595975721903 20.36510237984522 99.81730627256671
0.0 185.55726730738922 33.31793659622551 129.55904399561766 67.55578086026415 91.16792546519885 125.25112074445914 0.0 171.2923921990017 90.71361756033713 265.5972339227045 129.95810236895213 179.45478284228395 197.0345356351408 151.80919181635699 246.18886109132703 97.79541574761551 265.27257207983996 31.271063264774938 246.2248483178397 0.0 185.55726730738922
69.74575925478571 165.27952102544785 35.05079021162132 127.65182493037388 0.0 64.23299058968189 98.92088688127107 63.46539856127503 114.40205221162816 0.0 163.07201300746522 16.776985333078187 219.02329026176045 29.254396887648397 231.79007148081462 83.9935021315571 306.3327686915096 158.01047705234066 189.22449945686833 161.93681540065282 143.54585500167914 128.15048011380003 111.45049831818756 183.3320078750591 69.74575925478571 165.27952102544785
125.08837156993718 21.829417134967414 104.55850145255667 73.76619991805492 60.461324285248786 63.75423241441209 47.86041812339662 103.22207259234821 28.299206680962023 80.56412143550416 0.0 45.77149174287929 35.3892101116974 19.23881815853698 77.09864475897163 0.0 125.08837156993718 21.829417134967414
295.6098260483492 155.0351366584373 197.85430481723336 146.85709768659086 163.57036452033273 123.71315292435251 101.23852479142546 164.76342788037118 0.0 127.21748154729242 85.05729294194154 55.761758062482755 115.88336620350995 2.0304307811056646 178.33004625538123 0.0 205.3091564109293 49.75849761350403 270.7130242469201 73.54125161749762 295.6098260483492 155.0351366584373
114.4420428770458 71.33435580633812 66.22714015642606 61.711465446597884 37.64637889633241 63.21760054896005 0.0 27.582072656644243 46.96913079026989 6.994860402142734 80.83472204981318 0.0 106.67235331831482 25.357791310472336 114.4420428770458 71.33435580633812
152.8726949107546 11.41005420971264 223.87099088652002 10.014581517702254 228.72124599898456 70.69669033901064 143.62766640604022 94.34978742804219 166.86861877326797 142.05865319363502 119.40246074840303 105.252049833714 101.59876627364035 128.64000424329794 73.59620519059064 125.22066432231597 0.0 122.20296961563176 20.961320630366913 68.47211640602276 63.01263439917136 45.68620825129125 103.10068254959772 61.23599359866026 114.8701483677374 0.0 152.8726949107546 11.41005420971264
137.95737730136102 78.90822366748625 90.67978135692664 86.883225693598 75.38521378302987 116.78064855836453 50.303972815766556 89.98226738130137 0.0 100.82567287603788 31.424926680516705 58.47613129479105 17.264488656594494 29.08889472625622 35.48921635007645 1.785342397183335 70.14550239335206 0.5756058044920707 112.33854439162958 0.0 117.91874540581321 42.594073841690395 137.95737730136102 78.90822366748625
9.198869039483895 7.448364706955829 24.5247014907238 15.238423552977508 35.70261726452499 0.0 53.40098846621714 2.556766312959681 54.608290757540686 20.377045388870343 51.944292101673426 32.811103365444794 41.29228891929128 39.42962425457634 34.78173834582904 43.39916522413084 26.84096494950296 51.830130299290204 20.161185241935854 42.86024822226416 7.808439948102858 42.418719749013704 0.0 32.270252814621685 14.696423946278074 24.220200704299387 9.198869039483895 7.448364706955829
163.31541960803702 139.71305940073506 299.7087014218681 183.41293574399498 220.2555352421744 204.36019808271263 202.37657377399378 255.53170429322867 149.91709651697863 283.841749302238 87.81383659840355 287.1432430956363 27.03330906414496 260.1356833385971 0.2351056925437831 199.42618639200472 0.0 134.11951744801985 54.736097357209786 95.89042635083649 124.40337132071677 115.14578989850438 108.1645321567295 0.0 166.80363041695995 7.8278051008784075 227.8469161757099 14.537498090458186 263.84334064827544 66.59221580511587 163.31541960803702 139.71305940073506
80.54002588394542 8.32632700982127 51.61083135762655 31.949919767034828 68.4304465479193 50.62994210312215 53.52176466872736 61.71117947922606 37.29602280267524 63.74864146432016 26.219435309890272 50.46215656599172 12.947486861302991 49.18266114457832 0.0 38.88737085550085 7.172033986932647 24.135834013968577 14.138837137919708 12.728019854680298 23.528522206833813 0.0 37.82913259441368 7.106697358339872 49.79040425242522 10.408734123653403 80.54002588394542 8.32632700982127
3.2519312399450087 57.400647407469215 0.0 17.938299899900038 33.06891809772979 0.0 83.72218175783624 6.457496388948094 73.11226596585533 58.826253662159196 35.291649225074096 60.96180031109828 3.2519312399450087 57.400647407469215
57.645564100910676 184.44840913890758 11.848823467528234 134.39834860991436 0.0 2.35861977239378 123.37154349497384 0.0 189.8734913102449 75.93405247866484 304.992207422195 160.6539648111941 210.96079961157278 266.98955216422263 95.04700158107795 260.5364258146591 57.645564100910676 184.44840913890758
0.0 42.571666908663616 61.293328812688515 0.0 134.31699653559846 29.53072335842063 145.51781822123743 110.88640395485588 72.48040477648092 142.04839702213826 9.471687622284804 116.41144161477236 0.0 42.571666908663616
34.396331911357635 18.01808895421094 43.43545129154447 16.02753824329075 51.95010457180743 5.354281468761442 69.08178693199432 0.0 73.45373253031758 16.68622788462841 88.59224269743595 24.988300713465364 96.40883843393547 42.423062085419545 75.11263523653906 50.67639391589688 68.39312268659239 62.69943225479987 57.94115953429596 81.1368152103229 38.434299263816 82.34832694322334 34.47964855584955 54.86019742089556 14.234776954074675 53.82894792648973 0.0 37.355427796487675 7.710188044740619 17.86742820183359 34.396331911357635 18.01808895421094
0.0 105.64671385609061 99.18946134892735 17.70970365035292 190.792087077005 0.0 248.87635531757462 113.4851646666627 129.33984321611928 168.20450052502287 0.0 105.64671385609061
349.36271169555835 173.7002710896566 177.41529700669915 249.99968398131654 0.0 104.69138017859198 228.9101225672003 0.0 349.36271169555835 173.7002710896566
114.49558792571239 108.52765243108271 80.47666083485926 144.8917899138843 59.14927961993422 106.42415473605365 0.0 79.58947604903635 59.61787705525174 45.75649270566754 64.68331163530357 0.0 105.11224900979431 55.12269469227296 126.3498362998121 38.450812673752296 197.98469237722605 31.640322122727042 173.6869850076243 83.01893636899482 116.19029664645427 80.72785300137838 114.49558792571239 108.52765243108271
110.4550380321086 0.0 187.31466131836578 64.40720517965475 277.43864516988845 74.20382571851117 263.3587762074272 162.31250292086088 244.95362237685183 224.31508480916813 181.75326065164143 241.27826973894008 137.32905014788793 258.68115519898953 131.09837503597782 184.8502284186661 97.26786311314962 187.3095522266331 0.0 136.74704257874978 67.49204563570555 91.39422781888402 110.4550380321086 0.0
127.88649296041137 33.02957615076965 115.43298444942047 99.72567650769949 52.30618932450926 78.36648511517649 0.0 46.02904837561831 40.61838235955999 0.0 85.25636438756487 1.4624776759458769 127.88649296041137 33.02957615076965
0.0 0.0 159.06205226796902 0.3533087230350134 137.27515774382996 107.40098494406637 61.21393556418815 121.02938925546265 0.0 0.0
2.2688519177590365 139.43365733026025 0.0 68.74422528052405 46.344152631542386 19.667882136801367 122.43544085537211 54.799302386957145 151.5362563044342 0.0 165.97775361348758 60.210788330735866 284.45160021452097 14.487800057973857 212.25533714578427 94.92945009717776 219.99173462843098 134.7231393512833 187.80311121109375 158.98221553492237 171.00494825383726 267.24142414799957 93.27262485466593 243.76928233769644 83.73396795568294 155.93879042404257 2.2688519177590365 139.43365733026025
104.50992660291408 0.0 116.94621754538346 33.07689464979125 146.79919575573712 63.08685113434216 112.98953765496853 88.46451672657227 89.40821684152566 130.9167227008156 41.79819347992253 120.15255877681088 0.0 94.52597407547327 22.142322493395596 48.05261534512356 42.76194313835313 21.514073228751364 68.68599486733663 0.967973547552397 104.50992660291408 0.0
138.94446860138555 146.35104658692782 64.64239393709813 205.63086437712053 0.0 115.4427674988121 46.57579214773676 0.0 206.1541977669773 26.255528605715966 138.94446860138555 146.35104658692782
278.15501521542683 163.8046961435285 222.05756542958198 211.94579876553672 146.52597986057813 148.0560798129555 124.82105121644696 176.80016127817697 16.548437490328467 234.87747096321547 0.0 155.92641342540603 25.488754721800362 84.76719913981157 77.96244132231708 51.84764322231406 116.11488179994004 0.0 175.7917978333293 16.54724651173467 251.55001046823605 22.925596392127304 281.11916531604686 92.52666854064542 278.15501521542683 163.8046961435285
35.42292514605177 0.24764787515046294 44.757989485635406 6.830285727610786 36.324517100966034 17.187125790836348 44.93477611736418 34.198099522832095 29.372432933644077 34.09515210967605 14.800703076417022 34.07567056454525 0.0 22.36001002096158 15.873845586734461 8.536047836558708 23.646770781289717 0.0 35.42292514605177 0.24764787515046294
0.0 71.02974589365188 5.470622981730031 29.999448438035387 39.837547621406486 0.0 69.20630546199013 43.655788707332945 119.85788546346164 32.725351227766424 134.3960798814978 81.73026048771673 98.49378473710686 117.03870567452213 59.25664394430892 76.38491764987776 34.74778879788907 90.8191687420893 0.0 71.02974589365188
26.557116101210056 44.580252742286106 45.852262215897525 9.229385514163354 84.34664965038449 4.521199585482137 124.3814092827073 0.0 135.7353300587428 47.79827421063488 167.99858125446104 63.59419276061172 150.55106915412713 95.35138524747352 222.12777033802257 168.1760883034144 156.57548325628863 187.9110710229565 104.67860710007228 184.559556859912 70.12263420753791 153.6613531886331 30.50177793850952 149.92543581972603 9.135397656988943 117.947779844324 0.0 77.29246807761893 26.557116101210056 44.580252742286106
107.82718804271911 94.41469117203505 87.77726894411067 99.84758418601947 73.01184610512483 67.0762834334935 22.404746244674776 143.119407934286 10.645152468429394 102.37592145282397 12.453734632220062 69.67592524947545 0.0 39.91396145731992 73.21696974936417 57.47489944304585 43.242967895766526 0.0 71.26235465915646 22.479816491703012 86.97486998867399 22.721950493664615 115.60090011296447 13.497039418917915 100.95495444705318 46.185560871377824 112.35930337492834 57.37938919442005 152.36005718843626 91.70875818302548 107.82718804271911 94.41469117203505
73.42257224747064 121.51208994980954 0.0 91.54856376485513 42.452852394996285 36.402314925316645 98.71586502468804 36.776099525781504 145.9717387008438 0.0 165.42424789481447 57.524916699154005 194.69348184681445 92.62460315754545 142.03846041790672 111.83631155358121 119.63620121374176 107.18947163391205 79.18967810864001 193.0275375884987 73.42257224747064 121.51208994980954
27.483472172512492 4.981395290123274 42.646412871091215 0.0 65.55310588600041 0.6620131324042688 67.41904509557025 22.611772893379992 79.07484244969135 41.28522717062074 70.15289816665273 60.61698708655693 43.48227123055241 55.54613930071804 35.18198666460363 75.44169044131803 18.738262049228 67.5747461084668 6.00803661393428 59.17353415705297 14.477580431286555 40.196748235348295 24.804865578864025 34.11176662790534 0.0 15.867117342964164 25.99661295397371 27.95854739429035 27.483472172512492 4.981395290123274
54.57534914736415 44.21468553312157 24.344349152256058 56.07500882064949 0.0 18.566795781040867 40.93605712723638 0.0 68.55700864871773 9.426334564959745 87.11152470539523 28.37168937073737 83.79493862685341 58.86878299552967 54.57534914736415 44.21468553312157
294.59042485625747 47.40098348779478 320.43830730775005 104.9959405546734 255.08095417179342 139.05711913251793 248.00002776355444 189.2421013443052 197.43110346183386 190.73649214272493 160.3225036798218 181.81499961136774 99.18181097487174 198.845965452313 78.45448987173005 149.35771528936115 0.0 96.51196507051435 13.13078578547018 17.5412236642575 102.39864691040813 1.7675677400776095 163.59543322214944 30.630478068023464 198.8074380303504 20.918315685907885 261.8434813870493 0.0 294.59042485625747 47.40098348779478
47.556962205834 104.51751700614915 41.04598374549455 74.79794315348727 16.872811056477303 62.75636175058447 0.0 32.60289027143222 26.753555125806145 12.78137387792112 51.93618548261384 3.374725565966777 72.97115208127786 13.574447731341117 101.61299226991568 0.0 124.50253277076473 17.850189632785494 125.89551502208323 48.87750957419505 154.56451145134562 93.58572344246005 99.86866219879707 93.49605059553082 73.13851020149214 81.34814632008582 47.556962205834 104.51751700614915
45.53481772274148 12.777420735301916 59.0687096813363 11.930139322886177 68.31318152915028 20.978823304022015 58.614250564777194 35.26898994233787 85.43489867335671 50.89971018189888 82.64466782423816 72.09361845945755 55.351641103620324 68.22439071422535 39.86652969226752 50.89771873686189 36.98289567244852 42.69674503413371 30.19134858807101 47.83808659668625 12.641515853771878 51.83122441764701 3.408377644718712 41.616367071154585 0.0 26.187237589189294 13.27982251425422 17.872027962219093 25.271635807170682 14.091914981696831 34.2269585790213 0.0 45.53481772274148 12.777420735301916
82.13826810135625 13.453975876454386 103.58597325971463 58.38526411349133 64.61915628807422 80.77487718651221 44.27136109809864 73.99771330204521 0.0 83.1437454363207 21.537238497038146 46.669927992481774 31.667591603306875 0.0 82.13826810135625 13.453975876454386
29.868008512540385 132.3167839991163 62.714734865878285 83.32676726740637 0.0 82.22060651707673 35.61467565921711 65.50794324719212 25.994296833712326 31.131579309550105 47.561768075630624 0.0 72.3838218286954 60.36993527655285 103.87804272148983 35.589941902672805 115.1636716725458 57.084217305821326 146.5389136319093 80.35709148595404 151.60275178023343 120.46925539812547 89.70168984311923 106.3346796049933 79.19330171629292 124.81962329321566 53.853692393791405 150.29259048161214 29.868008512540385 132.3167839991163
0.0 41.11017511113441 3.2201914019099007 19.529504845785453 9.840042589063046 2.59720110279045 27.823303216870983 0.0 45.754042275765016 1.561315472977924 64.1231590354508 15.695329261620529 53.91555016072269 35.88425049996937 42.67438341986639 56.83603245412371 23.104293332147492 40.175078477073086 0.0 41.11017511113441
10.746147555613163 23.65655901741252 69.9603386296417 0.0 117.97983837603559 30.226767716383236 129.43490988123418 70.61890448554772 155.5417046725135 96.49930293974934 125.33814011873292 119.25670639540199 100.93938775426695 121.43312595910645 79.95139238491437 123.76486038716284 0.0 147.85441592439406 87.46782691165679 91.08637849479933 10.746147555613163 23.65655901741252
307.1223644355509 0.0 173.23188228697688 138.27860344441962 80.41956334231025 139.01819120739387 0.0 45.377012836532785 120.78748376251156 15.285229643554352 307.1223644355509 0.0
30.007226683334665 58.72540246235221 116.99442713392268 72.95249559902123 150.53071745680342 0.0 194.57555393211908 49.93437231811306 277.8260614898395 68.23612229243955 239.3929967346357 140.83042512216565 211.02650271702328 187.55786890558906 147.34857321468422 133.94779664707067 128.07021912515748 168.21233842229242 57.78060550648868 185.59082265193084 0.0 133.61173626087862 30.007226683334665 58.72540246235221
25.610418215160678 162.6309220436488 0.0 127.20612525249737 67.08816564067615 87.07202650339656 40.80870221261702 61.866289489450466 62.43154311366311 48.019764356367006 90.33967110477198 66.56682009380665 103.92830887898211 39.90270256843002 152.91742681751572 0.0 126.29359876649625 68.63208554037224 191.68772875803484 71.10583023061068 148.6527390095707 100.1707202406338 116.77826072360685 104.24325222490756 140.05256987237132 167.37882719446054 99.3351024926723 128.96813091325868 76.24672534265613 147.71703497559733 25.610418215160678 162.6309220436488
170.92026181674356 201.9516736567242 84.53547636607675 260.77654806484446 0.0 202.03879348273233 63.423477523965744 109.79366420074591 31.065597123773387 0.0 145.54712684000498 24.0882713172509 210.76140703408385 20.251878586949985 312.8138576008141 22.660123296400428 218.5310634632168 123.39682518248236 226.4113122822988 154.19369532316887 248.44206393968028 247.7203997739067 170.92026181674356 201.9516736567242
96.64424098921587 52.08122201728643 148.60809754377217 106.35772121306027 76.2268740766254 125.50858818788538 0.0 108.77306834221406 7.627141090990648 20.31774454948232 78.86474548336287 0.0 96.64424098921587 52.08122201728643
52.462166861792305 69.1931531023226 0.0 54.88591470163321 34.73386472861768 22.553669507905354 56.614830147121985 0.0 89.82215304910139 37.36070632845707 52.462166861792305 69.1931531023226
104.81643308055081 16.93021652696592 135.01088700813938 6.649025537613824 177.66681594036424 0.0 188.37156611819557 41.8221615128229 207.19107974419916 69.34227257937066 206.1302548030328 102.66270455461853 228.0214985940877 158.75267854913966 194.82144070136349 207.36833385227834 130.80043021906982 136.21061676015137 103.59442889919652 160.10261315149472 77.55779744531829 140.35097314216665 48.41785740382181 120.90086835887182 0.0 84.38924761923093 6.296345323900965 30.1550231813683 54.761957704818144 5.091942185476839 104.81643308055081 16.93021652696592
138.60710444578825 109.68226786353091 103.42150130439768 189.4602120450396 0.0 150.57815899339846 18.729654885770884 42.5014727848392 94.5028998409387 0.0 206.04265177046386 23.20280856347982 138.60710444578825 109.68226786353091
101.2302972765334 59.34760569497922 107.94212187758751 95.65765162568863 82.2094758756697 84.33161237159322 68.64214870611295 70.99852365209486 0.0 80.16515531442084 17.5438517028187 33.02036410865304 70.70696241361571 34.00781556074219 84.77076112964969 48.76739086422383 106.02686195505997 0.0 141.13891049457638 11.769995135530323 151.85483429065013 47.7052604452298 101.2302972765334 59.34760569497922
74.93700879566633 162.88999734441205 35.917617750457595 152.76354941123913 0.0 93.619179411393 41.923059934980515 0.0 128.00009778247326 56.547300473896655 188.83092367235525 121.8039514574992 99.82084922748464 148.3453416621642 74.93700879566633 162.88999734441205
0.0 76.14872713476046 77.01832083674736 76.72411380377967 65.31052804397545 49.75051717787579 82.29115400136774 0.0 109.97002352492623 33.965956824627305 141.6485884699286 46.036192553786194 118.75494378763182 80.3016384603404 147.3997834195711 119.76520816363154 103.77498295459648 119.31944192049994 81.64848822343205 79.6582926092367 48.14731470323949 138.28491603049957 43.26953749955716 100.86572080700009 0.0 76.14872713476046
68.8322146129681 75.75367857753083 35.99717799851982 87.52341382631543 0.0 72.47983462588014 45.32775295459783 36.55466947147231 39.607379608064605 18.048058936119546 51.14256449488178 2.628686645014014 69.88510164098979 0.0 84.1217740533181 11.12264795371479 94.9980621298269 9.64092485083306 107.16422438049973 12.212686738660707 130.42386068179002 14.776536591144506 150.2896446275945 34.62018680312052 169.6764102647716 70.17091641552467 107.18290321678774 57.52139517930247 97.72467016093113 66.44122566298115 84.84529804733923 127.49245448033865 68.8322146129681 75.75367857753083
21.636713983836337 90.33306841560734 4.481345412865025 66.057732717131 0.0 29.97756264910828 32.81964531225568 0.0 52.46160847122112 45.994754961990566 79.22191017800833 54.56063357870097 117.97322088823103 111.79597328022255 48.8808212941669 97.98248398849724 21.636713983836337 90.33306841560734
97.34924954589515 52.784204111115386 114.08584025826806 63.539835448663055 124.21142063758279 64.33189254206391 143.601505782762 56.63692286879348 225.52720227185256 30.155064480821835 170.51691913148068 84.2678462142155 273.3047351534253 137.16925350474864 176.22380693625462 139.3966951344838 173.50755540317317 196.80219920363822 126.87947597664152 197.2803086783177 91.00611210259363 167.81912476491678 68.91087592708598 143.72812920598892 32.21617731130331 130.66968833863044 45.005062910218214 94.48871562093385 0.0 51.68833835446845 10.482454399959195 0.0 97.34924954589515 52.784204111115386
0.0 44.07046091044772 120.67571067847123 2.3550467201815195 234.18190398843282 0.0 132.5296212096329 74.02455996222989 0.0 44.07046091044772
66.8475378363444 27.551544734655877 71.4091616767555 44.68945681202128 45.70928032600776 33.49775641142456 43.06164316109694 53.36638736775855 31.037812090026975 48.62331004499747 23.12416438851379 40.088631315502056 22.72142371404769 29.284029447219382 0.0 22.217687259881757 6.872193625936291 8.25147085744284 19.866870757112764 1.974112912837981 31.532025371434244 1.022449981927295 40.85743181585521 0.0 46.63250070311298 8.492529865529178 62.55630636441967 4.4091187019552365 64.8852692242505 15.78386048734913 66.8475378363444 27.551544734655877
71.73618865141958 73.8798377773175 54.95828793320139 81.84030690897441 38.72191289806359 72.03775939831445 36.13916865549358 51.88068791588522 22.244656800398104 52.5277171613115 0.0 45.45138637684879 28.53113932035299 33.429661877753105 10.932589517729767 13.851397434754091 20.83194413924366 0.0 38.63778191024983 0.37685372133055495 49.8683362687062 16.705543100455216 56.43689521098558 20.78010749551936 82.05576574613252 13.028063801384377 94.07385430595934 26.821967533234215 63.362721002608296 40.041889506038075 77.21641224147623 57.05694170846988 71.73618865141958 73.8798377773175
158.7243605081316 0.0 179.49393406225036 129.8027921493988 103.46360296914565 146.56614307159023 0.0 155.25847078689858 21.758135682702658 25.65801197829869 158.7243605081316 0.0
61.76331602871841 0.0 75.93741753895051 52.88427325006648 124.93698378992953 11.24050573089984 141.92234841217478 42.97632973199729 141.1277505427819 83.71098271929748 101.15398729749225 93.94621229976462 75.33449485124568 85.56512520426645 55.24044894135341 85.05536986891133 12.295309844118606 80.76890304715107 0.0 41.48973255569805 47.55167396011214 27.928319233849457 61.76331602871841 0.0
79.1118147777716 83.30374701716426 0.0 66.20390778457069 45.81815320877172 26.88990513436613 86.15537786893917 26.33109107993095 122.44574562251265 0.0 170.62963617377508 19.739815808811528 222.0562146897328 69.19807391650659 179.19854656905952 131.53168900269276 115.6052327322441 129.57681460680868 85.71603507019593 106.80547662352788 79.1118147777716 83.30374701716426
40.00942816222696 152.03688491884202 0.0 78.72637043668072 39.10487202334686 17.17697350572906 93.06374647439769 0.0 165.15684047711107 3.928641353228244 170.65252036113424 86.76720328099263 100.36921748386943 90.24618589958422 40.00942816222696 152.03688491884202
0.10359180201143658 26.956674541093463 5.163261411455338 12.108165485103484 16.92253427559463 0.0 33.87179581546566 3.7815515880414523 64.66055950366405 5.544791157445374 38.1267298790127 29.243431482613943 44.93063784642659 56.165375239329066 21.113396046898387 62.244841026351864 0.0 48.748813925036 0.10359180201143658 26.956674541093463
27.690346804772027 0.0 73.30602243400189 9.971538818108115 95.78424954341274 32.95914627127839 127.91266127523471 20.090557639664617 135.37881900623407 46.95002786928045 205.11738857860198 68.5793414432219 121.48708644946498 85.49038526111727 137.81831731017672 128.32177483312535 99.3041998765653 110.7083876566681 70.84685669868652 165.1780669594323 67.03776311896246 100.15485305212763 66.27977248104199 82.7116858991594 0.0 75.67580506741734 25.991210928109062 43.731290611256455 27.690346804772027 0.0
31.97275762330645 0.0 57.19126621712769 21.616038697245003 46.708140282482034 47.32963030845822 15.040653929559369 55.724386360875414 0.0 18.62283305679523 31.97275762330645 0.0
0.0 0.0 55.426707580711295 4.093017347423924 104.28694115904591 38.598267671886916 33.60682906874091 65.5128258960798 0.0 0.0
0.0 25.374228202294773 22.032849323433453 6.4562779671197745 47.73085385291692 0.0 70.72747574601065 9.988620592205322 97.34646071272378 24.699160436473107 86.51057631129059 51.8842642938217 49.56200219058498 48.09940413726598 56.02675836680554 81.07591760150599 37.541608833214795 73.9474035277271 27.041973455873574 61.66330913157057 27.049329188346633 48.243521240898986 0.0 25.374228202294773
0.0 156.63434320140095 3.4351040743079295 16.666877472370288 134.06143353794948 0.0 235.89135627572827 39.028305835078015 256.7601026461655 146.74693926649485 191.10555501811962 234.84707817371856 107.86791313399624 184.03215336840992 0.0 156.63434320140095
57.83755105115647 88.19178505164197 38.729750135508425 79.73771608678845 0.0 82.60562361960822 20.812938513178352 47.76810671027969 4.693279381987566 18.8253873008477 38.78106531781867 17.036161562979977 56.32599649550458 0.6100273956471582 82.08693753557309 0.0 91.1981786486835 26.00577570716154 84.04567331295041 46.08814449193171 117.47959812787914 81.29388312589688 62.381861635061625 54.84569236370236 57.83755105115647 88.19178505164197
78.87598707870453 0.0 160.77194910362584 54.6427971199212 257.62436123775484 24.81299919176395 238.63238335521487 123.98316033974622 244.7905798448636 188.31213208888295 191.81278075313926 217.16986834533134 141.53990795900725 195.29775474636557 129.1335773255551 161.84096443396544 54.27830236190127 157.36434069705626 0.0 65.41316951366886 78.87598707870453 0.0
18.162873798863842 24.73364512417197 171.01016584992016 0.0 134.3692356488866 167.84468337215333 0.0 149.072213594086 18.162873798863842 24.73364512417197
78.35512797530299 0.0 106.32775216306035 5.688457873670863 129.92296905695542 29.372730340090328 117.37560536796451 60.843774083894886 91.42305346280443 74.80462403376926 72.85989887503004 78.67918407061154 62.78114685394329 106.04671323960996 31.851048164293978 120.5988365324893 35.827801148549945 74.0259370165686 35.70567602950005 59.459199242970115 0.0 43.6946987762106 12.372750737193428 21.263743699589057 29.825918973470714 4.663539624319817 55.557777766156 21.432737481791833 78.35512797530299 0.0
70.21333493597785 104.94114432931929 0.0 31.893662565587675 69.28558492983015 0.0 131.10220691635567 19.487962164079832 171.45990084174656 36.61326491805643 218.64097016124447 62.99178246351195 200.77376244913773 112.8494160424489 127.95886648630909 99.43198330977361 157.88015056145935 203.98924255564913 103.13288027628647 177.10620427535014 60.49655981822366 152.07855809741926 70.21333493597785 104.94114432931929
0.0 44.43334932685156 6.163936637376878 0.0 54.59687016904965 19.987790890964213 88.37859834865831 3.6777948773995206 109.55761198239082 34.13657159172512 115.6148484228537 75.59422291994227 78.30290571603561 94.98958440006538 47.17915844488668 83.89539868746886 23.519172693214216 71.88427067138926 0.0 44.43334932685156
83.36642490228336 52.11458816037292 92.3817822966587 85.04929843656375 71.49925436166195 84.27739115667144 60.34639088974288 63.50243736491693 38.97249087416867 68.79306697906685 0.0 60.992861710756685 60.269941633409985 40.54508692129795 9.603648052352987 0.0 47.14183569352571 4.026621053732363 66.28846393270453 2.5016726575283172 82.36065821148377 7.487224539621636 105.28692375151923 9.232204986470705 120.26043202232972 27.65605718800272 109.74574834060067 48.76248578675771 83.36642490228336 52.11458816037292
19.928936898151022 1.8264917158606977 148.19745957167456 40.27592116017726 195.4636027081604 0.0 250.12663186705402 31.689120371742 237.9768920682368 90.46032784279754 302.2579381760895 172.94031383656318 226.83448769660754 221.3297016748765 158.22558516705612 151.3675817179747 17.932061254469687 228.40454524386223 0.0 109.366505553024 19.928936898151022 1.8264917158606977
36.46369152170084 34.19739324286473 49.588738439438714 31.200959004250656 53.51218586712302 13.298009517211462 71.65057656135163 0.0 89.45540999850198 11.89738935914712 75.82279765568316 39.44709000409804 114.59817632239131 45.591357488441794 91.02715228276551 59.372869284618936 78.48689448804949 67.07501064943978 74.92500473493641 98.44898343538006 52.08598309960939 99.3462636228983 51.13718094340129 60.146429928196476 28.27176937902317 63.15227945489364 0.0 46.9782020600396 36.46369152170084 34.19739324286473
107.91376533637506 76.28798075080708 159.27032817209113 120.10689068237998 100.35079275578919 104.60893512682789 90.47510743433882 132.99170516809818 67.9837232303126 117.05892817451745 46.08849487054732 117.35373373883145 38.07148349321025 97.01269058171057 0.0 82.96258012165576 3.5329576039858352 50.877247083789214 10.54152482634197 16.88371097701048 51.177579981802964 20.55063568134021 73.78836584785915 0.0 90.58724780514723 39.74840434456142 130.42116478019108 23.357325747342315 134.29695098280553 54.37333121909019 107.91376533637506 76.28798075080708
181.4162271067823 62.04656346807758 201.67082277733687 129.66735545770393 155.4691738909725 192.25594298805885 99.87938275360251 122.32380749629559 2.3562476326555384 150.29109335748794 0.0 56.591070093273245 65.26108090685906 0.0 136.91423693178422 23.91680631464591 181.4162271067823 62.04656346807758
69.95919936744829 86.5476194956548 49.29626777115038 80.52496246697706 29.768378976638573 77.39303759721602 2.4031686389495874 68.26527243095288 17.813068444308286 42.34948268060865 0.0 15.779450428998565 26.12389460416837 6.266621939552593 51.05611897063946 30.098995426447097 64.43912564786841 10.664858836686356 98.83434760313723 0.0 103.3921098544049 29.94082764739985 108.07042342707545 55.10127529721428 98.54893881762875 83.5317211518879 69.95919936744829 86.5476194956548
26.102468813906142 83.88561246351868 7.211882878643223 67.54859212133111 0.0 44.59343175818927 48.70594944882515 44.524348585829856 31.467236676765182 13.892061761275087 48.70594944882515 44.524348585829856 75.03430625498834 0.0 84.40310440503104 23.688757309010796 73.7190585677456 44.397169386776454 76.1587383682236 59.68390192368123 66.33089804051657 73.32919245439324 48.80131227798975 74.02778968558322 26.102468813906142 83.88561246351868
130.61465744094141 107.79668553647606 0.0 72.5404066309893 74.76909819961124 21.306133111315575 119.71120723766548 0.0 130.61465744094141 107.79668553647606
35.90017495991191 105.1534070041134 16.838592198155453 88.26140559860215 25.11575860215096 62.2984620335626 0.0 37.08128000652188 7.2363617386748444 0.0 49.31804834492084 35.80837252179525 70.868393290134 11.81722715179395 115.97060188867133 8.248240870730172 108.80902296906561 49.461153951710955 95.37030566410897 74.85814576837527 70.10688619995709 79.11811648939172 58.23942341812814 89.68172526252724 35.90017495991191 105.1534070041134
13.335619178292745 3.5540728945461524 115.79280537172711 45.96513648351047 178.30692038272574 0.0 232.21567955931147 54.66450819017565 287.97833842577586 153.3829124619181 164.68970320788753 170.8612556240568 105.20476632629405 186.90221006559906 55.35238419090487 149.2815476663848 0.0 95.52026487792506 13.335619178292745 3.5540728945461524
40.9734614901408 0.0 176.24778894536024 5.399188909353612 169.2413744301379 133.35650608913687 81.79270007992817 128.59113329368043 0.0 102.6997965806923 40.9734614901408 0.0
191.48225673207526 148.65322548251598 123.90069266022331 112.82467651861063 94.40854674431694 106.08612760553436 41.113622709553965 86.3933679808892 0.0 0.0 106.80395491947394 24.890867463758525 134.20975929105663 44.792508741909316 126.69911300675791 70.0321708893156 216.72663403228265 88.50091298428272 191.48225673207526 148.65322548251598
87.75078287057251 14.334318993755971 100.6912087386442 49.361239027246896 66.21410412551883 63.53713870310972 43.866518729104854 79.33434748724446 19.97072948157586 60.81016942643272 0.0 30.341563403600716 20.534409818596714 0.0 54.4942207317299 6.492342068639175 87.75078287057251 14.334318993755971
219.2893763758872 186.8977524592906 200.1617438119173 209.62624999757273 175.89650587755182 237.08756432135345 128.2784932978251 282.575577351657 130.2501647614185 188.84347662499792 21.196439665557307 236.4396864324479 0.0 175.9208317430519 49.57848886617046 121.33245201153221 73.12299280946726 86.22640311419352 101.34583716244146 53.47619578529347 147.4420672110266 79.63082767076408 190.6018463360531 0.0 175.0382335733144 124.18244003520678 324.74743514854936 39.93073610934992 335.9678108592986 112.83576561297023 313.7177925336431 176.8152197813765 219.2893763758872 186.8977524592906
41.05219049659442 0.0 81.34072791157351 37.6117362883908 36.219165105232236 64.70145926653622 10.065395844816635 79.02902191722441 0.0 51.85573330367339 6.341717780940272 26.418404511775975 41.05219049659442 0.0
0.0 52.1993288164373 80.27938963690816 77.70412971048522 69.7994101365961 9.842913391135696 108.55516704726963 0.0 143.3702020110042 22.17369871443161 190.12601083491415 39.21103623988863 200.73180667326187 85.0257364328444 128.7003092151995 107.60817600652783 121.0375610572985 124.23424769352248 115.50767877954462 174.5862129479729 82.18470553853487 158.05255891468505 55.77756291508089 144.4184843721173 31.036736551196043 127.13201891813377 75.25188885330722 93.92640154949272 0.0 52.1993288164373
0.0 30.80800398212319 44.50899614995468 33.242399072276946 94.91452547903108 0.0 77.7178680179223 53.35235738023251 56.74770521014875 79.31286997441762 6.208874159447106 85.19087319288442 0.0 30.80800398212319
20.986987745305846 54.53184076932756 40.89183743478892 5.801717015247554 131.5109142672999 0.0 171.8242071952391 110.88653230738926 72.04534096100221 171.62498351204272 0.0 114.1712245984752 20.986987745305846 54.53184076932756
81.9285793018187 32.46975253903584 207.9735844539142 0.0 263.2205678016148 111.47363878821696 195.94075529375206 233.27102945643819 0.0 204.59543433872892 81.9285793018187 32.46975253903584
107.45623951406805 117.89289346582122 66.82434581245805 118.77024762201602 39.78213238827483 109.26252329435103 4.742250064842715 102.69894055003665 0.0 64.99506467626132 5.131853738500915 24.944646772974487 41.24680280942712 0.0 73.11874238447783 37.232577059114035 128.867674756103 30.72511443057202 128.76762298007466 78.90825635343815 107.45623951406805 117.89289346582122
22.887631835815057 16.501375104915176 44.84163227008548 12.610391196956229 62.74016974377042 36.11770349890415 91.97642041080609 0.0 76.92742761568563 47.0552669778978 98.90848423847856 47.85879473241505 94.38736449241549 63.14698225801746 131.6984520249672 94.88587721635483 101.26775159832327 105.02367180447803 69.62286630594956 83.50063756624517 60.4259469243066 83.26891180009898 52.62106798305726 78.71392518778057 39.640852594084905 80.15553305633023 27.684095312251515 73.02817143373906 27.689625875448826 59.250765784744615 0.0 31.824598980745762 22.887631835815057 16.501375104915176
41.335686587818486 42.123765282743435 48.38879381602413 8.766444001723166 92.62856700380802 53.134751901944696 103.39973975412066 36.90356278244772 158.72535145365032 0.0 175.74603047604035 37.61121534493496 161.42248068940447 75.71564071680106 145.78169976623508 102.48191275904043 121.33134023116011 120.35030174447232 92.33520070750933 128.90172180084343 60.27675261165572 127.40801086248095 0.0 125.93639895638935 48.97049450904797 68.00015491879034 41.335686587818486 42.123765282743435
28.27789383602618 101.31074016491723 0.0 13.28965296625497 109.85840940209894 0.0 91.76111852091768 79.56751143116477 28.27789383602618 101.31074016491723
217.3047944336621 237.85572873935652 168.26094220104713 228.5122304917199 123.15852729635208 228.7346325940865 106.89324484236005 180.85943687764248 102.2528454207785 144.65122086182072 0.0 103.75417210788089 97.72197930123252 81.8544275391269 79.9432919836288 0.0 153.56881784238448 44.01712072408664 176.16262178237469 88.51390866276034 172.1862980276158 117.74949691124493 283.95321721350626 57.2733619228577 260.0037466925629 113.13285708851758 302.6187896225756 166.71948181912936 258.4918983193475 207.8576471069526 217.3047944336621 237.85572873935652
99.57959735812189 60.63607473646366 64.34576298079874 72.96571439946777 30.695386990979813 87.32802086374744 0.0 59.33238441782019 29.784437013895726 31.510884009010987 33.64290602264268 0.0 62.4761579405116 10.351867400510294 86.80486215573214 25.784978864334498 99.57959735812189 60.63607473646366
83.70427809331659 110.4365136729063 67.13193107707937 92.57042241595035 67.03294714871245 72.23795554057406 12.29980307850633 97.09751415321824 0.0 67.95061466956513 25.268161811483026 45.61286951798837 21.733865752762625 9.42363793288883 52.75599688818107 0.0 79.92632230243217 19.981737163741165 71.38569188902824 66.18497781089943 128.45793820675812 36.82248763944274 105.66908907281876 65.02414512139268 116.96836172373406 86.15871245752855 104.20463847688754 103.46974458550261 83.70427809331659 110.4365136729063
235.67881111087758 0.0 213.55971651010415 98.59620555955422 245.78949882745752 120.46592807934749 264.68871089329184 164.2435559601558 291.1078665410689 239.43772575477095 208.12507347154047 232.83504899413003 159.60376483585156 198.89744547342912 105.40590157055007 290.67217664354996 60.53029177399114 246.67209463905158 110.15423582739265 162.515634051764 0.0 146.775063752341 65.99286208985089 108.26919413246632 54.94102791382832 40.8839137429044 148.09854024680322 125.68238658400293 156.11439791425596 116.08376939567746 235.67881111087758 0.0
