100
88.97076334080404 15.203356417672524 58.64174602655681 48.1818492629844 48.81769178991893 84.61194895937811 0.0 73.76928037199869 8.521430360955392 22.252456889136496 44.60659920360427 0.0 88.97076334080404 15.203356417672524
8.503556180594728 36.187532916235 36.25008408237019 0.0 80.00569258539461 13.09766747484396 120.47009767164253 7.743687802224187 154.95437238714499 28.243294182283876 158.23234123188615 71.08675196226446 220.5076780933632 106.20273518889907 205.15589237305468 164.34954718414673 138.15254012037033 167.87258826911204 104.75351435304376 183.5500565119313 65.88253466193606 206.13519364351765 46.59212017547904 156.48530857789848 0.7294470955519898 151.3165169516634 0.0 110.60798594395018 6.302451622978765 77.69097132415999 8.503556180594728 36.187532916235
213.7812137446239 119.15709758477796 171.62793773772313 186.59099538371595 108.0249156247693 143.73173823086944 0.0 0.0 184.6351676877191 33.82981581273157 213.7812137446239 119.15709758477796
0.0 68.74016919658796 20.554709615276522 28.087294662265094 50.40267648523577 0.0 87.71351728604395 27.67961119336354 53.61714680406122 53.057313128971074 41.125377089193705 86.69718656346146 0.0 68.74016919658796
10.0991125326629 36.23483038935905 24.231874283799044 26.720045800793557 0.0 7.816406140605295 15.46355842337347 0.0 30.296260720910823 6.751120395452901 39.189099872068454 10.33827152728054 41.67857045143707 19.20703719591522 47.80072068614355 22.66444245266564 40.87684342458397 28.57156511559232 55.85395049816259 41.81834637922633 45.474592959074855 46.56992517268509 36.580153330652536 53.60890397811859 28.28405640174688 42.565404894363695 9.325903134137391 53.54023892245988 10.0991125326629 36.23483038935905
2.193530698646043 51.972212794539516 0.0 0.0 53.12180943548928 15.217712463267432 94.34716166854602 4.967234329599712 108.56975967939191 45.88486788010154 96.94968300246373 82.96495154141037 57.556876991374665 75.12329256262397 46.6035497012672 58.295158723214 2.193530698646043 51.972212794539516
80.24538079062182 97.02700165339735 54.80389965294103 88.27790696228294 21.882200024620943 96.96417480276267 0.0 71.54224734711676 20.780409675453143 42.17066030764292 22.622297972571516 10.788335087363045 54.268407211952805 12.555878629539976 84.60600832670393 0.0 76.35474892539527 42.37422742046009 101.45383076479439 51.74759900324652 84.99009838898034 68.15655414402998 80.24538079062182 97.02700165339735
42.554906970959166 58.3774114961836 0.0 35.29451483092312 28.860459714345296 14.119828684507233 57.871930946720866 9.240413610864763 95.01792618791443 0.0 76.12552770804375 45.89040091229583 128.38717719090323 70.45501458183148 101.00562801650833 101.81017172024278 62.982078436822036 122.31068566921022 25.030935340040713 102.76379684912058 42.554906970959166 58.3774114961836
0.0 0.0 91.67909279375914 17.7758240686218 139.82943820053805 35.69411011915176 126.218643511628 115.89779334534384 42.490237294207105 95.33387466727055 0.0 0.0
185.0917953248603 111.12847932265717 179.36739856749148 175.97819875697084 106.45048559370817 149.9559454603166 70.14551119165105 185.02172393784923 45.49890037752384 146.00873938142328 40.265321440773235 112.98954762673118 0.0 70.51064326709243 51.98774959584996 51.6003334853456 84.89072784970168 11.918488830262447 147.71060975862213 0.0 152.81190851950737 70.13703104153484 185.0917953248603 111.12847932265717
190.54089015631703 75.25743782651513 155.63071581541746 140.9482742409133 92.4476033144902 143.79360951879391 30.333242336177022 142.03117434397183 0.0 80.20018049121363 12.448330119878278 0.0 90.08748581766119 21.550288710964352 126.42474999297181 41.73909095403232 190.54089015631703 75.25743782651513
0.0 74.46830353567319 105.45500698141024 65.41710382571621 103.35528896940178 23.950509707821467 136.42013180561312 12.454586676749969 174.5101177973108 0.0 212.46751293294062 16.724479200203675 214.15401520783524 62.60794767873942 289.7286989270248 82.02160244641948 228.92121982193288 119.84349581350656 240.4368992183421 170.46630742347614 196.4544283108872 183.2792258482324 155.81425337726796 221.25043933840712 120.55365697965095 175.29926180566073 116.93286622686128 128.8875522369881 30.19162187309834 131.3543146878014 0.0 74.46830353567319
167.57729633759368 0.0 171.09323203110205 68.44206119458755 156.06586953448715 109.35141937544218 136.54066150354552 142.15975306444432 99.77783724616987 147.9467873338677 91.57120528136477 103.0695653919929 0.0 120.53734826128603 33.07984227691523 65.86265656634218 58.65104890038546 27.913505978658264 102.0502516240923 52.813601229074884 167.57729633759368 0.0
170.84575102889738 51.528310300477855 118.24104879209392 156.44847525413928 7.782543420739614 122.05631599314627 0.0 21.10289598684072 85.0914772180125 0.0 170.84575102889738 51.528310300477855
59.978931320814205 50.29260375969322 108.1021884236374 0.8508575607141609 183.51664617491153 0.0 239.10784539236232 58.354060190259545 209.4442670518721 130.11945379012113 143.51783911515736 142.2268831095446 149.12611747066828 202.72442218981558 97.49748477442368 235.47052280340597 81.80271115212373 166.47503079025398 37.43540339152861 146.13174074588247 0.0 87.39613895597965 59.978931320814205 50.29260375969322
81.80475099452427 102.81856554930101 32.290072932627936 108.92551091297668 14.015349211685987 73.94486377545093 0.0 18.699532335735356 80.61775078515221 44.01300141773771 97.25062271401818 0.0 119.21813647456662 41.446015972590466 132.44374703717182 54.31999883751581 195.91881090509003 59.27791796959677 168.96180953106438 96.8699569477871 155.60653691973548 129.25744161931883 118.87652113648795 131.5653340559375 91.43399982483942 136.8426652027174 81.80475099452427 102.81856554930101
81.58650104652709 211.77606817225762 43.37439933823626 197.04990310271222 0.0 173.9348608472722 0.7678509494118799 126.76792033481722 24.057740879192437 89.445969681404 21.625722044943217 36.43412616693145 92.5753464403109 72.61843551742356 112.6830723261 0.0 147.47611318697585 41.040104469082706 161.1001188485086 75.32352617692408 253.05758208846652 65.60334020502128 319.72316324587223 121.85384412845043 177.92381618343887 149.12763120344528 171.80580151890507 178.23312919214692 177.59369820203028 262.9170956249727 116.75027892653152 225.58155855609988 81.58650104652709 211.77606817225762
16.986266575746157 125.72741167403487 35.64496762977022 73.07070463792726 0.0 47.5268067914723 23.971118211518707 21.013406754169154 52.386918849735466 1.228624194659993 90.50830830710977 0.0 131.08587013260103 14.688442245871677 174.5750398173006 59.37923022125879 106.38583193508022 88.17335506205399 104.5547202351096 146.7186279728613 55.73533023438159 150.63141056905906 16.986266575746157 125.72741167403487
83.30411532503587 0.0 229.90906460419504 28.28266982118025 253.9633198317347 183.94753111684565 105.1532587886505 219.2321517241964 0.0 122.78897632503943 83.30411532503587 0.0
118.622283082 54.77409735559007 133.00468609634706 0.0 170.81131819487084 5.083552824387539 193.48871107609543 35.75547211147492 205.72995213070737 68.28661992433372 209.72923196280107 107.65589494043033 137.7857409292473 86.0194570201479 159.27308554579048 172.1360218346465 115.87701021759204 153.90111652936912 85.48363428127243 137.5238971482687 61.69905613357517 108.39821131721058 0.0 67.79931880526568 101.20404682168345 60.18409083649772 118.622283082 54.77409735559007
133.07484971226398 123.04959717874405 110.5118624327634 109.69537429358357 0.0 81.74191124904165 36.00271435009739 1.241332842831369 122.86582273577922 7.641092453104989 176.4954187187988 0.0 215.86711588115475 33.73530902005811 235.26257916077054 81.69382319503349 277.3440653008731 177.46773399671005 173.01901236027862 167.33998068854865 133.07484971226398 123.04959717874405
42.33037773004379 25.21089263115175 36.19555957058134 39.194963937265655 21.901156056287874 37.77146943606718 9.407640167952948 32.58184447015789 0.0 16.27023893237393 12.83086098133505 1.7601011105665947 30.276477204781514 0.0 51.68072639737488 4.726084546672311 42.33037773004379 25.21089263115175
273.33644044888734 65.29498103073195 173.2858449270173 133.9911790494922 124.82704369736685 137.44809873978255 0.0 127.75242672852355 112.3234303269021 68.05510583220047 169.15166794245263 0.0 273.33644044888734 65.29498103073195
3.2411747074854276 9.281212502013453 62.8655379738093 0.0 129.08355464254407 22.532305931675026 71.16467496764835 66.23050287237021 48.78861796043608 82.10432429382509 0.0 70.94183851990509 3.2411747074854276 9.281212502013453
62.340564501574164 0.0 94.25703949062105 25.896223052499955 116.65657345558805 75.53641080414064 71.49505811669023 106.85479569723165 12.50481673776747 107.50744456944301 0.0 53.19764514912088 9.699008654166562 3.8824777612376877 62.340564501574164 0.0
0.0 36.977152005613725 43.290475747225116 0.0 81.9365306234095 46.627133942983484 33.38926092725171 68.88938116600875 0.0 36.977152005613725
81.19569993483923 39.63486264748213 138.17232558060672 0.0 111.21679064617804 62.497468483464054 95.29144039033697 93.75223954258814 50.9084632252891 92.749858052008 0.0 33.29974818914764 81.19569993483923 39.63486264748213
94.03847823131167 151.83857503529958 85.01711897312897 117.1778177474872 68.81834216395794 87.00451258284822 0.0 32.094144585757505 110.23275790291792 43.997513026057575 112.94772503193965 0.0 147.57389712233612 8.848551419867036 164.0135812322196 50.25373408995394 201.26080330669922 21.419392951821173 254.14601939783864 26.019254979644245 239.36036217836906 71.61166337448655 220.61465404077222 101.06031144914037 222.2523890964633 136.25330718095245 216.05936401681748 194.76440656088278 161.15744343461327 153.81279300122804 138.94232686004847 130.59568504930934 94.03847823131167 151.83857503529958
0.0 24.626323281389148 12.764474191398719 20.16509640338245 4.797294583183131 3.773166249401328 16.63816887261865 2.247353918450969 27.7699985596297 0.0 35.92091245288398 8.870953984666329 43.008214320480334 16.97337551016838 43.565946187926755 28.634406447371944 51.96932470061779 49.327551065111535 26.37210782619745 37.39416930847226 18.55593926978281 51.478545503168476 9.390632748836467 41.616220527555384 11.331966490329492 29.428280399900927 0.0 24.626323281389148
19.91066678176682 26.757763181025197 33.653538997985265 34.41868632349215 51.78935250772321 0.0 77.9950791416378 21.823364946614333 65.3433441252242 51.62148774173298 44.87762682378249 70.53659616907544 21.620119620726797 56.26139350542611 0.0 44.6748066453944 19.91066678176682 26.757763181025197
106.82532970867965 181.014088689578 89.75453736682255 145.06453560363042 39.522084350764345 130.12643246339314 0.0 82.6328503191263 88.1586461879175 63.81663893957821 117.41049111618597 57.65603505113915 135.3735000144223 49.32370808903698 166.0686166827873 0.0 159.5667646434312 77.08162310391175 196.26943761048915 68.6330171669352 200.24461681058025 92.339353915208 144.38100740618344 97.71970158134133 222.82402874073085 168.6039738427557 191.51662667177084 199.72562056632728 144.6745508629419 139.69129517176256 106.82532970867965 181.014088689578
156.77052205560838 150.4408271848741 35.15791316135834 152.25474950178065 0.0 19.43026075597915 127.66767445857246 9.687477870380448 205.58908975629035 0.0 224.57824047701305 87.49326346505688 156.77052205560838 150.4408271848741
104.85742319576379 10.301977751815528 137.1420299335225 47.22678954235541 101.15020714046999 80.15479909240571 65.74098939595747 137.00451605822371 43.67950274350248 76.84686684842407 0.0 33.181452500299066 54.383088317507045 0.0 104.85742319576379 10.301977751815528
129.13547791676817 58.617551733959274 200.00896976434782 65.73015195017668 172.63996889810662 108.42730580071614 167.55321704441693 154.16535740074107 120.60281734831636 151.243353210954 90.8970811339306 128.9378574385633 58.7802485347202 145.14314382662138 50.76091462177784 112.44182871707467 33.50871645900685 91.0363135777995 0.0 49.82487513746602 13.506357522261936 3.6163857183226895 69.20293022494553 17.13874650708982 99.26646283817142 17.369964824737963 141.17548944383563 0.0 129.13547791676817 58.617551733959274
0.0 50.82414444587283 26.779731339200083 15.622160024375098 75.2318195601278 25.68481881908282 94.91324344635892 0.0 124.62232507288091 1.825569199004292 137.62062322132337 31.552483091938505 155.19335163775804 47.5686554253717 172.00040775479857 73.08754002051616 181.34468901400425 108.30390968671747 134.67143882455707 109.98078900472316 129.53829900884585 159.40751675161033 92.23567203127945 157.91815927959743 70.05308456654097 128.7775784837728 6.665765820908078 142.2698279629711 2.826519546607173 93.42511372896526 0.0 50.82414444587283
238.57887288171702 132.52263709995043 276.75040508485483 175.6950089653598 213.10263324561006 176.58789021636937 212.82581152992574 235.88839511421745 169.72148893866716 261.1820482388048 121.49294058053391 254.34597434019392 123.49649530733345 181.52405808756524 18.215154985760535 203.01856704958183 0.0 140.26111106834423 95.38487263504038 107.30079687683914 166.8819355277446 134.01158844018383 114.56304560314817 17.453125653493913 163.74574012726777 20.02312482658246 219.39191510690478 0.0 199.6504117413576 99.83796715399662 288.7640992835751 82.06244745751474 238.57887288171702 132.52263709995043
60.6327907100619 83.11898055633775 23.89190780594909 88.63194253131083 0.0 62.696133759199185 13.492767076539991 32.94186141954523 7.356937144698605 0.0 40.6713070615408 5.06282320116523 63.488858761485616 8.247292739244287 94.15042256402317 24.987116395865584 90.85360398336812 61.11408950470785 60.6327907100619 83.11898055633775
0.0 30.612819799459444 7.247243956444606 0.0 35.52866212927785 17.054141932711744 59.25015972933012 15.57691278940986 60.03898033012412 40.32096691290526 40.273020167639544 49.75918328248997 14.881445564037648 55.346205351411086 0.0 30.612819799459444
0.0 43.560302230144146 127.66831778075598 75.66533915878769 151.9699653730395 0.0 206.56849298621648 28.975878757291753 243.9806410583202 60.467866016111 291.2089786209071 98.45844788891407 237.25815798379983 149.08695691845668 290.95315539283206 244.74501417606132 204.47451235094093 239.67379925680277 151.12988963792083 259.3772420351974 64.56848598514472 276.3567016158044 136.42252372154655 145.3711502689726 67.21340233766276 130.1924835257941 0.0 43.560302230144146
5.632762446201056 55.62385553184272 15.700040482428435 37.66187598426383 0.0 26.93830880068606 10.1231208877048 16.50001185662184 24.188117821926724 19.940982768636502 33.32794667050159 0.0 43.97295621697582 13.321826091417023 65.7132254507691 14.254696117666867 68.44348632271351 33.59924184398069 79.50990261008161 58.308673619895345 60.83238823813369 77.34654852849653 32.73748279409301 56.08226126060971 22.072814989022618 54.593502069258236 5.632762446201056 55.62385553184272
237.33311848797575 0.4013326536811235 297.3530233863481 49.811495921646966 217.90279583747144 94.89400743728753 228.03479218480015 187.86490576932107 143.41726876820096 210.26531995842817 140.78443279771213 92.57163003273139 0.0 93.77930402870389 65.05468758884489 12.10225851505092 133.61604318832002 0.0 176.97866312509666 2.3129421387642566 237.33311848797575 0.4013326536811235
109.18322124079337 39.978383509058304 132.70788820043543 26.167830043270563 198.31816440535505 0.0 187.71788268655115 59.232260135307655 165.7906358309698 90.8129292194138 140.56786423815515 101.84954376695524 134.79967460013324 157.39444878865848 80.43033549497005 178.2919167362057 0.0 171.88504245996674 48.685696991798125 87.98874148278152 45.017576902728976 51.382789645367524 84.85221836199403 40.08312816454898 109.18322124079337 39.978383509058304
41.26048592135079 104.03634403618585 0.0 107.53329015072376 39.17874403381009 67.84564106448448 2.913975937907736 27.559250320171763 39.39274514392008 4.006830927585696 89.87765947396122 0.0 119.93380452210002 45.236660473540795 104.86057320396353 91.37160346737915 54.94914449278555 80.90553109681369 41.26048592135079 104.03634403618585
25.65295001954712 43.00487133456271 0.0 25.557014034162265 27.527924201203362 16.09776029753685 41.755683902114654 6.413869293674111 68.54393650583748 0.0 92.26688449030323 20.653002534928987 63.926648523120605 43.533873550645865 54.591856454402404 61.96207619150016 33.283852918242474 63.155534409047476 25.65295001954712 43.00487133456271
176.43723650383487 0.0 178.64823472642146 57.27942789710318 148.92776322521547 97.84478772762553 219.94093935664287 139.14657740075705 181.77952530174034 169.75185532325992 155.26769586116458 213.6708956892166 106.35152538600373 188.5125591032081 59.66980591389867 215.61688637405183 85.21176050809403 121.66700693827534 63.99300994021075 118.8577598195832 49.58625359859726 99.71483201251827 0.0 49.54765311979244 52.15924936828507 41.074271603585395 84.33188512853106 32.41238113064469 116.96680991613778 27.578496176867944 176.43723650383487 0.0
84.92087269257861 116.73285716561917 30.77291914577617 98.99656791158235 0.0 68.0423192038147 6.575380165186942 21.796496163098354 48.21707968914555 19.672118297997926 106.97930323611703 0.0 126.48152535328099 63.557717508077005 84.92087269257861 116.73285716561917
37.5459999731664 4.9578346691574495 64.15369020876058 0.0 100.31040819243223 27.64200665161411 63.5034335233988 51.23186699180616 37.85763753796948 56.019018049989256 0.0 52.33149521847487 16.215158494254595 18.172827407720632 37.5459999731664 4.9578346691574495
0.0 164.77257564346695 110.7831700209019 32.4680168058361 308.8879952792006 0.0 252.90120062754846 186.22904263680795 139.7997480988402 287.72982712625003 0.0 164.77257564346695
38.48152718413955 211.31005895491418 24.527816767308025 162.78563463280005 0.0 117.18142236075174 70.0408486980997 97.12094584830123 59.00527781744344 33.78797717317886 104.97725798703237 15.845981843373437 160.71755711932283 0.0 157.3256466031701 89.4999622494033 259.6919814131535 76.23362080476014 147.44729546666417 131.4094716251061 199.87125142526872 176.78538433729523 174.8316759688365 216.2511851024829 128.8127467803984 200.58347144546548 96.50350814816946 196.88638504097355 38.48152718413955 211.31005895491418
118.27083751258186 15.709841744366415 89.57686622348675 49.89641720405102 69.59020037551204 65.48254354448433 49.182540077545916 57.20222186988492 0.0 75.74895344261755 5.75720647864248 32.67955721059623 35.35774624485375 18.101699589686902 48.50058393153413 0.0 72.71611266708643 5.1140796917524085 118.27083751258186 15.709841744366415
47.48534208828258 114.16454124298446 37.899878042388195 83.9295127831725 0.0 57.31342108549871 21.941142925137626 22.769739804733327 52.10493522374054 8.19376959744497 81.25141730218098 8.784422333418604 99.67103260021123 27.303313175955985 157.63003841303788 0.0 145.33585732711575 47.03048937526933 139.56822650261978 74.6296971205648 162.76680428156266 129.8418243439085 113.37440805365361 128.28532128736333 84.03779391787975 83.42086855600508 47.48534208828258 114.16454124298446
0.0 40.65376287047132 133.44075664780604 60.385219250249335 177.59759661031995 0.0 295.08235440597974 17.901305040038793 222.58934261642588 115.18256861553019 189.93097786303667 173.99770813882589 118.82296996337217 171.78906764080392 56.75933783212453 136.73190460645174 0.0 40.65376287047132
273.0382237495078 86.8913206618172 226.97828998155734 178.9734189380464 151.0617792827111 220.32752010116218 75.03265996408021 217.6749563836645 0.0 176.89902696183827 99.69567430802715 114.98520048776517 37.56156690650647 28.590802736085962 113.16494958925215 42.988356930986726 209.42697674469525 0.0 273.0382237495078 86.8913206618172
213.90949800467644 179.56898284561888 157.24195850504645 241.9027616320475 64.14905805631133 207.9791843573652 0.0 97.06577066790791 88.93751617442265 0.0 195.57147318750685 36.559542936890935 246.6137061688136 108.64163390086695 213.90949800467644 179.56898284561888
0.0 57.581714474942736 6.947800700501858 8.600982761121365 58.702696136321094 0.0 81.52183850612724 50.175448377342484 40.88046555823222 78.66889000606693 0.0 57.581714474942736
52.19018020147226 61.41225035415182 12.707802611681785 7.8859363223545955 74.55392728034201 24.83282902358546 95.11419409414793 4.5424280029900075 124.91480226833372 0.0 145.40421938858236 22.947916471074386 201.07790688873416 21.06770184479216 204.9001066670641 61.45830369052658 152.64320122128527 86.46895104676521 129.1660032600051 92.0217423226408 122.99068252298532 102.72659125507803 123.03841973562514 179.3952471016592 83.48171090887735 168.97048583572973 39.48780834104261 165.9330550725229 80.69746331427113 91.0092799357537 0.0 92.964362492378 52.19018020147226 61.41225035415182
0.0 118.18494650172856 43.9840958908645 0.0 176.34244550850303 14.09377416825157 222.74420037679806 157.48280949205167 95.22258302101503 138.7594017433529 0.0 118.18494650172856
63.72549866894306 72.83596191320254 0.0 49.0677918424697 56.41355015010362 23.613956080619047 79.19937954507228 0.0 108.20913310462973 16.65443810511531 153.51378284997634 16.58867886661315 189.22939358237028 62.7086555029603 122.20382001976309 77.32844205453537 116.49087805264546 137.09174642249698 63.90433256181342 130.6284399957083 63.72549866894306 72.83596191320254
20.48491302923425 15.536213419622143 24.916060956635135 0.0 33.472173294802246 8.207847301253167 43.922839555514116 15.696816232928413 50.473936807004065 32.21226500230334 31.049297290934774 35.0713481292598 20.602142866301747 39.845218296316204 8.161639981048324 35.42289237127693 0.0 24.390032144871313 5.91729583802001 12.129182166838532 20.48491302923425 15.536213419622143
131.38591092628883 156.64990925083157 98.28107476255647 199.24730843455393 0.0 218.17383001345735 40.70353236799619 129.61504794529367 56.7419913230697 83.39115986431273 74.16626153904369 0.0 152.87939490096073 6.062442483598858 237.3952974438569 31.18660121166002 234.72391539386308 122.39573338608879 201.9793976139203 183.43058782068596 131.38591092628883 156.64990925083157
124.45011615164867 0.2685964628016251 148.41603427491754 65.5263588990523 98.03133068503386 100.51287646238856 54.439017557117864 90.5813129815412 0.0 46.9139232551266 55.28032906756684 0.0 124.45011615164867 0.2685964628016251
157.26565153531942 0.0 268.0288167488409 101.31835275889536 177.58477510808072 204.9403088061444 23.388190472437515 243.87070154728195 0.0 57.86507977724611 157.26565153531942 0.0
154.72206168118376 195.53612281779453 0.0 140.75214429162722 116.47160614036488 0.0 254.3024318235784 24.239960714379848 256.821425112049 150.6788357084209 154.72206168118376 195.53612281779453
97.67141149761206 47.44252137994819 72.47892411704021 70.09471265354658 39.91664777083844 39.12978412794074 20.89196777345063 65.76385929587899 0.0 50.16411538144878 24.013978437911163 30.258897653587198 13.041350865970273 3.760650493218648 36.271910944383706 0.0 59.245657013144495 1.803093660036609 39.460906104352745 33.999788862953 97.67141149761206 47.44252137994819
0.0 14.037169701387327 4.058399896970258 6.972559303253405 12.159137991522698 5.382375090766658 18.492706997089087 0.0 23.480824568970505 8.528513367039139 26.790260951725188 12.264536330961363 41.16719080809597 13.769515603344331 37.152809317736285 22.54805130791246 43.40572596064868 37.69077664760897 24.61313146625038 30.342601914469782 18.686506560487658 41.735807393918776 15.494216322400248 25.48316288910091 8.003576820184762 26.661733435762372 9.549760100661032 20.470224910360344 0.0 14.037169701387327
176.83120772550365 293.5977927840825 103.35033716179672 268.0822791184403 0.0 245.60160059589205 36.62075849643634 144.74740355496323 42.533026332822516 0.0 175.0219881989451 50.28720017387752 263.08378154341676 88.33942903190146 298.1139352145368 176.7928092017118 332.7929858152591 325.50513419058797 176.83120772550365 293.5977927840825
181.43142590801978 229.29958768199518 143.46043974520066 181.65406845707037 0.0 205.6007158792155 74.80368709286542 111.48614787809409 77.49494706581955 0.0 180.70949512447322 16.276758687927142 205.81174935230987 102.24460899660457 336.93065146984424 132.45999632255703 302.8971144364159 249.56689984114183 181.43142590801978 229.29958768199518
67.00329843610405 5.926939816263172 160.65780176118142 0.0 127.88381169719891 87.44818262821695 106.7418592127055 112.65478837318156 63.29789791061222 123.22505545270843 0.0 69.1872995631306 67.00329843610405 5.926939816263172
0.0 34.89490224246851 21.242297787890735 0.0 53.03483470008992 23.95242039240305 97.5911622222791 11.925624739865277 119.70602745053222 61.51955384798749 81.23202572339193 100.6445500080327 36.510626800638974 96.22332961172182 18.936459848772188 64.26065527889469 0.0 34.89490224246851
0.0 57.09134351823441 25.4996908891232 1.4213057972893637 72.88852370924667 0.2899626653948957 113.9137132324501 0.0 122.3722380382674 44.39092277951727 99.89773845173357 82.66802311453759 44.50553135709157 110.49743705886382 0.0 57.09134351823441
48.97983066063913 3.187508083462177 82.59146659179024 16.011979315002947 74.24122720944374 52.8760621463058 46.57721694118572 72.53603263135085 0.0 74.65917223665542 4.463652140726545 30.120001910788517 15.748586551089396 0.0 48.97983066063913 3.187508083462177
0.0 40.49448741675265 33.066119012811335 0.0 84.11776375452814 7.07394216783392 134.71878870304144 6.828358670428258 130.10456776292054 60.51371748509885 162.2582320818537 106.08561856226272 128.89839577454248 153.56402476433732 75.50020238559462 154.17851978310682 36.241625281528165 126.40048828110444 10.653881536835229 91.69806054469045 0.0 40.49448741675265
231.7348596230963 54.3689865948379 251.42125911905893 88.58874651798268 282.30326872006316 144.19816721870714 220.3757454079688 158.1739900523209 172.8382032938092 134.91976375991862 148.08549551987812 161.96014701837169 105.9940721901694 165.84497999539565 55.193989698023444 147.72411081463363 0.0 95.25077943389259 73.2130745899673 49.50578779495753 101.67794659246414 17.449494680163326 137.81102704144217 0.0 178.29948445555863 2.09602000342025 206.12846123318707 31.29543347878318 231.7348596230963 54.3689865948379
122.4097393348429 104.48433738139425 42.569348028226685 140.7244141589679 0.0 9.763752266240232 137.0270096927414 0.0 204.1977334718236 78.57317948421803 122.4097393348429 104.48433738139425
97.40443095142385 191.4736822846899 126.12012401905332 127.65178045679033 0.0 133.82513396858582 80.74787763324221 100.441224973721 58.85587649652575 0.0 131.3831067363643 62.26340633769547 187.59155542043143 48.135360333488464 184.02049839336237 105.64629928549262 227.22860087687724 151.48747328884863 170.14211792057085 173.40751650054023 131.79724352610242 161.54303626720827 97.40443095142385 191.4736822846899
247.14496550965293 158.990955987588 213.85563752803355 228.30910808125924 140.92268230749056 192.97697585165315 87.94124227826912 167.31307153071026 0.0 127.97876739931716 78.00685020645686 64.4631270752731 148.76313219244108 82.91453641709249 150.70639290571296 0.0 200.2988476652658 19.765283174317545 232.8792072106891 55.58951667769783 249.32170605405796 101.01024556368468 247.14496550965293 158.990955987588
131.28751870315008 93.9453350246572 188.5613432970732 0.0 291.3451043264095 82.06861543088934 264.5484052096406 211.93833848801302 150.6234382464753 204.1601208906663 0.0 183.2093085974515 131.28751870315008 93.9453350246572
0.0 102.18651746945157 57.93462237111174 42.556966207950595 107.87673202595782 0.0 157.53512473050168 49.81064038303644 154.53488737417226 126.88436050594514 78.13559448170952 141.46515492465608 0.0 102.18651746945157
40.4381678576585 0.0 66.79785272096044 15.238171302718378 81.89533738276998 12.489273051036669 81.1311696347718 39.86029562928005 122.89119301747726 18.7034252493468 123.61760831728876 41.146771842266936 129.6063009786887 63.11438377030223 129.7447609878217 91.06814868391703 104.36733626476205 98.48429673125395 77.80280824693585 73.41113368426198 66.62352900227003 82.09321116664822 34.53146195746095 107.71888250692999 0.0 98.01130239116964 34.38589556206094 57.59901318688183 28.610143335228344 41.1964271761988 49.46626516007808 34.41849510815637 40.4381678576585 0.0
69.98070142216136 77.8205381472533 52.13496810800015 54.396890729822296 42.144156513570934 52.69173423883395 0.0 56.64736003394875 16.718891810202166 29.48614032396997 26.56953471508791 12.527159990904657 41.73321850057705 1.3032434160142614 61.07773835042974 0.0 69.16947547541946 19.847939352777082 63.17921546525589 33.86479704801986 83.93731228822958 42.31131655118502 89.8268083772467 67.33976872008407 69.98070142216136 77.8205381472533
105.39542327933265 99.47004045624212 29.026684451067865 164.6081895372963 0.0 84.27012511117806 11.038621239539452 11.958703221834014 80.38971338764173 2.914682474222559 122.68550382915626 0.0 166.56443261985484 21.51333502900812 193.88590857578095 74.75063664380352 200.83966229360033 170.24446570691663 105.39542327933265 99.47004045624212
68.9250435881944 22.905215099808146 98.40588260782664 29.201510729571808 114.53866365148488 0.0 140.89216952408043 8.001235129018411 171.0024518241636 15.141279061918667 168.41617200280578 47.57066365143207 146.05049766771185 69.1778267012177 155.94053169315993 90.69210425764382 158.33838433048288 130.13270006256892 127.19289938617771 149.51332434022248 99.70231018516066 119.94645094255124 69.62021554410816 119.76937209352799 0.0 122.36957669316497 29.93850017300511 69.48538883539462 69.32730607557562 48.635607117107895 68.9250435881944 22.905215099808146
78.92607101629194 103.49232666368665 0.0 88.73203131862377 29.834723823003955 23.301888823035327 84.47024468586677 0.0 129.04535942903226 3.815883791941431 190.2044163909203 10.978310402808312 169.2627658149376 69.88556557092402 158.66183987268818 115.42579690613395 111.77374717392422 107.33558358734935 78.92607101629194 103.49232666368665
275.64432210694525 158.85211151166095 195.61575019412618 218.87003252523502 151.88239460793926 131.0518030417115 0.0 128.39410310539188 115.62821227977587 60.677785360766045 178.79884556762744 0.0 348.0777188086905 1.7906632765028831 275.64432210694525 158.85211151166095
30.09255633365069 136.50045542304315 16.94897598969061 109.52056053534453 0.0 67.6153898218279 74.63872461935178 97.18101825853192 76.54642057455891 68.74257829324472 106.19967036090162 0.0 124.99655090797509 60.79624140059261 172.26277579799842 63.65923626557422 116.22214937545397 111.78223798742714 238.1574902345997 155.92161390430766 127.29918867387588 147.05629671608642 112.58654408094766 162.5053753912453 91.02057655576078 167.78969720722546 71.18916343290337 162.32737495297852 29.96522791382668 173.74046265213462 30.09255633365069 136.50045542304315
330.63212613033875 157.70193898141227 301.80131738439644 243.04189377091834 214.5244557895026 259.97776027954984 149.58476630740947 284.42461571718763 103.39788767615983 227.31745899131178 0.0 179.00418277066788 107.17084356405852 123.010196373619 144.23993237928127 89.62939728280013 220.26428179630668 0.0 262.87516973253446 95.86173870309759 330.63212613033875 157.70193898141227
46.10823398477879 36.106859852184144 48.90138976486713 1.296293333421957 77.08849249578586 0.0 94.11704760152949 31.886486504042352 126.86878529266129 18.0516284642283 146.11393615229127 38.40999763677226 126.64771350759614 65.92559811885315 131.71531609640402 86.60706915486024 103.32273499833194 87.8771936863722 106.1898494039125 121.21390053458256 84.70564639147183 127.46631130814345 75.42137254977087 85.14268803009762 46.718039543316166 107.67342522299865 52.276858694268356 81.74867819543249 10.656293865514073 73.05392293097786 0.0 39.29965857686871 46.10823398477879 36.106859852184144
0.0 12.630030415073932 68.3487653041117 48.22455205502665 77.5804520978127 26.012456719015702 113.03136289205425 0.0 140.75171537475308 23.180484232703456 124.24199047884241 60.441394489206516 154.97598467145426 96.08591996190063 103.81049722396659 97.0227929954473 83.64785768256503 90.68240321034975 65.03472749563916 118.07905956439438 46.39367026549533 101.38772745028925 19.1317594186512 87.33852657969746 5.31711945302294 55.37475311849862 0.0 12.630030415073932
137.42423463821922 98.6282090568936 143.80603415062288 0.0 208.11328876928465 100.32586434433554 267.3902882945515 35.56829432585059 264.2008705498568 115.602821350636 298.5056451459213 136.37797568381328 384.42320408831563 178.09193752703794 312.8759110396637 219.54092449352714 246.02296194795034 217.05496098503846 237.81601826276494 262.5089229949422 199.807390161185 274.64629938788573 150.97518690882958 290.2993996812503 162.44336051636435 210.98156750611645 0.0 244.37849329735684 87.08208543350875 167.98287009279827 76.87656056544805 111.88965456723886 137.42423463821922 98.6282090568936
147.43700831990992 12.592591044070616 182.13095279907446 34.34656758228654 195.30209038882828 72.26289732371364 196.75224503442712 112.14582089605179 144.6415295692351 124.4397147551849 126.3456999731405 137.3967770725378 99.53247281011468 109.81620849080873 80.42542191806889 167.32944472307113 31.67545786253467 183.81622239903126 48.168443041775426 121.87100917232593 0.0 107.80693251652184 16.197447459797473 72.37590174819738 46.997649269278135 56.85113315351302 54.024413896273444 27.272943170292805 78.87911023858142 0.0 104.86014641515551 47.880947264526675 147.43700831990992 12.592591044070616
218.71671671967465 138.50167368632452 168.79958809571482 159.30386986301897 122.07774547288884 137.94560442827543 107.60770004227828 113.914785982905 75.25939865222398 157.30284108609956 54.958130772974926 139.2798744185203 0.0 117.48387765970224 36.74427334172711 78.12741116893233 50.79033223356498 45.35438725274259 80.07076299750128 22.40876466147273 120.65723842748301 0.0 151.51146156114964 31.555696936011245 191.62563038119112 50.04639574535422 168.30114582349216 94.11212752076847 218.71671671967465 138.50167368632452
61.44023940015386 78.90059891916898 58.28577378339884 102.17488618078184 41.36979272296192 93.19488660486601 15.53055208979228 101.87938618619418 3.1832067844792107 83.44146044542313 10.379805835694441 61.78975460881914 0.0 33.255782283923764 13.046255028033329 0.0 47.11330408788268 19.40988775626702 72.47200734532265 14.214148405574775 63.04417531123842 53.428789077366986 102.46801033519 56.092656276495035 53.570337806809235 66.97711375635271 61.44023940015386 78.90059891916898
54.37407792332223 37.997726026252366 123.08036933935594 0.0 178.89522764419848 68.14726727544405 151.74648009538043 142.69894042852215 86.90672172228025 131.63025076177078 13.06782149496641 153.0644360623682 0.0 77.213420164051 54.37407792332223 37.997726026252366
291.1816047488328 78.57618239043342 138.4914163933464 106.79457052221173 69.31827484478202 232.28309162670604 0.0 105.78602533475109 62.476920090672735 0.0 155.52610594021226 27.224510426304775 291.1816047488328 78.57618239043342
84.02192307021939 157.56217913175686 47.90125184022944 112.27293857910584 0.0 72.01648686254717 20.343330457081365 0.0 90.53702672516475 0.735623218241912 136.74402186128754 27.248703674422416 179.60997097536233 76.51664217911248 153.4289649294501 141.57594651212244 84.02192307021939 157.56217913175686
34.41397790648924 44.447189201249344 77.97490893781358 21.977967050942695 120.6475263776598 58.8804827773358 91.80040599098132 100.97892382124739 43.81657887778188 96.69340059208453 10.773598261040163 106.06618085778187 0.0 71.73774784793753 17.299993943062688 49.15448301816623 10.682201009742542 32.174503197353545 19.934388113942703 0.0 34.41397790648924 44.447189201249344
240.97296826977012 115.55025025856226 177.87595799238477 156.0975691324901 176.5731537457101 203.56649244930168 115.42889937289465 169.10002393591026 94.03683799139999 214.89754377096438 48.850418155638444 224.5593243874933 2.569251004446059 204.71121791946996 18.393790574382834 146.53898317842226 0.0 112.05252532349802 61.978732543476355 103.91597585610646 35.096400298316034 32.1285556516834 78.21288115968285 0.0 117.06568814683855 55.83620183834496 177.9939868264001 26.38605031466406 173.59033116816192 85.14494437322034 240.97296826977012 115.55025025856226
6.425737573831633 123.46478195724862 0.0 60.76305548159478 1.3626265718383692 0.0 60.73717840933778 9.485713754290579 123.98352070172268 22.008212769899195 142.09527437057852 98.78053234971682 66.67439947141457 106.9016344813653 6.425737573831633 123.46478195724862
95.40325279858003 169.59108803918383 0.0 185.69590318918574 86.24670617161692 85.3815963338778 44.49969065460641 44.89049483575583 89.52985533997654 35.758401088849304 130.3002395260002 0.0 155.49158166763385 41.74842289428886 184.41383892502654 73.03258058075231 201.3121670464044 131.09822634162163 158.65771873654137 180.03389054566907 95.40325279858003 169.59108803918383
27.214085067350055 23.7398495635169 45.148092544061726 11.22249522552552 64.77467598005497 14.269065374993332 79.57011013179768 0.0 76.4580403548871 34.99092649277563 130.43167330015814 6.754627547250308 105.13376108291556 37.97104908214405 122.76446644042042 60.79722707412189 114.43558242114244 84.94815495514182 92.41403304886234 104.14405507022157 67.93610035454229 76.48585935849799 45.372186383768636 81.36680539825086 43.7133961601628 57.19208271334065 0.0 47.29485578722739 27.214085067350055 23.7398495635169
