100
57.64302208939458 40.071602970922584 44.77713357201823 53.53638222369598 31.259641481631064 42.351129981245705 0.0 31.627239564061327 26.239314152468552 16.01485929362447 47.385708476451356 0.0 56.940155245884284 23.28060489841303 57.64302208939458 40.071602970922584
163.75023337139925 193.5453535484468 126.25790923065404 197.7646125366749 100.96711110574904 171.2435250366909 81.41842071028367 142.62745320382865 0.0 99.69347658951502 147.81720739757446 107.49195253963077 84.57199843819964 11.027174564918724 134.45347620107088 0.0 180.89451056778842 25.653599501277426 177.27357336352142 96.85575456527246 232.2760909931792 73.77537176091387 292.6524951670839 97.83476498355604 242.67253321993394 138.17939387800882 259.5053181542089 196.56909604076665 185.10234835156 162.04152150395066 163.75023337139925 193.5453535484468
94.44857731600702 45.22802405990231 58.552308567868465 71.17015512254693 36.125607845153596 35.13097170587913 0.0 26.676118298832918 28.346977392659397 5.86491415217445 47.74350632566875 2.5678451766508488 88.8880109128182 0.0 94.44857731600702 45.22802405990231
187.33140093278513 38.272900002129305 167.65174418662536 117.4350624495727 348.8285170496277 104.92732675014996 228.13479966272 173.58877029796196 187.2513743889055 198.8915918649223 184.62122973333055 266.0422601331286 135.7225318088083 319.35149464953804 77.60905094078745 279.0281209969835 31.425648372292585 246.75464620745174 1.7168105087046115 202.05714596772907 28.198428316045607 147.2680340390795 0.5549866526059049 92.44502911162341 0.0 9.443553806229886 73.96578639376051 0.0 140.92250218287074 3.1049270929970874 187.33140093278513 38.272900002129305
109.66933172646358 0.0 313.8404194321198 69.97009749710361 171.73260709292316 197.56623418089322 0.0 159.95704173703515 109.66933172646358 0.0
71.33259262802923 151.815400411086 40.02389465600588 123.45543866397549 0.0 66.49136735727357 49.16754303556135 25.42444001766232 97.4197646789202 0.0 153.7040892023556 3.135115278598491 207.94822282899887 25.833187900304424 186.29234730424682 90.15523300797322 257.1596730056782 143.98811208677574 212.1708228940793 200.71008602122146 140.2320223730872 180.61563308542145 86.02517481751154 227.34518593491975 71.33259262802923 151.815400411086
30.35461281295038 1.8201633457526611 43.28486848297632 33.37541972682193 4.949122768044006 37.97329854377395 0.0 10.299780134558645 13.716587031463874 0.0 30.35461281295038 1.8201633457526611
148.7169107378646 4.801734394739043 207.30533258226143 0.9398163560228738 180.91912314613162 55.4342404956816 244.69506705689463 117.3763173020013 195.06206185760084 174.5126627383715 124.65586427766468 133.04854074097952 101.47353109166146 97.93145659285085 0.0 109.2485068467646 8.964388449950121 38.2294356148658 100.1581943583488 33.49441937589366 113.79013972812636 0.0 148.7169107378646 4.801734394739043
0.0 35.579904247209406 114.82692991382336 0.0 136.28022575194265 133.1221147177883 30.086671542263325 121.36331781050353 0.0 35.579904247209406
152.81373434331203 6.8437930671141345 238.27035402493584 40.849388163006 177.43857309940836 112.88576816639677 148.20452151013833 170.19578938987962 87.02523547065101 196.08180291830354 25.346973475280663 162.7824861182565 12.677884240048883 105.04373345138984 0.0 52.422162169393644 35.57767192730691 0.0 93.87945830281899 19.525734893960177 152.81373434331203 6.8437930671141345
27.203358740762127 39.083993307614534 0.0 0.0 46.72266280999206 10.864810341418064 77.95685394200719 3.690352292939096 98.62278665044639 39.35731634188183 65.38070151489728 61.98376214867652 39.38701968313424 55.51489544749144 27.203358740762127 39.083993307614534
41.87837050845167 0.0 92.80223311354179 14.031954694791445 145.61228368053423 18.783220368626516 131.7510081755645 70.5350042595559 87.03219350051135 74.70182112033645 86.83551299151435 95.1678191633466 54.55321769385387 120.13573298137455 29.59668352551884 90.25313661767542 0.0 43.426864647293726 41.87837050845167 0.0
75.43600040634108 2.851416347970087 42.608252413746555 32.962050104320895 31.519798827625465 41.249291835174844 0.0 40.389737400052454 17.41786410948258 15.44315642109828 34.42796183793159 0.0 75.43600040634108 2.851416347970087
0.0 39.53815331683512 67.64742205536669 28.72506830701777 126.90204040816405 0.0 184.80399177641004 51.55978663222555 156.78435550280358 118.0578206170359 106.04579785196064 143.54855844011917 66.54621068726381 115.71361792759186 39.922804672156445 95.43874112671546 0.0 39.53815331683512
176.43236148430483 281.34294316517264 120.38152040295711 270.1846893956871 58.80799540423075 260.29966355210115 0.0 219.73328617530044 92.17653607197937 138.1778907162837 104.43103975542007 110.36955330126392 67.76027468639073 44.35550580104592 113.85731856611108 16.31234183057792 166.93067475801575 87.42862501823032 216.92562580869875 2.3054977456097845 287.98956099176 0.0 241.26351344257134 97.87047441734974 311.95868030738194 127.40124742040695 300.02663066880484 182.8568348385407 243.87324385711682 201.77443911293287 243.36624338314886 297.63670361196586 176.43236148430483 281.34294316517264
153.70189877249265 0.0 224.39086445725377 103.38122842940601 136.85501579719406 172.44342117672082 0.0 173.76925034549802 27.578686547742706 27.273773412224926 153.70189877249265 0.0
46.94137946520801 40.61418338679255 35.735580146854254 53.87670351801704 14.840533204432937 56.48145407255866 0.0 38.517171882858094 32.4209683751268 22.625816257066404 18.898262041802646 7.310145062079684 31.018412802186127 0.0 43.94539970162902 2.394279753132551 53.05702498254215 10.98546652930574 58.49985420349554 21.420520067440975 76.5773424040215 43.25346421777145 46.94137946520801 40.61418338679255
21.93722243997516 71.54338869090272 46.794557423506944 38.71020482391812 68.39338323101563 7.029244509308683 118.92423944031616 44.176483391465496 142.11478646080354 15.687874506882196 186.77681712398584 0.0 230.82701387083375 17.08813001765553 183.26552741028223 77.30315656204026 220.76577858868808 103.95309095237745 206.23910464138132 136.6799174667483 200.41572151344798 188.7049018680268 155.28187235330284 195.2565013089992 119.10693284194414 151.2761965206949 87.9814836771398 155.6232176668612 45.00731037858645 147.44295941429158 0.0 118.15661294360568 21.93722243997516 71.54338869090272
93.2318423120279 140.42829721709862 0.0 85.72618839589673 102.4970427363891 56.64504178302944 205.81403707279657 0.0 211.76915679235026 138.09979587488343 93.2318423120279 140.42829721709862
88.30862892788777 64.92036325608679 149.37451972461182 0.0 149.8914322053411 99.76473227659484 251.58754871566552 101.17729748512417 147.47552804113778 153.57537428812117 173.54907392453742 202.1857296836955 141.523053330415 232.01496684513035 100.14247813178747 193.74105726327716 38.85025269663407 248.92575758889492 41.401315803021475 181.36653534397908 13.445327933656557 149.05513003792186 0.0 97.08550362276887 48.396712728445806 74.3125618159514 88.30862892788777 64.92036325608679
80.38181240690176 156.7740860640477 38.39860370195815 124.93783323924283 0.0 76.15536557547664 21.15136487744786 15.752476170408194 82.00013703600155 10.204884246458086 127.91259819307109 0.0 178.623916143048 20.859586532234104 178.15628780154233 75.04244408559147 141.3255697061464 99.20630246890464 124.94436387226213 127.25632978731825 80.38181240690176 156.7740860640477
4.301262767348447 24.20760009896602 38.78240816495406 0.0 92.3251553307015 38.99038141384954 40.32886717696813 71.899301459899 0.0 65.0272402834905 4.301262767348447 24.20760009896602
73.85697199375383 163.05524254941486 0.0 76.10059888307185 84.67875119101791 0.0 162.45724780331716 50.48071640079071 181.84739604028 104.27495625692967 156.63891385211122 178.6259370376146 73.85697199375383 163.05524254941486
71.61771271599594 17.676601563318783 93.4048230673443 33.242463680410296 89.02281897343053 57.86226041045164 54.522658386649084 40.938719245393585 43.353482679385905 59.0320752301494 8.923623501877842 72.29788438494576 0.0 42.60644842656265 12.615382920132078 19.66461006523197 18.761128380022512 0.0 42.43571948956132 7.675466048487877 50.11544209075181 17.964967661028567 63.859539692053275 7.977025069522227 71.61771271599594 17.676601563318783
73.75994943850107 40.12692154320834 33.425038195615485 42.67254190713129 2.7541084433401153 63.16780016447949 0.0 27.92341664932131 8.3826675508233 6.789226757005878 28.174570592198748 10.7039441850238 65.00685521201605 0.0 73.75994943850107 40.12692154320834
35.733442014231855 0.338633026554092 54.889179793023885 2.2891472637121524 49.46874872046142 18.2614133764053 38.7820167103263 26.119489687090336 35.9144136614495 40.94056693403887 22.433666336201824 38.608199477045346 0.0 51.8571971166522 10.08866893100803 22.298156032197795 11.065827304863092 14.449696748998676 8.771698287928075 4.438126462005869 18.87530473095414 3.0991751457374903 25.914832125997776 0.0 35.733442014231855 0.338633026554092
0.0 111.69219266091493 32.64754405388342 61.570235545269014 94.00275938463537 60.1421415509041 98.41026704333129 7.764380249645313 130.89103198567747 65.2284236986258 188.28481420233248 0.0 236.31626251411672 25.949181515898047 273.8184639933693 74.84934596003525 183.2539517857351 112.70739956691138 226.27998240800034 191.19809427768007 161.01578095355396 193.23492360345773 119.16622179644216 161.31993442904093 68.91048503895891 189.2503730090682 39.95675850659069 150.13212612506624 0.0 111.69219266091493
52.00720587738637 0.0 48.57027468969042 50.80529892943633 10.39098114719593 50.72749757882383 0.0 29.97714662410432 7.8692924435751905 7.984114146213088 52.00720587738637 0.0
69.26594475930713 109.99638102688652 0.0 100.83816861048638 4.724946151012773 30.58622423760272 54.595726233333664 5.476302313667183 93.99493463544007 7.053276836597625 167.47893144961168 0.0 164.74503590057384 69.18267479503723 124.08251453407655 119.13431808241927 69.26594475930713 109.99638102688652
146.25332303158163 14.054678270357861 176.86468771709053 72.83589957377703 135.85440007869286 124.7166847586362 74.54880348761131 112.90268432863385 17.22950688496467 107.49538206027026 0.0 53.38777272587091 28.473951668094017 9.283430309727066 70.46625815414572 10.881571437664455 102.16519601877738 0.0 146.25332303158163 14.054678270357861
70.24414739091904 111.37068354253039 43.09858579572391 96.09654372880006 0.0 91.71909509838484 28.335743048020426 55.2084808505399 22.61178974903948 20.8896658159737 52.64924425795245 12.03550639136592 90.748207919621 0.0 127.9619707501733 25.906113080528215 124.88413846001163 70.26600414932449 109.92452217700327 108.03363964116922 70.24414739091904 111.37068354253039
131.68499619524056 99.15616010820881 141.5301252122213 142.70148698589244 118.13258678487738 192.7987862765611 92.89195903560345 117.44807463744311 41.16028790991933 149.86719134924616 0.0 127.84738746480497 72.04259752324637 79.01908997080145 84.20505704620149 69.68966877769716 64.29961716531915 34.36572189449628 92.64214111892365 40.60615717432483 113.98247693206773 0.0 131.7433006373023 33.78907732724956 110.14350069005687 75.46809091613466 219.46039896744355 54.06264054178948 150.46374394819418 88.69366015898083 131.68499619524056 99.15616010820881
0.0 86.460717361482 70.09858729520549 39.40615019658527 128.90414040216487 0.0 157.09644004871643 69.2947820540974 240.99707030718076 114.93689424623895 146.49893143008973 136.44608327606605 107.58816325878115 201.77505515963227 46.964012342708344 159.4126904887256 0.0 86.460717361482
0.0 24.258824339333188 48.340145439739445 0.0 116.28048884121503 14.271096993743768 136.5734719875635 100.29159653377626 49.32948723487212 72.1247444282535 20.59905689128547 70.56019724769243 0.0 24.258824339333188
133.11273667497673 18.874082554048556 175.40979325076373 57.55095347815697 207.14986695927735 80.1506128689808 252.11538739532483 102.80390274977626 341.63748808922776 141.80570798117276 300.0502459262827 208.79550210764077 186.49567066225157 196.67402754438245 176.33245538456364 225.5505581548364 145.21748119894795 208.07339981486882 86.61608300365242 311.1417863660555 87.07033345071684 218.85914449376165 0.0 222.05738250331015 46.6229101081543 161.5592649148558 116.581594323691 148.89388383128576 5.3310018166981195 35.76777852771009 65.66424418684845 0.0 133.11273667497673 18.874082554048556
167.8109166264918 1.4147140899077542 140.20088612642024 82.68914649474951 79.0019305076463 70.70057081113708 39.31567741673351 96.60808915548665 0.0 50.06432160524526 44.183325676545536 14.223453108255967 84.52336709666349 0.0 167.8109166264918 1.4147140899077542
117.66735416773074 26.711979506538434 101.60981716485647 55.23311628896443 96.42903310770004 84.27183123796445 66.52242814729676 96.19661785233248 39.89847109274247 81.50143168915335 9.315894914750686 70.470364368215 0.0 37.95796106394358 2.479246003779025 0.0 47.94387500426197 10.384043147961712 65.69026024509907 10.264573645407786 91.33310296200418 7.94047878640297 117.66735416773074 26.711979506538434
100.83820786450553 8.949994645573177 117.36682452530596 28.275206599786465 118.42673979582258 54.023835570253716 79.57732699973178 60.669172582861854 86.83789782033116 91.94612699163187 56.06471411338334 62.859916026344756 45.87553534365829 79.35778993091205 45.456382777215175 53.78182461133587 10.645146052448304 75.12775156635462 12.002286717494314 53.992356852531366 0.0 36.23970687766138 0.1412471172878469 11.952730600350954 30.07198818641954 14.133089595051253 42.574824707910686 7.251769338523154 58.01760934794026 1.5464179996762795 79.29275454762674 0.0 100.83820786450553 8.949994645573177
101.10046874968366 87.5024009734791 80.74694926563043 93.31050135151139 59.795364233806666 104.08109097433234 31.945445429435168 101.44826006795378 32.415130096874925 70.95821533075096 12.525138063272529 48.67247223112597 0.0 6.61631432755788 48.93584724974204 11.600624596860854 70.78561139740292 0.0 93.05396826721795 14.715410853609896 87.46683505267252 43.903808168339644 123.39935021557763 48.833060055693956 124.2442538137217 74.23597225340973 101.10046874968366 87.5024009734791
90.61200747382995 89.12547892571439 66.38269952901433 100.23988886897847 47.268578952779386 84.96507852076594 0.0 84.14188148380083 38.6290324251294 54.072619240215445 46.88889063239673 39.46070310435161 72.44507131440179 0.0 82.03280653525866 45.31446127219415 103.93061103147105 63.02348878323846 90.61200747382995 89.12547892571439
219.0157911290793 37.3145647066505 115.6248293656446 214.25733091554835 0.0 119.53840694020201 30.696798795764124 0.0 219.0157911290793 37.3145647066505
19.566026346389492 25.216779817314155 33.69759025667964 7.336039340178665 54.82266306737216 0.2972246900330049 74.21142616740022 0.0 90.23112082344906 10.127789578179154 121.10302787341624 4.595496254537991 138.83968612540497 27.070934200811358 106.43305822362208 49.7689805225748 120.79685564239543 76.93243677043861 72.94474356424905 45.55340091805099 78.22582957836616 77.90270369452898 59.047554531542374 97.02812554273865 31.57660523637515 98.36313611492469 0.0 83.27704994655414 39.697143529975676 46.749485198206166 19.566026346389492 25.216779817314155
61.66719280082734 63.61016001077549 42.98940532665473 56.09909377344994 24.542894025655357 70.1688929458701 11.631931068206 53.97536112570768 0.0 32.96482516694543 25.240439960302695 23.49280403366363 37.012732948906205 6.454966146822031 63.91393057492215 0.0 75.9578576335349 25.375962553462585 61.99468835048134 44.94455526037423 61.66719280082734 63.61016001077549
2.8536358592776594 171.04865667655852 0.0 113.09316558848069 62.93773117448811 79.9986860932855 64.49509464269772 45.58376380814445 80.45841935886472 0.0 126.61366118188994 5.463424700632913 142.61893911773075 66.64898178179149 186.2626788645646 47.20622261887627 305.8094500127234 44.17649197745695 301.9030063373111 119.36552226104439 194.42569525863274 140.12819571638303 186.5418973026338 186.37254119903565 162.61897787919094 276.6094679513074 90.38774362187712 256.8342005836737 54.564428301678134 197.9550203332862 2.8536358592776594 171.04865667655852
0.0 86.70391645074943 51.08684718092297 49.731322924863534 112.14425569145097 64.1148970028747 140.23986154751873 0.0 169.9181991837702 69.84774999986152 215.40750237269884 63.3290645142788 290.5254128524805 81.22943880868883 289.4305541724622 145.55578686981352 272.0436383584479 202.06091108101515 231.94423613961766 251.35986798617463 168.10595218638392 240.1069165562785 131.3566716095302 189.31119897049996 94.17181678014668 198.2728696324686 106.01113052347839 152.8086675872609 115.3645437067245 133.86796607138746 0.0 86.70391645074943
9.6287099621171 45.77495385798545 93.25102929762751 84.13488986062909 114.38659716299794 0.0 173.9195790113144 10.446091350071924 203.1070222998415 59.86659046178825 218.32621223490446 108.06094342942582 230.59848574095082 164.69569956424277 188.3821120537815 203.95275350595307 128.71020517414286 182.14433799563182 91.90730448671432 202.94265858298712 68.98450262699632 166.42810843568725 0.0 161.81890415264405 53.253465075013324 112.08553594485302 9.6287099621171 45.77495385798545
0.0 160.36327408703428 0.2966612634666035 49.56506075815924 38.753931964682835 0.0 127.09001131118428 14.582909903672302 167.97839393544845 163.94790283439178 0.0 160.36327408703428
206.78482845460053 196.58853325378305 113.3287804509704 220.817471706253 6.129187510436978 194.38548643802795 0.0 86.0562451939016 47.33582692811757 0.0 127.61216715320967 50.072402621808415 199.9754058520615 27.890808936856388 237.10805317749129 104.95015223343182 206.78482845460053 196.58853325378305
130.12960610571244 161.3268662820302 69.39250953695345 147.78789583626798 0.0 87.78317027197028 102.33633100367159 53.85431491506076 168.55232074106834 89.44092179657595 175.31284298492398 0.0 220.1436447683534 14.087674813783138 256.9943245472277 46.46422149583474 344.8367636218276 79.26497367510426 270.4646185783746 134.65718495148127 278.2087977121922 209.06490477658627 200.5413051624713 191.15566865177186 163.07944834480406 167.07567958024538 130.12960610571244 161.3268662820302
56.38120187499162 56.54987185451847 35.52612613534154 61.82566433565478 0.0 71.3961773568659 3.842964755679702 34.74455242831738 22.89869940222441 18.6598059781071 52.952937961622055 0.0 88.41620445277854 25.71850292514111 56.38120187499162 56.54987185451847
76.0698309423742 37.05954411023192 97.50868832483634 41.33752197799637 126.9953467668587 67.22715698110648 106.06843556692134 94.55582560983899 79.30563552645638 112.59730879124217 44.314796925160906 111.01898125692745 14.042353008502758 95.96600247826049 0.0 60.79631808363471 31.895664265117134 38.229049273750796 31.104412504894484 0.0 66.13548858547334 12.624885861760859 76.0698309423742 37.05954411023192
0.0 69.57232962427429 126.903318904556 0.0 244.55233158176327 13.970585190609974 162.09919362563983 160.29164986516986 0.0 69.57232962427429
0.0 10.784953788218772 25.58254165850397 0.0 43.22538633214937 18.05017185304594 69.24265301224212 12.051091924099183 50.89122943955368 33.151276457277945 47.69626302126959 41.37647524955656 40.164891688550085 59.71199525443777 25.120036456984494 50.31930806399397 3.831138048427121 39.78327349339172 0.0 10.784953788218772
53.612985037150764 161.16618537638047 0.0 140.33656432995863 33.341699894617335 98.58582349919429 36.365035075627986 59.203924145026804 89.09345361256231 81.44835560084007 114.96585210906147 0.0 124.17645991947073 82.51200750300245 179.24346736006626 71.55510431475602 252.7308325722559 108.33161917777794 141.58108104893725 131.73278374864762 173.96868380840323 206.45575536980422 109.86380793651382 157.87230449052294 65.93661493824942 221.92684924487975 53.612985037150764 161.16618537638047
0.0 196.78007346816793 13.972350274771536 102.82689580377384 11.593849350295812 16.433563946058044 121.9183760642026 0.0 246.54450864033146 104.75020704236512 104.33414418650663 194.9275326378782 0.0 196.78007346816793
136.72714300202475 0.0 156.8427039732371 70.62642098555115 127.65587851263314 102.81551967421342 111.54108077159928 129.56323216581876 59.13086012999483 141.62131314592318 0.0 82.91720550862472 91.58917726725569 67.02503391459176 136.72714300202475 0.0
56.94205180028949 13.685375096747507 130.73194816935666 0.0 192.8173473449222 55.80625719915152 196.2954487632315 150.7280038214144 97.82262482764706 144.85495179332844 31.695357482697105 174.94364326728333 0.0 112.12439787810824 0.9487228845901825 46.747053181916336 56.94205180028949 13.685375096747507
164.72687778543303 83.97219178805727 136.02261053195446 108.21429792325915 122.10847193730807 152.7290055391723 89.70257164400697 102.91061931615477 10.77429085798866 152.9990252234712 24.780691876876915 88.37226965638025 0.0 36.27291662822989 74.2345433367453 41.441523204498054 97.6717549944023 4.963377759594664 145.3128903319313 0.0 153.0028833179503 50.54805164975545 164.72687778543303 83.97219178805727
54.22271969222451 24.167983421454423 72.95532371368503 10.445756805933144 73.7065979406953 24.08986799824183 83.50706184350867 34.135642710782435 70.2251388736475 42.11426293442122 68.63698397912242 51.905760622789984 59.2587139911605 55.58491421904746 50.29236340830412 61.31093281644442 43.49831314505011 50.760528114960394 28.69358170573725 55.70471956770312 37.010699118829656 39.817279969757905 0.0 34.60060177987643 29.62374453306665 25.848184278208265 35.79793566111719 19.82563629298302 35.35779990243032 0.0 49.75330141956854 9.959649327392782 54.22271969222451 24.167983421454423
151.41440839562506 129.19322665795957 35.12964665741109 147.78497548897647 0.0 11.376086464454673 117.0566587997823 0.0 247.6159364852812 38.481612657581415 151.41440839562506 129.19322665795957
204.74410384792986 96.82122992144296 141.46894272909455 151.9374420135938 35.447106151961776 168.92908345932506 0.0 7.296661411731293 158.70088660644404 0.0 204.74410384792986 96.82122992144296
94.56056062650084 46.10518962497462 97.78032700001768 62.292523094596795 83.02277402108191 67.93499560985535 55.61071121312787 99.49691967600606 23.225556872618533 80.26147275670883 13.373369489051896 46.07411211381632 0.0 0.0 58.80442949780192 8.699587323995779 78.97170067239817 21.509851073759428 107.51579242270148 3.488569909454924 121.60910820376719 25.535407157452532 94.56056062650084 46.10518962497462
153.4238986215664 97.0474778337541 203.65309582281702 57.02391938413052 209.10374676579306 104.8609772995749 301.67221497915915 120.54705920833328 236.1904583677972 168.9150709898261 255.70322694587867 230.22249253385272 187.16646346238576 220.05436507219437 152.6287531676237 214.04609185704632 125.50499203807232 216.80511922256264 68.91432638486296 251.98488338988935 87.3211762495504 184.10493056167527 0.0 174.07737282283142 62.37856328214956 131.78618147767844 57.190095885762815 91.19207230955621 42.75139273254274 0.0 116.27598281213156 10.986951461823793 153.4238986215664 97.0474778337541
38.4908338255278 0.0 111.00747607331229 20.048474128889758 179.10797705296292 56.727713811273574 138.70203807292077 117.64680477203449 87.87590553484745 131.17144399322677 30.310598071574816 129.10410655820408 0.0 69.97262137002944 38.4908338255278 0.0
138.37594695298583 218.01204488515205 98.00198432873765 216.233982800878 79.34533942693844 180.09639515943698 41.2543169410404 156.05489956570477 0.0 109.72928024324531 75.87086636487962 89.38268455871858 91.55286998455418 57.90954996500618 131.7289042246519 80.51773456149792 173.56147453248497 0.0 222.8354467829646 22.69049672232765 257.2453655692491 65.07292721800135 241.77275135930398 120.55772331534192 264.5226857244469 173.22975029877256 212.6406082666391 197.65718839617395 184.44475298763246 235.97468244066948 138.37594695298583 218.01204488515205
58.995733549775395 16.556653776652468 120.22000135630064 0.0 173.4679803338363 78.69873003491549 71.1088641360173 59.88894989614768 0.0 119.5688569410816 65.61485000295293 50.462995021623044 58.995733549775395 16.556653776652468
119.16386737172466 181.91148844041754 96.24426910295493 124.55957022833762 0.0 201.50278636989617 17.354551413176523 126.52663581770967 42.828558870682514 88.52185794163644 60.81060198845955 61.284045201530525 77.26014140969187 0.0 135.57697480756352 2.912333724237598 139.89991167241462 71.23404520791863 224.31113808159682 79.41747681865509 200.58149637750836 136.0745529138365 183.77883616088104 195.70581485147835 119.16386737172466 181.91148844041754
253.25673361720465 162.27453588026395 257.2558216195855 226.43524077698157 199.9503733881764 236.64441841182412 131.9908740987466 266.3618826000227 77.6026593959555 216.7797265597302 0.0 154.5128797960976 92.40703203314328 94.57893140381566 144.46990944253415 70.08548038342083 193.8770483675911 48.0677639299081 297.585435369137 0.0 293.70027136732233 105.91616720442443 253.25673361720465 162.27453588026395
0.0 39.98409597563685 11.324872183000338 15.371077173152045 34.887250132075366 11.664027414070063 60.48585072454739 0.0 73.80370905373849 24.71837446474632 75.34505825025363 48.65304351086655 41.86517237952087 39.175429622341596 38.80181240403124 57.875185321923496 15.432710295279293 61.841118274329446 0.0 39.98409597563685
0.0 147.65830731166116 19.891440671485555 0.0 145.84382221259835 43.31511276437579 162.76459431905107 96.99029079679427 202.19806876437252 171.08230353158288 115.89743684147444 167.71513230840577 0.0 147.65830731166116
9.151662606801949 108.859880295016 0.5468857306570101 21.06720646525673 70.16242445069646 0.0 104.08983423652462 106.67810770547436 178.00825254888144 75.52578047835944 195.98513129887274 128.1789338842568 232.1854212119046 204.92088989474192 146.58226332575518 220.6214983308191 97.75040316472763 209.8571357770142 87.77029817453752 144.45976902501687 0.0 211.2143015628044 65.58366402792333 145.5638414100713 9.151662606801949 108.859880295016
0.0 25.030670188686535 91.93968619972091 16.147491847300316 156.54752715949596 0.0 175.06951557222433 63.33517619635519 252.58112487471573 152.49422053585948 163.29393616713807 217.33076164585563 41.204727758803685 240.3241237516154 54.62661895826413 104.45673430967703 0.0 25.030670188686535
0.0 59.39527073212786 19.47858438501291 2.2199517804033135 80.2387708949825 13.974009062654297 110.1004028437563 0.0 153.83758065840289 13.368328182432357 111.42447290681193 52.06162564463329 119.0153894786204 86.50218836320755 84.12237981491192 112.14597385870857 70.59181807852757 68.0605105705913 0.0 59.39527073212786
8.818821421125527 83.85966290150279 0.0 63.333463010788456 20.0613276092702 47.02160702424538 48.525373400372956 53.8993076332199 32.12330851787067 0.0 59.17634460996739 16.37147808836132 70.55162517744589 33.40791805643814 72.50446859483914 48.72281084517072 121.36047773030957 45.8490414475174 102.99897739129766 69.26349876632895 92.51393005581359 84.54809475562368 70.22876079450111 83.01093101478443 63.8845434938313 108.84954911388729 42.42940177923768 110.88287495771849 25.566813459936697 97.5618676849979 8.818821421125527 83.85966290150279
37.44723427307116 141.5713526997324 10.66019363341286 105.06804499075551 0.0 57.16414267349076 14.960365332517426 8.913407242915895 70.8949781341957 8.339230724000018 101.14240774066164 57.38299504010533 143.95517182068883 0.0 163.3829726741055 36.596384056822174 141.4819259365044 71.59423903883021 192.0266600286003 115.36550740207477 162.95032935904123 150.20762704475302 122.9881445879504 177.1621085341635 76.90886999810087 155.3207859442895 37.44723427307116 141.5713526997324
84.59117519122422 0.0 151.49348541194593 91.66726597158231 220.23011652165408 147.71522438140656 153.7929719471116 209.14578552845006 81.7430468876288 217.68541477183203 0.0 177.71888179301305 34.23136538516897 95.41436582412616 84.59117519122422 0.0
308.260855939888 274.7769502572336 281.3350292422888 345.09357248484383 204.08313321821691 313.73008188548505 167.50390159884157 271.2684414873627 98.97340315565154 266.67175316089936 0.0 200.99621865044284 100.5727640061871 143.57140489259658 135.19040775560399 74.98135131440907 207.30944980984233 136.10657205180573 338.38353419319117 0.0 354.0707737627608 129.40493205141482 234.78784498114487 211.0461757702243 308.260855939888 274.7769502572336
77.86726895747566 53.40570564647132 67.4677741257 36.48711846600189 0.0 17.00154446715095 69.07716889113931 17.10631539804706 86.19609524253842 0.0 127.24507509231273 10.897324481324105 118.32372857501872 56.46357138334173 77.86726895747566 53.40570564647132
111.16359827370677 0.0 209.4680005641942 96.32672014981124 121.54278524697268 158.86410792556183 0.0 103.84513339975787 111.16359827370677 0.0
96.44257753132858 47.00480460471694 129.19453087164626 12.658034812998352 146.08921858108081 39.68581630634269 190.25842741995555 57.55994896847203 219.79356270615085 104.42267114179688 155.41727582476435 123.34640504936263 123.31382453906699 133.27230780048654 98.97857648264464 161.51325793987658 71.39741511456 138.42205679984997 85.2459891489549 88.23331092208507 0.0 102.18638184001502 30.239920612621887 64.67656197935663 17.67390723714786 17.489869048756155 59.286139004177834 0.0 96.44257753132858 47.00480460471694
161.9081973169993 197.5710066450996 122.73573232517467 192.1529969849861 84.03640034259202 194.5216937540037 120.79181314166587 105.96956852863742 0.0 146.52061795485076 105.04330492155884 104.79515829656022 26.63777309423068 54.71826069318344 41.57827332521555 0.0 108.12145404272643 46.86853804044791 135.01716048335174 31.991304204557437 156.0752058738902 54.6616337840563 178.45786045546177 71.97862820336415 209.4338458993598 96.92883831121519 165.4427074387958 120.14579203315296 185.55018251821488 162.28384049031337 161.9081973169993 197.5710066450996
128.89047874176052 70.2184833299177 87.90580289106825 112.02494227991556 49.657424483485535 94.89392396548833 0.0 71.37729468373969 20.13032516128925 0.0 72.44077193383555 54.09494528943014 128.89047874176052 70.2184833299177
84.90085473361302 50.016135668899295 73.71519517955906 55.6418967241861 76.49673021519646 80.27426557774274 59.52800217751614 62.51508730734737 44.35248980551167 74.2324722410552 29.063646419456234 67.83352083260048 0.0 55.67827981534107 22.74425695266592 34.903626609553 31.06638647351511 20.382884171588145 46.394999985473746 16.217222724131318 59.98829740356615 19.757721610863342 81.45553858334364 0.0 115.05122321620306 0.9096908476804799 100.83692242724108 35.07617634080697 84.90085473361302 50.016135668899295
243.64148767341555 102.82370845000538 185.7213147848745 146.7994667169213 165.2792959003807 210.03025689809965 87.11279578902389 221.18806520305372 0.0 176.4611063545861 29.299054736372824 81.54698698336972 63.93131482276726 12.994333080467086 140.4419847431725 35.81770046233662 245.4813043251065 0.0 243.64148767341555 102.82370845000538
43.16396624535058 0.0 76.81198469333476 0.5233959761006659 44.95686236553166 37.92704635007578 73.21412538901605 61.30313585730706 44.703034037446585 63.303384260584956 27.68316536669616 69.8584105040405 25.651763929050375 47.307348152170384 0.0 43.02309526672749 7.91895457166585 22.8940940326356 20.158273603155834 7.059145414801044 43.16396624535058 0.0
53.15804279845068 28.602699138964013 84.01462944269426 0.0 127.70890257485404 3.9450886700379755 164.88274441879383 23.22868696597253 246.82003527896097 36.56781835132297 227.34470622427256 104.21783984534443 97.35215160849847 102.41825006130325 158.8745670510229 176.29260724961836 127.65846847919589 206.84624524219947 86.44641215577342 172.7511596551969 69.91904628879188 142.55669008205717 0.0 169.67812272512387 7.006297548107341 120.15931362133837 12.755317327758746 83.94946465331965 6.363151904323672 37.88305648551782 53.15804279845068 28.602699138964013
56.042349566770795 16.266128743678678 90.73012666730578 0.0 88.7022479271168 35.73582747383419 96.78760132958949 69.86585045713866 60.71207635354969 56.01278013174219 21.18040403597228 87.58140849750657 0.0 45.375258988300416 20.4847442562287 7.596588477286275 56.042349566770795 16.266128743678678
64.7522176586938 85.67257733952906 7.13366577475864 96.27983014593053 0.0 35.46122802473051 51.62967865349823 0.0 120.24934073744767 40.2154754206988 64.7522176586938 85.67257733952906
181.29331001302677 0.0 249.2916917372908 40.63450780796735 252.36238267808938 110.71440469849907 191.44938998661155 129.7000769352163 162.7128799317474 211.3333750189434 70.2106365140301 189.74141161789038 0.0 93.53940217719473 129.1211168301508 53.75183069902408 181.29331001302677 0.0
155.25541592942392 116.8745438174228 242.70043379567642 177.36321716541357 195.78104142697407 216.638059638068 131.9559484353124 254.7407732150599 112.48427028538525 165.69791674905218 0.0 161.8428712515057 118.54026874648517 105.3358368225578 155.21844922309973 116.8284457607605 145.62654597351778 19.937483063218878 211.11591701638696 0.0 265.2351281959693 52.11565963944855 155.25541592942392 116.8745438174228
54.87494715700959 28.68777337532419 106.99109675544912 0.0 84.03112948610243 46.314069826940376 86.38447722325662 78.97062869862509 51.17439682079223 94.95549495316627 3.2725214321551945 88.31953559941789 0.0 41.41186694402267 27.553056935846264 12.950055862050739 54.87494715700959 28.68777337532419
0.0 210.01913702822173 108.69109012360641 102.0190129246123 39.56809436245243 63.78201903329088 80.07592882050079 31.813943449393307 112.68388103216373 0.0 156.18186540909238 12.389016861764063 179.57822359403866 46.24137734469253 210.65304628527605 64.46659969912666 233.11177575830965 100.01883767695851 209.85913814212336 134.9805212606008 210.45902748761432 204.46122652715334 147.05782331456447 186.11382070826357 101.58584098002493 185.41510628001828 0.0 210.01913702822173
330.43972983465835 115.71886634514478 164.23541340290495 121.91149169699626 0.0 227.923578943397 70.02862970314186 41.03777725097966 197.40030774452862 0.0 330.43972983465835 115.71886634514478
42.07413293012684 0.0 89.50738195929614 1.3441721219158396 65.73711700471635 44.07355294115443 50.75039851064622 46.443469161480834 36.72852516806785 76.93487956897461 0.0 61.43979915409085 19.081352102874547 25.027969350524288 42.07413293012684 0.0
98.3163150913966 134.43549360823405 12.621693706810305 16.462276191266767 121.0696504806185 0.0 198.07610927063376 29.908757443773837 250.41837537705342 40.32482366560917 277.1773601578501 85.3370243350738 250.09297364684545 136.93670226365248 373.6104328110033 178.44171361489023 338.8008958486098 244.3721342111815 270.824119279658 273.4970881113548 212.57365883497206 305.3438763916754 150.25090365359867 272.9558202344221 101.15683064676797 242.1157715038053 0.0 210.7431873833077 98.3163150913966 134.43549360823405
89.13484289024467 39.389418922673926 64.86173099967569 72.67936090222808 20.19797267657509 70.35213521571582 0.0 11.387408669230453 64.80707403708958 0.0 89.13484289024467 39.389418922673926
4.085876988589902 76.7419455353572 0.0 47.19759123433529 11.549749919351441 26.99786894034557 20.404179107535597 6.77723368618193 41.18654224710703 1.4608756510918326 66.54551957709289 0.0 77.36656478592823 21.747329183436122 105.0079211740233 44.68605134545294 86.56884002333084 72.54882416916568 58.2409077212499 81.14644345464386 37.610802992664944 61.08860566996323 4.085876988589902 76.7419455353572
111.4381153089015 38.56518399541365 194.62272684062134 15.830110389424703 151.8080586051415 80.27027697558292 137.48751014517646 108.38692328904662 149.23302274715888 177.30337572833827 92.25627429347747 141.66967843506666 69.94051008097334 119.44543046138544 41.60037894900256 112.32511051138361 0.0 85.54010857872022 55.4174481428515 65.79135989930931 56.8697761547065 31.622921820534657 85.2427939289339 0.0 111.4381153089015 38.56518399541365
36.595205274588594 80.50764499045448 22.986267554804158 60.91420639875062 14.726333553802618 45.77716578893035 12.260279621746804 29.031203126148966 0.0 7.5304821116453695 33.264748240235775 11.898476489335707 39.8947327763245 1.18868828060414 52.159251711317054 2.929735397138046 64.13710042609347 5.623676071040393 99.1534611126852 0.0 77.60448470296006 26.661387110937113 57.167577985088684 31.971371989382902 73.02175359784357 59.0417157557911 61.5114424462449 83.03605147154721 36.595205274588594 80.50764499045448
150.05529352779908 0.0 118.79173928988465 82.28730091106289 70.57281657879894 126.94307916083386 3.967285787355472 95.33724658073268 0.0 22.91234974061279 62.16236122043257 25.326769509048 150.05529352779908 0.0
