100
0.0 54.291495792658424 22.393603904509888 17.725449786891474 63.639254300292805 0.0 95.44221871300138 71.50123200656589 150.23595694585583 12.642552029320797 197.85876239631165 35.21940548947343 187.87882664925476 90.04383241727302 126.12332831484841 113.63496819899828 149.38222140271043 153.34942277073387 91.23100738369881 106.99667880136316 91.47253844294333 168.7364184514345 61.004640752063494 176.873937532485 56.358102360968275 135.55877889073724 17.785166712102097 128.33302339289142 0.17313415845586633 96.3971101908136 0.0 54.291495792658424
225.7283900734191 273.31272018534037 167.95612327471207 321.03897985307077 131.48587050410356 250.04865664774033 69.20898849051848 239.08192519646684 0.0 191.30643952123106 53.83980758463085 122.15466459861845 79.01419127471719 65.09184125846782 163.81312579470782 114.25341434689071 187.62642535399422 86.99330887951946 273.08967429438667 0.0 252.7818001307808 111.47887360119906 360.108140842657 130.65132526962313 348.33803080980636 210.55151003460622 270.1650226854023 241.44494312830727 225.7283900734191 273.31272018534037
198.26770282042122 186.62599340792838 160.5518294247451 238.87990524025113 141.28164558516642 178.4677850960375 0.0 143.65084442130532 103.48767161187874 78.62942191593503 160.61005355793012 0.0 248.06703032858226 38.92171314035008 241.4588758812413 131.44785965870756 224.01293277014898 168.85561343935183 198.26770282042122 186.62599340792838
148.9245747156379 52.49094265518657 126.04486473670045 103.1865871815607 85.60218026013587 148.54460042259046 0.0 121.59916907929092 63.37576749514166 60.76565141230775 99.00881980774338 0.0 148.9245747156379 52.49094265518657
192.83816251859326 32.02912679540101 279.91539768781695 69.39267168687866 234.9096088273834 145.91812879886922 205.53196141490744 207.8553789752062 143.09261847454098 251.26087026458686 69.15752065495177 226.78361771006595 44.36006888695083 164.72203430739793 29.78717368276331 114.24860692260796 0.0 32.853713229789875 69.57597942567187 0.0 135.8645193174471 23.255978944305582 192.83816251859326 32.02912679540101
45.84418521935561 36.61383332707315 46.89449282872687 52.86800274259882 29.168963343690763 52.003216813306494 19.08796427021572 56.967053456706864 1.8358044023941602 61.40139906734751 14.400788267390496 37.040135841152264 3.769736363328292 32.593220614550816 0.0 18.947312039404693 16.880374142393464 25.400035155319827 24.43978976554375 1.1042243275480672 46.093371423661054 0.0 64.79514144739612 14.74449935779326 45.84418521935561 36.61383332707315
0.0 171.01456006117485 83.25355093453895 132.09822723842674 45.09171744879288 59.60518948522564 89.17476716390831 0.0 154.04249992561563 36.068113505101365 175.17301625079304 94.93283073822741 217.66917591884683 111.73126046284546 165.27404645371502 150.11276877431135 309.54730536665 257.501642170139 172.4856320708686 216.18044629422286 137.36248837668137 238.19311434220677 85.95668084250798 252.62734317097696 43.39858923567722 216.5243849159074 0.0 171.01456006117485
91.82595028480233 174.00848862621183 58.25353193178575 169.86232281672667 15.483121547007272 158.4750282142691 0.0 117.9770639139623 11.595303167576702 78.34587913747067 41.569778547572525 53.31063711245099 94.92154651862053 77.69817274908894 83.46094506211277 0.0 112.1663263074057 50.09006376888381 155.93785349876998 8.253923974431615 178.7318834128846 39.24669170611339 223.0865197571423 65.36260131140467 175.0359557099447 104.29456561785565 139.99742655134241 114.50576921761825 162.76629466754935 171.34486707215197 125.8515342663649 181.9118975612731 91.82595028480233 174.00848862621183
0.0 93.03980824495038 17.25394917428264 47.32546465891228 61.669060417452016 43.982217612969194 76.86946847560516 0.0 119.48729679998448 11.525292406009122 144.914944425905 47.17249287746846 138.03147850696246 86.97942172175316 106.6172227120097 106.9020894162072 78.92676294565277 75.15820962678166 70.98666593039187 77.97684345265182 0.0 93.03980824495038
139.68918299820928 68.11809646383774 149.3936233691798 99.35305126774657 121.06562378330935 118.53779698873196 100.78534109408383 131.34771712349192 77.97613715854831 139.11892335730158 52.933977524798124 144.1778717401703 25.467228965751353 135.51492455677055 16.95304277068884 109.531580690703 0.0 87.7759196242914 11.219808568657626 63.003134722429536 23.112439238504898 42.07956088797265 55.6572956709891 53.09165756647259 58.88548598055391 0.0 87.17470653339622 11.748524521757801 122.32177594006802 7.439415751381162 161.38410716208892 23.865227745652874 139.68918299820928 68.11809646383774
54.105108611423006 21.411367981155053 120.59881289514851 0.0 172.63326835003025 48.167049216498256 204.40919886150348 70.23377469650109 290.1797684240302 83.97921241523778 233.88400124238962 139.75038361263978 254.82639627558663 212.01506851235547 189.1291285807438 231.51272198358322 124.48293461556126 249.9336257100964 65.93103700033764 214.54583262157598 0.0 163.39604900124738 38.83541077274451 91.45350094697413 54.105108611423006 21.411367981155053
250.68706638121577 101.61573000674385 299.9200876595447 155.74213798460767 263.89951440613817 208.68556126528256 210.47875449059458 251.68552721687624 149.798442027811 220.70403060445153 84.16780631663882 216.3610853592301 128.55216498407017 137.25240310102885 0.0 76.50712433746195 124.19132672311247 77.67645669242444 146.6277568376377 35.07663104564085 204.07548205619406 0.0 239.99433075285734 51.729508323334244 250.68706638121577 101.61573000674385
0.0 248.756623290538 41.05997516360179 155.72524593294835 57.04323623480002 109.9710770404393 111.79921557417663 93.33527531760328 83.42306015074598 17.40915859493576 144.9350281471522 45.93409944404365 173.55948350625567 58.9028656560221 237.47180092960298 0.0 278.3524531613508 39.69590111144848 224.38301384787016 110.09373873790493 339.1503370219722 155.14608075517654 315.44808124858446 220.72387051638552 248.59192489467637 242.93010161837034 202.7519786384158 294.7573334861718 153.90915445867097 191.63216317992996 103.98083330071248 226.74013000829333 0.0 248.756623290538
68.53281677650682 127.21888838856653 0.0 62.645121137855284 39.4575766757454 0.0 108.1394846051391 71.51247831235662 145.8282824821029 64.87445579481869 221.5755966318792 60.8473782794796 179.70969927227128 125.71352783082276 168.08240051554333 160.62856063355866 155.16150356613286 206.6447729851945 108.00349401751012 196.87674441804523 74.36479490574348 185.66132224948723 16.79517371454071 180.73804568657255 68.53281677650682 127.21888838856653
20.758898836254076 53.29793531022044 0.0 39.45980907330549 2.175840767849536 18.387722393100518 10.497845873413155 0.0 25.90976948936394 14.347733224963676 67.71930385861862 13.469827418356942 57.23663163485088 53.319541605528386 20.758898836254076 53.29793531022044
70.67677112509578 35.026041349288775 42.62881512455074 55.08205783248981 28.83010395390096 61.549881188258695 0.0 67.88970243352063 15.906272934861931 41.67952239282069 12.581894018668635 9.747526433032505 51.32573042545005 0.0 70.67677112509578 35.026041349288775
294.5152534235363 89.85203681196909 280.02785943251956 171.8154212082061 217.73932342867448 211.6910415896386 160.1134678012503 233.3176369537599 112.70693862736306 195.2265598213989 0.0 207.6691652389233 26.966915894288746 111.97505781341162 49.37672017896685 46.49028542929493 116.20050424666678 34.04780977860888 175.74127598350358 0.0 204.94071922767273 64.74856828183155 294.5152534235363 89.85203681196909
79.32952956843967 133.64461941023492 66.9930547410729 103.73511324942925 24.468597607225092 107.61726990609742 0.0 77.67013731588459 16.26321183436542 43.766381625152775 53.74603171575288 35.54887749799701 65.94726290038028 0.0 94.26791211392708 40.447149250687346 124.04911017148808 22.984322824591402 110.49134433759407 61.47238321975526 149.76808991654795 69.79627779672931 122.51088571763981 87.5795129097633 124.51450888346909 113.52924465039479 111.8785061498439 149.46289212538832 79.32952956843967 133.64461941023492
78.683932687662 18.800554275392358 31.402822172543438 29.100867950095633 20.82060810846076 65.92340640804368 0.0 37.05098739908493 3.127998470458067 0.0 36.53002408814713 11.3342889397329 78.683932687662 18.800554275392358
45.73475896482424 99.89838773931169 0.0 27.997381850004025 76.02423753751259 0.0 151.17557298786778 79.11205637643639 45.73475896482424 99.89838773931169
75.85394417980824 17.74689426686087 99.31888651099109 14.213645882102313 124.2777275997338 22.08680163332331 155.70923401994764 36.85875496147395 120.18431641144193 69.24667147653027 156.7174493320716 106.4002655354046 108.59442544183868 103.77074073815862 85.6197309329511 83.84016116993158 60.19672222728792 150.86405053668753 57.766186720113026 98.27982112693218 29.99868057261287 91.35189067349818 0.0 64.3904238248987 59.054420274958176 55.284419676813755 36.67000427000943 0.0 75.85394417980824 17.74689426686087
39.76037552783592 75.58057943096061 27.591049518545617 58.31808051920912 0.0 53.19483122520148 16.02081510623256 31.0548235714472 28.302974362385484 22.36321551695025 36.03988840585275 0.0 54.87012847139995 7.425681138540071 77.32982367396701 13.65361246276359 69.4749589121461 36.06592067750236 78.06642134203568 56.454633725194626 59.685186241990706 68.25339414902591 39.76037552783592 75.58057943096061
166.56577400914497 31.40622733742832 215.84587530201722 0.0 246.89325895889533 43.64981982778316 277.1071073251646 79.59617463404516 251.16865208902118 123.56688424824476 261.07604090999394 167.7847212382344 232.55623117032246 205.57365223915588 184.59209975718863 208.8165800044041 127.04859741588365 242.32594005684217 76.36355231640522 209.5630947799225 0.0 174.98479595741662 121.0840928553138 106.93201242740763 80.00643098029667 50.73885270222089 154.3744751817822 79.02476426768628 166.56577400914497 31.40622733742832
67.34408991476398 81.904805120643 0.0 55.13033180321714 36.298895230424506 0.0 90.39162289552513 13.215954239612593 123.87904086607034 13.724545467344136 116.47593604566126 47.67291733576655 183.0488313198407 121.93337788431396 98.06135401504962 93.86841519071774 67.34408991476398 81.904805120643
117.84544048425944 129.58539702538968 72.60474485167309 112.29619227006538 27.077805506653178 131.88102773531824 0.0 93.02430976193963 8.697123901847576 48.78426436990519 27.54418803890269 9.176042765811708 69.53309768027238 0.0 118.12926013898301 2.4930615910271854 132.51939896448573 46.37496691014488 159.96703311026454 96.47329857909398 117.84544048425944 129.58539702538968
110.29760138381243 68.93260138714031 161.47884634858283 102.52572472271761 117.69547780023944 102.55619273547136 108.33564807352722 155.7080420993954 77.47096152202823 117.33579105972477 62.688418384326866 99.6123010132974 38.582529068084966 87.1406027733413 0.0 54.92681919497663 41.71524308289747 32.24992964665817 85.5774955905768 53.409837755011395 98.47760844437437 0.0 128.97483835680782 12.287408717905805 124.17932924754541 51.00361356532446 110.29760138381243 68.93260138714031
19.15944314013492 48.936852052261685 36.72726640590886 9.395345350830823 82.86348925986883 0.0 100.41865843290176 47.93214792678644 156.28577030583855 83.33382098260765 91.9848304495427 107.77397774232129 68.63444916679975 139.9619654958417 23.812374498409135 145.106973559722 6.792695800259317 104.59012064709718 0.0 72.19068083423818 19.15944314013492 48.936852052261685
52.66991550022772 179.97732062981137 73.66033106730126 127.73166732249604 47.73177539032409 106.30781997501703 0.0 55.06025042929781 88.3862627239402 71.35949272910364 80.24978094912638 0.0 123.24962733770971 21.627252771382672 150.38794472119767 41.523464176837024 183.96502886296832 44.3949453876312 218.27119127113158 66.09486688687093 221.8358326575853 104.22956366909963 258.2725325888431 160.29146172894258 250.84847172302702 233.1850246331343 156.99070917896503 187.24077133833708 122.98306366353938 195.5804823437387 88.83924297833039 189.7720590869103 52.66991550022772 179.97732062981137
88.90138284245651 157.9038754540914 0.0 84.11841412323031 107.98973111931787 48.6768301507245 158.35227865590224 0.0 229.89260316653522 25.974798232919454 268.8105754835308 78.36905031594318 291.6434860350789 148.63147320548103 215.5106323456315 169.14449043751148 183.73678560760408 219.28469469885061 109.37121573055435 230.867135935889 88.90138284245651 157.9038754540914
70.80107274342296 14.920150616209938 102.2123849887094 13.581773622844182 93.31432592105531 39.43490531531127 80.2411666416611 54.12940781113622 92.78610985370281 83.73842675671756 73.40409960647199 99.25503228999719 48.94271343876637 86.72918101964049 42.945892897897004 60.825195895515265 22.317560121302016 64.35956448702382 1.6375130276845553 50.542898255240914 0.0 26.509993501247195 39.27963577043864 31.485314202647615 36.796948891555964 0.0 56.28011714595832 9.496912592812421 70.80107274342296 14.920150616209938
155.74085019966168 152.32164031467678 24.009460715959648 96.35371209495827 0.0 0.0 74.72887797865181 43.3471921506901 155.74085019966168 152.32164031467678
112.81788386377127 0.0 144.5442529815239 26.895058258543905 186.24987695472765 110.44596122538738 91.13415090310625 103.40976221732421 0.0 75.09928339729979 62.27072149746195 4.021180143552286 112.81788386377127 0.0
29.80616380798439 0.0 53.251027846523286 5.684993133549511 64.66683125774719 27.355098432350857 51.9958690028743 44.7093571035106 39.48677364537161 53.37717221944068 27.933850430561776 47.605695562974745 0.0 55.04984189826706 6.133494888071468 30.33436350480453 32.02579946622174 34.240913915439876 29.80616380798439 0.0
67.79275084009772 117.33741229509857 28.32944175889648 98.92596068783661 0.0 54.0002489646147 41.02645873377247 0.0 91.17479973469072 41.73537475485554 133.7904736327656 97.13906823158885 67.79275084009772 117.33741229509857
6.610442272416321 180.05370063997378 0.0 113.10026571317375 30.415851038326736 49.858856886584476 119.67895538728399 95.7871029408021 145.637865873745 34.07306280670815 229.59506897589094 0.0 216.42443603213388 92.17883152057321 282.5679641992411 147.19675996733156 177.08636536602432 160.18715354745456 162.03769053687586 194.6031340126333 125.63199586234613 186.9740802765129 14.462409623842007 281.2639860413115 6.610442272416321 180.05370063997378
60.13310876442202 72.74047298106893 0.0 15.418222709828008 94.67674535435393 32.61789613923498 118.5836989429481 0.0 132.52154616061355 35.300058757387625 167.70407478158103 53.448772215113145 163.2629366484037 98.76754385181903 118.29991804359454 108.71399139772484 101.16406331253688 68.40549867854378 60.13310876442202 72.74047298106893
98.20818971758237 232.85872121171877 36.93894915246719 200.49060656947603 35.24145224411072 126.98055572647743 0.0 48.96174697831083 65.96561240395593 0.0 140.62251604103977 43.09791992585653 190.17086400947824 23.972792719103694 172.35705164087088 98.34097987391303 304.16173918547963 96.55991548824818 266.0158821851023 166.4854297835032 196.56928572786228 178.87458015530996 160.61368759484256 206.95178727656844 98.20818971758237 232.85872121171877
15.444763040387762 77.00661869268414 0.0 43.17875296751289 10.200557925967821 2.713106251139685 53.67253579218551 7.213600811843321 80.31055260338928 1.995006040280579 113.94723648867495 0.0 121.75623325888878 34.274892413540144 161.70258693212824 66.03014407821061 138.14873994341067 104.5255931985314 88.4809687205937 92.12791736045969 62.59833356452265 120.01327769847441 35.82163533432781 99.53772848113175 15.444763040387762 77.00661869268414
86.38437602330688 130.95702245174976 77.51192904436411 95.6863739404414 98.44083306393918 67.72097823273762 126.39865099626003 4.174923667872548 185.72497513367915 0.0 251.15110719468828 13.964334606535914 316.00322672526886 52.23659552534991 288.7177853649737 132.62960082650196 285.3545117706094 191.90211039388402 196.04377758945134 191.5546094867889 211.122051498945 276.52238915676605 156.21743726204068 283.69594088050115 120.56614963867807 222.1933942084124 65.89167451897097 244.18940568597918 0.0 225.12149850729685 25.554280536233108 160.03710536403713 86.38437602330688 130.95702245174976
306.54880165208544 164.95684224816213 200.1964482041778 207.67026384206983 164.03303831457453 232.99913179170332 118.70011322673795 251.9412643135744 53.03290027090277 248.13798483882383 47.81331196801513 181.6235053914904 0.0 118.5421202208274 59.57736624080573 74.32941273131844 112.83491391182187 0.0 165.68054437864546 92.86364836204137 288.3850928655588 70.54781705502711 306.54880165208544 164.95684224816213
72.39620181294754 5.3460176839493485 68.58039096868475 36.35174854528212 103.38654205122981 42.557068680665296 117.07898280536074 85.20032628888069 70.47899487308607 73.50950368812485 42.66429747526448 98.85388665191982 12.796497163128059 76.64424554192101 0.0 42.1444175661905 51.67909432571336 36.76024934682955 46.11310269302174 0.0 72.39620181294754 5.3460176839493485
60.2940923320522 220.03989062861604 0.0 150.33416814440744 7.610806538726308 63.574279690006136 71.15062279340307 0.0 139.0556640535048 59.95704427412896 260.15505870891093 65.55991997314914 206.751983688832 161.66927158790008 153.05051182007307 232.57138784628455 60.2940923320522 220.03989062861604
233.6768475738496 170.04461785799114 181.72414150116256 219.32694695525473 108.42697440177027 167.74417823920197 23.426824437068632 232.48816621394627 0.0 151.98369233549553 44.8706673823541 88.58755259147438 17.008377747695008 34.16024818919117 61.56802973839361 0.0 111.8528938960929 57.14976293875864 162.46933936043396 11.283316238126247 230.85273362913503 30.54543336440757 192.6191778736455 94.31665147147602 233.6768475738496 170.04461785799114
101.32968692569466 0.0 170.70169499648932 10.458013449135251 234.5364724128558 38.969856573895875 274.4344655241699 118.12344997020827 209.56275294403758 196.39414423416605 133.4534716718883 132.76252987554352 32.632439795267445 152.22952889876728 0.0 45.77596897313502 101.32968692569466 0.0
113.33007362992326 52.39259023759961 98.20464148099566 97.54806007575871 52.48201404463326 80.38020101844413 0.0 43.00592418533696 47.27225236155718 0.0 100.1594062145843 8.81872943296699 113.33007362992326 52.39259023759961
76.472987677503 132.18009770948288 31.950291461208536 140.90789233924104 0.0 94.77273431033606 13.025195694529572 11.58078061416461 101.81382209442039 0.0 174.79576173077982 56.524175242849 163.9218299464343 154.7570314395524 76.472987677503 132.18009770948288
132.96538583170133 6.486860096931366 88.18662785000548 59.19482598319719 66.46334489805861 107.76466394219541 13.010784210613295 93.82394434454999 0.0 51.112229290323086 14.912085323288338 22.229470791259928 32.27947830938909 0.0 44.96511568411394 34.756441928155155 132.96538583170133 6.486860096931366
94.29235943651898 114.21391588908014 0.0 39.8092879382283 149.0269163306856 75.17329238763203 161.39798175414336 26.58617035287108 222.78857277003937 0.0 267.4159169891849 47.16293544381122 302.4794890702646 113.34831624207466 256.97853771116917 172.34617643451207 188.32360118077457 160.96089268002396 167.12802345176857 98.75957384746219 98.61329599808397 165.07401581476694 94.29235943651898 114.21391588908014
214.93640661726207 87.70650292143664 257.91852416308427 196.36820112414307 155.02595038896567 253.5301694649821 98.28348208865589 186.47497358491947 0.0 104.99051661117058 109.1942166333209 0.0 214.93640661726207 87.70650292143664
17.03295227030074 119.05704759440106 0.0 44.71589241236309 58.16568021654463 0.0 121.45868022012868 39.2575388801944 100.28285118764154 114.79771940815853 17.03295227030074 119.05704759440106
126.00521523002179 53.36995485628693 155.01811476678603 16.566255946458 215.06948351799417 0.0 286.00079464102004 20.43843156721867 266.7005290343564 91.6818826727819 204.08655707972036 126.82314492175361 232.50878165582702 192.47282537921595 199.34035705454693 249.3518777040226 137.05843047260151 208.8545021416884 106.19152369829956 178.75652882722315 96.2228139935427 144.36747853014097 37.480127464038986 139.39432714269898 54.795214179857 96.99866205587115 0.0 26.55981831608159 119.89657413311568 82.9086194395218 126.00521523002179 53.36995485628693
56.13426415762687 50.71739282182524 44.696058441279035 66.25519905147736 25.809952903178285 64.47527354334598 0.0 58.924516575480254 31.20402683663407 31.970924005444672 30.354567807111636 22.765886964960202 39.93823316486392 20.306226937384565 46.542085389567006 21.55104803086904 59.634911217715825 0.0 63.21096946524378 17.366128692153197 85.04817117580419 20.8811320330218 83.99080444950533 38.92050090331894 69.06485705386515 48.371046694364466 56.13426415762687 50.71739282182524
148.34566530820385 176.51998354243534 113.75061025572643 203.93359314046836 82.20785535165172 177.90991712507534 73.21274849864116 141.69510276495762 63.342414842486704 117.46729703090416 43.86346562625812 92.24897421996903 0.0 34.80074225766789 64.98272105352407 29.360160307453242 100.97738770989508 25.84999202657282 128.1855086507067 53.547166989951904 173.06501280579496 5.602337238573 240.06945709161053 0.0 277.16843728363096 51.5847700623889 218.02213548975095 107.16909707911184 201.3654197797092 139.35494880430178 138.0850815971671 115.92889788814571 148.34566530820385 176.51998354243534
0.0 97.27336298212518 73.73395540706554 54.09712978295188 117.43989025995755 62.03866903592575 134.74419323501203 0.0 155.7789097909768 45.69608256443819 187.6257395065734 61.077603320811306 219.97192466339098 102.93915162197246 202.97377531827834 156.33788943574163 141.04485277991836 133.27297677625762 96.53336482286994 176.93905492980034 32.57090942582127 158.28632105512511 0.0 97.27336298212518
62.94191916182976 242.72577461125556 0.0 156.16991401570925 90.10473816748649 95.55223483221158 145.3668859974158 52.337284744093 294.8072252154513 0.0 344.42385675557824 145.99970242466557 300.7143056308655 286.58653135398924 154.63208785413548 314.08878973682283 62.94191916182976 242.72577461125556
142.4737280943192 209.46386519553442 0.0 161.33045468537034 39.9712877188618 0.0 272.86762590649096 20.11509993121433 142.4737280943192 209.46386519553442
37.652156035270366 110.56452915933961 0.0 36.78495100557353 84.62519136063078 19.64671997743902 135.50951922830973 0.0 173.2593562753014 41.32130008912457 245.0858358527149 85.31823265846499 225.82621102642764 177.41567035309237 130.39322712673317 167.66300898864148 91.05443141275347 127.50478745163487 37.652156035270366 110.56452915933961
283.866146021605 16.92700126351633 294.6900585859844 143.43883917966136 233.06639230245634 212.52255054721178 159.8533255762577 236.18357553678385 96.01294054186567 202.4967819227351 0.0 139.33637676149948 72.30654770913063 54.02565641515696 159.0009898956495 0.0 283.866146021605 16.92700126351633
0.0 27.04396766801225 45.330613741901146 37.72861949499002 43.230049277375855 8.672230933684041 60.833893275021694 24.22875405686738 82.67087789838641 0.0 90.99726879070198 23.59144024077691 111.44976940917857 33.85509553376095 99.69102636899275 54.65801947903399 74.33662108936116 59.5253279558545 88.86776539737909 84.34980102217713 71.70752707354185 85.98705897787505 57.72001932696064 86.95337056168205 52.33861607326783 68.9157145759228 33.621798361170775 77.03115097546623 18.696706313578886 68.62809857071093 19.959897788294427 52.27831068780579 0.0 27.04396766801225
0.0 233.41343625114143 68.56952240676878 84.92628092318056 84.51199754564709 27.98651084378369 152.66415743512272 0.0 210.1432785132195 55.46112605506305 269.26113409813684 168.87736395921377 132.64663901820762 124.32147013349204 0.0 233.41343625114143
73.12425951498355 10.551953356593124 92.8570606134462 6.393895316639643 126.72709600191152 3.2489591496994876 110.66002741804661 40.56501724304454 127.45659749375291 59.06500692099108 142.99936602398867 93.71951881297112 104.37141585407217 97.49024290222884 86.85641686765813 121.85350401715924 65.66850427084812 83.77969331067077 53.01394511691849 78.61451652371056 36.212711520589124 72.4442770364118 38.0065209939151 54.76141149710102 0.0 27.189305086923113 51.71717834715281 32.127349322507115 50.47799587139717 0.0 73.12425951498355 10.551953356593124
71.49048511380457 41.364021557261665 32.17911980793866 70.91712041586375 0.0 38.766503310581584 27.357855741826768 16.796440087438683 31.344778899773132 16.36274152912351 59.03591313460154 0.0 71.49048511380457 41.364021557261665
111.48470889379848 238.8912572870778 0.0 112.69374046808349 132.2114628995218 0.0 292.8983062643879 50.64637419514911 164.75268387794227 126.32321831106704 111.48470889379848 238.8912572870778
97.50660751297394 16.476938280520187 143.28077998270163 21.208906016370243 135.10222547766196 62.17136872301812 107.51481804941955 86.09589747554895 106.70522274772117 118.78584686884582 72.24595174024286 100.9347916790681 59.82124880101168 84.28103488745231 14.437853406834613 112.79777630663725 0.6035212325100474 83.70043365692504 0.0 51.61847005059117 19.1012687225166 27.34342631974868 37.3105184055166 0.0 69.65590131389486 5.654925738367311 97.50660751297394 16.476938280520187
0.8122484303368793 0.0 22.696692874820826 6.081696268388555 32.22040578529699 5.9271509092352375 45.22666017447348 4.404793370770406 59.02008044260076 12.432695765980128 70.07943254259676 31.380257218619434 41.0812334287738 34.26589430982011 40.583339363869754 56.41508182481499 23.800066076914064 53.61602954873268 14.971386250492742 40.4742712320092 0.0 35.083971895235436 19.51309759504295 22.07089636551723 0.8122484303368793 0.0
166.4206343215336 105.995273593081 77.85477559349188 175.79373611259592 0.0 65.86131788782671 102.73204630701879 9.916799738118947 221.66821444383163 0.0 166.4206343215336 105.995273593081
61.48194999768121 16.878456026456092 67.12817406352984 38.092558679814616 47.15475828381673 46.96526764577261 32.450563329618504 42.48166689257722 15.099416910865017 54.36833270826496 0.0 41.55329160057714 15.979118493600453 25.2149367823054 11.320495900655672 5.106151765127137 29.659966480400655 0.0 45.170298637452206 7.628194501860349 61.48194999768121 16.878456026456092
157.1535561462253 141.54812813786424 130.15013120531765 159.732533684737 62.66848109783793 221.60502309425982 0.0 167.1503357800303 32.20866936870509 91.66205021722182 93.89608366486338 78.85611801665334 109.09554311433372 20.930844133008705 174.698831185801 0.0 232.99427636003088 45.1086560393698 222.79999260378128 119.25516433323712 157.1535561462253 141.54812813786424
54.78217060000682 103.04017270198713 61.176344375008085 75.44283375129572 89.29666926884344 0.0 123.34199654876875 53.91599668682332 161.3109786676455 75.11895119085156 222.69634849767056 113.29466108559231 189.9452584238077 167.91826177895945 131.39697650562172 180.56232875708628 100.07232086681942 199.59636660907893 73.74969024993645 157.830049051945 31.202875186821387 180.50490635915915 0.0 154.83329297995277 15.940117157409489 115.29203508213094 54.78217060000682 103.04017270198713
0.0 0.07069240719869896 66.95242568279194 0.0 125.97191405206244 49.36243832729774 74.13907779357295 103.76348670540348 27.656463498582497 79.27279568165619 7.334376325813537 57.60678946292809 0.0 0.07069240719869896
260.9827464698458 0.0 203.48771086925697 132.45293154884232 102.15075569398084 234.99298032341352 0.0 94.80283218020539 110.33582990577528 3.3249361293448487 260.9827464698458 0.0
322.37326771027097 122.39356587871569 189.27244669163156 186.93209293726136 136.017665187008 279.3026379809804 95.99358530723259 180.53484806852816 0.0 0.0 170.10826393369564 144.22683312012555 322.37326771027097 122.39356587871569
127.10969807181712 0.0 244.30251463562263 50.25489367378759 206.92088004182233 143.89703521622647 183.55761955698563 218.01344274622696 146.22633895629062 150.92905430265824 0.0 92.19208965084152 127.10969807181712 0.0
84.88893734795481 82.0170489267136 0.0 81.64942519066933 47.43134027279869 0.0 107.75570759073132 29.351130492321303 84.88893734795481 82.0170489267136
0.0 76.81990195044332 23.15568434283645 41.272317663679544 63.171512773252516 21.58915422496554 105.90424740773874 0.0 113.47780629681199 88.69863120555873 163.87105869059621 63.24229241241385 220.61017168980942 82.5753171137163 130.58957403518377 120.73448836118055 184.8126634490118 170.13258704836448 114.83195879708217 138.6149125958293 109.82647142440283 174.40134122582197 93.65287586713865 139.37255683316982 26.717896818074138 208.57793950949628 30.984048274192332 151.07286104032113 79.10565274618605 116.88288055938398 0.0 76.81990195044332
30.588206453470633 54.23314314472473 22.278185271847946 50.271751715140574 0.0 49.856184704015256 22.04460272927534 34.90147460858143 16.558494220919698 23.54678377440984 24.08030376574051 14.577615332308874 37.133124569524426 0.0 49.75522065335285 13.986785495524181 54.263874168129405 27.796656499558104 47.72446934367093 37.97029649659765 52.86714226223829 51.06493223566593 37.27792810086049 45.81756927030134 30.588206453470633 54.23314314472473
0.0 78.79296540367625 87.79652544620998 0.0 213.4175483740727 63.8641965541363 145.4678301489232 176.6696694521652 69.03639495105776 208.81639554538773 19.97891955739101 154.28816197631915 0.0 78.79296540367625
60.88204500475046 80.47604818109673 38.61017231212558 76.81303947787205 35.31299272630047 52.292382752032836 31.10659716512823 39.30355803632483 0.0 6.835280522225858 43.23214995036131 13.990560202126701 56.83105426894033 0.0 75.23583573264432 5.766793285681985 70.85285770134337 29.892311933922173 122.87767301495853 33.83735014129435 101.40792299153443 59.05992663693095 91.86816049111295 88.2558430015246 60.88204500475046 80.47604818109673
56.63971412436304 0.0 90.07240381853248 15.587644212949982 99.27093772473694 63.284541562379815 53.219958174985464 51.8566739489563 0.0 57.72017433027966 24.522488260200163 11.691161179649555 56.63971412436304 0.0
93.93123501939098 240.98452693493755 0.0 229.9869673735194 5.073134283827173 135.54207475084723 74.93169116117514 103.11191329229571 79.05262726379408 18.28268352262073 162.42354984320605 0.0 141.2450092015816 120.59272409810428 243.67509023014213 137.0644366002238 137.11500397991213 146.17142129613995 160.00537637995814 240.62313483691716 93.93123501939098 240.98452693493755
279.02037072017714 133.36625022330287 270.0955295457644 182.21052528046198 231.233623596951 221.78985094256547 170.85496284228356 247.2206954992344 132.16733345626142 187.90522853674918 82.62739288259837 160.80731449499694 0.0 106.46588750666592 87.01155423110652 50.98599243192518 110.32333928755963 0.0 186.8252647105539 56.88165239826651 215.26375524607295 6.014192421329383 250.07021994734663 27.411870157027153 340.0905026650945 21.904523795576935 312.6021584095147 93.37207363159236 279.02037072017714 133.36625022330287
310.5005240018669 248.9752164942945 212.06951487528852 218.41892333400222 197.46568354831388 298.12172541276107 137.4512997317719 313.16858131954586 96.64529167523617 265.3086554967163 38.79211129949735 241.1192353249237 41.52555346711041 177.23525121466753 0.0 120.09319656554496 115.85895345688847 117.57804860102863 135.97243119636022 104.84903891233739 142.49960407355928 32.282992908309694 193.42667764866985 22.14406551246617 270.81250144319745 0.0 342.2127759531563 33.361197205461124 234.54590195420425 138.12930909194455 266.14879985673747 171.31859321842154 310.5005240018669 248.9752164942945
148.7720711305078 21.22528760069899 261.12429921692683 0.0 308.36460079220535 109.6797389697188 185.2856093697514 152.7236718997741 191.29769445515316 257.2804132175743 95.77678079571155 272.88360412395645 0.0 208.1570865519899 41.83011381965176 109.95542698927098 47.55096126826362 8.899480672252864 148.7720711305078 21.22528760069899
64.37582256905034 21.028894756556845 78.67050580764094 67.95950799356348 134.7923611975154 0.0 132.26248865681077 44.764253800853396 191.43284573360944 63.202252199543636 139.17442687235513 97.13642306003932 138.95876473954058 135.0741182632233 116.67729482910234 173.19900575885748 75.32087585858382 185.54088227543315 43.703103668112135 150.9611105960151 25.61520188566743 121.28248778946954 0.0 98.60724389085016 28.326220373815516 70.47807498755783 1.8928360653116556 32.07768039675918 26.101664195014678 5.870206750205824 64.37582256905034 21.028894756556845
0.0 0.0 34.537895853417744 14.188388585324006 49.79272184180311 2.1427437975124093 55.51870391768556 19.775827866022325 89.3704183169286 31.63546752941832 50.613402220130105 39.245674727749105 51.67607210707815 74.06109942256639 31.1276811886596 52.373435342753865 10.381125626045282 49.85878158331903 31.544756412659375 29.98891198944466 0.0 0.0
1.5635618867421073 0.0 96.33405380270007 4.733021925771908 150.89820819903673 6.473849855796502 188.11434548675828 46.8756000033353 167.3544795424676 96.4273722229483 163.55620186292666 153.7233382557502 108.2476295973693 144.89948958187222 35.4522688551241 160.51949191340776 0.0 91.41854657409168 1.5635618867421073 0.0
94.66251395666997 12.354503557604431 148.8024075659722 33.29808830222885 101.45027918104502 71.4811831823709 0.0 99.09115521044075 43.285374828337304 0.0 94.66251395666997 12.354503557604431
12.24345211780912 107.71774937432583 0.0 80.29085160486743 16.320609846358003 56.53479572695851 30.31073135723541 36.93006218527056 46.85281308748098 16.073973161527036 73.96483290241122 0.0 96.16322441899577 24.64697737972513 123.82423175943607 33.31389049518367 128.90553926998996 60.32375322436876 134.54498713452483 86.4108707253427 161.2265589615389 136.91720877507595 100.57358183632122 121.36592133781379 80.51077414711624 131.2045905947012 58.1091647242249 130.1419512719071 16.216192582280527 144.15757485671077 12.24345211780912 107.71774937432583
30.003059611314733 156.5370766295211 15.575954583535307 93.41744622938006 0.0 0.0 92.63363505074707 61.536387897476374 155.97445953086466 34.81134319970702 214.28881891744837 96.15917252458546 125.35223732201436 128.215676733149 92.01129459695197 164.56393207837613 30.003059611314733 156.5370766295211
155.03010490248437 215.49765012844125 117.8647000222444 258.6080075442639 73.82936591833628 245.80760228786085 65.2985172501564 195.37637709006742 33.51890196020139 166.0870449352205 0.0 115.16139327629362 105.98165279569562 119.416906102935 92.23671858152878 65.6416178584839 133.03046800271017 92.94402502571538 172.17274582150472 0.0 175.31983447724792 95.19709254513666 242.56778929701943 78.45422019173748 244.4663127713489 125.96135871083531 272.0080730951254 172.94657131975725 244.83021303768712 214.149367612574 195.69901118509407 223.69468905557136 155.03010490248437 215.49765012844125
167.92375649298327 201.75174192420542 122.06535701407624 158.3309712995947 90.92140791806273 149.36770277049249 71.90566187346352 120.90259240464117 0.0 84.61606180005178 49.31787585207621 39.212206561700796 100.03357458730267 31.55879022534615 132.34607787768454 11.454323335174053 180.8890573149357 0.0 224.58113660390148 27.081975099337257 253.04589813685828 72.2794848332883 264.0758960859441 133.59131863916292 191.52399854027652 149.59559012963302 167.92375649298327 201.75174192420542
158.23965481791282 206.3460758931305 114.9430884075187 216.42338085413041 64.69466536809438 229.842229706838 21.55587955401333 204.2638904220359 0.0 158.5194047696051 90.88926198097947 112.69416909145947 38.39431781475605 77.31098469143502 60.201192005732935 53.47462129358381 76.46699801072657 0.0 121.73415114429744 24.580199400735154 161.72001706316144 33.14550642364381 109.27446397746962 113.2075222196634 196.0794686534142 97.76423653642256 236.4557922668522 145.8265212989877 159.21712857287116 151.8393782711961 158.23965481791282 206.3460758931305
95.47399345253798 39.39968323715346 151.1883094938442 63.19496422428062 113.46316890412088 94.57127686120396 85.43257990119999 110.8647499870417 56.172080459246445 133.07460436288204 22.941375356337105 116.26138269884862 20.824405824017894 80.09328825609796 22.88837515374682 59.247485091607125 0.0 24.50261962474341 34.42706810612722 15.437136617461803 61.30823898886709 0.0 82.66336380797195 20.925433931757752 95.47399345253798 39.39968323715346
144.69517570757992 81.79438310895772 211.39869897391534 0.0 294.38177923904607 51.25632324547071 270.54237473964866 144.65891527009362 232.57356364949015 189.54406987931708 234.62799209099103 287.37623204232455 154.5680739131896 272.7397879090522 97.35342207411868 228.93665052229815 0.0 175.65745737077262 175.37992080541918 156.71929477908208 144.69517570757992 81.79438310895772
41.22164228757067 56.24923252799903 15.942481478379968 77.10575854887898 0.0 53.668935059758056 28.934916318143557 28.403341313859954 12.391695479532679 12.897370270992312 29.854399854768936 13.748899196817817 40.13687064585428 0.0 53.76578842349283 7.677830379991946 84.36388812701003 13.228571025227268 76.47824160374458 38.54384842734652 57.01266312925183 49.90916082655711 41.22164228757067 56.24923252799903
55.042577650786264 17.814962276778765 82.57243831211446 16.06581471120949 70.83200440236155 43.96187893783344 73.24531142233567 59.32112483772884 59.949253259527744 68.72866120395088 46.83633744190198 68.97857653769844 36.16158010539228 67.22265004126345 15.913890554034431 71.67324092541102 38.7101241642301 49.48949942018175 0.0 33.534506480398555 2.4501754526634443 0.0 42.853357828125915 45.46782167136872 55.042577650786264 17.814962276778765
51.88510559594482 46.24880493156019 60.98012906014469 0.0 101.30392200349759 45.14581943321725 139.5040769102357 5.691570622741921 195.34129239833302 0.24943017664165268 170.60641054900998 66.51194274719933 248.60872156567356 93.9103668926309 137.91557972574878 108.83231098444017 159.08090863996046 149.1599358390733 138.3958380065897 175.45829638450454 102.55865693465128 153.91841341858918 55.34356747774419 211.86343569778535 48.084112396726454 149.67116109632119 11.116579922598135 135.03201874111278 14.364019246516705 96.66017628439933 0.0 55.626388932180994 51.88510559594482 46.24880493156019
190.62445502083838 0.0 348.3791629813368 130.69654211933397 170.44007986556005 298.21016721916106 0.0 189.70799159928134 60.93579132532955 40.70135548437749 190.62445502083838 0.0
0.0 118.10616278445968 57.99914781509723 69.40258557237384 79.2958462828731 44.824117387090595 97.00194721282847 0.0 132.0354692291858 56.60947445024921 167.1473244102429 32.48421550486394 157.325062729665 74.40632735172908 204.94588611655962 90.27795501884074 186.10951837320974 123.11123145847472 159.58526324436983 139.05020778256983 131.79137539430357 131.2621391094917 103.22110782505507 148.10626614383096 94.93011681522351 117.22986948827071 0.0 118.10616278445968
94.15557221641856 8.767778202911046 143.13588852832294 0.0 199.12687315283688 65.28170729199942 116.94963007370889 97.24826855078673 35.36171278337855 107.64287663585212 0.0 12.517052309386045 94.15557221641856 8.767778202911046
