100
28.21284231756715 44.41243688087265 0.0 51.83581325117143 22.752827167075267 32.58169861785636 16.78750629627541 10.801447217357591 39.50556696737411 0.0 34.89765045855057 31.937410008095966 73.07424986630014 44.695823276255226 43.5170987256931 56.253647813539246 28.21284231756715 44.41243688087265
93.6858479478058 129.32788666194472 121.42081471573132 67.59258625171947 0.0 13.267660066107055 102.53130203856472 0.0 147.28981591353485 17.289093452351977 163.82476712991036 34.94950746301638 177.49732142485118 41.80447470326167 246.81159113680476 53.325364008706934 312.7061237614521 147.01733219592995 233.2453142265313 216.60281398018367 137.80453653336056 177.51016752243385 93.6858479478058 129.32788666194472
51.25082779924337 46.87241640413279 37.222234293176555 51.21753083418827 31.43833545202979 37.35779144869193 0.0 34.108515888864915 21.848626003336392 17.811918211558066 30.83970941292361 8.22610564803 45.74091382757109 0.0 60.85725596406414 8.777646545958689 68.53655008155576 23.52166038528364 52.8343942620031 33.62463573371005 51.25082779924337 46.87241640413279
250.89152826547792 187.54276682690693 242.11639533146754 226.5378694251791 202.51595408331164 221.82712393234084 171.65650585104288 230.73463681812996 122.5542735021209 239.08487895166365 151.83619865790848 174.11174284625105 0.0 158.9796893092439 61.50196831683043 100.145332576029 128.60419663212673 90.60385725497835 144.30154610634253 0.0 200.72150798366005 87.85412193947936 243.55407549316078 80.05064323203479 301.30699318090467 100.52526398092652 306.49187835146563 156.2968542828773 250.89152826547792 187.54276682690693
224.7517583835591 40.93360327161974 220.82498831954163 110.5959919303914 197.02985593623964 174.15025000430126 130.78622577693082 176.0475958792511 75.28163515685026 167.13624089265812 0.0 126.91194973024975 99.25107556507123 80.8977334793992 92.09097162129245 0.0 158.45817446300194 21.061274366167524 224.7517583835591 40.93360327161974
22.666970660159265 15.506097136990192 29.463533994749767 2.2084553703854937 46.28029811790309 0.0 52.04026703511009 15.444756632161287 72.02091606681343 28.539749626588986 56.33162944062006 41.8981603254353 40.22120802518042 46.18740428178461 25.952799758746508 41.26322749912417 0.0 32.510785538553705 22.666970660159265 15.506097136990192
131.67698882310316 196.13017002864515 37.314532040829306 172.50136648643564 0.0 0.0 170.43886304065356 29.999881941126944 208.0272146026166 142.17194219646416 131.67698882310316 196.13017002864515
75.05916676794429 46.47351705061479 117.37744577786428 0.0 152.58508127400614 48.534078283675186 171.2599123539233 108.69079764075013 107.87299792613814 127.59521884061064 55.50126886536124 147.49702287668447 0.0 110.07586648144951 16.017816447927444 43.72628473178858 75.05916676794429 46.47351705061479
189.94864188930097 45.163314294648195 94.22829568138579 57.25410237062446 107.52083705194067 96.9457072221617 68.11610303801791 136.30978484105898 31.64941890004826 103.9893748852862 0.0 61.1417326734822 9.454134083956632 7.3222976811648195 74.51233107064436 24.16850390690896 99.6071927137192 0.0 136.70698690479358 9.502455113812722 189.94864188930097 45.163314294648195
64.97583030010962 87.80382932431229 12.02910443743491 73.36518588880458 0.0 39.0863245340056 23.834270754266413 0.0 95.97889453574207 18.416316116047128 64.97583030010962 87.80382932431229
64.8041717902504 139.56033084496926 57.19464804146071 109.43613495119297 89.97429749757733 83.09394607200127 0.0 32.01327061509333 88.53040348331764 52.986547373104855 88.25568562790662 0.0 124.41569655370914 6.323801657620237 152.52910912199167 21.36265960929294 209.33395611948845 17.855729430277492 198.42491012196956 67.03264530650856 189.05621639054743 99.32810668814307 164.16121568325713 117.44263172451437 171.01538044368922 171.44462620367293 124.36972490102832 150.6799331872192 103.6157066413295 121.22401583738758 64.8041717902504 139.56033084496926
191.583094383189 190.6279115421573 147.92188940371028 224.11919641500154 83.96910286262494 225.532444941815 71.37247774804331 158.5233883429614 0.0 109.78104611565443 100.16527109712405 71.85208572704711 149.80797260026702 76.69913360150592 150.39183781520637 0.0 187.56285230433207 61.46941335766565 220.9842291930949 55.39868762425007 273.5858813562521 64.47151025984311 258.1090297836818 111.32080521040554 324.74782015757387 187.33133778466708 176.65013940092524 109.74646213820066 191.583094383189 190.6279115421573
0.0 44.639971590572884 4.8416106306874696 20.355487477121244 14.731202135799492 0.0 37.87947446207863 10.835874499350453 48.031033274889964 35.54686599088991 25.790691084291154 47.454888165079694 0.0 44.639971590572884
164.28451437105554 193.37054048846838 151.9715298932462 157.23058976366863 90.35718187503147 206.61902899018884 52.304009781855314 172.92699879985292 97.18779413713321 129.97584065658867 0.0 37.915525551177325 102.62342511056406 44.804969217728726 148.37276127370268 0.0 182.8974682481599 77.06127698685594 242.02503371306113 57.90415278888631 254.97862547655006 106.93715128932327 336.6316526178563 159.36737552353492 294.69875944713243 225.43989916657094 240.10851598478843 270.42334839480947 164.28451437105554 193.37054048846838
115.78260760474065 160.79445293393093 39.206777822159864 193.24384807117627 0.0 121.77543700592851 1.9251712921772537 45.795924973118524 55.01798541917876 0.0 114.60505803766252 1.9373613919783423 141.2034212044724 45.15974151052262 270.30796279887335 30.29035077309713 186.20317327912636 106.32974250312499 169.2388817332145 154.38919912971477 115.78260760474065 160.79445293393093
122.85203255732092 0.0 139.01885809023997 44.93096503196113 165.03130004075297 65.19412902341091 140.53736321824817 92.45092102663878 139.5238686141667 117.9416730852019 120.28079927243483 137.17573182821656 92.96375416959404 134.88010616370735 89.9309939313119 99.02963552888765 0.0 120.36118524349052 74.47642093819208 78.41948460272425 57.08651649647501 42.562479075019354 81.20613223536469 14.842104327883433 122.85203255732092 0.0
60.74549507071913 60.5656487986942 46.99714385973928 70.9151384727791 30.463092649015763 68.90015425648151 19.60548626224208 56.41666591045502 12.321767388612585 46.15847538545347 15.745114953706803 34.57426636122659 0.0 20.86347261778134 11.78758646330644 11.34464921033954 25.517195874003363 10.898254548151613 34.74624262972385 9.519504179757021 47.60783504928855 0.0 53.97156363118876 13.617292905167389 74.01901841162163 16.154255076748996 84.51925702530832 33.816534680539675 46.04979787511154 36.394049255125594 60.74549507071913 60.5656487986942
149.11905824329875 163.04493679559556 61.9078500072458 126.94195731972547 0.0 35.19179499213714 102.04065121418722 0.0 172.55078347141114 8.745477214954384 202.9220487307356 83.61616648387545 149.11905824329875 163.04493679559556
81.55828260648215 22.108007362102782 71.36310640977192 43.37112693952321 44.92111536462249 26.931484966026204 23.73179974169023 73.93312053621699 0.0 49.13832762999665 12.574682356244516 18.079677055888695 26.122493229540233 0.0 46.46687083722724 8.178017425327155 53.21012308515949 17.716523512634268 81.55828260648215 22.108007362102782
131.44161219487302 136.67691003505604 0.0 208.93394563851194 52.43575077542246 133.18160537351622 11.461754245115287 70.43409477853147 65.30558714458004 38.24276922166845 114.5182397385834 17.53670294616775 175.56021434654764 0.0 187.23806330747254 75.0536729091763 295.0079649836962 75.17926041342068 281.72439757490224 151.7938985728499 202.61769305016009 177.87252231432842 183.68513462954252 232.27212512361552 129.81904692214962 245.91632465189275 131.44161219487302 136.67691003505604
87.84431298713648 105.73901625611562 0.0 123.45540545753032 81.69395685181337 63.84625851160543 36.41817182456765 25.911688647884027 104.82785849317857 45.68021107946751 105.12071431276529 5.226034650940292 132.00335434972683 0.0 167.3844370054888 0.4082415289235968 192.70308888413172 27.189612280142555 165.959596861085 61.72934810365908 184.75389173386773 91.91187813571354 168.64388333929318 119.04164057591377 124.57364723034745 80.10920032534457 103.63363268172603 141.71332555310994 87.84431298713648 105.73901625611562
0.0 248.3192926346366 76.80661625880393 143.246975843214 50.6015254545496 90.49820439554883 66.59444131734097 17.129473890219046 138.86171928903843 107.80139785809102 232.97360031953093 0.0 239.07788773734308 92.7923367295669 314.5191840060661 168.05696346803506 184.77382884229223 182.82413499250845 147.82576251798395 177.8520130401204 105.13714536013981 232.02868337483375 0.0 248.3192926346366
0.0 237.84449072626785 37.88020480487697 148.35965254798276 21.26889743219732 89.84647980268245 21.92414650281242 8.864590719453886 103.69443558681593 0.0 165.1067814621722 25.94682382723603 215.63370263706489 39.96077976597053 240.9592578106228 89.13063327417481 276.65921193836596 138.27755882958877 216.75655502684006 171.3779057276688 196.61852852861796 208.0388827384702 154.72400035075526 233.19671624271797 82.72739643882491 269.1901375344919 0.0 237.84449072626785
202.08676653165332 137.80673447544035 107.40482085599618 116.3610801404545 68.25983153588459 83.40295593644217 0.0 16.76181927635183 90.76514467426271 0.0 136.1249212737004 8.51630889999251 227.81002371644365 32.74200949189701 202.08676653165332 137.80673447544035
241.3268261181709 0.0 355.1661954436095 249.3034962433127 141.31356108507157 192.4197588011205 0.0 60.614910323727 241.3268261181709 0.0
74.02863719552018 68.69306663734257 62.491464800268616 114.81417896724965 28.433207792572034 111.34169411199242 0.0 86.64910115482438 19.621586894694644 51.586323380671544 19.345658586544488 23.597219164632378 38.92825919480309 0.0 68.7740384903218 14.48681866156091 94.44524401584043 11.45820743655608 95.83063562059665 39.63915655082373 118.57770054669876 56.9807790583899 103.31509914899772 77.13024354812758 74.02863719552018 68.69306663734257
0.0 0.0 50.2139579996995 5.961962280128702 78.4606119013765 67.37690078415135 9.539954894511524 52.874036806229796 0.0 0.0
122.01757080237581 19.800234308367955 75.32110558618496 83.54090847223472 0.0 67.45951185214864 39.43540316103795 0.0 122.01757080237581 19.800234308367955
160.37822373939667 158.96205776895235 151.86872139477776 214.0320303630384 110.07540203185815 194.12618764567247 59.66415046091882 207.54464315530342 0.0 190.4499222405203 73.82561017344898 120.5772351780428 12.153399682106055 74.56437008095779 43.18582112534013 36.93642495425841 110.01563678199057 86.05231239480874 138.2428175120251 0.0 189.22115201668163 18.826095157418422 247.83782751160663 43.661632036633875 260.9311233385063 105.33529342406452 283.53785331577234 178.18559252412862 160.37822373939667 158.96205776895235
206.60931710373347 103.05845080067465 222.35006023290944 208.8826860122707 119.00066362732142 187.5187886563976 96.95849235482815 132.9394962984628 0.0 81.46045816195328 98.00915820508402 51.588186221416905 190.4028944132428 0.0 206.60931710373347 103.05845080067465
36.57296808278812 7.460674469803095 49.05862997145914 11.943215457822006 53.22699197583967 24.979630775074895 59.77943748878724 39.58621478680212 49.5480832068674 51.259439269043924 32.66623678436282 47.40262139893565 23.94047709647029 46.41384948153255 9.073962783171922 57.61744490898438 0.0 46.355902558848726 10.025208586733555 31.2910973798234 10.87943523792336 24.66078237652586 10.487829190979639 16.09672940666991 13.193990651925944 0.7989331832201003 26.40717888487748 0.0 36.57296808278812 7.460674469803095
151.2955336950613 235.2306939875517 86.05762342397009 272.6988539821511 92.62692392554209 196.39184187220158 0.0 187.1089204136512 64.24850511330646 130.0343610461057 53.48591904491576 79.58930467743403 80.06254074314865 32.72220346238791 141.4753278044504 55.370276106319395 171.49084646273113 93.16832439992942 251.30276375395678 0.0 329.78540139849497 19.006861643018212 274.298415830591 113.67972039236415 273.4794856095236 156.91531217279197 277.31789638607853 205.85939005531458 238.2481126768489 235.4699702152325 193.05638082340099 249.98706107744232 151.2955336950613 235.2306939875517
91.66162128086461 74.4166889694123 58.577113370976036 68.99258681543115 43.35369953916927 47.9840561114613 29.523436272752804 47.826745620950064 0.0 40.746430553168906 8.747581884390513 18.324774118019718 20.773598284359934 0.0 45.24705331495544 12.278792008755758 56.00414011544112 6.915640589262168 67.40853576856412 12.130871502182387 93.79494841232881 19.411342165166545 91.00815572025591 42.68915410559883 91.66162128086461 74.4166889694123
55.55161258817472 9.126940252827247 76.28929920520936 17.93286770851629 113.78861980990494 0.0 155.36739280568776 27.596433600500568 144.1592188300736 73.92187453895778 103.2619250795545 97.2856503005583 62.05877750123766 122.2422729884168 31.02452830158162 85.18553789601543 0.0 53.493351186022046 37.95116910660414 25.27339585257804 55.55161258817472 9.126940252827247
14.565707108856145 11.03079856911642 63.75792162168017 4.85973671914828 101.5948846658556 0.0 110.58683956727631 36.031690748500246 106.797130518665 81.27332721867228 64.75540969370525 67.59921064433888 0.0 70.81356584099422 14.565707108856145 11.03079856911642
6.189325312257694 0.0 39.5346189189556 9.42427573747122 115.24963489301032 7.217382132471656 65.66105613388712 58.472629359888074 40.060033325620765 105.26424971278126 0.0 71.67028800875525 2.186349265714 35.20768011515047 6.189325312257694 0.0
0.0 10.848883903452588 17.828962149051137 12.831800504014808 18.963130644443297 0.0 28.242111838958095 8.964643951203513 39.07586276241699 1.0248391843213227 45.61022704849549 8.993186092725523 58.74612747266663 16.01962297909826 60.66505100149476 29.946604251911864 50.6168998687734 40.28484156399189 36.161108733575475 39.31508367259596 30.200699228034267 58.614804707456415 18.308425136937586 48.99685371389826 13.87313615285457 37.84979453794291 14.407673245017662 28.637644517017335 9.66491381215026 23.034343331573965 0.0 10.848883903452588
34.94503123589507 32.97403470184082 33.882660007398485 44.38977738415707 25.36857019007398 39.60519016559677 10.127455661000425 46.74314659815117 0.0 36.240366059838564 13.348151963523279 23.762496686344676 11.680335785320295 12.138712119282758 24.345206917917864 17.186270630424957 31.637867891052025 8.126734928983367 52.730998551087524 0.0 57.57512353929529 17.509709221597078 57.37301475891796 32.82280758276404 34.94503123589507 32.97403470184082
170.21818309986986 120.26107582107242 99.76031503717763 124.71800285650343 96.57653137071047 159.60120993266304 75.5191443284069 137.4600625305734 52.735708414362676 132.14209486889507 0.0 100.04585230619229 27.991423438955223 56.573332746078854 67.65413560532201 0.0 94.57355258087225 97.97216828641744 181.4869998083278 60.41754555524685 170.21818309986986 120.26107582107242
142.36184624711825 4.774264143362366 161.85083878431203 87.31030842602546 74.36783133772384 82.98257736887412 34.226179136081655 115.06006644353839 16.904636519312227 67.66934747581881 0.0 0.0 65.4703931254003 43.388013743470836 142.36184624711825 4.774264143362366
142.1281839885712 0.0 190.7374554651983 121.08979838458448 87.29895177491406 134.59049097669407 0.0 44.58563479811995 142.1281839885712 0.0
132.7503912480126 67.03840082158364 244.60812645836205 115.49329904629306 136.64148212801769 190.9063754677618 100.99701536254756 238.62675714884125 55.54716027227357 196.95242945069714 0.0 179.21937221303745 9.046216955996911 120.35627679315323 35.36136771932863 0.0 132.7503912480126 67.03840082158364
129.17512735091975 0.0 164.084901503354 36.2756494901782 168.9156858063459 90.09894889197045 137.08879927149152 165.78868207035654 65.5179797549568 130.4162691365978 6.1588397860531074 91.69794452653278 0.0 5.541131154700302 85.80214281832905 6.619698148374901 129.17512735091975 0.0
126.96064825472124 4.558967924407241 185.89497176545987 49.302163053050826 239.97969009234401 0.0 244.78258182378366 63.65814574430257 361.34056452190123 92.22092123893725 284.6121265904097 151.9445225595585 283.5864318216675 253.520820390862 190.9833085353039 196.78526960628906 143.81307047570422 180.29897237788643 85.38569596206999 164.9444155848566 0.0 109.51110133931677 96.60320918869208 54.1924831254021 126.96064825472124 4.558967924407241
163.24356190065552 0.0 127.99561649965275 61.53695962283821 131.02006126687198 96.74853813583891 93.20097777875222 101.92980426479778 72.4436327053079 93.52027423349645 29.29604144757723 155.6914133171796 41.65134812017227 87.94407037285617 3.9532429811713996 74.31921898243247 0.0 35.72777025663021 37.699858744926814 23.59618497665349 65.46958383465288 27.25357624779044 82.64595646494296 38.69985448043758 163.24356190065552 0.0
76.1718122605297 156.56324764269016 6.514408815451631 160.60166154562518 0.0 112.10473283300112 46.99796058929374 85.62298882095295 81.42240787879803 81.2816296385923 83.61323188569348 0.0 121.18618282102949 71.45708105853467 153.4915096344018 61.37955098147715 201.42768299918106 66.86320374254473 233.9417380071146 104.20583549128257 268.2266217369955 168.87720809007845 191.3429705558337 188.68187426709244 139.52616868730274 177.3785421254218 113.04938882485621 162.69375473558125 78.64297483845655 207.11546602480314 76.1718122605297 156.56324764269016
216.84897753312248 74.81225154694971 181.8052306266145 123.74282164409145 154.80108040108323 152.89983203938425 114.29569487508226 134.65802034485742 84.99699879936801 170.93287198771532 84.64511188334345 120.08091446578015 0.0 122.75349996010893 17.295144987803283 72.16597039409191 41.00164416201959 29.19167085836149 83.35854824141359 0.0 138.50342591900863 0.8329335704307113 133.6731589259697 75.74221925554701 216.84897753312248 74.81225154694971
111.2085199102836 113.50034044796405 149.05858136742302 104.67404974168888 131.07376262538904 56.97102153142821 159.34460339184272 41.120722255706596 196.47758316169697 0.0 205.61163412677965 80.27172371312327 254.91620487509527 65.38032454093496 279.83291461005035 96.63371838939076 318.5723378282275 142.44385229241195 282.50108009524143 184.760798257482 284.09240035523 261.31807382597015 211.38356386279827 232.30007833003128 168.5120578100424 235.35243978326082 98.6615784350152 269.5567290970961 95.96124560378365 188.21039375350816 0.0 169.9771899870326 111.2085199102836 113.50034044796405
178.69635046273675 122.87108770285113 191.60351142556587 37.892265400546904 279.0880526649355 0.0 387.63354988614753 17.84511874814541 357.9208696600343 139.48190616678795 364.17817841456724 204.68577008395755 358.289051944863 299.36348675135275 261.42556629173197 258.1687582753218 193.54234399061224 299.03270568927644 119.26533924309524 258.59536141612773 0.0 171.46825942199942 178.69635046273675 122.87108770285113
114.6393593261989 73.33969382552321 151.41816385229683 87.0333500863347 136.5322194977856 125.02735365669776 97.64110511620193 148.92385265948553 61.316965515798444 120.94580144200307 0.0 77.5709445070851 30.32681677409346 0.0 102.34786978509017 58.45331309550201 114.6393593261989 73.33969382552321
137.09095199285716 316.1328555245716 97.88111778735528 258.5991972377161 85.77384735909351 204.74999003787386 40.546148448201734 165.64284381803182 20.126293989212655 100.38070265982992 0.0 4.2129160763962545 129.588747029986 50.18406131082217 170.09903910815024 27.147427309425424 223.27751736798768 0.0 257.2937032070337 50.47794389536395 381.9258083722546 26.231272137230377 279.4774477055904 132.77479161144615 319.0413787429154 179.97803703189507 289.77317876973166 227.5984889693742 240.09296023611924 241.8690070806097 196.2107800155335 226.94234363259758 137.09095199285716 316.1328555245716
136.238098360241 126.11412747136686 71.46501689655517 207.56137579994217 0.0 151.06577295165278 47.68686897975057 70.38795784224695 106.43102329732376 58.62990902927564 142.67427136346623 0.0 185.567103268407 41.20478681110018 244.21295639940334 87.96147758993612 209.37919969750865 151.63196939800235 136.238098360241 126.11412747136686
39.74438885768449 0.0 55.36475343099219 29.985100376017627 109.55143549370126 19.96281830810429 98.39397494559364 58.310758515125485 70.53354008223616 76.31837451159737 40.88804355428079 97.36607292038602 6.937103777075691 78.73152793601707 0.0 43.702160971104846 13.326242663257965 12.81782240097803 39.74438885768449 0.0
60.74934610369317 16.12191181879936 134.98870283092168 19.85720938026023 73.04421224234991 62.29851312142492 49.324384737578356 99.03321482815699 22.539718880860534 60.40409816971878 0.0 0.0 60.74934610369317 16.12191181879936
174.26371568068612 209.10721308638654 137.52661743579267 153.5983812611234 67.75825692759392 131.14404890448742 0.0 0.0 160.08278011060108 78.45198332258715 243.36369815124363 22.58001445247156 271.15072150129413 105.89648478536118 245.639838859882 180.9795187877587 174.26371568068612 209.10721308638654
15.847664939127242 57.41348894718621 0.0 37.26391308376388 1.0613777824538033 1.6585657082715812 36.526993744112374 0.0 55.00604622932295 17.332098762033283 60.390839042646846 35.177882306054215 46.53945135482999 44.372614651096086 37.146160128580675 54.5894983891539 15.847664939127242 57.41348894718621
119.21341853584072 168.9856040256243 74.18199245357377 214.14400905098023 31.77663800333039 177.07254497953 0.0 132.79046981427598 14.562773434864866 81.0945368211189 31.876396340495972 23.107610344986185 90.16804633269832 0.0 144.18513863770892 24.77492211566573 188.00272385083946 62.74408056081225 227.87635778944627 120.57223745219906 195.35086862821026 184.38464462188938 119.21341853584072 168.9856040256243
149.72729448824828 122.62380213669213 41.800657817790224 131.3581490782858 0.0 53.78516788689009 105.04260540613785 0.0 149.72729448824828 122.62380213669213
49.31571285456022 29.638376661550957 96.01551004961335 70.07798237201617 122.42980687121869 0.0 145.41818374309514 39.40993689606818 141.13370928989082 73.490504002941 174.29486556618627 106.09747465736486 150.31335885489787 137.14786132195343 111.22598833915643 133.8334741431911 84.70653975495881 128.49760433872365 46.584794187286064 131.08550796306378 23.792402915448207 99.4154377428026 0.0 52.80101883933473 49.31571285456022 29.638376661550957
183.50608133307128 103.33631897377188 183.17806107007837 138.92566386703768 295.28742463816275 133.68354385477102 209.096640876952 180.47888021373453 151.11072790339608 175.03608200243832 140.44408222543623 168.01762743849534 157.54022516922987 252.31499073176983 117.96421382292245 294.83997687336785 116.44231374424243 205.34003153085837 112.71627994532143 187.01865114341706 57.592817509219884 184.60495452686735 0.0 139.01321326994727 61.68329237886914 114.82499513418355 119.23193463365244 137.25456706039498 124.7867999367986 90.94687339481733 175.0775942778304 0.0 183.50608133307128 103.33631897377188
121.35081473533543 186.1928491091863 88.15463418913865 222.27597215288483 55.23143449229538 192.16832054218216 0.0 186.07168612939574 16.992487081800974 130.31842867230245 22.401812788497566 92.1257698909987 11.590322665335378 36.243077713043775 82.6675634219174 70.3504758702966 103.68420249020272 0.0 134.37235599786862 50.24727911643269 222.74040789540697 8.776390783773351 201.46463313913904 85.33322837926545 246.41515464327642 129.66294983470922 206.33362746846905 175.27619446589242 159.7666510151996 193.13467999067765 121.35081473533543 186.1928491091863
137.8530643012916 109.02720761368161 71.66001232565665 86.2891807302092 0.0 62.08527345975895 101.2186925118207 0.0 137.8530643012916 109.02720761368161
162.35274118499876 95.05089701577043 267.04254995261863 90.84765109863658 187.56048451162712 138.2601992434682 237.83794230165222 199.04577299165578 155.14317588937195 181.00084991028234 130.57880524893687 189.1792713838979 93.41022816158596 257.39361966216273 48.90853707852483 232.74056118986135 26.761183160045704 192.02309067851598 16.050535941856538 152.93472679200386 21.893849094523432 113.40879238126803 0.0 54.89624688964416 77.45738952468906 71.43802200859915 108.92207902682584 93.9827635456709 139.81647867074173 0.0 158.11397473388516 61.35707281561821 162.35274118499876 95.05089701577043
201.81334959170883 71.11297454880078 254.01028158478795 135.0323282567216 175.14915320346776 156.68731492527098 44.67302853841679 177.32788282247967 0.0 16.29910812147726 160.8771169013518 0.0 201.81334959170883 71.11297454880078
64.20368008539913 21.169803313171045 66.82399258772408 34.83217693039536 69.34485244995773 51.029977337609765 47.08662108156993 46.10874971692354 40.951484981575604 64.65835262434501 33.6284485713346 48.21182542674829 15.870522629919549 50.41596599841388 0.0 35.51986005823264 13.997192610903184 20.311263075216814 23.66993699425187 6.283909489526039 40.862166876388585 15.740220451429451 61.372572574263344 0.0 64.20368008539913 21.169803313171045
235.1786795927871 202.13407231940107 161.5864233721515 164.92577896122637 110.86597743264079 179.38999001237752 0.0 163.40766091450226 117.18238185012473 96.20609371375582 75.97533054700364 0.0 158.02629107895254 56.48391312313147 203.9671713261065 42.52635069303517 270.8101476324794 65.9193383818384 213.4742587867856 124.05786318423961 235.1786795927871 202.13407231940107
15.153163016490169 0.0 120.33704762884709 20.085357566847804 147.81317306587823 98.83664527716076 222.7755431316263 84.90674277229537 230.4763206878981 144.0604605694337 194.71141871178747 187.58237644236013 147.6265083434948 212.74150285170683 90.64542126216992 211.63957849878076 25.869958518698382 177.95749076163915 0.0 103.43845873987715 15.153163016490169 0.0
0.0 61.591989077002296 53.20832195530366 32.09718267197734 80.917735272633 1.4279510753583509 121.02613801986291 0.0 155.34572724355897 20.09620033711674 190.8756681953752 51.36369662602051 196.13148171783914 107.17273640828473 146.3645842883776 132.29719737049453 105.05089758885266 121.92565101726969 75.5178545161175 119.45186870020437 29.665310117299157 110.90838769041967 0.0 61.591989077002296
54.22817332807126 106.08463433152482 0.0 46.52012006808489 31.441608331689785 0.0 67.93614272099131 7.240304823220086 123.01163333103133 53.099533314334735 54.22817332807126 106.08463433152482
12.544430814636982 1.6821497640235066 28.645972418760635 3.743469666208469 40.2268548379718 0.0 53.07003443983152 3.9924737538846955 85.95662967741295 7.642264480941662 75.45793220549052 31.32295653728268 52.87938225260373 39.72640799331086 52.067717091592414 63.066006391930244 32.5479845054345 64.51421148678705 12.599999647077993 65.16111618232742 0.0 48.13939782959524 8.479636147154125 28.800669177776342 10.23479066962372 16.59195647653823 12.544430814636982 1.6821497640235066
197.02337474547346 32.162241846685305 198.3930957763531 99.63159121709378 153.24280075983177 144.44267705592776 104.77078906687838 155.2861820915423 47.823366095529735 174.0553284367303 56.46619789041638 106.34309023616028 0.0 73.3102670060186 20.558213819828623 15.919315120850229 89.58986474354116 51.227053669221505 137.98790443678718 0.0 197.02337474547346 32.162241846685305
117.84010160163183 137.84758231854073 140.9162520807943 125.94613264291165 169.99393370826328 0.0 227.04167252237266 43.104412084200845 262.66333132264833 95.47566863058438 196.8944068942993 174.42079324901434 335.24634659727235 196.63245426931007 312.9362351293518 257.66833227915026 217.7479578375299 247.83557417105698 211.14172371662957 323.247607171735 155.04792525349865 320.4513441287481 125.02793405598487 267.5070435701179 86.63263409579451 257.8119619294082 55.018636753688156 227.4458591801001 89.1127405556133 185.1577317406773 0.0 111.19122706109837 117.84010160163183 137.84758231854073
108.06766035422007 59.65919613140595 160.7534415184371 0.0 147.60319315492632 57.20612826190312 186.75079035522867 70.88932539939398 128.8728438052301 92.4727446407205 201.77748790279912 162.87168180754327 116.32972219381767 111.28929659640671 106.48077573553586 145.34120554261784 83.79272127659151 137.5715244944057 75.92600899760909 113.66067665027593 0.0 125.12929479133071 2.3326811328930432 81.60510504386798 63.8596268569583 66.91750439180898 45.244667961685735 14.306527063823594 93.80684647342107 49.23192912147831 108.06766035422007 59.65919613140595
122.09103367063886 101.37891788898727 11.336803659681607 77.29025875555776 0.0 0.0 109.32019997170383 8.122020575651277 154.93476220888908 21.473778821335898 180.7689503720568 27.618170125556247 214.5204017712675 23.862363139644536 242.28713481717432 46.33527660075734 293.37986918939134 79.75618054217271 280.6571610825524 135.18430757763045 168.98284564130637 78.83785966501875 181.52183461693554 136.86174130955294 139.7280749125079 199.90927335079013 126.63378873312183 129.86754670603415 122.09103367063886 101.37891788898727
127.66020786887474 68.72501336494199 92.21900142286076 66.31046484487467 86.49922441116159 97.94827547916805 68.00794571251748 72.29722210708016 26.830550138879047 97.69018325072838 0.0 70.76982949733215 22.02852248338585 37.612010435684915 19.357543369596065 4.369050004025404 58.454227704320274 9.26691140664358 77.12316264808739 0.0 100.38760547358173 2.361594708406429 122.04863918841603 16.033552898281123 131.01485205259468 41.29613123607266 127.66020786887474 68.72501336494199
40.02646789703323 97.3634605109176 63.70617653503183 66.37250495758062 82.74437014541712 16.432076756529924 131.24926170349602 52.81654635881249 184.61149323749902 0.0 205.93363478703165 58.128937617688095 187.24800136822924 110.0004702548839 271.66882176129616 130.702400041188 201.4196344728188 160.055073040983 176.5030410612942 175.2134729283714 172.08800937977793 217.95738912683805 132.66898425529752 134.7831358734215 113.07827268461334 186.99271283573324 79.62050211055967 191.60390821236908 89.19708480343846 154.2669211807883 0.0 135.73398741542195 40.02646789703323 97.3634605109176
68.05874999869212 178.83205469352515 46.095854127643605 155.45141657894476 4.506473093780244 138.87186956162958 9.701526459626564 100.16691006451327 0.0 55.204049433986775 61.27149845944547 61.42982639155562 62.060782361627616 0.0 101.10655307069771 62.9162396139133 131.8525016938755 30.618401108090183 118.29976908115893 86.4386456790798 226.85038830449133 52.45491098398689 175.66839760433328 105.42810640554993 177.4379208611191 138.6213909808298 132.46242570435706 139.65808666015818 124.96415169832123 168.87031534045204 99.634752001168 225.1871632993988 68.05874999869212 178.83205469352515
275.5582900601098 108.86089465121697 250.1989036056949 183.0863070651146 171.29361718584227 197.04201570040118 126.10436898785576 159.23891751136003 114.28403750052293 200.78214499696887 65.98229318701237 217.8539575916217 31.3830339951526 182.3754761508101 0.0 128.25739212023763 49.831583701407666 85.69788373132454 78.93643251574142 0.6127640825463914 158.10461406296287 0.0 182.99754675272357 90.63558849143106 275.5582900601098 108.86089465121697
205.91372323507414 103.52953556040711 102.60252552523167 102.98119762947262 33.52972289688202 198.4208232162489 0.0 87.20512726344484 46.28835641501351 0.0 128.32442175977752 47.324558825752774 205.91372323507414 103.52953556040711
54.97035553712173 17.307529099951495 61.153981897647014 34.50072579437277 54.24972452739891 55.67237546952046 30.217627162651567 43.42561494740491 21.20303670391398 35.62830156048901 17.015882935443088 29.851469061507643 8.694605412850052 24.97461631968666 0.0 13.018222472820227 21.29501814405056 16.170302077208888 23.730222117960025 8.107251578611155 34.393574071102336 0.0 46.4768705424726 4.9184628427757815 54.97035553712173 17.307529099951495
261.12285458547734 0.0 319.39008390063736 134.82731382379794 186.67857873447173 154.16992320263546 0.0 128.29628803156322 152.3881194682424 19.507655816189683 261.12285458547734 0.0
74.4059400454755 19.825934169983768 87.71370589950189 40.857928910033706 68.44428636906447 66.36215477165388 41.827335403822005 49.480082051800366 0.0 32.499518003477945 27.961849666824207 0.0 57.28629689138151 5.503495326574466 60.176092974117225 22.128587836448332 74.4059400454755 19.825934169983768
146.21927144883182 110.1210535435564 120.03215820447227 137.01073968690773 85.46058936510997 169.01056437229428 58.1798476528231 116.18683144108084 71.78793082061401 76.69824544353752 0.0 87.16388166793935 35.90750306893415 59.84808253842108 30.757280308311863 27.98094315641344 66.47432102049623 37.37201321310687 89.82927667936227 0.0 128.8200560006639 5.595136811299781 102.68846634559684 60.44097263187487 208.6618259551945 78.89055399021873 146.21927144883182 110.1210535435564
34.92946915204353 37.41972145751863 53.09078948312103 16.112732936829723 76.599759851009 0.0 104.61423297609058 10.617368394747956 154.6139001607335 11.382373238830006 167.63025964248712 57.4417111556351 194.77859777974143 132.14385264799955 122.16317288723846 149.99322302209274 65.80431535759851 150.69704010885874 41.50970677462108 97.32934004493052 0.0 72.42648458159505 34.92946915204353 37.41972145751863
133.848606626292 142.5454398805492 76.27647741378308 128.06145607447658 51.228730992279154 110.25222091020748 14.947060273113657 93.1266133826955 0.0 39.32808757975143 44.07322661082158 0.0 95.57386621682309 18.39499487068734 172.4667325395485 16.423942233777474 127.90070176051405 85.9825166671266 133.848606626292 142.5454398805492
96.03113486765876 102.21333852676659 26.36164943660623 103.06236059651266 0.0 15.434042353109078 87.20665040970883 0.0 117.22698571220695 50.66519014581933 96.03113486765876 102.21333852676659
126.14798680608256 45.01291237592489 110.86813520276506 69.04276400766551 80.39118527271872 65.47427584611106 68.55168485516649 75.3634836962861 57.43800675358976 63.562285519748166 23.071120098016273 70.75359451506344 0.0 45.61441657805536 15.596683656064464 14.445630722761827 48.79612368567375 9.255179528751647 69.29321019921825 0.0 94.0425850637633 0.692356977236841 106.9525261092336 22.594846690453032 126.14798680608256 45.01291237592489
0.0 5.163700323820066 26.613254372071168 3.4533154535254766 33.67957670196219 0.0 62.12659461194808 10.384728382276776 38.03304161892781 25.943038942637443 19.66137739717324 20.572520811350884 0.0 5.163700323820066
352.6692809445719 234.4396404487958 201.96194943429293 209.68681439226987 178.8532487897158 220.87912650130352 146.77969326626402 249.0171773158837 0.0 331.31258324256805 83.84135559981532 192.85269940224092 76.2672132912415 146.10931992089525 87.3674916591613 89.5846750920944 126.99540540980021 0.0 203.7107965580385 58.38174734284027 299.7766610290621 52.86108948595796 315.6585285574897 142.95188690224214 352.6692809445719 234.4396404487958
37.83731250364454 4.08414761803931 51.943693129245574 21.82397094830219 82.98449746261312 49.372344020310194 42.50920099402157 52.600382546603214 12.665384590332167 71.84230260498741 33.50764657106511 32.946756764062485 0.0 0.0 37.83731250364454 4.08414761803931
321.23936004762436 80.82649491779965 316.610603583316 181.90256990707917 202.28053255339807 161.20434881384742 140.41334801440993 270.7922993999439 68.66506652914751 200.15741291658432 0.0 99.59329073639029 86.98170052502815 18.649973021577154 176.10029960628356 20.071038641179882 266.9295244879963 0.0 321.23936004762436 80.82649491779965
0.0 19.34701757798844 2.7924307015976524 9.848155919759918 7.101923534305129 0.0 18.148217400750397 0.38434993162113074 24.541593910536562 8.26097509351061 31.65127588049957 7.519346618944866 35.22155428321253 13.790629102720231 46.4925722897912 22.95689719010346 45.45778105429744 38.08140918640004 29.579714029151134 36.80550104434393 20.33740713085959 35.900415319251834 16.34106369144787 26.634872182811336 3.985042254219735 28.73338372082506 0.0 19.34701757798844
230.1979496001008 120.47001434713306 245.18781140843555 172.2429039992958 214.35301719298974 223.4990564499436 154.37533609508645 226.6948952204567 93.72436400558871 224.2483970286843 85.57009781487346 162.9630963188794 8.086745298971806 111.36984373746746 0.0 0.0 122.84806423165509 26.575538049412003 186.6985499209116 14.891553703665508 261.904867058948 36.90034688098001 230.1979496001008 120.47001434713306
16.908900527786102 0.0 103.47654363592615 25.647723981253925 130.57077055258378 44.5340985729774 171.92374090648474 42.29826014458553 266.1646858758149 80.4139675843995 232.1361027854174 159.8002688100115 172.67209230023445 228.77846233171314 99.27869611859914 140.89974472615728 0.0 163.83573275071862 45.994694347996074 77.83355144476715 16.908900527786102 0.0
192.46127083014244 111.15312911638155 89.32302607340199 160.3918147327639 0.0 0.0 187.17329654176163 20.08490847118847 278.66156229304124 33.98568708542776 304.7870144593153 147.12210804654364 192.46127083014244 111.15312911638155
89.63274895738466 183.59417496539285 81.13191697625456 118.2780283405369 0.0 126.38754072585712 9.104688685329165 67.462314540185 47.54219492335878 33.43826587711343 93.91183699814488 47.57775939037193 142.97279356771156 0.0 176.2725546614809 45.746427522429585 184.56054843830987 94.57059086159391 189.92550490653846 149.28500870808486 135.32906175215865 167.24592558644204 89.63274895738466 183.59417496539285
141.37588921327546 0.0 178.47805038692763 21.470930851668243 179.55917410596646 64.86132764137581 158.35969276662334 96.1035892472327 206.55678241725747 137.69606050414222 175.91584276650593 164.13651062757043 130.94893919612304 152.14996348847785 106.5278932385604 167.0522118117018 52.789344295861255 203.8930269139995 60.00598072590098 136.85427148911032 0.0 124.34589394199055 44.67932483547064 83.89411823662185 60.74191140862048 59.61150550252977 81.68934510891175 43.72669290592349 108.48313474395503 60.39611686266359 141.37588921327546 0.0
47.82065326080854 25.841578175197697 138.34095852383405 112.85908904375718 179.2331191864008 42.632492846214504 291.6355465791731 0.0 272.99093762973285 109.76889296738176 321.0775227927587 169.89107914772666 227.22217017171937 204.78856097620215 201.28363716964213 236.65843143072175 163.47782382260533 263.33146574822973 123.24296530541135 246.32642625218824 55.41950823446848 260.70599464380666 30.990345365473132 208.94523416577994 0.0 155.1700960863193 41.163088155918985 103.99332619739084 47.82065326080854 25.841578175197697
198.90755967734347 153.58063180180403 94.95645593194921 164.83703167957503 10.11909689114151 168.73682424032734 0.0 86.79432269356158 46.6395701828373 44.683342624653754 101.9755937450862 0.0 198.5176219464018 33.778465573416234 198.90755967734347 153.58063180180403
52.091890404089185 0.0 89.78474182856976 16.759760886440375 126.82724834278942 11.292819477105482 178.27546632654182 19.9758687823512 261.0463619412133 50.81029948789923 212.20300646422066 120.0330618222625 197.0581221640423 182.31787052109718 150.2409792927628 237.44602711754533 83.8344349643194 135.27619071989272 9.565884933714727 227.24231934139607 57.937509411838974 106.7098696571686 35.10095309174389 95.18585711184572 6.786295421893044 63.05392301453141 0.0 6.009145493012895 52.091890404089185 0.0
