100
15.737107659951413 60.144621535570195 37.634429175488336 0.0 104.45543079384723 4.458336391820922 144.17018965198258 55.66808004883643 171.96238814019983 114.21385676866149 90.57376055756869 115.69741915939525 73.03658883979874 144.4250619488983 26.414757365511804 145.90365041639478 0.0 104.02631959793044 15.737107659951413 60.144621535570195
159.19443732879944 171.27808840915287 106.39187173969069 126.68131068827559 92.21720075281962 122.80906450019872 68.23728777038326 139.02916200974374 17.29101737960434 151.23123242878358 24.64796433163491 109.68576411972039 0.0 78.66784782439625 42.75932757348306 58.21172454061126 27.115487756432742 0.0 83.30146632896313 41.061367418385785 105.72251463282255 24.546662204653188 133.85288437061203 25.2179760149872 173.89882014835518 31.383793658878332 181.66119129504017 66.96543628494965 215.4339633941124 104.4832635947304 138.51848819728963 114.0854605491773 159.19443732879944 171.27808840915287
63.66280593138036 12.444695776658023 85.45108377301663 34.30964240806132 90.42791762226737 83.90281449891893 41.68120590722536 75.32470594377082 4.931098250209608 61.62133128080906 0.0 18.567950388440465 35.60243528484283 0.0 63.66280593138036 12.444695776658023
25.496702652908013 0.0 38.50591941611424 24.360517102204284 71.03466095771026 55.063951676353426 28.89139800548236 53.57655319154999 10.180887938740085 43.495537441759524 0.0 17.368695645490504 25.496702652908013 0.0
180.24767354668978 88.13693770386479 100.64553773798374 124.73867038940602 62.37917611963644 95.90202618264516 0.0 1.872843354694112 128.45091330474537 0.0 180.24767354668978 88.13693770386479
104.68622585717557 8.741920912138667 122.11797671680196 31.837424189798163 163.52079975043256 22.334381531805583 152.12944441758754 60.71614611832723 160.30077918945204 83.77019033736153 97.24689932333177 77.54794501851813 149.31465311622426 145.15973775807726 115.44990008183109 147.9571318471404 95.19028535122273 91.90016120053762 65.28798579288245 131.01868367936464 80.89108604304568 89.7252829305875 17.699984562640182 99.23508026925738 0.0 67.18212699514766 17.729417004721043 36.179971637071425 77.65238739541857 54.17327100086696 74.04987597835702 0.0 104.68622585717557 8.741920912138667
165.95480491861264 0.0 195.84249881691892 20.605194805236493 267.49120058898757 37.31344134055104 196.15739787810475 86.15484191285269 205.8042078246143 128.16880343397247 167.65996483604792 142.92042947137236 132.16178205063164 136.5488886365348 74.68616957957568 167.31776080635507 83.37332481616352 102.98884804408179 0.0 72.1277847460463 35.14878754781546 17.638929437493324 98.45944773846651 13.244609916369498 130.36441736153614 0.5150507369890107 165.95480491861264 0.0
129.78736667663503 7.8834818803779285 175.23487011196363 10.23887773132627 233.3365291471368 46.50421681341801 155.85148048773635 83.56983540288489 141.89938470089817 110.82307233700004 114.40810250313719 99.55480000228701 44.55655647573221 142.88433832282615 85.45262426839543 70.7951182111055 0.0 5.181685052948836 88.23201976514433 0.0 129.78736667663503 7.8834818803779285
100.03241170413266 109.6053001302701 81.47888813736814 126.1490674603801 47.79663705781518 136.82740224003692 0.0 129.24848989386436 48.871710593352745 79.14356076814822 82.19857986207745 70.93577174098405 42.7451733589799 34.09146827613287 51.930788327662476 0.0 87.9320922475882 46.74196517580094 114.40452172213217 6.6135251669837345 102.70115737530588 59.61980922958625 115.0735482165213 63.25244023835906 134.9313983483944 75.21205554556987 157.82674082350582 107.57859871613859 124.8215286224089 117.00552412966637 100.03241170413266 109.6053001302701
175.2269942210133 148.26618688372645 90.76395343176156 94.84498007533664 0.0 102.08546877177393 54.624554901353456 0.0 141.347014384165 51.55260392090358 175.2269942210133 148.26618688372645
13.745843939996277 2.916933997374656 22.653834996171568 0.0 32.69721629392815 0.15762056266366642 45.08039198177302 2.2737885217919853 35.050422944494755 19.351861292750456 45.34861907188649 25.29758334219258 53.6080799970361 40.66731445038221 25.927344662578477 27.778638469724015 27.498311559431215 42.01451191955579 19.18970043536369 45.125796103570934 14.794911745773916 36.11344162820393 15.614502717806616 28.4424596457946 0.0 26.585225332768587 5.885831825226248 18.395620075265455 14.364534742169383 15.997447009078286 13.745843939996277 2.916933997374656
26.746559699000784 116.15007433900796 0.0 58.70844743138737 58.926494993020995 29.471729865638522 99.85077569626101 0.0 149.1285976296765 21.449431596215376 145.06342249544878 76.58654768022741 127.36095674132558 118.67481802131017 81.46931893871474 132.5639231695065 26.746559699000784 116.15007433900796
75.88095039795078 68.38277570352274 58.51095121222095 78.15433697247944 38.69420353784454 82.66811051711842 18.924735890519976 75.88664410910688 24.353632737717014 49.49795774893053 0.0 38.976585869007195 27.91947347124509 29.713011718327564 19.19696924898995 0.0 42.72960966426805 7.367742974326646 53.95444507420661 18.081228706083877 54.15165823971055 31.807845148758375 79.96824850122525 32.13884370532898 88.04100317183162 52.5789603048497 75.88095039795078 68.38277570352274
65.83512108250903 149.52200037880277 59.39774126085288 81.05469327806888 0.6317707636651448 83.73906508387584 0.0 38.80891383069425 72.8006104099117 47.185282597318775 73.15057147406404 29.46638350423669 86.7434445966504 30.488468187167953 122.68692950427294 5.693584907991962 221.759846520103 0.0 168.93990096489858 69.22168947298123 148.82391872541106 107.69413321670599 113.71932066431744 137.5808068622511 65.83512108250903 149.52200037880277
42.987756547913705 128.8081944663179 36.57301798877276 61.775202006398146 0.0 17.126518937710316 54.64062482071837 0.0 104.5723791178923 1.8894835786156392 138.09032445052975 53.12387958134428 92.4985416634024 86.39637138962748 42.987756547913705 128.8081944663179
53.801104408499455 156.3527984977005 15.456541446532356 96.32487833798447 0.0 40.69440929498876 60.14422170097035 0.0 165.69514592283952 16.10546234945013 139.20729507004592 127.44345188322549 53.801104408499455 156.3527984977005
214.43399317978157 160.25799851023436 136.79044072155017 278.9405017439729 162.1935836229429 136.15376754947482 0.0 76.6427453929899 108.55090530648494 0.0 202.7404589978408 22.135749452755974 263.50777407912966 41.547537026536205 318.3148122065311 93.07730161627563 329.63662997406254 191.05854444338036 214.43399317978157 160.25799851023436
65.62224423015275 170.72038664969506 0.0 89.72625771462133 104.90770204919846 60.54504503923924 179.39755890199862 0.0 277.46561439098764 58.133339492515134 306.5332624138524 185.2746516538827 203.3998571468615 248.60808381186865 106.42225651709816 246.55103738484337 65.62224423015275 170.72038664969506
192.08302888808038 72.83041384515072 219.43804992047882 172.8305515470854 113.25448348218711 212.9419417048686 17.52525873083016 166.52375007487245 0.0 35.168843653081 123.85945226358116 0.0 192.08302888808038 72.83041384515072
98.30748976964409 0.0 143.4099812688175 49.137260191955086 171.27701169924364 65.63483086989231 127.87833098507473 96.02491559686896 194.3258583967762 154.82967599470663 144.71808844257026 183.1389116491237 98.12413821832973 156.1097036472379 97.5582575096607 111.46018755790281 0.0 85.04388761547455 53.07409929274078 34.411954537531315 98.30748976964409 0.0
81.37781391321292 17.351388590783635 71.50959861605392 46.03641307621131 66.77175690960743 74.87714309592235 36.779247183321715 79.81579500701721 16.64998825810909 64.23752066290234 0.0 44.02275071073482 33.534306516825566 35.89788630861751 31.109068464250058 13.230697204345567 55.72841065034771 0.0 81.37781391321292 17.351388590783635
153.93183177368033 89.55202406326353 133.80973428477427 118.71666868662817 103.57991892185422 123.88686607203249 86.25829763267315 155.5217284223881 65.25281708884164 129.40009659936723 40.55824711938732 120.90172485653534 0.0 96.02770490769885 18.52488385265704 56.718258461253406 32.10224505330004 7.021857038676927 81.06412405743728 0.0 129.8957322105593 7.652872500369213 163.99509475165826 42.40036151150192 153.93183177368033 89.55202406326353
42.28311717900401 120.3013421123218 0.0 124.23792920363388 17.575141583227406 94.60296105032293 2.345414537330626 65.69484636016924 38.78728835529968 64.66752770815238 31.69973859966072 0.0 70.88107458993765 22.016895217686937 97.39082489548615 37.30595861731409 131.45378165674003 46.288766769272144 157.41219442613965 75.22483957549117 173.05673257740494 116.7981085930938 119.17238651823469 131.14464767864047 104.31477939289682 155.8249492178487 70.60252671803308 128.613366113756 44.236659063770304 167.5263008167552 42.28311717900401 120.3013421123218
113.83293855054796 60.792880017377165 142.25395097336542 0.0 196.15015364880787 23.095469765003102 212.62081318171457 72.59825686600124 256.347293683711 102.39891432440118 222.8849082795129 144.59080413062918 175.94278537169828 146.69819011301468 179.3647005108134 214.38071748938722 133.25541450094335 211.67448069361933 64.62368064632432 233.72308370124648 0.0 189.08851992561762 85.53653405646364 118.65282768608475 52.95639888031829 63.39311493611714 113.83293855054796 60.792880017377165
120.42212016172633 0.0 115.32713551693419 66.93916016700534 72.4126359848614 99.4162490909919 26.441881898775364 99.56420275651968 27.04408563237314 56.283866086825554 0.0 5.2630767986810625 53.45297647078665 3.805395651030622 120.42212016172633 0.0
158.73250534278492 94.09063998295133 121.74705226547536 133.19580439889805 103.4681942391023 66.78310439828942 17.65928551681688 80.84103224075565 0.0 13.527385730546108 79.91776786728681 0.0 116.18016253291087 30.970949670717168 143.10436777095538 4.77555005512945 175.6548537875496 21.912838467226585 150.28175452567018 53.8456658177602 158.73250534278492 94.09063998295133
0.0 73.28143552069311 40.87042570467602 52.0138211183243 26.566832026554692 15.751937267552037 50.98079165489065 1.3708958519728327 79.0592811131428 5.394229170993192 104.87015178194773 0.0 107.13629534230614 37.991796583562646 145.1420660842163 33.87974284820035 152.31562832126934 59.98436822387255 140.06463501755752 84.62526981330014 134.03019430952844 107.63827353800659 115.7259554737349 124.42241871782574 86.35482845340269 88.98892518068774 62.14175615601485 133.1965744902242 29.15707405541366 131.17919938532296 3.5224347696905625 106.38694821712377 0.0 73.28143552069311
115.92106364251804 42.22526275563308 179.9743892849997 0.0 241.77381262787117 45.47580180852124 228.83618767351203 120.86319297195925 364.37371837320325 201.1965837581382 253.62245298286655 248.20562151188503 180.75259567213658 264.98978083173483 103.41997892476158 329.7019664050007 58.8611702081694 235.00066525221612 87.85966195329158 160.45130449057586 0.0 102.07479659676014 90.79418502093162 90.45818447801165 115.92106364251804 42.22526275563308
108.1923995432934 124.81023856753679 0.0 77.04332994309594 80.47100159050895 0.0 169.75469578299516 41.446164578528695 108.1923995432934 124.81023856753679
0.0 75.57527898762874 22.14364462925525 0.0 83.97586065721461 50.052526569630274 127.75477038917158 105.47251149096734 53.65698854764335 110.2484511996004 7.853857952462562 125.21247691221613 0.0 75.57527898762874
116.48859441417596 17.72810895516691 143.04460978070853 81.48730818821872 79.5348695148887 59.50250883554626 0.0 39.39939458165113 71.1169599601131 0.0 116.48859441417596 17.72810895516691
16.73091209938073 66.84909967150784 0.0 21.705544254556273 18.79625834974732 0.0 31.509634509564293 7.0027463576445115 74.79054869208909 0.048396562205127225 45.02677887963087 25.27410536313991 16.73091209938073 66.84909967150784
0.0 32.79207146148366 47.823099893477035 0.0 96.27999871472126 29.16763806379395 108.09558736863157 66.40600199106466 148.03900913047397 101.23703435730111 97.94411308106334 116.7789078040019 71.07471719551094 116.30411567142886 58.80270910426016 98.68531875226238 15.252451200499735 89.71409961542854 0.0 32.79207146148366
100.99220736125523 0.0 166.45459498396167 8.82536867322289 236.42021692319952 76.25128073900451 172.3183005449629 198.59341777597024 44.99291488556105 158.33284133558385 0.0 46.61541123929908 100.99220736125523 0.0
73.95624399276284 40.2756458646282 93.36270319238027 90.19346593658861 0.0 80.02914141510189 39.13296491408357 0.0 73.95624399276284 40.2756458646282
100.63976639080185 150.17876487073084 0.0 132.12539742866852 59.92801845461784 42.82936907157944 123.24314617686109 0.0 214.07904835785212 50.58296693511143 169.52593836351951 136.4594405995029 100.63976639080185 150.17876487073084
166.37325843084568 24.485330436379343 161.85201663499112 108.20716220703493 107.2288906397426 125.50716949874595 82.23442995214405 139.51394377633963 51.288158787574304 121.81426145418692 0.0 56.97655259689381 71.34253230139139 0.0 166.37325843084568 24.485330436379343
0.0 78.24206246173875 16.356511148082504 29.1791262472003 26.80818729644183 13.232509890362778 41.57755738118166 0.0 61.24105893357229 6.281506630662506 93.25430245422221 23.5823874352175 87.00932442180574 66.70844675613571 45.246216316842236 51.896342018785276 0.0 78.24206246173875
29.041424257676397 56.99946885064895 0.0 32.700042699457526 42.02644323102196 27.939029896594676 46.12792298947349 5.532807536156234 69.27432478841779 39.050665613384055 87.04039840908499 0.0 106.16418210696594 9.540387577650797 126.16565628802508 23.96131795756881 152.78905657777648 47.67691738892364 134.53551072010129 76.50866496927357 121.20019646567368 103.06777966402846 90.64904470060318 111.67513435644018 66.22076501622352 88.79384284389575 34.64432845563795 112.20736228150339 40.0296933128196 70.29354819800706 29.041424257676397 56.99946885064895
105.8583123150702 94.83548515651698 40.06966137058275 121.92358153640264 34.309046629162864 61.636238317179036 0.0 1.1903774221426389 82.52377736542442 0.0 115.85595632822454 20.714822703710027 143.08477507206496 1.1371122639863458 183.66398247793413 13.21567155633032 196.56383132748812 55.2022170609702 195.1015173704725 106.85814571133294 147.23821582798445 132.06895734250497 105.8583123150702 94.83548515651698
317.50989725446357 174.82288483290918 139.12745050033317 167.72827380364757 65.16863654625894 231.38977585442373 0.0 151.90593746043265 31.373391690039 52.88104927531677 126.80390851590765 0.0 220.11216331648245 49.01371887840783 317.50989725446357 174.82288483290918
0.0 30.479570974234925 66.50205700038765 25.23291054139144 95.55156273272635 19.866996485909027 128.9859786981095 0.0 117.26719471826351 66.25190102459538 202.26148500276847 42.892620477860405 156.156519824084 81.96593824161111 184.79209233401633 131.6259275729539 129.92889744931776 119.59575107056078 107.53173093711632 141.3734161897795 73.54316432143906 135.99122622452387 39.391757108582766 117.35838645639892 49.23249114108356 79.7409098266961 0.0 30.479570974234925
0.0 14.154785211376208 30.671688333828 0.0 98.13582611879994 3.894184320559063 35.97267827194642 56.9363375309871 0.0 14.154785211376208
0.0 74.22046692884402 40.87889256394985 30.920261800814885 89.60929206842282 0.0 138.29443775478418 35.18091378112925 122.13640427277939 90.83450650266073 196.41088639478068 121.7035399157367 127.85084933778471 132.77799405458683 102.37656751615984 142.96146453008708 51.75308626530213 174.9511075431459 48.79377665969025 121.1482227619003 0.0 74.22046692884402
240.13277403576083 197.22712375258317 182.29725450351953 196.38161599953617 122.34131755039988 269.9164299228514 58.882252396019084 222.02717767958836 0.0 159.9286897400131 161.09186901200258 121.47006203985195 55.34545423275193 15.05634952551992 138.90707411515763 34.0231397203375 180.97038327251374 47.40864151103035 280.67445129913744 0.0 266.426255061102 94.40735684838172 303.3520284983832 158.6106250017118 240.13277403576083 197.22712375258317
53.31877213102608 43.132068033769784 72.10540837775319 0.0 80.84439083264664 41.03491355911103 95.77554771363899 49.8628753863901 150.48969062107653 57.644064391718715 106.84384175030519 84.81689051261117 81.41204243966548 88.66743722411496 88.9358371222205 130.1243077209674 63.87019968331914 139.62651267603786 40.19322923530831 125.9887568750417 32.23149266510336 100.25323385031163 0.5451739183941982 94.86941766575225 0.0 68.61479606368256 43.24511401776995 62.9558271213439 30.378929464036077 33.88436913434203 53.31877213102608 43.132068033769784
191.20231578421817 9.7086244268487 275.7496054584399 55.904808256397104 221.87238802363123 142.29255165107122 166.75900743045352 192.00270246366603 83.89727507926312 202.62018621666664 2.0445476508921843 157.82790693416297 0.0 65.9450175041377 51.52855953351212 0.0 126.30762552893272 41.46162671017943 191.20231578421817 9.7086244268487
119.06926496919664 0.0 121.52859052354516 104.65388192204662 180.4467871787367 95.45412530294698 233.16267824322563 151.80909818338387 178.51850049021942 192.95664700785238 118.26942118375821 162.35072622852562 97.86196345754657 150.0114260456345 78.80119688280215 141.09947620145618 0.0 124.2685543868598 5.216735045590127 57.97720089546215 67.3762302482593 38.62483664234952 119.06926496919664 0.0
109.43158355516259 132.8365213575858 78.41776643083034 87.49390726388215 0.0 118.98479985265074 71.05530898839969 66.16877070480582 58.342224849314675 40.381923704760936 82.08278790611463 0.0 107.5992492809848 36.68182351505321 142.85148845600094 55.388891377695955 110.43862618836631 82.56696211595911 109.43158355516259 132.8365213575858
145.40601923500856 149.115519683599 89.42926743662599 151.37450982377706 0.0 122.03519710355928 65.39385182238183 55.52583665538258 95.612118918334 0.0 156.84821628389633 22.587203733152535 233.57181466010576 48.851139602819714 249.85640161990287 146.8164652915206 145.40601923500856 149.115519683599
0.0 164.07411587855736 63.72097564165775 86.04420432790256 149.56807381802446 0.0 154.10072812533843 138.17485072009617 190.77705200855598 181.6242009767627 129.59782874982432 163.16695350567514 126.83448555395758 154.24209738631566 0.0 164.07411587855736
34.345244394074356 50.94774947551811 8.803132139015077 31.53990491766841 0.0 4.573810122203014 51.55927956637585 0.0 34.345244394074356 50.94774947551811
0.0 89.72494704798294 13.58723623378674 14.42666308586638 76.2161034613576 11.642355520713046 171.1508718453299 0.0 130.7669893676772 88.04894792207244 72.52416142171279 90.18899012842675 0.0 89.72494704798294
0.0 131.87105913828597 13.87040581814719 68.02222535976773 66.74197601257951 22.465963864209087 153.21176040785923 0.0 156.29340073184767 96.09646558403719 272.26996681020586 230.2615457628566 112.52892516547699 248.41317214386615 18.66323382612704 214.42186873554374 0.0 131.87105913828597
139.4407981034444 0.0 186.75499968235073 91.65822832531214 101.75151480173736 128.71060928725592 0.0 113.46228667988478 62.16124794417283 33.07917733896693 139.4407981034444 0.0
162.58531307659064 147.3830450108011 53.992490559779526 231.10285591736906 0.0 111.08215524102815 48.724827806129156 28.171638854027698 114.62425184259075 2.1772422268059586 201.61721546645504 0.0 234.88500772017701 89.19400575651737 162.58531307659064 147.3830450108011
58.28519714789523 75.90821689683754 0.0 104.26211759363734 34.85828335691028 51.18848221132687 44.231963140185584 35.95704442261568 29.801956274453254 0.0 60.67984535766584 3.141927712126318 81.13833867053093 5.718451053260239 113.488903181576 4.7260754725418295 127.47249766487741 33.06957271549332 102.61992649520684 56.24671457047705 117.88850162131811 99.62601184742276 77.21573894961523 84.38131634483277 58.28519714789523 75.90821689683754
180.43045414652858 63.369826538859 272.2676749842971 84.7522540900026 195.10468405685884 152.02828991130488 144.70373802344466 168.26996655912885 156.85763600887657 237.0147734423319 100.67989343105332 163.5995392703752 82.10754875394291 175.49285640485164 22.442213489870255 204.27646085048409 51.01053157737475 149.95130095927198 49.837274295231516 128.1561090605098 0.0 69.31787775628084 60.347962258095485 68.40482014412143 96.23305625759193 96.89289954681979 156.77686212980893 0.0 180.43045414652858 63.369826538859
72.99909052399278 15.059959819286107 147.52765225127976 0.0 197.9641194596952 49.09530381216807 242.32208127325347 102.08732752370867 213.55855162278806 163.25898285879134 177.7331490467871 220.268085340238 117.64505409772848 199.81029903452125 59.20003708946841 190.71915586938528 0.0 144.1010293537942 23.8785345662686 69.07067449903884 72.99909052399278 15.059959819286107
0.0 14.316247838359153 33.24752813391286 0.0 58.81775125542601 15.733664949666242 73.20112064229599 35.07261980611528 84.58748969607109 68.71477787003369 44.025273311254345 48.903854772336054 15.688910841315597 81.30870367189507 23.338140046787736 45.228222076378906 0.0 14.316247838359153
127.4101232852032 141.2263600013399 81.02686615809768 119.34803940227702 0.0 70.74599607777701 87.14114796286543 26.430122595231907 133.29028113738576 0.0 201.89239148911446 6.230122193283734 253.56760257698772 75.79270595179514 213.47815797005802 161.69821804980023 127.4101232852032 141.2263600013399
80.9266335729177 173.35026783446824 0.0 95.75490845321691 80.34357125003999 16.91894863400188 156.90643257398293 1.1302141592924642 233.7521744724844 0.0 258.8812768727005 79.09865190671987 250.28357046404784 172.47825603850612 163.49802400413938 171.02462547961147 80.9266335729177 173.35026783446824
0.0 84.71924685743262 73.003456710899 10.00921079698658 160.124525307615 0.0 246.54899469351136 81.42223114661047 143.36904479289342 131.15166226761406 33.66104409397079 216.11999966658436 0.0 84.71924685743262
36.32921110334141 45.603908866333285 103.75126723130255 24.583672223851508 179.6232871930984 0.0 212.47223520158002 75.6313170540643 322.18022342574704 154.80150951938458 192.4127392437124 196.6925610139772 132.36193349528617 192.26373952329206 100.08140604454084 167.52952454071905 0.0 187.18627839347224 36.67989055263237 114.94267719277109 36.32921110334141 45.603908866333285
61.88559631639838 73.79665100296961 42.06719391172706 98.01691999347946 20.88467429857637 78.41083506952361 0.0 59.00613992482791 34.134754141884784 42.08772201738683 26.326727436600862 11.40956562283258 52.73342292026831 0.0 75.47360749088865 16.572378462420353 69.64790652522476 43.34554072675484 99.98434506130954 72.43167569608693 61.88559631639838 73.79665100296961
140.30455471989094 61.76551188368387 153.6113845201883 79.86184477002882 155.6457873677216 113.80805549990775 125.1539965979489 101.8379260136203 98.81504314952572 121.94275418505303 88.18904030908067 91.16469149362878 91.63520196431529 70.35397402617541 0.0 36.96524575574834 49.261221807102444 7.4040469272616605 94.10281397399608 8.101935594914274 123.50938679798764 0.0 145.3888074766283 19.13470659632644 186.63014647840535 22.276974817003833 140.30455471989094 61.76551188368387
153.93697885915725 62.531247187014536 195.25031206443714 140.54970861118917 117.38230732573815 137.64166702388215 76.0671104853328 106.50268651211175 0.0 88.13435499214509 41.340266957341555 29.40877632166815 83.03775412598887 11.674238794963308 123.21504619210927 0.0 175.85594363970796 12.239166619740402 153.93697885915725 62.531247187014536
71.68572644786764 86.0811717515467 40.206619008034494 105.36254379588031 0.0 78.85774409235994 19.08934537322864 33.72063388174263 55.16606343203068 0.0 97.23637817773891 24.888607181496425 180.97372264709557 44.14275294981633 134.4849996832033 109.55483987616175 71.68572644786764 86.0811717515467
41.29211624031623 85.26772463895651 0.0 81.22240936637442 30.46632970411457 55.09011131942132 22.306782971119617 24.591525808827278 45.506824949549525 0.0 73.5020206782882 23.812226987631256 104.42196848511534 20.181537428327154 102.02652959923407 51.545423019215 136.60083137930653 79.7278719097468 108.93959599100147 106.82926447073763 77.3115434468077 112.45355792921629 50.09542314589419 115.68825216887669 41.29211624031623 85.26772463895651
79.51960486534198 104.92987046728963 81.54172138957284 0.0 157.55354485077177 22.659740656666386 217.67267951067385 62.49104646161628 220.4537822938899 129.67845969792302 242.46413291172158 200.0393045523137 122.51477099325044 143.969313491066 121.16482246305071 224.1973770328452 75.23429825586072 213.81918318288066 31.50424521867886 183.667188001537 0.0 124.6767505211709 79.51960486534198 104.92987046728963
354.42268194809174 14.54761189117636 311.74113199938233 99.46329657511167 331.8685815335815 153.01644423486565 334.5684907666415 229.81890169904088 302.11723967760236 322.87566291606856 206.8240435773365 236.11656420462245 154.7916107508944 238.54075118072464 159.47307848115287 157.47664411453448 70.53605370278368 166.23895232322155 0.0 108.69898369085949 45.324544713816294 40.216630870879854 100.17954956534993 0.0 179.67619106537222 49.120146748383334 206.962499695495 62.049526140530446 220.01034502884386 85.23008547721426 354.42268194809174 14.54761189117636
41.00294105517885 116.75235967867911 0.0 0.0 118.15046070864425 26.634067909747827 132.9432676343789 80.64329365970161 211.67532525182867 166.85300953593082 98.34477189807721 173.48368104128477 41.00294105517885 116.75235967867911
152.66120629069775 11.795607234300647 193.54595881519157 50.65216070860989 212.62432027080013 101.94733753219165 185.7558652278629 153.45771820109786 121.86901474175525 189.34639237460365 53.338049188398855 153.7963246216378 0.0 65.64374190221073 70.33069942254818 0.0 152.66120629069775 11.795607234300647
18.328596679055387 73.48378960664459 0.0 0.0 63.06041697874013 37.54760055526664 108.90039561121418 41.003254675029254 76.60189570297541 81.24773296769169 18.328596679055387 73.48378960664459
75.81795037473961 171.86032859101073 34.53478816313489 139.17281874115298 0.0 77.29153102526394 101.71889321172674 83.26663196210762 124.46109423239749 72.20946375437421 156.02129006431352 4.384891462602496 225.88860049109826 0.0 292.21545344937437 45.43292343773889 244.24020694778307 123.0125761057974 270.8566320569376 194.2800129742836 173.16557116698695 170.10702913499819 145.62895794225253 190.44866930412246 94.07517287464813 224.0308238723914 75.81795037473961 171.86032859101073
39.63784625767116 24.33555622130035 18.634550837912556 40.68703143185911 0.0 14.68887406589566 22.912250541436237 1.427757994613529 48.00075502365381 0.0 39.63784625767116 24.33555622130035
0.0 67.42163507502566 41.839508175134654 21.799751191713767 82.33516312621742 0.0 122.005637203175 22.874594948362052 165.36403448692988 10.988118707735751 117.02590094221391 69.16792099874449 170.89570630236437 88.1202627634453 154.82290112646473 116.71990272798091 122.524549611912 134.0024447703396 87.26799434828102 124.9196766547832 56.77928315490765 105.14871588337364 0.0 67.42163507502566
0.0 115.73899467876913 69.17898502176251 79.05920218182582 89.53046781511878 26.4272638151468 148.4932994810827 0.0 170.1059861592277 76.20634537852737 261.3986356696794 81.35853578629329 264.2431481949411 161.29006071787566 181.67855737337877 182.97337530138725 145.9103809369372 254.42829006286814 77.58265666826162 225.3787464887668 36.06604321365859 178.28386179259684 0.0 115.73899467876913
0.0 108.10742462550635 12.602728163205398 39.08353746728157 62.84442108047131 0.0 118.37514365193358 31.559302184922238 180.29558390445803 14.674563806274293 181.8196732661659 71.7573856986474 160.3349108038788 107.78357487546943 146.09403295167843 147.56882611506887 106.55663411623641 139.53981411913583 51.75804824979227 155.0158397694957 0.0 108.10742462550635
103.88170912049216 76.53569007729602 145.92716360255662 0.0 241.41804309474128 54.68388027534543 224.35251899156103 167.96867619344522 120.36675019369288 204.7292839056695 0.0 157.2412609959881 103.88170912049216 76.53569007729602
136.14276850942124 44.34897147095412 196.35083778134916 0.0 252.88341425284676 32.559002070400126 195.5770896991836 96.19283282100263 216.11397251842396 150.29806348156797 196.12456562375488 224.06981901962627 130.18147935805388 143.62618114470064 84.2195914225589 166.60540136364267 50.83486245786882 131.99716623184503 0.0 84.91750330133728 51.711289615937034 39.733506555946526 106.7291218574002 41.68114089029406 136.14276850942124 44.34897147095412
31.198203194937847 18.806276585682042 0.0 30.352818275665697 1.4470032948573959 3.6730296324156058 14.486405372594334 0.0 31.198203194937847 18.806276585682042
0.0 40.030273556082435 64.16571594258481 0.0 87.74110427608285 66.3314812690088 44.7274093705428 57.52223470463407 0.0 40.030273556082435
35.54448637774428 27.982963773427187 19.574203775682875 46.54520210746345 0.04525677642227777 29.58883672901517 0.0 7.220517834974558 22.41775974130134 9.239259660380611 36.49384418183217 0.0 62.85010405855233 13.422209584079084 35.54448637774428 27.982963773427187
151.41073806775148 6.340581780130194 126.17772581099396 62.85156601477756 122.87757992301707 81.7431455876588 158.20239337895336 111.80107802063871 118.69060885178772 116.94745218284659 106.2101244559206 136.57654889794054 84.55753440830385 155.0915875004564 64.36482393171457 128.62603920232493 40.2180399726129 126.35645460001955 18.345309666092902 110.6974261156548 0.0 83.70284664718811 0.6935607931080767 51.29089089171238 5.169871181079827 7.72343159605164 50.03058058583542 9.789921746842992 79.92392375623334 12.019739029669296 112.80114692032448 0.0 151.41073806775148 6.340581780130194
28.172209756402147 0.0 43.676606062511816 7.051273594404364 46.91088200156988 21.03124603958662 67.1920026362209 22.484603893642515 73.72539640169097 39.54747798589045 55.28009322191809 46.768057480563215 43.908775465964915 49.02567624198778 33.70099588369472 52.23114623975674 22.399620811172717 49.06587202166138 0.0 44.70870149982446 7.201210992461377 24.66428394860995 23.42051501664347 18.11596054509056 28.172209756402147 0.0
0.0 148.80528643685324 108.71083639020986 0.0 210.0345603075469 104.998000540682 152.0518568771485 192.00476278003123 0.0 148.80528643685324
62.60265459048881 76.0026313279425 20.641926705598593 64.3262241557337 11.153938204817138 34.81944717488892 48.60465896790723 42.04808155192521 55.59512156740598 0.0 79.91742225349009 26.13346770790814 113.05793551668697 12.69331782464382 111.1471757155208 47.656539402283045 139.04806367709602 61.945030570117666 96.91034344223374 79.57524245680945 108.20190865632696 98.64648162060847 108.25126338459071 127.1593700940272 80.18887181251405 115.44413939634666 61.75689061692475 128.04824467570964 61.533150349897625 89.16465379098553 0.0 123.99721273688729 62.60265459048881 76.0026313279425
0.0 155.6631670946611 14.896173058399853 0.0 195.2513340778583 51.72673527516193 102.94679843986528 175.94216579944214 0.0 155.6631670946611
63.23730671153936 0.0 166.40657625604823 44.832471230561225 94.19931084516702 152.61069754235376 0.0 119.30537314759493 19.250882602234924 51.13813359945668 63.23730671153936 0.0
71.10492389532642 0.0 118.77676571266105 98.38138214989114 92.4170773002324 101.92586860646239 0.0 115.6395082810267 71.10492389532642 0.0
56.5730395275491 18.254617190832292 68.16500114084981 36.72682411484007 51.949752736763045 51.99330713711204 34.16523153094566 66.22517608046752 9.03051717046445 60.330575648341664 0.0 35.40470362265749 12.101503297845923 15.656921048905758 25.01863582095139 0.0 42.4631817148383 10.632909623665455 56.5730395275491 18.254617190832292
173.56432751724472 60.26356564792408 224.06910901144502 150.90483445924482 124.22884050511614 171.38887460650324 71.77185978594963 169.95154161054694 27.373623184556706 131.22666343894477 0.0 34.30608708900891 97.25215902347416 0.0 173.56432751724472 60.26356564792408
196.98135982593465 68.64839272283655 225.45367083963433 149.55000502629537 142.66737045586487 175.35367944842696 90.74838947479438 162.38170766684954 21.356304220123462 164.51615878126876 0.0 101.3702817943436 59.92786422736734 65.58830788283842 84.72164665426732 5.5604134608927325 160.84539828274137 0.0 196.98135982593465 68.64839272283655
128.79319324186105 245.10606432456348 32.71835773236582 232.1417483819634 10.586622435431934 143.32493333606345 0.0 16.620593550777713 124.86873081964701 105.238566097675 266.18960990444873 0.0 295.8819690280445 141.0161280171199 145.4045664811091 160.0815107548102 128.79319324186105 245.10606432456348
149.7544208867954 129.950584168854 79.59787668278571 162.31113682732757 2.7934611085194945 157.72222124285577 0.0 78.34948643672286 27.581075902542835 20.6500281180045 96.7677416086725 0.0 176.79209539404627 44.817595893444164 149.7544208867954 129.950584168854
263.2796763146945 228.97286668849586 136.1986066958092 259.3395901557686 88.98406814703858 152.4740765671237 30.875849548434488 124.15076789771435 0.0 17.50910543416417 113.53972922547399 33.835796192922956 213.45783942093522 0.0 229.6456425848623 100.03790683662953 263.2796763146945 228.97286668849586
215.2887575681721 108.28199143127347 121.68730154843767 142.75427400747577 0.0 79.7108930613173 108.31318625355753 2.51247367118831 207.50022395097287 0.0 215.2887575681721 108.28199143127347
75.66357371005617 72.6173934413408 62.81160441039743 53.431532247705526 43.11795289240059 73.07261953822837 18.10973655733168 63.50205464905229 0.0 33.34438800012786 16.210739889379376 0.0 59.796393369910454 30.851632937448535 76.95051282158346 14.444138539288993 103.25154141396524 20.854202582918354 87.82872622488745 47.0728795609269 118.36125449905634 79.94338416302176 75.66357371005617 72.6173934413408
46.09846395450381 92.90562381316073 0.0 80.5363995599296 32.067940238854106 41.42338633805996 26.61287770309343 20.0754963839726 56.79138563207374 0.0 89.03964211328706 24.304562270606674 93.21319327102223 74.30585515369461 46.09846395450381 92.90562381316073
