100
170.77541897736313 23.312422996313003 144.89012292771613 73.53081270603252 115.91240996691475 95.69646687697173 86.74173668389896 101.54126693085124 64.20093086111338 98.35204805895643 35.19639302481721 102.82737103825079 49.346175878676505 68.54227335284949 32.15054050236739 54.220393188573716 0.0 0.0 52.983396622799006 6.365456013683847 77.24376092235923 28.37550410364421 98.23035033876546 29.42102975131298 170.77541897736313 23.312422996313003
215.86004540517203 110.66496854114166 206.87675291257008 169.2520072734821 152.42128083996593 131.45418104850165 123.13352088009142 128.23262069351392 42.49501519976354 145.92409135165286 45.44452997563289 83.33100351982557 0.0 0.0 131.9363022802552 49.64739290115304 146.87600096780713 8.559146605586562 184.76791986872058 4.685086494482917 243.2336242511455 13.35135773648674 225.13263781163795 71.70097147229602 215.86004540517203 110.66496854114166
21.78843244538203 67.58065698425987 0.0 36.645556653719595 41.47770007671123 0.0 101.69826665521089 39.98054408812297 40.44551834846834 59.109986397469854 21.78843244538203 67.58065698425987
343.68697080810824 88.07552386719496 310.0368548564551 150.85708531755705 350.6658338115499 249.486134160958 244.76362170872886 229.08772124002223 194.9409241183963 212.08981614830938 178.96550547832007 168.6322604446188 0.0 200.22393182407723 132.02096276786767 115.36067751139007 167.04797199086838 90.09306427726372 174.79394083816356 9.750087787181315 228.2895578203897 57.73172242802201 334.0427246700189 0.0 343.68697080810824 88.07552386719496
78.83648615489301 79.2120210989877 67.94749469806291 91.1888553795869 23.12223949226933 98.36299737772792 0.0 62.33663854250126 49.32942917673748 51.39621746608735 74.8830491632107 66.23929530556585 88.4013674972453 38.11404478572262 150.00007243643216 0.0 115.05395834373701 66.54415589007155 163.45606510816162 96.18245457714102 151.33419624250632 143.58980749864804 87.28637309375331 105.20122502611284 78.83648615489301 79.2120210989877
78.71025100348882 145.04508503049894 49.25505043911339 127.74575838160939 44.797365617501356 90.99583473615604 46.25975597905291 70.73127769762016 0.0 49.153118798632335 73.02710397890147 54.75150674730136 58.1752953637792 28.44518408115114 67.95374398585217 0.0 92.20890210681956 3.6092152121020646 87.56664457834982 50.92200142687108 124.04891802430173 35.815588044545606 102.27678283193883 57.541718680727215 189.78108019043106 96.27014976485248 165.45732119334758 137.23819782959075 106.02976480730491 118.4997595127285 78.71025100348882 145.04508503049894
171.04283786304148 66.680213954268 223.41852982767531 55.97038991963217 298.6024549216911 73.33312458074516 296.94936196534906 136.20315129796643 212.47184560721544 161.15684268503117 231.03928469179237 225.63735713146758 192.63374945112105 270.9934197155372 137.81297761084411 231.30374134346295 66.30834257329556 285.30676111112734 22.775021287130244 237.38122592856308 47.66204774871264 162.3753345792968 0.0 122.56156926231571 12.676402033245893 66.22975723438967 104.67981554394763 84.908902519084 116.05435660055177 53.83856053703691 149.27634853378316 0.0 171.04283786304148 66.680213954268
271.934610059612 0.0 337.9019355001411 90.12034041265247 346.36589323395276 187.97765663027465 303.6443795976744 271.6444503441527 226.8387408739606 309.7744856539824 163.23870420386336 243.24878013792704 0.0 288.55510805474626 45.356244339358085 157.79486335960297 172.80762514231137 146.1966167621098 183.87879273488818 102.8912305151946 271.934610059612 0.0
87.60537607766844 7.9577732139463535 105.09705014774332 49.980693482859664 67.052613208724 67.74459264793467 38.33514094959645 16.869255065817867 0.9766308098008665 59.51771938775212 10.677306655267273 22.49676427627567 0.0 0.0 29.950819510377457 2.6929509302397463 38.75878532825844 12.616144995697809 43.59220261336144 11.184281152476629 87.60537607766844 7.9577732139463535
0.0 119.18160056749824 52.556364997290586 82.28189242374589 48.338748184697266 46.7714171709648 72.79217030822375 0.0 115.45748442874783 20.14250954743845 128.59234506304614 61.12366185451644 154.8943002560884 77.56644761681873 174.84009948157515 114.2885616900549 148.87324041860595 146.34742272329942 114.52732531933837 161.38330673215262 83.16596734085239 137.7977641429737 32.79779337458476 157.3064963759403 0.0 119.18160056749824
59.026651489560024 56.26566319329861 80.20533262306341 0.0 152.42882636204305 32.03095078019609 87.9405275282766 77.70125719862092 61.31266829716101 133.9043636648678 0.0 94.3786491396977 59.026651489560024 56.26566319329861
87.81207849269701 91.15558992265528 49.18851246285294 94.91442691027177 0.0 57.32970423646778 41.57665590093242 13.769050941986933 85.90217646707553 0.0 124.55583681442396 8.933155929018682 175.1177620255291 22.144513484781676 178.89851194792493 73.94007809024716 158.4685318331335 117.29031154244106 115.9389183357666 141.8430373450772 87.81207849269701 91.15558992265528
172.70736368262283 0.0 243.37012621805536 33.968321844762855 201.31860832836279 109.50023416491966 250.86317372722726 182.79932573532943 190.59963240361213 239.82631208430587 108.02590595994641 207.35365102802763 33.05637665476024 163.252630621982 0.0 58.27696112932187 103.01020162259715 21.360715506474477 172.70736368262283 0.0
115.4448140707106 219.37083817275862 0.0 132.9988583135566 32.209788652904194 0.0 163.88679364984887 3.98833139848891 223.59417890745837 124.3745090049965 115.4448140707106 219.37083817275862
32.900039027424 4.493715938465854 107.9544618454227 0.0 150.02468834107785 50.94407133415599 198.35559725811183 70.43343315301217 273.0405702352831 128.51017707087036 216.2132237928466 200.67375614927386 143.29682583911114 213.98244025645556 79.11309464065118 236.97577922901547 41.86047910003333 179.0410832857321 59.70894155347057 123.20255092039298 0.0 67.8564567607001 32.900039027424 4.493715938465854
11.878636968836027 100.85103085036444 0.0 56.59436927996056 28.069648377636142 26.267317110888072 59.71336188460141 19.75491636837274 120.74426831396094 0.0 169.33606264431512 64.58028191514481 89.89535672832689 93.9126778297376 55.20767465989121 153.95794933931035 11.878636968836027 100.85103085036444
78.73313877263178 108.12622713675046 20.70160055869836 106.38430210683396 0.0 38.17617797797624 74.8165476564812 33.87769232479194 132.47647943758454 0.0 214.89675586644148 41.78716202632152 140.37102983810365 106.57937036669233 102.60273352620463 120.49993071196404 78.73313877263178 108.12622713675046
113.71900653255014 226.1090588157678 97.01687740665804 175.77940357656246 7.20940547596075 212.73909040689287 47.92559665627499 146.36053695332433 0.0 96.17665538665656 101.35090713090217 120.08146555208259 68.23876736555212 0.0 129.3995009771491 38.77175876040626 174.62934335455827 49.847302530236064 191.0304398859679 91.08534619907837 166.50820020277416 130.3278462293375 233.9887748907798 170.8918588381369 174.85098063571093 188.46276787646175 148.85879873498308 212.39075874989607 113.71900653255014 226.1090588157678
0.0 116.87811682816503 46.2172762427696 72.16611603655926 209.0550652313025 0.0 182.04128166142482 193.34839423958238 41.73291909942462 177.8415980825684 0.0 116.87811682816503
0.0 0.0 102.992739370714 78.39033848833688 201.26239116989976 40.85351605766395 248.8216724504108 139.39857165998717 145.25456531618138 177.39329179470298 91.62219351172523 224.001950039517 64.51958021277265 153.04806687090326 31.599753479882636 117.79576652463788 0.0 0.0
0.0 19.9404336069272 15.10252762464168 11.599350784240272 24.035623224185997 0.0 38.97033625348982 3.784713930241921 31.06900446583606 26.414650969354994 55.603361221419675 24.716915123393505 50.90567278485926 37.75161266402296 44.53334432676 50.7421547328878 29.404846288225713 45.82871613061042 20.667436647095144 40.617321212104116 20.706166016914793 30.57045536336497 0.0 19.9404336069272
135.5793686538517 61.0548065716854 109.82823519795585 95.64745175284312 77.50857333793037 111.30842989923138 47.91676812312541 94.690969630177 46.0762682357702 67.43621550239189 18.787685653141352 53.28056702285689 0.0 0.0 58.067545414197056 27.054958411781065 79.80703451802104 19.96446000303608 96.32037863431867 36.38766013359032 135.5793686538517 61.0548065716854
18.94401050207007 0.0 76.87184621627354 32.83960668066189 132.93021129321193 89.85942191429001 56.273031965401984 112.87224751916317 0.0 124.35582571539247 22.69504216479298 70.13516303859568 18.94401050207007 0.0
119.12862877064411 92.12740455462443 88.19469443424651 122.55891677207103 49.21363209409898 102.77080744536076 0.0 54.75192444529491 61.99219479400239 23.490928317025734 94.5461767981623 0.0 129.99598676209382 11.808083985321417 176.1704383203765 18.829395814965572 147.36477578495507 64.8306496482866 147.36808833759073 90.7714984862042 119.12862877064411 92.12740455462443
244.32827045500144 229.56240265232353 135.80114532656566 219.15837987096623 0.0 207.02205451814072 56.120198656658744 88.19448262916268 127.70456239441826 42.82344133573778 240.45089824857422 0.0 247.15700691634083 123.42947253973286 244.32827045500144 229.56240265232353
0.0 87.6163999053775 100.01962788726269 79.89999901500445 128.92461209997623 66.98666313650853 152.3697760318786 40.081493619500336 194.86044105659835 0.0 189.7249994138216 95.41405314156015 317.07090730379355 31.239880431175308 340.85179923845203 95.78466807219351 302.64330369803554 157.2929856019363 305.3247088858057 221.4493499381265 218.03805518937713 206.42144766936576 181.91128352317784 205.05375495295291 135.61507318364121 279.91720566910726 68.97027593668989 267.9334154891796 65.21926772030429 190.49246692841382 78.46642392071374 140.2102329129627 0.0 87.6163999053775
220.78817572584484 273.5048251464502 85.29777410562039 210.50796715525684 0.0 124.05788071956022 115.08594965134073 98.96858526683523 205.85371983222694 0.0 286.24814920808683 127.3224658532675 220.78817572584484 273.5048251464502
65.26131690167786 129.10227230450602 70.25492859010708 66.07317585867762 127.0686483092054 0.0 202.98295769403327 51.94785319706985 318.5842245851564 108.4312826060639 185.40262144538843 163.83154178867886 141.6610226552948 189.40920124453453 0.0 277.2792265276722 65.26131690167786 129.10227230450602
25.556875662899174 86.71004879712251 0.0 72.74866440546725 37.264388959337964 54.21842368275546 14.651773704036366 22.80614455529851 44.46394309520163 25.65125243166851 65.03188047716587 0.0 85.87668623518977 18.684406125745426 119.35568395842188 27.581668680087347 82.13894534353786 59.042501886060535 94.25283590805498 79.2685430399743 77.12523650815756 87.3186984788561 63.134284703538114 110.12878657447035 33.244875314017904 117.1781716718092 25.556875662899174 86.71004879712251
96.1469446219368 165.62502877818127 0.0 143.2643964647625 129.67761193009233 0.0 232.35682589359635 186.39092670138453 96.1469446219368 165.62502877818127
216.20212640659128 181.32393407511816 160.9753101975075 166.19047840022066 127.67659147389223 177.23378143371914 84.77800748459498 183.10015784035053 101.96943413884452 122.41854826116315 0.0 113.56913984994725 41.89267300254136 63.8861017530895 51.12141934809148 9.047915859420442 115.66874372180132 35.46839386790684 149.24642827226063 17.81392392861457 202.29702343680557 0.0 193.54938425977912 65.42048113981642 260.0995694603496 88.52057667689043 240.24050962325316 137.15484133883274 216.20212640659128 181.32393407511816
102.47419891759667 154.0113961255206 0.0 94.57136307920905 87.54740831574398 0.0 166.2706825733432 59.33003778138311 165.1970477948405 121.92683818067955 102.47419891759667 154.0113961255206
0.0 0.0 90.66411646632069 5.863063202192258 71.85970091509814 63.29852897913659 28.880548577422644 77.04943611397371 0.0 0.0
25.73992573071594 45.995188375836335 0.0 47.0653975686176 32.473188028204646 32.79708559439645 17.755036635913854 21.621371162763225 25.7548280320313 15.395781017837479 30.597224019338654 0.0 43.05285381480094 10.101853098107483 51.05693789577542 14.327959370871085 67.55713867186194 11.418252461495399 59.96358120451919 27.255011409693992 49.08814147252123 34.14951232000108 62.26680643189587 44.5159851495097 67.25733066086929 64.32117936308033 41.66307968474206 36.39468110498507 39.219160349309675 50.70267294712046 24.463960316768564 65.35862516987542 25.73992573071594 45.995188375836335
0.0 65.8135726855204 21.554729975125483 24.963823186571 54.59689496736584 9.483016388164828 83.65878563504819 0.0 94.51814859646086 30.30325954877319 108.26121069198905 41.80114769825018 122.75956816707088 66.93448067713166 93.21600253874038 75.18356503919532 72.63649818065174 102.98429207143954 41.98256600716829 89.15842056796382 0.0 65.8135726855204
128.13522872789682 0.0 137.73308662145348 32.88674438884885 166.24259378185684 81.43424476062555 108.51018107106938 79.13450640472189 49.496154897848555 162.16641272272005 0.0 96.18722641067188 71.39608195936984 37.68971901419133 69.80496598363621 14.413379011996547 92.02022818942409 5.611798662412234 128.13522872789682 0.0
175.9617168792883 211.01456041421167 60.384589259385635 260.21062166341886 20.64819422557821 144.3311656437435 0.0 28.45285023101681 131.79508000065294 56.30390975045086 208.14917540938484 0.0 271.51088333754774 74.00715333945561 313.2522564096083 201.80855131912975 175.9617168792883 211.01456041421167
108.84969622447326 90.09983952926905 0.0 50.03179893744769 94.02071415357972 7.8967865249155835 160.44482663948895 0.0 197.4633257039099 48.13626252542963 204.24151548765923 115.97275795484174 142.19801005846364 196.94393351548644 108.84969622447326 90.09983952926905
60.17203310613762 58.629402232927035 54.426187529443666 66.82393360026987 39.83426728621963 83.69455442446602 41.5031867276991 53.83638090627166 16.457002201447537 60.937853219307655 17.55557208995458 46.04007369993714 0.0 26.51035388828039 33.08298015792974 27.610967213707568 31.59615524210622 0.0 49.96753441215496 11.912915231473036 64.61046428585371 10.4258755603216 83.10623982358145 14.571961475236023 83.53722084342196 33.631114903367646 68.89578375664043 46.02517539497538 84.6267537297988 64.5036465261753 60.17203310613762 58.629402232927035
1.1508387111855 89.29293819827028 24.46040292283263 43.17153958821277 70.43228956221068 28.88924757282537 112.96484453430135 14.04818876488278 154.90352977345356 20.817757820029172 225.3571266261862 0.0 194.69140314382366 84.87813675477275 256.80475115331785 111.72437989141794 272.41081042441175 171.56990976044136 217.81279317641895 203.89956963496132 175.7072255253903 222.7439985540844 133.00044153756363 220.36994833313491 90.47725833252879 231.88463059116657 59.56974772129565 202.2773829402381 43.680495951759795 168.20130954175065 0.0 138.45289535141322 1.1508387111855 89.29293819827028
69.05856242950969 47.41641835902293 30.889022342151733 48.79228837057248 0.0 39.37896314845942 6.647820989605037 7.017094935720664 29.35336637593116 6.148788296752457 42.25174917996728 0.0 77.7265519066855 9.691488935727406 69.05856242950969 47.41641835902293
32.22104434882823 12.160251984818444 37.90315256131838 0.039942398390934386 50.2437921997911 0.0 57.75947560692671 9.619882514840214 71.40918672387181 16.148486505118825 56.91177810020099 28.542306786462404 50.76815067943254 33.13521566283896 55.86800743386354 53.1805746364094 42.48466520696556 56.54867639325852 37.54555325222955 33.0255305605741 19.56393325616162 45.492757974589864 14.397365763633616 34.725287355109174 0.0 20.87492011857583 19.956441087265063 12.733973430418871 32.22104434882823 12.160251984818444
84.49669482558937 0.0 130.12298162215546 26.08854262942865 111.54216682304784 73.72778315109085 73.21147213814331 95.3525729493648 30.3805383234226 108.48552693402019 11.430376824810025 69.25788985315194 0.0 35.12701016926437 25.97519335367528 15.004415024292292 50.201002945580285 8.777429983405163 84.49669482558937 0.0
72.39655931686761 28.215678940992206 91.62155278991243 49.22107058171288 73.89021784930888 57.6465743953964 54.3916517461133 46.79572582248086 44.8266299475187 51.92588616969989 30.291305217171413 55.045568005508514 0.0 57.020038351731685 22.554927263500588 30.201591906085255 9.577972596209122 15.321272984799634 41.68181442268775 20.348422347903636 44.550265619033624 17.23374175407386 48.874678745351574 19.210452810671924 55.77082377386411 10.127181747339876 76.64751929365406 0.0 74.3039790972854 17.573209946613872 72.39655931686761 28.215678940992206
4.326255943802835 0.4428147929982771 31.285865925402547 4.434013721525957 42.32304259297922 7.442148204629888 51.568251536461275 2.435700718584414 67.79026321329323 0.0 59.689860978910886 18.473507509783218 64.6792077817353 25.813294065085728 66.94724149853607 37.34727077601487 67.6153849055188 59.80981304896582 48.98653023271814 55.97042144134744 39.09393122628782 43.08232328789511 25.3992623943613 46.20071502813575 43.294662913461195 24.885019177539718 0.0 21.020834552924015 4.326255943802835 0.4428147929982771
0.0 96.3085150354293 60.88365225831399 15.847274346800944 214.8054436192374 0.0 173.11538113278976 151.60146841347265 97.82820211048801 192.29153194305033 20.68189361795102 182.68559967621403 0.0 96.3085150354293
47.03603110310132 26.8953519976658 75.03754711159253 0.0 72.20244408708278 30.19390350376645 75.43428621654883 45.453733388032674 91.96573769210805 75.70256842338306 60.57354019740636 75.28179486078771 42.70723901107873 74.36873947706302 29.926328588066397 64.70153516995812 0.0 63.94446529950277 23.840580002647613 40.98827035075857 26.526878560978645 29.71406696561978 40.79959425704057 32.527145901426906 47.03603110310132 26.8953519976658
55.53575318415126 72.35841330977556 47.884910935400015 45.26875308045106 38.744366415476975 43.56202926910407 0.0 41.12591726957433 40.84247226287248 28.04586655424926 38.12073544967653 16.53150545407172 45.83862474657106 4.296843321614347 57.978079385984415 10.738181708007744 79.17785049819055 0.0 81.31348103089239 20.148005214449796 91.12922801224788 34.96491598013628 91.93775350380567 56.97708278693463 58.998362858136346 40.32479554669449 55.53575318415126 72.35841330977556
204.76791107771527 77.15690053430525 164.56071551017578 151.88866274079078 95.12861612349374 169.17712294269154 60.40645247692767 123.48753630702485 0.0 63.594647689284685 83.67394701352606 60.16850551214724 152.28042861806324 0.0 204.76791107771527 77.15690053430525
60.650417773351855 112.06157658457641 35.57572530134748 136.5949897181828 3.186213973509062 131.96571478180803 0.8241320525752656 95.82119848606524 0.0 70.88291591791852 4.596209289285326 49.88175553066286 25.99464061858331 41.81467266524179 34.28581948848042 24.020524127097076 54.51886744922812 5.529606103695954 86.15316464429313 0.0 96.04310836650123 31.873505287791914 126.70547859036762 45.96259726690812 143.028928367676 79.66698267207144 60.89972014621571 71.37065270090457 62.6955106920449 80.99776246878683 60.650417773351855 112.06157658457641
85.86008897500069 134.8533396408535 56.050643489044816 195.13265933074467 10.741069556239196 176.00868471458597 3.170556622990034 128.60919049928174 0.0 88.42669614799776 1.9891776623418167 40.60621582285966 37.63907755471321 0.0 81.74961373840716 62.28922013645229 121.60722480214132 46.786770700754865 228.24620604751664 48.24656851067317 165.39572089645162 119.49260763784699 178.75909931254716 192.61010900318087 85.86008897500069 134.8533396408535
93.67402342331661 79.54886132297734 66.58907872155231 55.00293413236599 0.0 15.865540715175399 72.31673135480719 0.0 100.50276229092346 9.117420203941322 121.68204093068698 22.300995819572307 139.25802226992954 64.8942845280035 93.67402342331661 79.54886132297734
11.575775648081873 12.55984693146381 46.420147067302 0.0 67.15430531664293 14.973400582404082 87.22276363697505 43.63493957121638 55.435857403294364 56.50106720775524 0.0 67.582247567234 11.575775648081873 12.55984693146381
59.29403134998328 8.148013798043252 71.47521046425112 18.338605727867986 105.2182317459075 34.78418570653142 85.7519647575977 72.54622748446374 48.212359290234666 57.5466275654027 0.0 45.593530786896565 21.449935826764197 0.0 59.29403134998328 8.148013798043252
83.37482992778772 0.0 125.02822848849381 31.625074517246077 149.69512260903508 60.73446812027397 184.08715927065765 90.57066245390875 186.92159343643064 140.47651909485194 143.07748692926532 166.76068133103252 104.996058476341 176.61108718227388 67.69544411171515 172.55886809646955 45.005922415520075 139.93912840545022 28.278347511628567 109.31642507590301 0.0 61.752704810140486 62.77620362601931 58.81115125609794 83.37482992778772 0.0
66.98973766780992 100.56022620198229 31.24113849193752 84.51286646644519 0.0 44.97743251154757 38.045672029302146 13.186540319945358 78.70077173345211 44.57751799511367 112.25170215021959 0.0 157.1846356607289 28.750604421629653 174.90595946752845 90.58605013988497 100.39427947571338 91.59478093909277 66.98973766780992 100.56022620198229
126.32058266536802 65.71943969643405 105.45757292309688 73.04983729884768 110.37213425025939 106.18204897338023 88.18491080579233 118.21647639242602 62.452483268030775 111.22639212422146 53.13695654662163 86.30640892184829 45.86650208409927 71.6428397313766 0.0 63.53926930381284 11.236124298508543 34.57498537832591 54.53482895724039 33.10515943568837 71.6133804817943 38.61152023966863 72.52505309666238 0.0 90.46346444807106 13.0953013835556 112.83301241173947 11.226379383537193 134.99797726158732 22.5414098618486 138.2474813527059 46.25124520407571 126.32058266536802 65.71943969643405
0.0 56.69908644849348 1.4894283852302408 0.0 59.45733334355425 47.925261381892206 96.20996618740443 17.081696998487175 86.75317892493243 54.88390233529082 112.68196611041029 106.84483005980232 58.902458741364306 102.6850832193148 26.45267880159826 90.21859923192386 0.0 56.69908644849348
35.250599966690444 41.03263000523404 29.006841330398515 64.90623974423376 17.13218918467588 57.19656999473747 14.442171656304069 44.01037703830143 2.047960056317322 34.56662108023775 0.0 17.506839427919033 10.585455444296386 2.2778049437444423 29.841777531826196 9.784906847621556 45.56745157546534 0.0 46.05640214010117 22.590889434992476 68.414520158758 26.207172359786213 42.48271557699269 37.14704806773676 47.12819284912652 47.02222284861914 35.250599966690444 41.03263000523404
23.99529401342015 152.9411930155797 40.15035317315444 109.1668790301424 0.0 60.982618132052316 46.431520808209015 33.266032146885465 78.1812404162213 4.26981053903738 119.60360039420608 0.0 158.09159707893497 6.361934984496202 216.3755719535368 1.9308460809176609 286.5697390807711 22.668053643569436 219.63113922668006 98.34241769542739 215.54745061029183 135.82302636538668 201.354072911912 174.1742343339921 161.2622451507226 179.59686058673043 128.04626005933977 169.7950812732263 95.69840634693614 184.2460205517832 97.01500047409624 135.97498088012338 23.99529401342015 152.9411930155797
175.43876871509468 163.3589822653659 74.31526418649126 170.85847206066438 16.22520728464471 97.12379716014442 0.0 0.0 98.79329138879078 14.78543938232879 123.64180770714468 43.289929483628185 112.8755971139209 64.20808765115565 175.43876871509468 163.3589822653659
35.046223979111375 0.0 167.56597614733153 33.545537094383185 86.42975975315757 126.51965455759269 5.774288619243578 164.22534947806412 0.0 79.5596394689551 35.046223979111375 0.0
40.506551338371764 19.940895938164353 84.60886709178274 24.641775964475116 183.07416922748644 0.0 183.59768725590686 102.84923048521622 107.21614861485523 136.74439502273825 6.488267475880065 171.8447858032779 0.0 71.06557243998267 40.506551338371764 19.940895938164353
150.07763195313348 12.893435230336436 235.6385202994423 8.927191098306011 215.97787398196303 90.43388248044272 187.71291745530976 139.33272353955195 140.7865703130497 177.70170785379 110.9361904140504 113.17850765829493 81.24289870725012 95.89036710052098 0.0 15.183957924251189 94.6405373449866 0.0 150.07763195313348 12.893435230336436
29.916883670683262 35.87623821792202 0.0 15.064849140283641 19.421641020643946 3.4218504189555574 45.19782578679549 0.0 29.916883670683262 35.87623821792202
132.064321303445 135.22129743463321 99.24272065043449 143.2558074677467 65.2036615455024 149.2159006017113 52.6290148086792 107.39675455641998 39.45821502766794 92.6623900562179 0.0 79.10186638571194 2.746270497386348 47.141417516976716 35.71068122101646 32.479797534679264 44.19555812386142 0.0 75.55188810085018 14.841476339532989 95.18156306033126 25.0177451027969 135.50163090283792 10.72011718731585 153.33580813525418 38.39793916951784 134.21973962886204 69.67945166182174 116.83718277240547 87.4899109959722 132.064321303445 135.22129743463321
0.0 82.07408682800894 104.56788658250167 0.0 166.78499364943616 113.69076034285783 78.14092535641197 129.5695725313847 0.0 82.07408682800894
42.56986155915064 203.3446623787649 0.0 91.88085438370949 0.5469806342152879 7.89927807528499 81.09668128098943 0.0 106.36574092974368 35.28707422626471 153.0647829769841 23.193737505821773 258.7852499318466 108.82942278870065 145.2520991958638 143.9215566004267 42.56986155915064 203.3446623787649
155.71260506850092 63.88357548993236 0.0 61.37345500449083 141.66128996305855 10.43043516181752 223.46860459669273 0.0 186.39264528325248 73.5877999128636 155.71260506850092 63.88357548993236
129.19392646046202 71.36303454761081 215.16859085727333 142.9463328622499 118.83400466800717 185.77899712975756 60.78800659968388 122.71618361417187 0.0 60.98432489533542 88.38559739660778 32.31540835523546 142.36453637514688 0.0 129.19392646046202 71.36303454761081
77.69327585679594 9.057261137033194 103.15128988283493 14.850680770977576 119.69694943647725 19.397685141929145 159.31188341020783 0.0 195.23039061224256 24.062669434579504 170.41574624717944 61.50225472928895 152.3202696208129 83.15911347774338 135.50927907301235 107.70309070912995 104.0105528447318 131.81204120404777 79.84891840144667 98.09034971053646 25.802850566136556 98.98398794307687 0.0 53.642469102068674 95.33482623449186 43.397890498043324 77.69327585679594 9.057261137033194
32.301500331070336 70.47008565485349 72.10544561912646 67.27560432769802 67.24340110224655 15.40600176253934 116.8075174750363 0.0 133.0764774406012 50.13586181210091 151.44941109635738 99.58273818828937 93.63489556870394 102.3798482357646 70.06020841666295 98.17313440396617 0.0 134.8044748879222 32.301500331070336 70.47008565485349
9.251727438575216 79.30691733312413 58.78996156998454 68.3665428993852 83.70217109192178 57.418944870018684 127.40635098672217 0.0 135.63655113464858 67.8408534528547 226.60253028469165 78.27288990446736 144.72690895630654 123.76715390250718 101.81143093355367 115.80803531656191 105.79275157488404 159.19222380581886 64.62974512683382 199.7759894612435 15.335193856004054 179.97775161252366 0.0 126.47403561359081 9.251727438575216 79.30691733312413
27.576100691109815 47.856960217879376 20.07584931085441 43.33744051121077 4.990468983022225 51.719043935265205 2.8554442873232375 38.03563991963671 0.0 27.38478145795854 17.934694861118857 28.047367882455134 11.350451207095517 0.8714939638034593 28.02706587213339 0.0 36.77029398203338 14.678775530344424 28.570045787839092 29.294973010159325 56.22377102181221 38.174929750934055 28.526187048838864 37.175182004730004 27.576100691109815 47.856960217879376
110.35651554415908 167.02131615673085 85.35854616480071 88.32190184461977 22.210741207273514 145.15369122979695 19.012578569997004 97.60804194982177 0.0 48.34364735953137 31.0326326600711 0.0 85.19159177046714 60.88428265423367 122.46739846259283 30.750706927494633 173.62023875265987 50.023075556695694 137.5734400925312 95.83930506813078 137.3618051350824 131.41626278924116 110.35651554415908 167.02131615673085
49.78230602639897 0.0 82.51546287997996 6.861062503528402 113.11014012975471 19.256131643096083 112.60583868814604 50.908837558308136 96.68749079943771 81.14347010187237 65.80165733024818 70.61325606094945 0.0 82.48441713137547 15.29303209387919 26.76246467064226 49.78230602639897 0.0
49.654650515927784 0.0 84.2375295823326 13.838170820662967 46.38699495100089 36.5381212306164 0.0 7.550319734312566 49.654650515927784 0.0
41.630045284413335 31.23196648849411 62.48766394250304 13.595052523649002 67.14422201247243 28.5920035788118 82.03780463843373 43.50581738488556 52.95383140012505 48.285899568811786 53.75138809290514 64.7719209092232 39.7985539342829 63.66040961683562 29.272231217542817 60.40267709904293 21.479977979642406 53.0772409954767 0.0 45.271733130421595 7.198526073521485 28.280345284042383 3.4113673635676065 0.0 29.628629268829336 0.5649267641197611 41.630045284413335 31.23196648849411
118.07282812935446 31.0922165731239 90.53162828396039 64.30941958568556 56.59996876178809 92.24218791851658 0.0 58.76716214817727 26.715217178915502 0.0 74.50118506544696 20.18907260419622 118.07282812935446 31.0922165731239
201.38351381575916 139.55966849252505 12.517975076165698 131.3455223514156 0.0 0.0 107.97809616704225 1.0867727620996774 201.38351381575916 139.55966849252505
113.99802764777229 201.93861592124617 60.36514577019538 197.47386534046072 0.0 149.0540805259353 31.115368112028875 78.75243629335161 84.09099471732816 40.73416925083956 146.4151322932664 45.800199849401096 229.55702270996275 0.0 250.02762322541085 89.13773560863638 261.322230684949 149.61196925331228 221.48141837548874 193.38059890345238 194.68887677410865 234.8300882630631 145.28636388521772 242.56202544511197 113.99802764777229 201.93861592124617
111.6177511838824 135.6963956516086 37.240340143601856 122.98992022289171 0.0 0.0 170.8808459140042 18.08791912260861 111.6177511838824 135.6963956516086
44.973137456500496 4.414908279052298 72.48661684854498 0.0 62.037816715133786 24.829714985100082 69.6563387239273 42.79084195587728 32.36608855730364 29.7909785198663 35.60152948794368 40.64389475658342 27.138754207696948 57.48594520929994 3.9239316199504515 63.7084926059985 4.146250852796754 41.1518204549141 0.0 27.015586397899 9.837532781858528 14.482156294694093 23.2851465555742 13.456142351026187 31.482863974386788 9.357967355910205 44.973137456500496 4.414908279052298
43.58300110386749 74.65732743792965 32.20170929073039 10.295986647968626 108.89623589724481 29.979141870684913 146.1011208369422 0.0 168.5040241301122 38.922871353458504 270.9391572567997 100.79815040785877 184.4349144171415 153.54079867389012 114.58208450908167 142.44128643334292 0.0 189.0998185792009 43.58300110386749 74.65732743792965
25.601193272710702 53.56208467299931 8.386165363711925 24.15870726724699 41.73212251662207 24.259132585280504 62.60162733410891 16.50002282482466 117.00822405619044 0.0 84.08090194350766 50.725259282268304 83.16238864880458 73.43233540431066 62.22172925868807 78.59788484430928 44.755682953790554 79.44105261527764 0.0 92.83470825229136 25.601193272710702 53.56208467299931
24.633815679902646 53.85558598930879 0.0 11.909092387079369 47.11355968659674 0.0 90.41715255798701 48.67128552066178 24.633815679902646 53.85558598930879
100.51465248511539 0.0 120.6928778215398 43.56064379377784 193.39502792361156 56.483523561173925 145.68460350585752 104.70215876297645 146.35268523171956 180.54169628077312 83.26592876771099 120.68279722516176 79.88236319956482 87.15092572619412 4.874016141620814 95.04298167873833 0.0 34.052820459880394 50.21002326440592 4.379432523798556 100.51465248511539 0.0
0.0 33.30437043488516 16.78999010246772 25.30800546933571 15.19125187443553 3.3419859746594796 34.946543967360604 16.42540803971474 50.72979041920454 0.0 39.954015701242675 35.93767316323522 56.12222798448936 32.16085487569282 44.388828840596524 39.57742576072569 70.48635310266172 60.24686403981859 50.79643818112583 62.18298800278491 38.07496505383357 52.955553760580614 27.402298918411397 63.8783312315704 22.678118536861568 52.140308233056444 9.152241036619422 47.4832638072059 0.0 33.30437043488516
81.85123884794989 39.35484877021261 126.43700464949647 10.930757766118752 111.65759752663783 59.54247149008309 143.65490128067935 81.19635192595437 121.93444261974297 106.02373682993073 98.46817631822151 116.1444963890419 78.20713568342101 142.55146776153106 51.38613957071931 128.4648779795177 52.088401995054625 92.8881925627741 2.779806765581725 87.81650581066471 31.596133887532318 61.575307266968366 0.0 0.0 53.110708912248285 6.062578313565666 81.85123884794989 39.35484877021261
58.93037398661154 53.24851358332273 34.512409176391174 74.85878022688735 10.893260647889633 52.91701454434977 0.0 24.04984802528209 30.197202106481015 9.610835702174498 45.979391469762106 10.344554769944352 65.78067565281303 0.0 102.55407028749968 12.618572680519847 84.26409511966659 44.80183789237795 58.93037398661154 53.24851358332273
0.0 5.08860061848759 54.09604064537746 0.0 79.2979063674879 19.994304842822245 46.02940750242959 44.603632833450106 0.0 5.08860061848759
47.31245408103183 0.0 63.992970847295254 12.33807161492858 49.72417261469698 27.686826663697516 44.9794467852995 44.93830232602417 26.710263907959572 42.281909269196134 0.0 41.34073639126824 3.8996302396357407 16.996839925894065 14.143537082370202 0.5953241508083096 32.01865800566439 0.6311107188587783 47.31245408103183 0.0
225.13478908463662 38.620365799842986 274.5017741790973 75.77188740149022 262.2283288324868 133.46757876982656 216.77956436979028 165.3841369487996 192.86689421965653 216.28833546742163 140.51689755189008 198.6335702609074 72.47553020514873 230.1973068237137 0.0 194.29589953969486 53.028766324343394 114.32497120290813 41.17412384436501 59.54204474683691 94.08084229999596 34.568296798259254 141.1757668857879 46.12081344459516 187.847637468837 0.0 225.13478908463662 38.620365799842986
63.59952182113682 29.80942382063735 83.93581344168115 0.0 111.80755699375496 8.488254408450928 122.0796460910392 36.634655390738345 104.3879285242578 60.466167374996914 111.27924881812174 108.68776764834323 70.04669233613723 100.13972824938264 47.56997702895892 82.07349289771443 28.63044489907741 70.13424049167095 0.0 49.6926555950142 11.749188404096735 18.7029041227117 41.04507887480217 9.75018389338814 63.59952182113682 29.80942382063735
22.811813212463655 102.56903773348438 0.0 64.85865184318838 17.304537606272383 3.7907087344018606 88.53942561851741 0.0 155.76059425056525 48.64417007083898 122.23230929376251 120.36772311352448 60.581044894501424 135.32174175945 22.811813212463655 102.56903773348438
68.33986219352542 39.67430714595478 105.56637195104582 56.737286920371936 188.78614366212088 0.0 157.77756972092627 85.24637626959927 233.6922960578895 156.79357714207885 113.9415825099623 118.32744029280254 95.67470603873542 145.5113178983667 0.0 205.66330056737974 28.160922737651163 112.02971715607954 20.496492968977208 59.79002908818107 68.33986219352542 39.67430714595478
0.0 34.63195423854079 28.699092296765613 31.652690125264904 31.039347426195263 0.0 54.97406846705614 3.037851456577336 62.20839384011509 25.59944840090501 81.98263469795857 45.983438401025616 74.33736168693933 74.3410710081734 37.253593895030164 41.31108108807465 17.267092402625195 80.51510215815543 12.638084593914002 52.08430395868327 0.0 34.63195423854079
42.8222697685153 13.603289517359414 53.617633422189456 12.09945378363733 54.12028034634433 24.334584110274278 78.89692051200102 25.0477359546541 63.55567795649969 37.91339579392826 69.19899254634394 52.152484328776396 57.08044303546332 59.4390252025198 41.06637598962929 34.01258747628577 29.76983702367376 73.07087395537025 18.312185770418594 60.54082461107379 9.483906050478382 48.33711727024631 14.248470265739968 33.84208140322512 0.0 15.734845371513956 22.64479132106743 13.521016736126995 29.354286974899267 0.0 42.8222697685153 13.603289517359414
239.4229083946275 53.412973630167215 230.88113994257895 104.6206502920241 214.6662657691976 147.7297473014446 154.31886147051014 145.86662831577914 134.557142713107 156.32355798534158 112.72466263825666 184.18827064669173 68.83978832720899 205.0108577540561 26.212761049236946 186.2439452131593 73.00986824892004 119.95071265562558 0.0 103.15281525348111 54.1665118222478 78.14971946757065 38.1556278443519 27.717864095204575 72.29550952335228 1.8662910820839187 112.47710507050915 4.324145317653375 154.87717067691858 0.0 185.8970791391597 31.08027945027648 239.4229083946275 53.412973630167215
99.13723397119398 96.99334665392732 0.0 79.79530339143145 68.85223753848882 0.0 121.8937886511375 20.340722170020705 179.52515756223045 30.056351730831572 183.16869397441297 119.0108314738741 99.13723397119398 96.99334665392732
