100
27.710604856763695 0.0 70.50145047828069 24.332791665016117 86.74649258553872 25.278426497385183 126.9355950166269 10.61971037985186 167.27199733800302 38.08738701388002 152.3387928224464 81.06071090135258 133.7321266549684 120.1422116731596 97.9422791786375 150.43023201667796 64.276409958468 97.50291301770316 0.0 124.72379739666773 50.31333311517052 60.82147971549389 46.01545387814929 43.997080056918364 27.710604856763695 0.0
0.0 58.96629484324335 87.95147446201811 0.0 163.48814800458072 38.210465776289766 155.02663023549218 125.93521865284653 94.47576015504794 82.38182142485454 0.0 58.96629484324335
72.90861573343443 0.2563095099164343 123.19719164449441 18.860945106364547 101.56149524723608 66.45367257450272 68.95821230681112 84.75397485702294 41.32975985762397 70.96906315571263 0.0 45.77716381888178 28.174783761190994 0.0 72.90861573343443 0.2563095099164343
0.0 91.93481742734122 25.70811258064117 47.21341352512239 45.360433363787024 0.0 98.4112835877425 4.354464182823477 132.66112645199485 20.37502285406032 133.7217161891479 62.49621875523813 195.43620182312594 58.973587201197304 203.00614662588757 102.7674864791284 197.2597627987768 152.87897055513474 150.06069042714412 175.92622551580808 105.56527809145398 162.42644505688247 52.01274692565155 184.16621600654287 19.59515248305145 141.13532423799478 0.0 91.93481742734122
111.05544493141369 25.446793896880024 144.10881194420065 62.38733117982204 127.99784799663219 107.56606306096033 91.08352004031602 123.33972592229307 64.01390546386888 128.3743682688129 57.19389014968702 96.77777412850001 0.0 104.70326471993388 16.487693528709087 69.41629746587026 21.619446103156406 22.191733203419616 67.85950831721571 0.0 111.05544493141369 25.446793896880024
59.72978618209116 0.0 97.59405845723171 16.63409626278665 138.31365830118497 17.64949577005615 156.24144701457237 53.78777556995446 128.0348754530138 86.38596168421672 98.58710056015006 88.44885057198279 91.20442418332829 96.82921089428196 75.09659808248396 121.66225293911161 34.35760718674746 131.72416822523957 13.981085912758857 99.60187319630084 22.50934382016908 61.84896865154177 0.0 0.3654426172870586 59.72978618209116 0.0
98.89551805505582 23.823514640394492 121.01346150364984 64.66816998254595 96.25278646569046 102.45622390186269 56.92754893286785 92.10455840233762 8.869061404506908 110.1803828827439 0.0 61.23783610253818 21.690956885706186 25.077010106574967 59.144252437174615 0.0 98.89551805505582 23.823514640394492
73.87296130267697 71.48577032055698 142.20067731211267 0.0 202.42107640145775 74.88492569288047 310.1529108826835 154.2863370971786 218.31487355957998 269.6335709265182 125.6253166120946 174.82774072992237 0.0 164.390148109594 73.87296130267697 71.48577032055698
127.28573473677993 189.04183478716882 39.1225644036293 167.72338920912236 0.0 71.00017517135645 119.14967453420086 50.0906775254972 143.22028288094873 0.0 193.2465045847915 16.684785983465964 311.38927261123933 29.252799288031788 244.76741258228785 119.14341782161864 196.09345709706218 161.39554082054298 127.28573473677993 189.04183478716882
97.28813612225727 54.90025367557341 37.624514063691514 76.6174352306444 0.0 0.0 69.14987216737151 20.86223910496294 97.28813612225727 54.90025367557341
226.96064480628894 215.15615664524728 146.23347380313703 183.79919627854315 124.4311979592904 226.05395932761496 103.97462026009407 154.1897096413548 4.594724512484646 248.58851437438744 16.785836079067252 171.3019345993543 2.9661263192259923 131.40469932535967 0.0 83.99801527766797 55.03511538142297 69.32050997013984 55.857319074954376 7.586552553646257 106.30697868285829 20.70054888238191 141.7824327835617 40.93598375354033 223.53253890946263 0.0 269.29722519459096 47.98795128393067 209.77249711793507 116.47919016624533 208.3740713237093 152.9336924627403 226.96064480628894 215.15615664524728
46.58991330170125 147.91062560281313 0.0 100.18298621281461 20.245303113217638 47.98553151872984 69.96075360356295 0.0 93.54213894674231 64.72642748849253 157.40385325355777 155.87847083168174 46.58991330170125 147.91062560281313
0.0 56.07819199653251 104.58100691375391 19.18521809347972 180.0145873132339 0.0 274.83126966465966 7.840119539355129 284.36406019254275 103.26296814935938 328.1274368763577 192.02555491015272 200.60738857472737 175.99369369026297 166.60055304577736 195.55133552532487 98.82111649689574 214.07802865783913 97.68110196641636 144.0400822961887 0.0 56.07819199653251
17.644046808283917 0.8299558253013544 41.52109418891507 0.0 67.43745638966845 14.06785588279567 78.80747614738553 51.85133067819625 36.51733898320194 51.513617418004785 7.2523967620977885 73.65970714752946 17.557050783732592 34.588804310204694 0.0 17.02734319447653 17.644046808283917 0.8299558253013544
30.937600061991063 89.55570038025414 0.0 15.85307487280641 100.49899683437783 0.0 136.93664761263926 122.04911586920409 30.937600061991063 89.55570038025414
64.01437558769958 76.79953692236127 42.85559122290657 72.07063093773083 0.0 84.30454806638797 23.541374360756777 44.26774433584315 11.289340846783745 21.52885025061866 33.646290411986215 10.802369817045758 52.3423534569275 0.0 73.22861212178542 7.139484870080068 78.63035175137503 27.507623455805046 97.90465000121537 45.998676788482186 71.33812233344398 54.971975852660535 64.01437558769958 76.79953692236127
84.01401985746145 60.46940002454923 73.10431007692898 83.5072405732976 48.7507433326884 72.38996984979042 32.82701034719095 69.80548488346551 8.160162049728967 64.48978513790831 15.129796444121268 41.40729080466592 0.0 6.5692956489599865 32.60142832966841 0.0 58.246432144709445 5.172499082906242 52.395639909447425 41.65966827428974 77.08289165439399 40.21842557992413 84.01401985746145 60.46940002454923
174.45456829909565 82.85368054237274 216.91186351923838 133.804837306589 146.1956773579336 153.52118059801884 116.65058991020486 176.81274503709474 82.63879603145453 140.72844716273815 56.38984119406135 153.688990822901 83.4257569346737 100.81871467299979 0.0 115.96616047426492 62.21448223834369 95.25703922134953 49.43514937498941 71.89782234296365 41.321504916517256 0.0 87.95699971705164 3.445629861613611 118.5610623558977 38.84415677328336 209.18133147415998 10.217237912655861 174.45456829909565 82.85368054237274
14.982118027260768 16.950697353388477 29.287950853969733 0.0 44.08463082510376 15.765648392856065 59.57579132803447 24.446211472599643 40.64744640752035 39.111705835767424 38.81001163585148 46.846815862876454 31.73895971072625 55.993544634536136 17.2079703195259 57.19030678057055 8.340431928638978 45.23205888760177 0.0 28.215329730970012 14.982118027260768 16.950697353388477
65.06827711576784 0.0 126.2216415666887 25.129828733324565 122.29981338858789 71.48689504274843 171.3705239304055 141.02240634467387 97.79455188824215 123.82979687162114 2.885014461562264 152.06553645947432 0.0 50.00603163186679 65.06827711576784 0.0
0.0 57.6804891206196 80.6041177581354 29.60346921852944 97.49119572921302 0.38809420495508107 134.8844316850501 2.9801000467465997 162.29126074721003 6.0768102808363125 187.28956997204685 9.080285611899725 233.86971834425097 0.0 273.6687478541023 25.005011185126115 285.5562845032571 73.44776458824641 293.290396123368 131.781404281223 235.88708519938342 155.8508511128749 187.13258460366333 154.58717897887192 150.6460386232879 188.57156544686174 115.93784228886284 156.82519391077446 96.48844673891548 122.32380183116226 8.387862212082638 120.91791404577745 0.0 57.6804891206196
66.86923793244758 1.4774473540037434 86.17599600239947 13.011753484786716 121.01075874215059 26.57760143469533 138.4499637729465 74.83875872195989 82.77760727238105 71.0906494752559 57.91144640024763 84.91964272228799 0.0 101.0576169845194 42.47215720133579 41.51391499442851 14.43785002726446 14.57828990198329 42.1059808015803 0.0 66.86923793244758 1.4774473540037434
95.96770790162742 152.41794751842102 45.93508645353509 145.91157426153387 22.953209426319148 102.35715172540176 7.41413248085081 62.42976510600178 0.0 0.0 72.86862989635034 36.5968140193047 108.55431512840218 5.346304629173545 196.04463842006334 4.539409408058702 80.9202054007149 69.45303784353848 152.87533868519253 136.00527398358815 95.96770790162742 152.41794751842102
0.0 37.18114545714979 42.82501305481239 0.0 127.27129991264096 52.18448954761994 36.27602614593826 83.91949115415096 0.0 37.18114545714979
18.26998296576982 0.0 38.097894701492415 11.875334857367477 51.375100537033255 14.431712797678358 59.579138395932695 25.30439152990462 85.30289143676464 27.163255880041348 84.81292153574844 47.62725218221348 97.37389335376491 73.78381539415055 55.88010892952986 65.91472391517452 53.24406064651965 85.47519385429817 36.466687471302684 95.45796491352817 23.33621033772723 79.48385464693567 10.159121531024361 73.78518832666151 7.840325136453579 59.40810833589627 0.0 47.570648097961964 3.357719140347335 32.45706063461539 11.534469610784562 20.9285616756528 18.26998296576982 0.0
155.1034657412538 46.98308942940194 190.77341820269132 83.29008679134782 159.27182035349364 117.05318882835388 113.88117324546612 109.33853829833856 93.0216718104753 121.06454032466843 46.901599703545116 153.1210994029119 35.7748370855104 105.11522781128667 0.0 74.06606109585442 73.85507368234894 58.82400391784297 39.879366500802746 0.0 83.91263226438252 8.766206448707521 104.28924490103746 34.732384411279696 152.00128296616109 5.648359034021716 155.1034657412538 46.98308942940194
45.41195356618306 36.47824375667132 0.0 22.750090429513506 40.689533117750486 19.167003336116352 42.10605798935045 0.0 58.85966954777095 4.4664540343930526 72.12810459878023 5.282454170818866 92.70649156644791 3.8558022972812864 89.70168494576137 24.429773541657894 100.23916991045263 40.39521978000107 85.31598144485861 51.49196554385594 74.30166841172156 60.55293012222198 61.16368413857427 63.53594026756282 43.361266013697545 70.29942940772533 44.41180229090321 45.997653007141395 45.41195356618306 36.47824375667132
8.514020132602582 73.75197209741742 21.103382567482527 7.962571046474224 95.96746728965464 104.8763733329166 141.96311983283812 0.0 162.50942850567904 60.76448645666055 221.4550424099512 80.27617342935855 308.8055486383578 143.28439869495566 173.9197420868225 168.68857428469767 137.77840045268897 183.83231390927057 114.61117234731273 242.6807731618763 71.85530307292422 217.34504795659092 5.08473751106078 228.60334435697536 28.43839007932246 154.77139219820157 0.0 118.33461414940587 8.514020132602582 73.75197209741742
89.0139006054923 192.77547241456392 67.6629614820108 179.42784564697055 33.90552027380892 171.69203975993446 0.0 144.85911461359734 6.559765107303619 106.86348442772791 24.942162289816622 74.20611343048444 28.976739391604895 4.9030357832239275 87.5672216962973 0.0 121.39183339961075 70.40057459676342 168.45600852700085 46.97471919988588 200.92372800907611 73.98724211143687 287.0248504664485 103.81847879652122 207.6816304011682 155.41597547477375 184.2721589000381 186.43076677558304 166.0397337170346 229.53227327054822 123.2441069643067 248.95690467483166 89.0139006054923 192.77547241456392
121.85004553241873 82.04391712979243 134.6701776633148 104.1933285222413 178.5028462958672 167.58813675005965 110.00653697624227 147.90336177245453 83.62771679045395 165.53804251043033 49.19559660441294 170.72071101132593 28.38170783955934 142.57279190641114 19.163509181564763 116.04605758424151 0.0 91.7534354031288 22.92210213152316 66.7852401382617 18.1525256756004 33.91359781054166 58.67281696552361 47.86541890866589 75.38828171421753 55.55754670114844 103.91577448087824 0.0 119.40032926448421 33.74112018103976 146.3022675236903 49.61693988369984 121.85004553241873 82.04391712979243
0.0 32.08975961937551 41.043901440439036 0.0 72.71339523733457 34.53782846285854 61.49465330095111 68.26399718632084 37.598974903365836 55.49591214027021 0.0 32.08975961937551
223.7690527234676 210.87548477217805 178.08174304059497 238.99603565543913 131.09850806283004 208.47285567191201 102.36972166184714 187.07292863644287 54.08605947436948 174.88941455105538 38.568258074541376 130.82186258031157 0.0 56.06955318254316 50.9216435176088 0.0 130.9318517559114 26.11639251203576 186.32596474747518 23.034249207751927 181.96804441037574 97.4835103044307 230.90447163286575 113.53171499702344 242.49449013177463 159.22373362166945 223.7690527234676 210.87548477217805
135.89053268684683 67.91585040026504 66.92614423304263 94.62146598300146 0.0 46.78489723701652 66.89551821943525 11.974351547759696 119.28168020056803 0.0 135.89053268684683 67.91585040026504
53.4873707913138 22.447102365061724 71.40000891351696 11.251241116147455 78.76935555435116 25.072991435457 90.38754874018059 39.95734474334705 80.87785564027462 55.40102226550219 65.79920520495455 62.87750867715259 52.37297932406563 74.13695213400476 39.447035349844974 61.85243786811289 31.49875933968405 51.88493412468594 0.0 45.96146360195624 27.057218059018986 29.248357749271932 34.46740524772883 20.810175200305693 38.803450913254885 0.0 53.4873707913138 22.447102365061724
141.42927925307896 0.0 231.47684948281787 91.1452069653498 118.9966883286452 155.3881863390382 8.541803204769508 136.52576618196542 0.0 31.52595698543432 76.40099425923174 14.549676830925748 141.42927925307896 0.0
29.138548974668453 16.424499717146524 43.63742235400285 8.307914576241593 66.84073890375133 9.762204234963384 61.95293797824682 32.69773613546116 47.6475063122751 43.88825968514123 30.44249703608247 38.555898468108374 33.853234454464214 61.316385190251374 24.68533203774865 50.65549092123421 19.19037580408414 46.18498835906026 5.1249884664997865 43.793091174262194 0.0 31.220513630995235 7.208238297805721 20.466797978317807 11.736864179827393 0.0 29.138548974668453 16.424499717146524
10.831340051965128 48.20038173615808 0.0 30.146013635291396 9.087032730429314 13.096765602104085 22.39210948175804 2.473910100639344 43.224742505265056 0.0 55.92626435177465 19.754310319906352 42.501943525107635 35.32092907480899 30.423260183648352 41.97491005401629 10.831340051965128 48.20038173615808
15.013895134049008 30.287657633938196 0.0 13.57299371921556 17.501137581286514 0.0 39.120092857944854 3.195485806329941 53.030526708804615 20.948343313922734 59.45099771839372 49.06756058575674 29.35058990720958 48.293834515569955 18.09215781716452 39.21843125937164 15.013895134049008 30.287657633938196
140.33672186389737 17.112704033586134 136.05404008784421 63.98048706864089 94.4686103853832 72.18263112947764 65.89563083196852 101.59875807947938 29.539307787234776 79.97196277238564 0.0 40.72350869371777 51.78622660600992 20.68876927744001 69.52169338898366 3.647193795462826 98.70667837136736 0.0 140.33672186389737 17.112704033586134
119.67138339400317 126.53828626198762 88.51776951588207 140.0209948150558 66.64715760641376 111.56211878443793 35.167891043092304 103.55086165883142 0.0 76.09683066118754 48.94940667933376 48.308266062225954 50.23747048441691 13.661456627614761 81.08270456121285 3.2861077611360656 113.37302590457064 0.0 149.3789332606728 6.857973939165753 143.4288402829465 48.183197697052805 189.79789699048757 80.36663363938347 132.2286937497073 95.75687334438791 119.67138339400317 126.53828626198762
210.82041034856962 205.02912030136056 0.0 187.48845672565557 22.628069166542318 0.0 179.47562289103826 13.2441494339227 210.82041034856962 205.02912030136056
34.45046258335216 40.788168085629266 19.748066570806515 0.0 65.12292179997003 17.42242801041148 82.52019982028334 12.537454670909668 104.39696587942957 5.842947838881699 93.66093466021894 50.29774193240527 158.02836585174475 27.442281259799927 155.80849189026912 59.59002278576304 106.31094485739402 68.78387170933729 137.4642124179857 111.13786971028586 125.50322658126291 155.42985895196588 85.17793318290572 123.00571569070519 73.66668278877891 87.46193895861978 10.350041968542257 137.8784557646116 0.0 97.99712687010455 20.318624008479333 61.90842421964841 34.45046258335216 40.788168085629266
191.98917520168408 4.985367674228911 219.01549430427815 24.812491767364676 237.9235428543737 44.267910116604426 299.8775807443445 45.266801766534165 283.1633651776433 91.0744647673622 292.5197277123799 136.51444735889436 245.77883614487538 147.38677453893257 232.77384445928007 215.38080389214622 181.0874780114209 203.41530261882292 149.70482479712575 164.68287137101754 171.88255272763504 104.35331985874751 0.0 125.7526959718934 171.321969816207 80.82968583331488 80.99459392978636 0.0 171.6602362272384 38.85742623782714 191.98917520168408 4.985367674228911
122.07975729450922 237.0545544162925 0.0 177.26241738383408 5.106576427865065 55.69470271861793 95.32687285606117 0.0 191.8443002822516 34.80959979059525 287.3340887944966 169.67523554940482 122.07975729450922 237.0545544162925
0.0 49.6363437722028 54.43372658861769 59.08956370648071 75.04933873818297 0.0 101.58236309662831 55.40086408868057 129.22494772494377 63.41381874825651 197.26746378125176 75.6377882071183 153.43517058737478 119.81204588369928 100.11851071348946 121.59630453356691 117.06391595746399 180.5449155761366 81.16181875577163 132.3459315347979 48.03587902964671 176.7547458480929 26.953343924070538 152.4015448737061 59.594471900483725 112.6118047740849 57.83341150032258 102.70796206840882 0.0 49.6363437722028
53.995175221939235 26.003800642267947 26.86618244207294 47.53899840367123 3.783237440594675 39.159261341288754 0.0 22.846890468767825 1.3861875935530463 0.0 24.098142263130455 5.298493933757726 53.995175221939235 26.003800642267947
0.08192164190890594 27.991676840132484 0.0 3.156246589125658 24.258915681902394 0.0 24.628737200315285 28.7520980258209 61.42856231089188 28.225387166985826 44.257408647675646 48.33387771847207 24.251711062426963 51.1083046237094 8.613185390994033 44.62581227540099 0.08192164190890594 27.991676840132484
26.911971897998683 0.0 45.06446914030565 8.107348746885705 68.89351529658364 23.026953102334986 42.392604681184196 34.69822833405394 23.885921290682063 68.01456846844347 19.199776373079573 31.405228722894606 0.0 8.722127608031599 26.911971897998683 0.0
95.68382937973108 0.0 125.30236949824238 24.4255098780865 110.17247549080408 60.40037415388491 72.45064675516126 34.90325047281999 44.48737571635358 77.23038108338537 0.0 48.00095827074051 35.82198277092073 9.874880955970966 67.42298502699903 5.396371316720533 95.68382937973108 0.0
0.0 41.154820724583566 43.83907012600894 0.0 63.172687592304904 38.50370764969957 72.82851986338136 63.13377660901627 45.64344534542558 63.78087807229311 0.0 41.154820724583566
130.50566442569715 0.0 88.76428707410551 86.13269548736682 59.43049786113711 93.55112062872921 0.0 128.54834668243487 0.21361508548960728 60.72642164587995 40.10225329025127 15.813456646724212 130.50566442569715 0.0
0.0 36.46683961748643 40.838591708753086 14.186661063177908 57.68041938357271 17.020756742270493 106.14848149633798 0.0 118.77351875753783 50.70299095534001 74.83089309447743 84.01775923696478 33.178602151597744 66.82328944199908 0.0 36.46683961748643
118.0421409847257 185.1047907357305 0.0 142.65937883861795 118.53874980531666 59.97144798203978 123.49951099322023 0.0 158.70577123435967 48.83424706502878 156.48261421704882 70.05417252544439 206.1286679941981 148.40321190490798 118.0421409847257 185.1047907357305
237.98129959034264 0.0 290.92449557315564 48.451586817490906 257.11555640605354 131.63476849276964 309.44613585909724 177.06803593674266 239.81820897020614 201.76099012837795 246.90628056670317 289.50819990268445 178.54177695852275 211.65689536946053 150.6506439964494 215.946355706135 54.90144514705554 263.5809523685326 43.46176934818445 194.36575945683705 51.58225234250989 134.60492130187652 0.0 32.765347955831004 137.67849561650218 86.51629426817053 166.90968534776871 21.00278799942663 237.98129959034264 0.0
101.27779306055058 164.80245959514326 34.483882024662606 188.19426038350508 35.863365390150975 142.7566415699098 0.0 102.12411620106273 89.67590464239407 99.95212046215683 70.88563869623856 45.38769865908185 117.02916640366975 83.20136222283045 145.71429549861773 0.0 154.5669432217365 75.6564443261635 166.08318315459672 92.3905971862124 211.2663531176322 99.9125018283798 242.49803224433208 137.13952443709493 192.21894619927883 159.4649335697028 165.20107657749014 172.37813722592858 148.88750467257165 208.88822530102954 113.22891954484075 212.18239118921338 101.27779306055058 164.80245959514326
41.92685880774663 0.0 135.6991405972792 65.44452445270944 40.73405678499939 133.30779839096817 0.0 59.40522660856628 41.92685880774663 0.0
100.12779690019971 165.85918175964608 62.32092667689079 130.02506615904383 0.0 44.119918613196816 82.85158439457433 8.623601175635756 154.85526829424134 24.267010228753563 206.51675156809173 33.78796778016334 315.97742674961034 0.0 319.848471274319 95.50900046462567 335.46880664219714 171.35931762836842 269.603376819505 214.0968125973483 239.7692379359304 309.6598731962461 162.76605962763165 213.3355898772479 104.41856784797199 226.03777537960036 100.12779690019971 165.85918175964608
111.44592881635678 27.520298342693614 86.58127125772727 51.76596899681824 127.41280993643072 98.57375267499182 70.8161934035971 62.163046345075536 64.99922017506661 55.25679377710835 31.741532885918033 81.74476033848094 3.4302852199289973 61.14998735637162 0.0 21.251971810752742 42.82857037211987 13.21678287104681 66.39850283168961 0.0 84.78865940790702 19.101979387659732 111.44592881635678 27.520298342693614
83.00624438719191 42.196783805744275 101.86327028909345 0.0 139.85856234539096 23.752699741660123 186.9856655279194 25.279535385755082 152.3904017239583 72.03456855227533 201.0107409859824 127.16215738662245 153.1530047722677 156.0381601292985 97.5764691183457 164.7242146595009 74.95434605747539 109.97477139889821 0.0 75.85472422247128 83.00624438719191 42.196783805744275
49.61429838989885 25.488396914268264 128.07006210903532 0.0 92.94274891284078 97.74741928267613 0.0 71.26677804781318 49.61429838989885 25.488396914268264
59.053232787016015 32.64919319522474 60.78344078173501 48.50706292317186 48.72168551224641 58.18658788871289 30.590819836229088 44.087665415873545 23.475488407027783 56.55264830254461 10.558563466635775 56.61905898831073 0.2940518689363074 48.48207199387002 4.509699939055196 35.070707004350865 0.0 22.38318339020124 19.779789115037303 24.974485072576613 17.936389915122845 0.0 33.064028453662246 4.600729309749738 35.819548451853166 22.909435730543436 44.682457827391346 24.813192231207708 59.053232787016015 32.64919319522474
27.235996861410428 109.43464284833453 0.0 89.81819243210879 2.0768904634528838 55.748658625266394 33.50224719529311 42.76855959762741 31.020322156890302 0.0 62.279348088606056 25.81510452240918 91.68097961209408 13.496475363804436 119.15774936889474 31.07088708886908 142.59103889097884 65.503673361816 122.2367060093923 104.24794953087675 71.37571835595469 83.82249027539896 55.167740116124776 134.8973146563304 27.235996861410428 109.43464284833453
15.156990480235208 30.28965399338017 16.842947094247847 25.410036301434403 0.0 10.82165820318724 13.859941295628957 6.053610402978691 25.553086099216145 0.0 32.69343679562466 12.066861805994563 30.359637076268598 22.421820134392163 50.102218200671516 26.421614480586655 58.31789194012764 46.396397069951945 28.989415467958366 35.424576742983675 23.417985461536375 43.38964777276213 7.382734253369463 52.356169567643235 15.156990480235208 30.28965399338017
48.5000825264506 121.86852056808647 26.269367117601348 102.19713886497675 59.48293015780024 66.68614430036001 0.0 40.6575087472004 43.82819324128059 25.58157615423014 65.30215227175411 17.831759651557235 87.9538195268499 30.1798317885143 106.47018610266748 7.796078757288413 136.81930042895397 0.0 155.96046725027884 23.349462089790563 153.2854159478206 52.3264511164704 200.09747803948792 89.85042121843227 144.44856611687433 99.78774186396544 116.34962647995698 99.87909418080673 102.74756812951726 124.44087487925245 73.59287156759507 139.89197602157324 48.5000825264506 121.86852056808647
206.05932480093287 0.0 306.3112346949607 122.10246753343804 144.3852937197583 145.26198919350009 0.0 63.668705578761966 142.02108721215376 8.692302158466617 206.05932480093287 0.0
80.80826476282876 53.72344463602575 73.3961497975282 71.1827836295648 49.67116618377224 87.48407756157641 41.83758675061023 58.56130593372329 0.0 47.11083311679934 57.784667500410634 33.409446793476846 49.538712942869125 13.7576114706401 62.99299302857666 0.0 81.11133452764213 7.357080627755963 104.09747371834015 10.630984684134745 103.75186080525853 33.043271064385095 88.17407735882513 45.45915329101126 80.80826476282876 53.72344463602575
119.31818641818796 168.67489932935692 109.47999135612285 130.16397586372995 101.63770612671195 95.74307770049515 0.0 10.560620884641622 119.29936590337272 24.781369681287472 150.86118454650443 0.0 192.19405852035584 5.493733284453057 232.76785608314486 7.473552306609221 279.05133917218177 23.682268324389355 283.5245981878996 74.26052558776672 343.2785773662152 128.1455021273021 302.22373844483263 178.24811030612824 266.2768076291297 231.9804688690008 195.10532893341872 191.1669142781281 145.4306361222607 215.74298849588118 119.31818641818796 168.67489932935692
40.321398256355764 5.09391304412889 82.97631957974625 0.0 105.59759617573545 40.01235339102644 117.38869244351997 88.96326461523805 69.00515150426764 104.98775675502733 31.625930775375323 105.7380119831301 0.0 88.08639088049304 44.82395721662934 55.29780063437923 12.754554629075244 22.426187436144076 40.321398256355764 5.09391304412889
79.76981560323803 164.8184481614675 72.17647403016764 113.89609991604148 0.0 145.88637340254508 13.1089276088249 98.171083550205 44.916581090900216 74.90224215462047 75.57844619927707 77.20194701224717 63.03781675435181 20.340615164763435 92.99667415938156 21.624136792570212 138.96693918083233 0.0 129.56820764308108 59.304387309941006 149.33758697967605 79.6723458313086 170.54893144018368 115.86182487865071 92.96794058960434 94.0539332151759 109.81250471542026 147.71494285669925 79.76981560323803 164.8184481614675
33.97015121735622 0.0 96.16416878101498 5.692962269604138 96.15187446204874 95.09434119922672 10.48166397890543 93.68441609643843 0.0 29.667336318848612 33.97015121735622 0.0
7.824350351931088 245.01764854001246 89.35094268503661 129.68772676615106 0.0 32.056768486968636 102.14689880850256 0.0 175.27462843672157 12.891992473524908 203.93316094591916 78.0200053035799 364.90475835798645 50.36894336429434 338.6627419961126 161.43087437096267 253.6385069959891 203.8098713401282 198.99470650596106 240.77320834367973 166.873631521002 137.61696001304978 7.824350351931088 245.01764854001246
78.90287745773216 41.97432625482651 65.7657635347044 50.11515799109333 51.65078088890733 37.910516455356614 35.8482635991221 57.872472190294815 29.347039310113892 41.85205830296519 0.0 37.60323991380871 10.86437955267423 16.289099410425166 20.76388045577493 1.478435166203866 41.936340881401925 7.040712409846449 50.260103594309236 12.465129696194367 55.71495422286406 9.927854317288478 74.41107649050076 0.0 65.48015847525468 17.59028398393619 61.90544603017147 23.775964997002276 78.90287745773216 41.97432625482651
18.09952874479714 171.37135258829153 36.3150808243183 126.58897051486339 6.004679318222458 83.48181859591068 0.0 12.493533061412919 84.57026366090778 50.93080118616419 113.92647472574805 32.637329929759886 169.6055156207965 0.0 234.5850089382564 12.229731363788474 193.9189529439775 93.72999340531177 256.54911908655447 136.6777764782953 211.21306610439268 175.44801176991768 178.48011949966894 211.95474738134328 124.2591023348167 172.96601551776627 103.46577790893248 164.76699421397694 46.319601232525116 208.58818086502401 18.09952874479714 171.37135258829153
84.83632695802456 55.24909112628656 118.0186719921128 0.0 167.67295250020175 20.992222748434344 190.1450238321807 65.72324979081147 180.4709610590583 108.70485867524614 280.4910667750511 151.16719177955247 220.60328419642883 194.4911986505304 125.05990644026679 130.01798555805107 131.8612536692959 250.45822158629227 95.42329912587103 197.48094989678953 33.93094681090554 206.44004508183627 44.61827999249381 147.6156916822576 0.0 105.22307763005271 49.16724102710198 73.9013731560371 84.83632695802456 55.24909112628656
216.78234758715865 169.05235237919266 189.07643485038187 222.70094845574184 134.63878388193712 187.57967533618591 99.31811054068048 167.6723493019264 0.0 170.44909650739348 87.46837793756241 100.48764773444474 87.47531790174142 64.66480391689714 124.92904037333395 61.361205127465276 143.88089023955135 9.912152413730823 195.01426334272384 6.103701944555823 290.8589863768512 0.0 247.03853668520821 87.5662573742373 250.84486932277187 136.1258373297029 216.78234758715865 169.05235237919266
2.3510727187708795 0.0 17.845311241087344 3.5246440538497694 24.85079217391629 1.5224602469984347 32.115903077946456 3.6675465983295794 43.499792911293056 6.622034428913068 34.438564767178775 16.987980344233435 50.05385194501008 35.90037243988222 33.22148635246333 37.9546974570557 21.43609277434753 33.15799337735277 13.340876661750002 29.619736310987776 0.0 26.204757432593084 18.8386391450328 15.298915164772978 2.3510727187708795 0.0
0.0 133.1995005853213 61.99207856139358 18.363674883876868 181.7572597631136 0.0 220.47531825664316 122.05230481179598 120.45802444495746 173.43883559596128 0.0 133.1995005853213
0.0 46.38785146272352 47.2520784377748 24.244246840315938 78.40632613627663 0.0 109.2295654346481 30.06829645244064 122.6639225707245 48.782989885476525 162.9202091215573 59.130184748877454 93.04591430485516 74.72540845445704 120.7228645357316 103.73145445122233 108.91010924325188 147.75408781968272 66.82058208693063 153.649977690123 27.086767320933944 135.3731227514564 54.27704120012237 84.06483267473114 0.0 46.38785146272352
20.56080415381207 77.92682515349125 0.0 57.1795869299755 23.085983683614444 31.87836279339129 17.529853133430905 21.047538633057258 22.01592232922077 0.0 39.3444353954077 8.140513064003642 55.861718510540655 12.714600130049575 96.97049532801475 29.428249826000965 75.1537166278753 59.14574567699745 32.26962775941644 31.805483507607192 20.56080415381207 77.92682515349125
58.281082065108016 14.46752958944466 77.71688015468555 24.949492824047873 91.35516892561529 44.649404738950885 113.81297623906175 73.18807112868288 74.38067148828952 83.25278088976887 60.994380920394285 104.9836889627521 36.619130689423024 99.46307935175221 8.950002577124906 97.31685261425017 0.0 71.35704282891422 28.031528968974776 52.1620101411935 28.626068379053585 38.852574118048146 31.0767382780974 0.0 58.281082065108016 14.46752958944466
33.80569669884429 0.0 70.32433945210995 4.345941797822576 91.38968543980445 26.621254047710032 120.02427476691624 17.337412804530295 97.29261120868252 56.82619804715423 138.5420339504467 64.52956561699585 156.51285380104906 102.26185349846472 120.22617908923723 115.76871979337218 96.27423525345415 132.34320843824472 65.4175601427148 134.71947318634687 21.268076238089748 137.12562799551833 15.624782044846313 92.54389924677895 0.0 61.00259030312517 8.73866892426463 24.6240706044551 33.80569669884429 0.0
0.0 159.25607605101385 56.80773943643768 52.5550100189771 113.33803116614695 62.93256988154313 216.93010384453567 0.0 212.0229176658915 119.922980178496 128.65143809606053 196.49805279494285 0.0 159.25607605101385
0.0 12.56257187049978 38.5023419873107 10.358145072500847 66.99602801204199 0.0 63.75481755641236 30.976698318960587 75.89157345640851 69.30560959783833 36.36411440317616 69.31587635552958 13.586386885662279 46.752261519896294 0.0 12.56257187049978
76.45025080102087 111.36245365462074 89.97891064053451 87.70042972664082 110.3658972496349 63.72928345876309 151.78771861639987 0.0 163.0945314738625 87.43298177556761 207.76515404350943 83.06614777524285 258.8405487216772 105.48325205036105 359.6237025363245 164.80170317305692 289.2224745009851 226.19779038406577 201.23845488858584 224.618839143206 177.19376056376484 286.37307922264836 122.51159844390963 251.23874922152766 57.4770367793553 282.0739931453006 20.382325345346175 236.77164383516737 4.810378420303692 181.55895374810856 0.0 129.72723457758002 76.45025080102087 111.36245365462074
87.48772627045722 36.70285235260406 45.178622005130734 47.918890805865466 59.030108010395764 59.14979380288852 53.97337533884814 66.65644351822786 44.137957355334464 65.43990598883164 33.61799327732356 86.15375347539305 19.49320454102798 78.57117768206825 15.42131663470812 63.355864050195684 16.408416920535146 52.056161536265414 0.0 40.40096987500528 7.359752326012881 26.88442544445298 18.830155495600337 17.31930352982024 29.537060423377284 0.0 45.91037543311212 10.105388482667102 56.25151473072266 21.357170031563903 74.58011379362429 23.017544435909166 87.48772627045722 36.70285235260406
70.22834523862396 16.289712490871402 98.80163934066563 0.0 127.14433283539671 16.7533908169548 173.37239445762663 40.19550481888677 162.7080134651385 91.34894110690033 117.39672449887732 104.86527460054629 70.80176254213286 118.74592021492936 77.37622271932565 62.16794450292972 0.0 31.936338213802067 70.22834523862396 16.289712490871402
123.43040325634104 72.93922457951842 109.61931481609281 84.01255232221712 92.62363733697293 88.18968130287828 66.35989252836195 120.89590784503145 60.33288038619885 79.39969910552986 0.0 92.98803900067571 39.40489870948787 51.127034598636264 4.709609889414708 20.72750141131815 43.85094847721112 8.748682939482755 81.52988172302572 32.97945375236693 85.13720187137743 18.3540738213947 98.83544735391547 10.237561729276898 125.45541838434124 0.0 136.34945316222337 19.013034670268745 129.5453785480713 40.086243854990705 166.3681287974403 67.09533078921655 123.43040325634104 72.93922457951842
104.90122929799807 233.7537206936508 81.58325176391023 178.47373439202454 25.728380591046346 181.0596270732567 1.2052922828285944 137.3748959604676 0.0 87.11466522548105 40.37413965523842 53.194317749221504 57.665870852038154 0.0 110.49384726881893 17.713903189604977 129.26170368941658 85.55413433486329 172.7208703504511 60.09153539037486 229.0025646178336 71.1334945302599 206.93405648158972 120.30524271825819 251.33302312015581 184.44987360552426 146.48459231653004 148.74505806191638 118.54878022537395 114.88879521900226 104.90122929799807 233.7537206936508
27.73692859428239 49.23270663717935 19.84576095049472 45.56426610813446 0.0 44.246858049812175 22.43603854617244 29.422186546005776 10.703463029140877 17.451213504206365 11.256278095508492 0.3714773279432393 31.841001957640486 15.66734447933139 39.85865546539995 5.7656323196909085 56.01431673782919 0.0 49.73475420613245 20.857369057597964 67.23409515252133 25.025064235735613 55.61952001349751 35.25144233867755 59.43152416533134 48.5510585658609 42.264397618154405 42.781220709382154 36.827441512574 55.64894092034859 27.73692859428239 49.23270663717935
48.04137877318516 0.0 97.3563962653247 8.266505400517616 156.1151922426165 8.119446667170251 184.05057690416103 64.00561175369839 152.9913793481103 111.8062750703328 135.40131336201378 158.50309011484666 81.59628324574611 145.25449336829246 51.24693291220473 132.17082805879613 0.0 127.02925519403372 32.68902043638419 79.22253110714824 14.094771475965075 35.19600573632018 48.04137877318516 0.0
87.81963466036312 43.079398339157805 52.463052212396406 65.92279285217326 25.515652826051124 46.50544467791076 0.0 17.416172630037423 37.815357992057756 1.4730436488240741 74.10813982208954 0.0 87.81963466036312 43.079398339157805
107.71888329421887 110.36381529861367 78.46220911072601 95.3166042641895 61.788886155889614 89.59888076217297 22.410961760812853 108.60242265375967 0.36375898915500215 82.40888836892702 0.0 49.2772067010035 37.416480189278815 33.42806147257837 52.58137925379441 25.48975693025843 63.06374336836819 14.216399647964487 80.3645451410641 5.803574677490417 105.67586629841047 0.0 95.44620775232602 36.26994000313413 110.99611076950637 43.23965662929343 120.98934097527628 60.83629940202372 88.64033010056554 60.81988712756901 107.71888329421887 110.36381529861367
14.815936465167567 40.81435927611849 56.04297432218205 47.367212186057365 64.02198127880206 0.0 93.69282573217899 21.45268839623491 131.3444298598676 63.03237017975122 101.53605968441357 111.57483279498828 51.7315974291825 74.31139752021252 0.0 85.7764106344778 14.815936465167567 40.81435927611849
0.0 36.01343218990724 119.83815156069106 0.0 199.24469106884303 67.64653262398014 128.5444486250385 110.14101025167415 40.98649918087666 161.72326678727615 0.0 36.01343218990724
40.214232142467765 58.92704102753834 25.93750351588325 41.41909969668511 0.0 43.883837777937345 22.766057360733967 26.06818209655154 18.64841670064925 9.819111345005766 33.455237705814056 10.526648771541147 60.417465362048645 0.0 47.66612163452221 26.825609720667543 41.41545001832279 34.683161724664856 40.214232142467765 58.92704102753834
137.68148426898864 173.20688466411224 0.0 161.9874421991105 36.55130734833304 0.0 223.52130333697295 31.938712645052036 137.68148426898864 173.20688466411224
231.06153453381773 108.89481620578167 186.98185572592217 177.88284192958358 110.19811801428953 200.88917864292935 85.5119612912449 127.18723079368934 0.0 86.35204785702417 35.70992515169574 0.0 125.32574939115524 44.72513429202456 235.93310030016943 6.627732434374323 231.06153453381773 108.89481620578167
229.0500317603739 48.485840414172614 140.55960638959064 106.16070689276782 171.94759381929225 188.74263580776824 92.21305330008579 143.7783832051619 44.26234140603579 176.04714883653202 0.0 144.20130410757014 6.684017762998948 87.31475469125174 40.93064975309665 59.492425204862954 46.00696808166024 2.4483591439717713 100.50556305505444 0.0 121.46528973194461 50.12414086620349 229.0500317603739 48.485840414172614
57.541578756806345 0.0 90.19147116802705 3.167604797205584 103.58795212473476 39.5989782992646 86.30386791806166 76.56288141476084 44.313582339127024 81.43584824518508 13.337114189057907 60.07319566357917 0.0 22.83484795834869 44.91681275598239 20.462635550133058 57.541578756806345 0.0
125.58450689371253 95.10287680629874 238.38173885852655 34.22118120302828 294.3402371497631 84.22998174407819 177.68895825229203 127.4179016894191 228.6853875788454 197.5730404894972 198.72853247162143 251.3273491203687 132.40886791992313 220.82002191553323 103.83443777789662 152.2399601092697 75.39439740332566 166.40857498158624 35.61437725635247 160.5816998777259 73.92645102170965 119.46041103918276 0.0 85.8246729535308 65.51871943504469 79.6080440035535 38.196986525836365 0.0 95.57079890170002 13.993786153740317 128.10098380418498 47.95686670691967 125.58450689371253 95.10287680629874
