100
73.47046682154036 14.823213735842529 105.24200313692643 18.01367131117341 84.3037360990057 47.473879059021286 77.52229727560122 61.52843256423465 71.58401384779229 103.93016674063803 45.693251364933786 75.00801132447789 23.426505332849672 64.21694888443359 0.0 37.3165283557188 10.006478673913051 0.0 52.84663546091929 13.426056528275979 73.47046682154036 14.823213735842529
40.95720023210602 90.21832577806295 25.18429663802928 81.29673742999441 8.019315950546797 62.345713621787326 0.0 27.913396028214535 25.71557317562028 0.0 59.55101087602216 39.87703434871665 79.14916239290856 34.82557045056723 136.48187967925944 27.401700986379133 106.02046949533815 68.47768853425201 99.4255405357354 94.18628937760143 75.072681532711 101.37698523774593 52.84867627402011 114.61767310034325 40.95720023210602 90.21832577806295
21.70098261891998 15.022631508053323 31.527295725650774 0.0 45.821444052646754 14.113987124006783 52.05666468339089 21.55768036944299 55.5700609306228 28.71677449989315 72.9691053686587 39.79696951064645 55.695387211346926 46.38155853058984 46.91268550461341 52.73697106025055 38.07152254625966 45.63748022979635 15.884164214334618 59.45113001281342 16.145530411321644 40.305118192500856 0.0 23.404871433384983 21.70098261891998 15.022631508053323
141.52389710634378 188.5073090004681 63.01046856299857 190.3384877909144 0.0 145.64344099634377 16.275960462624255 74.97764429582732 44.85115909003696 18.00216786366167 113.16885902128307 0.0 158.84882157597673 49.39498924573128 222.8929733929619 128.63630235083653 141.52389710634378 188.5073090004681
160.73205052071447 21.730705840896093 119.6293564653927 65.84913746990554 102.36953368701325 85.1570993588402 103.95515022477028 116.74354897941778 72.76219340358404 106.19492119380057 52.925837691709965 128.60249564672984 18.604557639762767 134.7844410789321 6.544075027526226 102.08707067759242 0.0 76.24401984734968 4.548292516904212 51.212165002196215 16.139598857996262 31.599225094550306 30.42312655021393 9.09365172615992 56.52129226009932 19.34496651963837 82.83282397011354 0.0 112.2693257679924 7.610429259969891 160.73205052071447 21.730705840896093
174.990155642083 169.47499325822787 125.66477399346331 167.06906095176777 0.0 155.57583043664437 46.997459158630846 40.520125326305106 146.07094318856696 0.0 197.8934903669809 73.40022192544933 289.71132600499357 141.93718890024195 174.990155642083 169.47499325822787
119.89408078776435 55.23841171067437 105.62347436386929 79.58760389969653 158.51199135649412 140.3102144381146 95.49050283101093 127.08677088278763 63.5129336678786 152.0767864191199 29.950965635693194 130.71389967030245 30.29289707618181 93.63824401747854 0.0 66.69319234484989 21.006637192674305 37.38458388496266 41.30419093698764 0.0 84.04401398033598 1.3250793466873318 111.77009018648349 25.571604429905143 119.89408078776435 55.23841171067437
59.158004542866365 61.859827186343466 0.0 44.81119713935631 52.0470792505933 16.545484301775517 88.33576468095448 0.0 73.0785307753733 41.406603224014205 79.1168056475854 57.87473533127182 59.158004542866365 61.859827186343466
129.84908877804395 111.96346991347335 245.68754423032053 0.0 239.5802801311516 106.95947857831993 299.1925026102805 182.66830576237285 187.7874212603741 209.22498795614044 166.88975801445065 277.9910505627909 108.67422811118331 229.16432144969784 15.758371019344708 282.2697985269226 1.5698500448186792 198.84437292420066 0.0 136.60766636041927 53.18014141027612 98.24231496940504 116.08585658626 138.52486805250462 129.84908877804395 111.96346991347335
70.73756153392475 0.0 115.99816607756776 17.207955365204242 157.61417225718577 54.507531614964115 109.8893302391776 87.95728545550213 72.9153445417027 115.49705517891974 0.0 99.22051434017348 30.610894763589926 32.299290947445776 70.73756153392475 0.0
62.90670996451901 41.1329329257722 67.44690580761504 49.241566839587286 107.39039138274102 31.167555031878102 103.44266650515756 55.38140743636085 105.43526929564831 74.41486543088973 121.69955421009846 110.95077733942864 71.91101946208063 86.27411419546559 63.449362258747286 103.83722678710751 46.28039951795648 106.31137274554624 42.929617619438645 81.67548181597866 13.722045247260809 88.16656679186471 5.588135723874245 69.80682329762351 0.0 47.73246183063663 22.300983860151433 36.80337837230619 20.11789277619272 0.0 52.03079345750916 27.667490682745616 62.90670996451901 41.1329329257722
3.7107661374346463 7.033114962161548 16.12888684851623 0.9620776972380014 24.809145048969143 22.875999448929306 43.84537219895881 0.0 42.48977170008875 18.19391677999174 72.74280339159249 29.358533645346427 35.73184703004638 33.59178309286396 40.187998782858045 51.50643858076481 25.939345623159824 44.819444281146716 6.844650219789017 72.09564127604479 1.440304123741754 47.55332867375313 0.0 32.549982795441494 5.020619806011027 21.453753860074173 3.7107661374346463 7.033114962161548
53.06918151588881 90.60593121783884 0.0 54.89477812399909 36.514138152945726 5.432351810704795 101.02619041250719 0.0 58.82213228418994 46.83237673935196 53.06918151588881 90.60593121783884
76.17231900191358 0.0 125.00948182136626 74.19610498571646 45.88430634258749 113.41826259338484 4.782075957573625 76.8641970681939 0.0 16.77627804532265 76.17231900191358 0.0
9.531144542813351 51.25421844776417 0.0 29.181834224244447 10.300878470820294 0.0 43.04474102888432 2.073853911333096 87.99394060912272 5.294614191488115 113.88470568035473 56.65837304529659 54.53539454074949 70.75237310850517 20.307181130621046 94.7939367822134 9.531144542813351 51.25421844776417
176.50066324042135 24.19181170594353 101.50145191782389 106.57293131033441 0.0 79.66698767840745 65.92576648417669 0.0 176.50066324042135 24.19181170594353
60.940395526875406 22.211191599020466 78.32868431431318 50.21130068488209 46.36776155146947 76.97512032328669 0.0 59.265659794538095 6.491756444442501 11.697224869681165 43.82524598595428 0.0 60.940395526875406 22.211191599020466
54.00594713947966 1.8488674139045074 68.37230154543373 11.392171409845204 91.09773002424102 19.27350424743463 107.90180847212186 41.14086813348196 58.60897591846076 49.23782647949588 74.02319936067617 80.98946391711294 46.14960285993264 62.64894673710748 36.8622942213575 64.37885385645156 28.217188924593216 59.82625043951755 0.0 67.44909900022382 17.913257208562285 44.67738775069631 12.900943334242427 34.63975887426737 26.127626494384515 30.79636016007713 16.70117481285486 0.0 36.595248716066564 0.5444727162192109 54.00594713947966 1.8488674139045074
98.74010977697033 190.0004997064211 67.30384376004862 176.71735751888087 67.28517174878998 143.64558527275796 0.0 70.23552866800742 68.94621287851186 24.608126484960323 148.859176525296 0.0 274.36087301812745 15.316442970789069 237.95539560015874 140.88481415742748 217.34216760742277 215.84840445723083 149.04999476874548 246.27588390855104 98.74010977697033 190.0004997064211
49.9216166609244 89.13426925780107 14.850950434344725 99.97605199677972 32.14963068598006 63.536420294330576 0.0 0.0 56.16220046847866 27.969099121931215 106.86109640983705 62.8669593969146 49.9216166609244 89.13426925780107
68.37872572281996 32.105721629027755 112.43567401483615 0.0 150.81399618361374 40.50912974004177 165.26255282051002 70.14609612412234 207.91725553683582 120.18040213436427 176.90273090446019 195.69114460159403 108.35783757741515 133.50596631667355 0.0 166.24416528259906 29.530615524570663 74.7784072091594 68.37872572281996 32.105721629027755
37.69852609984977 67.16133904640458 3.4114170081731174 59.05121289941926 0.0 0.0 59.91059969378318 11.189000303309719 70.55612701381537 55.85827994456897 37.69852609984977 67.16133904640458
0.0 118.62756690723907 12.637520120103744 62.308823869301634 53.41701641952454 40.916249401558915 107.56149478026295 0.0 215.8398065742437 21.967292681341377 188.2422336801448 127.79823885576914 118.34883357664444 185.23456123280906 36.96035131706833 175.79549967877207 0.0 118.62756690723907
0.0 46.08150535258113 9.083325827972175 0.0 81.0046339734822 13.585460319210128 38.914855752369675 68.21419909237454 0.0 46.08150535258113
40.538346906121845 0.0 51.65182114475749 21.5242053059236 78.94623887407107 44.26091450994953 38.528879586584395 47.95018899936848 28.48775527912609 59.78343539036021 3.757468833060713 67.20617256948265 0.0 42.47175747189891 5.610431511086347 23.440620518045534 25.96958979540871 29.557517276396993 40.538346906121845 0.0
120.92844140380762 142.20560342211553 54.10703703996492 84.71798052815149 0.0 15.914364802337396 81.2860418229178 0.0 126.05198976678855 5.122448718697655 151.06329079717537 55.57862309885733 120.92844140380762 142.20560342211553
300.49341246424973 45.878687775956834 266.2374305421781 141.70158452272926 268.9837102512207 207.00281329984307 187.5748087570901 191.31650152262472 153.55830718149292 254.6434003841673 70.83372214871585 264.47284153046974 124.42191456537876 156.87715509942285 0.0 106.0857228381423 87.84498024877797 65.40239625600341 144.34648968414137 52.551730762438 221.044795376131 0.0 300.49341246424973 45.878687775956834
77.97307791375349 35.46740128621156 118.27489540960391 0.0 140.0281833637918 51.48782433060589 179.03386877910737 74.87039701852446 209.50140370315324 134.19637078498886 142.79479721852135 155.45520365160087 98.40194124633872 135.40863347008025 82.02745194449338 116.8799249746083 9.933004471339274 135.0755870141491 49.61191407774771 85.68873265701434 0.0 11.94280842293064 77.97307791375349 35.46740128621156
168.81051989703315 0.0 137.69139419678254 156.47872720836705 6.265008922876788 162.6947001009973 0.0 13.006584553415365 168.81051989703315 0.0
3.1654336895713016 86.51123062742165 29.918963401250537 66.77781989953938 16.390004299818173 48.920226926274054 0.0 2.1291439820546145 34.16317255063329 0.0 60.40362180976008 26.073268356154948 86.64265946262566 8.878077541876863 100.09750023312739 31.35882296460459 128.6825548171073 44.6852854797324 130.40927022811624 74.90351464503743 86.34628255873051 83.80443840047634 69.50812925663845 83.6462881550108 72.59539025500214 117.98139430609852 53.36671587857359 115.19904291249706 34.96354585064611 113.61485504721064 17.514128555373475 102.93234599721988 3.1654336895713016 86.51123062742165
59.1239323797917 61.371567420905656 0.0 54.052835722367256 33.695135250857945 19.686298234416803 53.357554053445696 0.0 78.05861072607743 0.39065557286463815 95.92299858819875 11.950450955351876 111.54488273188113 18.890729910849934 145.7027037604472 30.43636441714616 156.40334721026497 69.55772486334914 119.71322162127817 85.92510759325103 93.157037231244 96.04582987620978 65.52329183938213 88.8748295354097 59.1239323797917 61.371567420905656
0.0 100.5195734494936 5.055252601896456 23.02976824288217 80.22826467283953 0.0 198.024952163342 71.14987942339319 64.67370382308566 114.37936671049724 0.0 100.5195734494936
51.50467978941259 183.23467121914666 13.498324184506373 146.44151955044748 0.0 102.748317657276 42.54626975959712 72.42385669294882 14.731330427956522 0.0 72.21824080890877 27.330705666634593 115.65277342176782 11.671338386536732 107.71665134069237 67.03109857009447 176.02831805570875 92.93045062669891 205.50878167931342 181.08215090043944 88.07349046094421 118.40154096375896 51.50467978941259 183.23467121914666
91.88922649265416 131.90830345176758 32.63285186967194 166.54331920446813 0.0 113.2979857236773 48.16470336779718 69.8898637855183 61.23652393760658 0.0 116.74130428091046 40.69206732416652 181.46627683794458 49.99330465042161 184.42661083145572 114.12180423986703 138.1038395928585 152.15675166323518 91.88922649265416 131.90830345176758
79.3444523434511 32.945679015064385 125.78004399987942 30.63823819040263 84.83562161489537 61.842622239224696 81.22636767621533 73.66090087976933 82.90646473212306 109.84284485910797 55.31923042387467 117.03422974656706 31.156606012940273 102.00417179454863 31.857411280425566 72.85925716044375 0.0 53.9240546331325 5.198172128001737 20.349132090371747 33.88720431370423 0.0 64.79133816089892 13.278287038279238 79.3444523434511 32.945679015064385
49.64395731252941 0.0 146.94347714388988 49.11427223953859 240.5915289283039 99.43750529826393 261.7407904125961 233.78872493249375 131.3903779756465 255.62890588311816 45.74074734171694 240.59917606040102 0.0 173.4530420181104 76.81345721893732 128.2693219179291 49.64395731252941 0.0
81.14893436427397 0.0 107.81188739778278 54.017967921064226 105.02891440114293 88.25854901770724 133.35778070244677 82.43072887031242 126.49486657676555 101.01309310338668 185.04470521046775 138.70281270600367 152.95004158047374 165.46900037810622 117.11280096091515 170.93960358361954 91.48442985583807 125.43788386801158 64.1748474428149 156.91478057574818 62.42780387347787 125.74006944416226 0.0 122.77618544903787 27.931943468660677 89.01917622605363 43.55177787226401 65.91693685756131 79.9609059233595 79.95636062984258 81.14893436427397 0.0
154.79220415440716 50.80872320737195 227.06892680329844 174.056565681964 88.85701727020424 184.28869177931537 30.345982258663213 143.50060583354875 0.0 75.52172484877298 60.64081159229845 0.0 154.79220415440716 50.80872320737195
30.091593655218446 69.92887621021174 1.6455862262113925 61.181726046654305 0.0 28.03553073843794 33.514016038884364 28.2194664617612 52.61913910665855 0.0 54.61596628617896 32.173392133250815 77.21983661775606 49.88969630916499 47.20395720831446 53.93876061676414 30.091593655218446 69.92887621021174
32.692424756418575 34.945115984336226 76.8289267850366 80.59403150825187 134.76123103949354 0.0 108.72829846307857 88.47488645412673 166.25059637891695 96.43374830214975 134.3858687245669 129.2422458524543 101.33079245888655 134.24321558574795 89.82742959660287 149.15996195140892 74.2351232629102 130.06414472422824 57.29609160418411 138.3581540963662 20.035434082528646 136.94337082725775 0.0 107.5169947983624 14.714729801053238 72.37926049257729 32.692424756418575 34.945115984336226
176.6191163969694 92.11040469792174 117.93635007161062 104.80414057956915 109.23155662324835 135.81535536128126 77.26215645004841 90.3743854552402 63.21002332609005 104.78002337160763 43.41920355375781 102.80407999880927 12.549430504382585 91.72757335540716 0.0 60.9975422922971 34.5953888155304 45.25774295071686 34.880054065178435 0.0 73.15129460075941 17.325865999693974 105.65457841071246 4.372430730711713 143.65332277373477 14.855146990636534 153.974306360357 52.247860138905 176.6191163969694 92.11040469792174
0.0 78.86449298554855 65.99846846675908 30.089527217455235 120.300762590478 0.0 152.59357982936075 53.224366003616765 254.3605782252232 62.402150299299294 221.72707300835225 139.1696851592274 123.76934469715252 91.28449017183628 91.70155365896883 197.36089411091024 58.84011933112123 136.11793684149222 0.0 78.86449298554855
30.0354646891451 13.119980573640703 55.298560326000654 11.907519510376872 46.864022519790495 29.64942089075788 28.598879818415455 27.285727183191895 21.453702509019948 33.144633165177595 9.01038726622015 31.055997356220104 0.0 17.849193893823468 7.720528056605588 2.3847133048291624 23.758812656129464 0.0 30.0354646891451 13.119980573640703
2.0118280456116793 74.60268680275361 0.0 35.71370957873228 24.40211368248626 0.0 37.9086154154073 40.80014982720974 91.451984626487 63.95932146819638 42.16151453956893 88.6822455894674 2.0118280456116793 74.60268680275361
68.46817923541722 96.47221813290264 42.423922471386135 86.28700881712703 1.2476410267670985 70.37311531753673 0.0 24.271991423430443 57.81599212090569 31.529999787539545 72.70554782291781 19.232506136597472 114.9567029899381 0.0 158.71632919001226 29.942758419640363 130.91732959176355 77.01723383378445 94.31925351595095 89.4007420800036 68.46817923541722 96.47221813290264
212.41235563201582 186.14147685054365 0.0 209.05624582668491 14.409310937827655 0.0 103.96082772569102 86.4629346081879 212.41235563201582 186.14147685054365
0.0 65.2138568645089 52.77873531663771 46.47631548924974 39.15963671235204 24.61794031429781 53.42238184592692 12.083766871956016 73.92583865848133 0.0 99.59078257630537 5.969123510282593 95.24300389520384 36.45698216348235 120.04576751240494 51.37237903924715 109.06470339549185 73.6296199372867 96.18410861000275 93.9730189892261 69.07408989561146 70.18240797849056 49.68177729932168 94.12624109987844 29.361439864630768 82.32649145203347 0.0 65.2138568645089
246.84459413753396 133.06390270415795 81.97826754266217 168.90942399867924 0.0 140.36057946342913 29.730559190762733 54.239577869105176 126.56016164806019 0.0 246.84459413753396 133.06390270415795
60.46977268945673 89.20519090867836 100.7163066729967 0.0 172.68102216086055 39.19823662675307 231.08409315427627 105.22700040440972 165.59833280746574 170.35557876606063 118.64640709118459 181.33878725644212 89.6933416744427 230.87820190203558 62.19179694548282 177.61552045430284 50.27796939698365 152.04684885373305 0.0 103.42014103060855 60.46977268945673 89.20519090867836
198.76477566510357 164.6226867275808 129.58213870264964 138.9452429336278 160.7225162353691 204.49453433585063 134.9743817994394 221.83774720606291 108.731640119938 197.83992618408308 85.63127513891945 186.94511868594265 32.50654622448283 185.60352168291095 0.0 145.72563670316356 23.314853982168245 100.81007613660947 78.93634452050532 91.86809117572017 104.41927124410645 84.5468774549633 124.34739359299553 0.0 160.44348876540323 57.34056073820808 209.12374548099007 52.4964816518728 165.8322762256803 121.75234349584714 268.5812345591031 133.9045926132951 198.76477566510357 164.6226867275808
72.30846932532803 5.612537189850158 173.97539597273894 0.0 125.50289557745731 96.13093261676119 0.0 98.8088034125642 72.30846932532803 5.612537189850158
0.0 129.47044835948265 14.347243702491255 88.93716707808387 22.168111798346274 65.06532580149175 23.651951094526765 41.99655195576719 40.401825792053614 28.47401019031188 54.25876501717016 0.0 82.04528006129665 10.838872670500699 91.83880748185771 41.28381928179461 140.15401748339372 21.27339131270798 127.05385086839325 56.83167125003253 150.87343089041178 80.79786527975854 113.786661235145 93.21049029556713 129.72100810457118 140.8788035550952 90.19113186800458 131.38902286802193 68.70559037875695 111.81448113700597 44.79248555664935 122.34628108050788 0.0 129.47044835948265
269.28414190374673 237.12181700554206 208.7957327251515 266.11327599801416 150.49134122787768 242.76856933148642 128.28885169671014 198.14273973211678 73.59996631834478 220.2662804213745 0.0 189.87029877784016 141.53924713276047 162.0434630228528 35.486695340128094 55.69279836772105 92.9980738233441 0.0 167.3095799755516 37.63653336431432 175.1754911856074 124.97025470191136 183.13070883626756 145.2489089564528 161.6887616058117 163.91817387551646 269.28414190374673 237.12181700554206
0.0 34.673805745778964 1.4670671416296415 18.20318484684107 14.086312988166455 10.488625507866274 28.598515431585014 0.0 54.352873511238116 0.4624443997431342 61.613328474464545 25.436999571007547 42.146579196758296 42.19208292083128 26.13322083824532 46.07131351538166 16.699530671811743 35.85134016575998 0.0 34.673805745778964
64.78510213182399 0.0 102.55300058502843 24.462760764199487 138.93951082701997 61.34925249053093 105.45019023372042 99.1471561455692 60.51480559838771 116.27398791875657 0.0 92.45132419247417 7.905335592279414 21.832367296424906 64.78510213182399 0.0
42.93041958236445 0.0 162.2431583453331 8.3484396296964 133.3403336033357 123.76084892874388 61.37660628590707 111.65641348432948 0.0 83.12394551237789 42.93041958236445 0.0
117.41549054241798 59.03196851282944 93.43035503302902 63.820529448507955 77.80850515964632 70.25564627584214 77.084521037251 37.58847663367223 9.271541579319546 73.72499719742333 0.0 35.21612032909775 31.072897487030225 8.370127733667843 63.56629446494382 10.090026669504226 78.62786359165982 0.0 91.2387485995079 14.402458620942411 97.77649398544742 24.695005322102304 113.8252218766201 36.499534605170126 117.41549054241798 59.03196851282944
153.56965372869223 0.0 208.27477542832332 62.07018136160724 256.59298940411804 128.70885834623184 180.8884682581966 166.13153825461848 152.86331703728987 248.3985672736228 94.04778984422856 195.9879217443889 66.62525405208316 151.70609980312256 0.0 79.20881050998416 83.6273358432565 47.18152097332528 153.56965372869223 0.0
87.30303547696805 94.02468495301318 50.84798336392724 33.19878157322508 102.44205947660811 59.77549346519344 132.49164229654764 0.0 126.45304163894734 90.53088755548514 191.56645468115158 61.30101037555466 210.24761812479198 97.23842656003282 143.81858424932074 115.6877198354793 166.07457695420027 157.9345643176522 141.36994581269522 181.1491737796545 104.31923356440356 198.9773143186477 59.5475027567162 189.10629240903796 67.98145334873553 132.75796430044664 0.0 115.8404887214286 87.30303547696805 94.02468495301318
0.0 29.841339791348048 69.73032589167263 22.824318015000898 113.59543154526042 0.0 133.72520165861616 43.18664522911112 108.47468221484995 74.66805488401548 79.00004402224063 129.57071391496177 38.01313804777493 87.45624763472318 0.0 29.841339791348048
40.79763424353695 40.51038342287045 19.111430586822237 30.531923747271037 4.959913940012754 21.86292506173025 0.0 0.0 22.88431320477909 0.5528777599409693 33.525832360854395 6.389056391613764 50.1855174228952 18.26194086257702 40.79763424353695 40.51038342287045
100.4295023730013 33.16159102315345 123.02768157595519 0.0 149.04833569645857 20.210635611815405 210.9775835879751 4.822472725921088 183.8787325639167 61.70782601354172 193.59162021186094 88.2752501065521 224.10135670933946 138.29954775981065 130.0214587204727 98.01725304676688 152.8671971844038 198.59916534805427 111.04650984292209 152.6298092553593 71.12817750441997 173.53755005421368 66.73921586845788 127.18117359812724 43.17801268051802 107.14477785168938 0.0 74.98188723235423 64.0523878791371 55.991612116385994 72.10877351261452 31.12980912749321 100.4295023730013 33.16159102315345
116.4512394959961 10.451216433119995 87.18140855059008 69.20497111148794 20.306592302072907 90.70173658260751 0.0 14.285155099801443 59.09853144394334 0.0 116.4512394959961 10.451216433119995
101.88228226023793 33.972380599912015 164.16472781166328 28.83604249981658 121.81191974739572 76.02073658195613 103.38356944573842 93.04710976842819 95.53470593896961 107.92065941451668 83.49032720740773 125.60504114683772 62.69566753727905 116.05724027126587 34.90561708825601 134.00981795535566 35.86278632929495 100.2783915041218 17.760343705059086 87.96124438748356 0.0 64.42904777039806 29.132068238014824 51.83753101772561 18.96087439818197 0.0 60.65332958009846 35.38886368306813 80.07839819183327 28.51849821452648 101.88228226023793 33.972380599912015
42.67880834471072 54.431293609405664 27.75535380965661 78.28986021561462 20.926333284693527 52.00173088126241 0.0 43.17724005123382 5.621583779143251 22.192566678583667 17.354999483482388 0.0 41.73075167807606 8.190988438094813 65.92290175990524 10.784352479133553 78.31936495913425 33.8085754845772 53.10617459616843 48.53246910120671 42.67880834471072 54.431293609405664
205.00430628184515 147.3687942550141 0.0 152.5762359661457 155.41827328765748 20.642576864807396 279.0341167907985 0.0 326.23403104631495 143.39432841297844 205.00430628184515 147.3687942550141
324.8098679289857 181.3250779692072 183.66257401942562 226.24139385254404 74.63439779501962 187.75904033018008 0.0 89.64302364713916 80.78327312853486 0.0 158.74525134354118 55.66586831047808 270.62365747768774 35.24340752651737 324.8098679289857 181.3250779692072
124.24888145641646 68.39468700080329 159.8834018101594 0.0 214.0898352911653 43.45413889883109 259.6251701665236 76.40512340822085 317.1967595217063 140.53012684191688 251.23858761343638 194.92043331877974 197.31665125936712 219.62261741302976 132.4931908408729 248.14625573254148 10.301206290478035 274.040341355127 0.0 153.18958054870538 34.618572490459314 73.97040441992014 124.24888145641646 68.39468700080329
56.16482115619757 63.98514436988047 33.52247965309274 59.87192787636006 19.289805593762203 42.03279169562843 0.0 16.003749540029858 29.764493887391417 0.0 51.20152290950211 5.974555896358666 62.753072428864606 9.43114176046707 71.44279947054989 17.865788344233394 67.22717293093066 29.28304825289058 66.72364551282195 41.67244686401156 56.16482115619757 63.98514436988047
14.117814708416262 50.8529522694712 0.0 27.059925059907982 9.786570857680118 0.0 38.275099104657286 6.326490824383754 55.656155818193795 25.099572608598237 42.02700147801468 50.036105626890304 14.117814708416262 50.8529522694712
216.5107514216976 0.0 116.93008703432155 68.92263556187189 0.0 19.865669700092596 112.62318455084568 7.207282145865065 216.5107514216976 0.0
70.33502213779673 177.3270911886701 0.0 124.32758735316452 48.681305057461344 73.20714939137027 95.47189413445824 32.924800966312276 152.59567909669204 0.0 214.89771378637965 11.6781870999759 249.15289925539705 64.26535675672324 245.3217702319697 122.2143475047578 302.8513150362412 169.2600760664294 363.61146565287686 291.9061802718511 188.16623315216418 189.9616115594475 171.59430838298601 232.88097132300433 102.83071984472684 301.88049288207054 110.83334852168372 197.5649797569865 70.33502213779673 177.3270911886701
0.0 84.94482809492412 95.35252903883554 68.08948303000591 147.76569532479826 53.91913832720353 194.74525408998386 0.0 196.47376506096816 153.71694202345356 286.65392045127084 75.56861294338464 418.6883668849788 76.14373357949225 309.34143947321184 172.70738288765222 345.9302643749339 240.55012042417542 192.30763631293357 174.00810371597555 211.0071593081006 225.87798548218836 186.09228809624136 291.3506941640183 177.05264845819175 196.57473413738848 51.62605093395126 301.29968575571473 92.98337164039862 205.98640194184358 127.00676052694328 167.14472675548063 0.0 84.94482809492412
61.95843786412617 90.8152292150554 38.402826494901205 131.07138775443133 20.19911441734891 111.17621448413462 0.0 94.6993396713221 6.119073437912675 68.92127198007243 2.6972700631205555 42.52500351898195 30.327281150096724 35.2179882597257 46.838740157803684 28.151721044563565 65.5291334869098 17.09504616815118 98.24407612595554 0.0 113.36888428480079 27.566766115548013 132.80105366142493 51.79997087486484 142.2367487730986 85.75725919122405 102.93658929867254 99.28715952101052 93.97448122113643 125.36436608816948 61.95843786412617 90.8152292150554
0.0 37.01603945965419 30.27797151832862 0.0 51.66768290645556 39.66748243352327 109.63562685948213 53.98844535575386 71.84170558177658 101.16931428832746 36.529360068044646 58.85480980700378 0.0 37.01603945965419
60.91569360221426 50.71326932824758 38.72944480912605 75.52282791139612 0.0 58.910950536593504 2.108987730590968 18.479140393264615 37.63448044885493 6.516343732760092 62.11892303488399 0.0 77.8374592300584 20.340098938654265 106.93509242932609 52.0372825553827 60.91569360221426 50.71326932824758
252.21866503214414 155.73738642714451 210.3667700614674 193.1431406517722 154.68178381462823 231.57247111933094 88.2597034277419 218.44067575005803 71.04359166925775 150.0089004442282 8.565132891351936 94.63349665017329 0.0 0.0 132.32901265626504 50.39901227647952 160.34474407487585 3.395678601644562 213.3899258963835 9.973758381137415 224.84507991700772 63.988483047679665 203.90837907378346 101.08450615024496 252.21866503214414 155.73738642714451
0.0 41.681670062211445 49.46467419631088 7.042114541828191 85.87600535493605 0.0 158.77175465898245 2.2120594792361103 93.70766607340704 47.911234992820575 98.27314257059707 140.1543282267142 38.02298600178781 90.72652832228718 0.0 41.681670062211445
98.73512368898595 153.8271144550906 0.0 64.17025611474077 87.54418663924667 0.0 111.70674421576803 43.09698483311612 184.55658746579513 76.84926709160712 98.73512368898595 153.8271144550906
32.79804511123234 135.174708805431 0.0 93.09092928858267 30.015248899432464 54.64939938282208 67.43381183083713 37.09115922738658 100.26504768810875 17.413932588163178 142.54564306973185 0.0 144.60166857806206 71.59318835050915 212.04774497156515 53.64811948362951 278.9250985124644 91.91197602582758 149.49184214293686 116.74019298281151 180.35534188147565 160.97024041283527 138.33355782831399 146.81406459726338 122.40462481193421 218.93349420701145 78.89690297997277 200.00031132107904 63.89772347082095 156.25193411169357 32.79804511123234 135.174708805431
220.1941322607965 0.0 183.34324816333387 87.41113616562927 117.29232248725782 114.42179346074967 81.32816252500668 147.19708173651264 29.491401303212086 139.84566205577147 24.178274516015335 89.35324605637582 0.0 48.00939044624404 60.02694587365558 48.954650412146734 72.39284764576784 31.01982165278259 109.65845007945032 8.151108458717346 220.1941322607965 0.0
122.69644884592408 37.50513308246126 127.22918040901534 52.638952627130415 190.24416245900454 74.07598238381817 144.73752122984308 91.4855386166195 140.66103378368302 129.52920535011881 102.90983285428129 107.34358667039231 77.26904139342577 119.81028912933587 50.222331648684275 108.26984566345934 66.41172294710108 72.7098595999368 0.0 49.387525832512914 66.99771547780539 42.114670999199795 70.62632079279025 17.909672008702294 91.91603924521205 13.808236956352715 119.48479800069715 0.0 122.69644884592408 37.50513308246126
17.79471261193649 13.395104025917519 42.04523496171619 0.0 46.82497234889759 25.413284171149613 64.12931771064194 55.77050672327702 26.734945571346103 46.30695594405691 2.1747220582739573 63.838033461111834 0.0 36.76299663774924 0.2946646652096234 17.754304733727835 17.79471261193649 13.395104025917519
165.4108329681054 2.3214843926514988 267.36055738100504 54.406767144658545 188.56357200117498 139.63422280522343 110.42955309911876 125.47875310125319 54.42221222606386 199.98786672880738 10.052417072291064 139.2248589281583 0.0 72.27163888320644 58.26340807522544 44.274987919690695 93.88871945305095 0.0 165.4108329681054 2.3214843926514988
0.0 90.98528660270536 15.868555870247775 6.015424129328949 106.1492616663959 0.0 107.72403401875303 93.7836050329501 192.17076477556563 161.30696822544803 92.76156286477752 178.13323358849414 39.060916782129496 179.91192140512828 44.97326018359206 121.66777202214821 0.0 90.98528660270536
237.4338115995072 138.34573746383697 272.32051442836405 190.77925655718388 248.90538891143623 243.4453743187594 188.01584656731194 243.82236519193944 150.24622837771932 170.36123324779916 121.14336297857777 197.00368410719548 90.65477302487676 186.39006750224456 76.78016868421031 157.9547338482713 24.114109767672517 123.57693417650222 0.0 56.38904498601438 96.52666438793297 67.4695799162716 114.08229642134884 20.53889806353763 159.95527754250725 11.211403206950706 189.4100244944851 58.07428682942842 306.6388600412939 0.0 295.89827498023647 86.34263540454893 237.4338115995072 138.34573746383697
207.31203198121926 162.61513997720192 75.81997139975556 202.3323321931997 0.0 98.71772866685548 69.10890042218047 0.0 129.00168287912544 72.61483984977322 207.31203198121926 162.61513997720192
252.6247220335038 131.73253192304747 266.5953919564688 207.30976494555995 204.3748427294271 249.098998528741 137.68769338097835 207.37866082178545 86.73457399924968 205.45093665057476 0.0 184.4286507828927 31.20612047831608 104.90370118315369 113.95003405467111 93.82164792358218 109.31400052392218 36.55829526748572 153.40424046052172 68.67360922013634 234.66715412302693 0.0 239.89407780819286 77.56314235753949 252.6247220335038 131.73253192304747
35.089778726909515 62.71396433041792 37.589487499425005 0.0 111.04870868995674 71.79402785750162 130.59616699477965 56.462386730146065 172.2005082918011 34.48946739327354 182.59587578850793 73.21179375718273 204.40131105575068 98.08741420551246 189.09799060837668 129.54783082854158 164.330974707536 143.7718223699047 165.5203954389999 179.52813273353186 133.07872020690192 167.54955953096234 109.79926778128281 184.81137396705643 102.95404421781133 143.1759800666818 51.344855204694525 164.16638774194703 0.0 144.4217612417177 13.597050483030984 99.06219676525608 35.089778726909515 62.71396433041792
141.19116142017867 21.841606788035662 263.72265590641456 0.0 267.1467037812304 113.9357222270114 271.79757090563504 239.04848481511087 125.98414082040398 264.30654889586515 0.0 131.63338258787775 141.19116142017867 21.841606788035662
59.13201673430919 148.38414699373183 18.760513420377514 135.33794361839816 27.7296337364969 93.34491563146018 0.0 31.855669200251405 63.0288972098859 24.6570172198995 132.86627522791855 0.0 150.45072171249416 72.40244395829248 125.67990836253719 117.20304689782287 84.65275219901562 121.27163018204475 59.13201673430919 148.38414699373183
0.0 55.872361172775356 42.30293816574624 36.282623951053864 50.56193839349085 19.688232100630103 64.8207331736427 0.0 87.65877551527319 9.538985679189167 106.90583449614705 16.22916259467801 145.4844908371201 17.22793377164679 131.33696362391132 48.96651660321699 94.8317302810143 58.56931419406399 128.16043454645322 108.38319991650923 86.71619376689912 76.77556064686202 67.48952497855268 117.95258892653527 65.07004498671108 72.57528669255201 33.56506707063569 75.957860653858 0.0 55.872361172775356
83.51214300401867 259.6535683698604 28.891667023412197 231.3453637437154 0.0 170.6194810476837 22.7322443473837 111.76468261770879 67.65753623977986 73.5953682966956 110.17087144513076 36.32798067873176 160.1762319580872 76.7349838639936 253.57110823219477 0.0 154.07388706282873 154.49037573462618 234.62622182577502 148.6659295430866 337.86166388267077 223.35258971550886 211.02840657055015 218.56665075126364 209.19379621172004 320.0194977929207 141.2600018925513 233.60653326693583 83.51214300401867 259.6535683698604
288.49874336346016 145.13955491969068 170.27026274966676 174.3013767207248 172.76673261807974 263.1870844645448 101.58908096077825 249.09011020030985 41.64107679385542 223.5916473719171 0.0 167.0149667201197 42.44525210512636 111.58782394945953 63.45720499458318 68.63656963922726 101.82383320686249 0.0 144.42841400659321 88.22946257840891 158.64846484404623 114.96380128320122 288.49874336346016 145.13955491969068
143.31156930041647 0.0 186.9703742935314 46.58540010750764 278.87687734365437 132.53841011120795 167.28940846099545 185.15131643555316 91.89888349596055 148.20712575165678 49.06670125907841 124.23604286965619 0.0 80.2046828097376 43.49102243749049 28.041045709820025 90.52720545261886 18.780883526651955 143.31156930041647 0.0
45.88633331633335 0.0 45.02017633993775 18.845518965077915 47.075129111636215 26.751627991969215 53.92209621397882 37.400205903232646 49.92178027668014 49.21355769046589 38.21695793457944 53.23692486250077 26.975979769555423 50.409779873916904 13.302580256348463 51.85580521295864 4.461365593366125 40.945288096610824 0.0 26.68301323324907 8.084936365053196 14.17043268333137 17.392179254956474 4.186872566173548 30.401540784823396 9.090711298830314 45.88633331633335 0.0
16.595618805998 15.128456712413893 28.45609710426976 22.088892890680583 28.27944103083992 0.0 36.00733212183941 8.654738549736905 48.50507081341132 10.594613373902817 54.50654702690129 21.64298220923139 44.47156794526546 31.570082992623483 35.923260491494844 34.649562503416874 28.235176055728658 45.50017714805726 23.35097209051085 30.881089624420042 10.265254663267342 33.03594432403479 0.0 22.264255526790024 16.595618805998 15.128456712413893
0.0 0.0 67.89980678792195 19.27866250642664 106.90550235802549 16.502356565112066 125.01869410598759 75.71774323489248 67.1005688217153 76.26111965057407 7.921343667649921 73.18278930442978 0.0 0.0
204.50385546026223 149.06778446646538 186.24465168174436 203.50944134098225 129.52329170766785 185.27958726468492 87.45985690454926 198.98093685853146 53.91685729005832 174.24482298928348 0.0 155.5176416343335 53.42659612464797 100.55269121861572 62.95138353524689 76.79272199713049 48.5032814446125 18.878218283622545 91.85896122038932 0.0 127.14741468884556 47.56442973027563 167.91222601092392 36.17850317425035 164.73560767560923 78.43702563038278 143.5397210652601 102.48807554007244 204.50385546026223 149.06778446646538
37.0979425926169 72.93341872521012 22.815880629817116 60.909368662479615 0.0 43.10580494552391 29.930280624280073 28.10691306267372 31.787391786704717 5.70499623107051 57.66563256087103 29.70151990443906 72.27915784497469 0.0 89.53081352011228 10.686521898230161 90.57286970028127 30.409610816010407 112.20195253152596 44.71783291586717 92.48988262653336 59.28320591223851 77.43949017357413 64.82254617716077 74.44199598169152 104.83355594259288 55.391998818988895 66.51037058236184 37.0979425926169 72.93341872521012
