100
162.97312713932064 140.49798487017318 155.6129372347884 187.12644697059164 110.30144714349892 164.18372996662862 64.15120275872852 189.5826639906744 24.375552686452522 153.430213831963 0.0 90.80491154533651 61.2631385558694 59.88529894550004 106.41700163616005 0.0 156.01884106573038 56.13372368463743 227.8799545894439 81.73596347878896 162.97312713932064 140.49798487017318
77.54411721055493 38.180650604023 114.27050458396174 23.75591576583375 96.31820694132087 56.48889582972191 119.6135706575074 71.39172537602539 62.52025660511042 67.80945119359288 84.36649797479309 93.16259903249784 65.16631230505166 75.62524065119061 60.42387967618909 106.85252438996346 40.15566283051987 115.23969104988234 23.928019791844754 103.22488078636752 35.28052198914841 77.36474924677232 34.75888563514553 66.42121504494034 0.0 37.873776289797235 38.72893446700465 41.14941827839374 39.642945617433014 0.0 65.11512123996367 32.71490218427684 77.54411721055493 38.180650604023
112.65392622327415 333.5445239202661 20.212049932867274 309.2705575893134 44.76626683724689 208.72978391231004 0.0 144.2598707511631 92.61104423453901 112.12450128358647 103.61659732043536 42.8397584155541 160.42830996405064 0.0 193.5759298247146 126.4206172000479 178.44152757289342 167.52600260891154 256.0659487443668 141.0399231741435 259.96341283511833 178.34591150137135 348.90217237632885 278.00554421937136 212.71640291592504 222.89351497041045 192.69695044513884 325.33994351925776 112.65392622327415 333.5445239202661
60.20064943881496 29.5494786466124 80.79658940862646 53.778302941958714 52.248904239056 67.05282482001851 30.30972113292877 77.67940291712449 0.0 70.04711357956242 5.5582643362505735 38.651093037400585 7.821108219526224 0.0 43.157801172614015 15.624438179239164 60.20064943881496 29.5494786466124
205.58366422998287 114.33896200555704 197.12625242029694 143.53779780713228 168.92920213886663 159.42070017976238 154.35009998772819 218.42648936936172 106.08704605205388 217.9091095897072 102.29950310385985 139.02659796532453 50.8911636519652 152.16052964933317 32.555499465076224 117.28045299114673 0.0 72.055822256465 92.91256857060628 73.91931419735037 65.02717297618858 0.0 118.78923757412197 37.58394986609249 143.88080952394546 29.818860032174968 179.57537476665175 26.602480819067083 208.71317083212062 47.65290158760821 226.5484862160407 80.6589717520638 205.58366422998287 114.33896200555704
32.07807613365259 71.36864747059661 0.0 34.55743778500898 39.378132071344005 12.711045032231127 70.38278605347227 0.0 93.19478134766936 23.45400593153378 103.02437264924954 42.19321526900783 128.97566194305577 59.226981720409846 119.30526977215328 85.18040024433947 88.88600616794167 81.76523181035864 67.48582899988676 126.95193189371906 32.34864571159797 109.57896251271438 32.07807613365259 71.36864747059661
17.749147209405493 0.0 39.2896352200534 2.325035228247941 49.70408289578123 15.776453089695579 78.75350564528702 18.284900840703315 74.74786359807695 44.187486451648994 44.337870067421306 39.47540293705383 38.33467312937934 35.85769751407517 27.88631142176463 45.72925197044469 0.0 42.82803396452289 18.596949791047535 24.02758944068752 17.749147209405493 0.0
128.36217721436643 288.93503302767306 0.0 266.66200058530006 21.283279362842336 140.09272613997712 54.907574885663664 0.0 174.59333812108036 105.99482361739926 241.41119615989203 126.10227263243904 342.52826007774627 228.86143400857173 223.07852616810052 287.50140208240487 128.36217721436643 288.93503302767306
77.5324057559789 11.148266113840222 106.31952485583855 31.674546103265392 107.53981661846635 63.82928174485981 142.14615997223586 80.58346962518316 111.73383318458565 102.49963716481237 102.43225468064544 122.01259830620346 82.24200274944025 132.3153771435659 58.061129065971315 135.2935477633365 31.827918399840343 125.85201728667936 32.51670639372324 97.85355710750638 0.0 72.95606424172095 20.923884615981052 44.43955896276716 33.29537834444332 0.0 77.5324057559789 11.148266113840222
71.73335791974097 15.375823788241036 58.4928536435483 44.902643392135175 80.79791443255024 73.42208285149276 47.44680958051161 69.57760737051152 30.641245287570797 79.28679254912805 21.256727194372672 61.54057274217851 0.0 51.0938108457125 15.344146721166453 34.54182868469927 28.834031119703795 28.00176887666626 47.2095869155024 0.0 71.73335791974097 15.375823788241036
1.1582589385878919 4.819897980951723 61.24170845791686 0.0 101.64496119928518 74.93798372704917 0.0 85.88960697080203 1.1582589385878919 4.819897980951723
82.8904977314897 192.38465426640468 36.581145158347624 152.1071400004474 0.0 106.10476403403682 3.62204298514672 49.27446062713173 46.75401634323546 13.924198778030274 95.8807805846098 0.0 111.33653017518894 68.69821517355986 188.32592616043203 35.65980984235648 141.6608051224352 84.47614926006013 213.52468596944516 159.22395602976215 125.9163796551729 134.94768437438952 82.8904977314897 192.38465426640468
136.9828763256994 35.612729764823484 173.64494499332363 59.15346034509889 271.2973092609857 78.26213670008033 182.2288875987565 133.7184700194261 200.67093631944766 200.68003621835376 139.72264005324752 221.43670403218383 77.10200631721258 234.58112209163966 38.47199692666692 181.98062290200724 0.0 139.6528338985185 19.337200361991165 86.46041527699151 27.275462878438702 23.49362913623149 87.4877231537315 0.0 136.9828763256994 35.612729764823484
7.547708710014973 39.82019018594855 7.413111155405602 20.446736066346148 0.0 0.0 28.97670374631896 13.228230860746521 33.564047183390386 7.693200449858011 41.66898472699738 9.481338917536874 67.47934231482324 15.89897572826952 52.70873900540458 31.02386328782015 39.639368227739226 37.958912904090184 27.186045794143055 37.07427307659887 7.547708710014973 39.82019018594855
13.899349297323596 151.21666764194825 0.0 69.48001139377283 52.10971658224574 20.788461399460864 113.53936257770471 0.0 180.25533731422288 38.981173426398264 161.65862618970846 115.87792867303844 98.62775446706642 157.53559947116563 13.899349297323596 151.21666764194825
135.45495300285603 17.589333774446914 177.21639711108116 34.69221508949338 150.8920943070004 70.90808351684672 155.25123066656028 131.41169607794492 99.26845473746819 123.94192330646976 76.45000530703473 87.81085887580784 0.0 77.09401598880643 18.176910938205552 15.366587604359509 77.45821782175713 8.839648268102628 109.72324326210042 0.0 135.45495300285603 17.589333774446914
166.68645832636008 220.04345706050898 111.30417744902584 141.05857875658165 0.0 104.22107324325069 142.45536115716587 78.76885870809244 151.61144101501213 5.409298730266542 240.24066500694207 0.0 232.17774842949083 88.02553346843708 248.23741875626885 173.7465204909359 166.68645832636008 220.04345706050898
0.0 83.35972470363161 25.633888362435414 61.03270492496369 33.361637720855526 11.121585190738884 75.13018784357314 36.73163930116624 121.16095035724081 0.0 149.2560138448875 38.137187447285754 236.61941339624454 48.061026097167606 127.14875921002394 107.30173507701106 197.37875555314514 165.7937872186186 167.0898808706096 214.99239713045256 89.8507010001068 149.76851180023772 65.2611145518925 185.47547167336347 5.0609354111082325 217.75055304658565 20.71106145423738 142.39386367556608 40.30914764740652 110.37846323073306 0.0 83.35972470363161
189.59833770392552 192.23022942528362 122.5628655712793 184.58683545942645 0.0 83.47736597931316 128.40235731458984 0.0 222.55817249167703 65.52652551301136 313.99116143296817 104.93847821854752 269.6276316114717 190.61947949527425 189.59833770392552 192.23022942528362
20.063815302223958 93.71982295421952 0.0 22.589232284305297 62.26724609471033 6.431387589545508 135.29368720869596 0.0 207.63094972870928 46.893110061749674 191.23083951950963 131.8759559380784 101.55937180537495 141.56180215929055 75.34406046014277 184.39437898784422 41.34241231093701 151.74153226174934 49.967651096127724 113.11570853049959 20.063815302223958 93.71982295421952
79.91357399235604 29.209434291263044 100.97912442019253 86.22634496858763 41.46935380030874 87.71120340884423 0.0 64.68235218554989 13.161045668076355 21.285126366452083 50.43280101869156 0.0 79.91357399235604 29.209434291263044
216.31033969198015 80.02628158817056 192.31984955230917 119.2184354469938 182.8828437939183 176.81553076439945 126.58548973865254 156.3806045779801 53.370685070563866 185.41242220322746 83.38332132693 102.31067302615035 0.0 55.07814240511135 57.47480628363127 5.0279270046313655 119.22091544375164 0.0 154.7460280814355 34.86717531075206 203.83036606568373 34.82435701484751 216.31033969198015 80.02628158817056
32.44881490040791 131.9236546820087 49.49998754952952 88.931506303893 45.92000382737318 39.263342268434144 111.17440435846473 69.06576397024156 129.60322230645886 19.215126307417776 174.32635682359785 17.992755695077918 278.9097630206917 0.0 211.56043805993346 90.7323353588283 257.7760024840983 152.89902140518592 170.1482998956565 153.31775614447236 144.2339143004396 186.55491279945318 107.92606635723601 167.61847327967575 0.0 233.5227952167487 32.44881490040791 131.9236546820087
102.72648968746552 53.60854835487956 72.86404870930008 63.58099850042133 34.49497966310736 96.33286552666276 16.880100949301323 51.93671594935401 0.0 16.94282662282255 41.11228310978123 5.215982944752994 62.50388267282537 0.0 79.25120327106947 8.581566882768882 112.08436147678802 20.99034310998036 102.72648968746552 53.60854835487956
98.4291997155696 109.32449615052319 71.80811523859444 80.58646369152787 29.073226426058312 96.2965454500803 0.0 57.684110269984345 36.028154884188496 22.643220392803762 71.67146083816648 0.0 109.18690127978542 16.4366129495207 104.6338773424049 54.74988435594629 120.71657763472848 83.47082700869726 98.4291997155696 109.32449615052319
36.061871014126694 52.07376146014261 27.759041208332576 47.54986140495027 0.0 44.63329797512865 14.822794927865772 24.399857019516823 29.1756771603047 0.0 50.29933577169733 19.02441885932334 56.40721321953288 36.8642452867502 42.49631629603152 45.17130705989461 36.061871014126694 52.07376146014261
205.45014404014626 120.24381856615348 293.69495221646577 264.42043820918684 134.3227658574466 264.7255652957745 36.457075208012924 257.99855633472714 0.0 168.4215256084397 21.538208192392716 80.9061703316045 82.24302130637906 0.0 194.78779794802097 13.990331876317214 205.45014404014626 120.24381856615348
41.06977304337559 5.54607778300317 48.61147388864772 11.051200971657494 61.96019081530443 13.368223839350676 59.816023894681834 25.272282477777424 77.56035941793068 41.79089590830911 36.747892771280405 27.513634236355188 47.484243472279275 53.23046408283133 35.90352559983836 56.395314087474304 18.788649384383703 63.62419136589489 15.752262781600294 44.753900416015426 9.033924330094067 35.375642719004006 0.0 22.881057768673955 9.111524038011268 10.524228311766592 17.389991342229862 0.46152507009077226 30.694491573468 0.0 41.06977304337559 5.54607778300317
270.3241863397912 54.6342688525193 150.118293721444 175.20313225675218 51.857884437939134 110.68204389802753 0.0 0.0 122.15466298048803 15.992427802941144 270.3241863397912 54.6342688525193
68.11295953603323 0.0 177.23126112510352 5.0072042058584 201.99778545695062 85.00162003465164 218.39414917930003 187.31743336094405 118.11981858131112 159.55168131102891 0.0 112.64762445109328 68.11295953603323 0.0
0.0 46.856050134210776 76.23686414372352 0.0 142.28958734283168 67.73925330791745 95.94125340828772 138.7467894381124 4.1167231211087625 139.43198106110248 0.0 46.856050134210776
67.64909594143518 0.0 112.48358289599688 30.440471914126668 175.08116876066035 58.600604402907805 159.38609468463017 129.7692707153655 97.63385894400747 147.19400760019278 56.4307063644129 125.13389785424097 17.845563020584166 114.1240693605826 0.0 72.73939951367913 31.157902995194405 36.998035820527505 67.64909594143518 0.0
78.73109937318048 26.45534341053041 61.39656381166406 46.29394956088645 88.84675488873486 67.88392398271222 64.12062048083786 75.77565871719881 43.06813112483908 51.58207283497408 32.88931859779344 76.52602727988292 21.348938989309808 67.09054025379507 0.0 59.14331709793459 2.997824314264129 38.85175503944263 28.88792156520747 36.611131409635995 21.866921049178536 0.0 45.35794498235135 14.216574572942001 49.04751614596895 36.90172863511126 78.73109937318048 26.45534341053041
295.69325932919526 139.615373378022 191.15848703834106 138.75204087887482 186.83054375191037 231.83675103083158 133.6454095740882 151.6720652288322 59.759820550940276 201.8528460041855 0.0 161.72794672530495 82.34947570077634 87.61568396632224 64.60384671133102 42.91674199885789 109.48449972609177 36.755772047748614 140.0811652074418 38.75185117728147 183.94898538916505 0.0 171.09925036276007 68.98215563768396 292.0671917361085 66.04157080143337 295.69325932919526 139.615373378022
93.80820624595778 44.924944517723404 176.54358821778334 0.0 225.91565212085004 109.88976014931325 128.6861455221075 180.11519616320763 35.66902783317677 134.38384438303666 0.0 43.31382496898246 93.80820624595778 44.924944517723404
1.7920204455350444 28.055919439854847 6.415385410707785 0.0 32.53838868166554 4.5658635557413945 54.49990890117414 7.859792935962247 51.466206506413855 32.988554831465166 88.54024002981171 51.020229044178166 56.08063136454044 64.70443029826608 40.4263042990372 76.94246652458588 22.623549667442944 67.11643015022186 0.0 67.02234207971257 8.32721683300612 44.742167109947786 1.7920204455350444 28.055919439854847
38.17132570281083 0.5836045376225556 62.32582582562428 50.089719488654424 92.22231553222134 0.0 96.00672373162436 31.702641303335056 86.27425174498853 52.83213995393764 133.8145113529419 76.23346431404084 99.6802845727065 90.56165558195191 87.4228579888011 118.53147551719663 59.08243532358023 101.73381573822384 42.12935734232022 94.12467812815724 0.0 103.5076253296602 27.066253863192117 64.29876274965574 24.021601636551708 47.658577236687876 45.42106397851617 43.18197526686846 38.17132570281083 0.5836045376225556
58.918594266508734 0.0 58.03290991567734 26.6702388298647 69.9742775530296 52.508513857611916 42.11320420530882 50.468359902028695 23.671119801100545 52.16244580578213 0.0 38.56466478742463 14.28955455808969 15.235637077327013 33.54333274510276 7.415956290819651 58.918594266508734 0.0
42.34968751746661 0.0 57.513808987834615 9.59957834546772 109.39202803009528 10.476755689319745 84.28864224191824 47.01262432060548 65.56885721124263 74.94394118980124 33.18596785624367 74.70750302933719 19.618722500444 46.999692230848126 0.0 25.28089291653545 23.50515814203232 6.2976789093288374 42.34968751746661 0.0
0.0 43.38681843480289 108.24213299778592 0.0 157.99939657469082 74.19961602013788 271.96911491462845 19.51538771066837 254.84050214745267 112.40776548173919 204.6442944043969 169.50943508860775 134.5402539748636 158.4779689116238 92.53769101345489 118.37212182620969 0.0 43.38681843480289
73.84387317660776 73.76570718625018 53.34755254028324 83.94829256138789 35.044163225878556 69.5646251441992 0.0 76.65371075767345 26.616550629318105 44.396988983863615 4.02003029316905 19.040930223936662 29.66316503811334 11.113029312486113 50.64861838459942 0.0 67.49260942578124 16.119073211636866 98.35297151412513 27.234883913051938 90.90197649764067 55.13696440912681 73.84387317660776 73.76570718625018
116.78082169157992 37.83944173655917 143.99145695278082 46.78003844616888 214.71307256796996 96.47761840864581 157.29641595533556 119.00874857974625 112.78907155359536 113.62882180369672 74.67491026737864 169.16449178203254 14.623873880064195 157.29497888111115 3.9006238664883313 95.11370975373464 0.0 47.00950064235041 25.633957199786522 12.73791725715256 71.37683044629438 17.76582327137502 91.0225066982716 0.0 110.70878001372576 19.316933551349884 116.78082169157992 37.83944173655917
46.23440260439986 47.139643300053876 28.590485926914056 56.41301868280385 8.240066875593989 40.04898741515751 0.0 0.15743281993339764 40.57248141462816 0.0 58.42790768893167 18.77944308615251 70.70426778439655 30.7171681739582 92.15111691527197 55.89126813486986 65.38057528199913 69.31291427005318 46.23440260439986 47.139643300053876
407.7406070651951 44.290062710713514 375.71105449455297 164.0563125849388 296.69039222695346 221.06857621558652 259.57686841624866 268.44964301327735 204.4147463724114 255.027769757772 129.60945778613453 302.27453998171785 98.2865172856425 236.2496490032406 0.0 181.16162216529435 80.3261742311661 106.98875634868797 90.42892807953493 0.0 198.511090079209 80.8514726266604 274.0076926778188 42.26733522829457 407.7406070651951 44.290062710713514
51.8552021844647 59.87302593719782 33.82151504420679 66.74388093867559 21.121936929183377 50.881513723110615 9.522907040078849 41.97109761782106 0.0 23.709940246416394 17.639899820250577 12.397381725300903 29.618321934692318 0.0 41.254677441588896 18.05147006686812 53.81489539091683 18.639714662587693 67.83940159593175 29.120626988582217 56.13133209298164 42.8597338476995 51.8552021844647 59.87302593719782
75.8568962306483 0.0 143.45890385216333 58.91985646367807 96.27389875974649 118.47561052588321 13.56535988172294 141.23116103931676 0.0 49.3167819091975 75.8568962306483 0.0
52.166021237094796 34.998273493989416 18.28651994948217 55.0168893945127 0.0 15.335583608171405 35.25864529566057 0.0 55.07309875764429 3.1258741884512062 74.87943005104198 21.670592159285007 52.166021237094796 34.998273493989416
61.16508289329217 106.39101215936942 47.0153258167382 72.99670414101463 0.0 34.022765385865924 82.47323222186618 24.96420829155042 109.28857828300573 38.81424557488802 113.33359819641704 8.173915384312572 139.2851383244866 0.0 177.21302833064325 5.7997526621552 202.35975104497433 36.94207469328208 193.67658467342454 77.62733828677885 159.20177803389905 99.3590727963231 122.69206993020234 81.94745891651304 101.37116462828867 95.83170907988959 61.16508289329217 106.39101215936942
172.7041984325237 192.31179961239695 77.98727578796954 192.7532866733568 0.0 124.12721743094208 17.217233483708455 0.0 128.40998360910365 76.50367255704357 174.1750659119679 59.18000346440566 248.99104092256482 120.56782133146548 172.7041984325237 192.31179961239695
193.51515028767264 151.868232231399 79.66777828610412 120.17128422407745 0.0 9.948051985088192 128.83116857955758 0.0 207.6436028522094 26.44607331189208 193.51515028767264 151.868232231399
82.2356139923063 122.21525286610407 0.0 72.96759457418023 37.746405702264724 26.58699778884646 83.01311601528127 0.0 146.76962282735877 73.33540830882613 155.54227768177708 101.52974314106353 207.53863684147223 33.559652990714184 220.49976824218876 69.1853331143995 334.04104438682305 81.00472807040411 234.33564122812876 129.9751347813677 163.57610638876977 117.79177914704879 211.6298863001555 210.77469429848458 168.02726143906102 216.1138753034432 119.11609428725075 245.09174620435434 116.41051639954546 160.75109966016 76.34660825586946 158.06846137771487 82.2356139923063 122.21525286610407
125.59731509109324 35.866022881590936 102.36625224339869 123.4012811114504 0.0 81.6222753960543 58.377978918665505 0.0 125.59731509109324 35.866022881590936
125.72766020278159 31.477981493754704 145.2052837614058 47.13886944867782 130.82256369792475 74.27306932313583 139.20915277684372 96.49844970919393 166.20132990660693 155.11849782099483 114.64400559109421 144.36631606207084 85.30314271651228 103.5084442776388 64.4020134967883 129.19392527896412 47.21349661560035 116.42904393693571 58.714393444916055 88.12428268858847 0.0 80.40515794980475 60.237286877062814 66.6351522078654 13.414111154608378 9.56844341727421 68.80225742076307 41.27629997498275 80.86527088081665 2.8278892387157555 113.48847561774485 0.0 125.72766020278159 31.477981493754704
110.82276908768362 119.66783917859946 80.31719443593006 121.5434735713874 51.88179197231682 119.19598836212079 70.38439594458299 66.5441053719354 0.0 77.00026132245073 29.682672091194547 46.13984935221353 50.92673812051149 33.864959032286094 53.71655181998375 2.20261074344063 81.11730087770596 52.993271422604366 111.20959052407449 0.0 81.06303281012245 58.06989114206944 119.23136952409172 49.81346987965429 121.60530095488024 67.78012075939756 137.94965357440367 103.88893537736921 110.82276908768362 119.66783917859946
139.2982785856153 135.83353755069618 148.53655952968447 216.70436073677502 95.2141505077772 201.1692018128412 47.825882833818454 179.84251841026338 0.0 140.3716951922888 74.6582407097504 101.72663360021448 47.67377500440173 26.12241712863603 110.75483843595563 44.3848702818795 180.2158521539885 0.0 197.7936144575833 73.01029379002387 219.6290936851204 125.49468184318475 139.2982785856153 135.83353755069618
17.1944803587825 59.13975036429097 0.0 35.235522049080465 52.429661802693786 53.961308832982716 32.74252950380121 0.0 57.16640199440273 14.594729384465083 61.22616096650944 47.51122680680188 77.36265400609807 36.891143296995246 73.05468085867173 51.41825367877747 104.53955662509603 58.31770228028915 105.90761751742653 79.19231615476252 99.19328885413807 102.39037177593167 74.9129026667327 105.89059422442361 56.10622538294655 104.75222056335673 48.53682848528514 78.4262068358571 38.3691381875594 76.60704772740823 18.679927999028195 74.52671541376793 17.1944803587825 59.13975036429097
46.25367053567419 11.660134609862084 147.12539353946318 0.0 266.24997031234585 4.285019231428393 241.38806109723532 123.14142668467031 231.30274114924237 224.47879595602862 131.22824805063112 186.005816410081 24.657435726452093 212.93461230027233 0.0 109.01230650012533 46.25367053567419 11.660134609862084
78.54934472533625 108.66954675953687 0.0 39.77051994731718 96.27146982565768 0.0 141.8354830175506 37.125856393903604 237.90177848585287 37.394721483306085 210.1233188596079 128.5842668816331 132.24375860896967 189.51015010173006 78.54934472533625 108.66954675953687
0.0 64.62739787166821 78.05825505238775 0.0 146.987150544596 19.712065234208417 146.70059345509483 85.38658660675291 81.41093178888201 140.59658710747794 0.0 64.62739787166821
175.85033265045567 50.57564679736881 229.88358879021402 90.34384214403984 151.93522492043 121.77833478408007 132.24342417142137 138.2706442181925 107.45417899575348 147.2720483862929 38.16053064297407 170.98399085386313 0.0 114.08447493551738 51.62499891023944 60.964670287065104 81.71914801233402 17.61220217835495 138.81591870211193 0.0 175.85033265045567 50.57564679736881
0.4139868926063315 93.54269205265334 38.82291389708255 59.76900644008186 0.0 39.63112566397937 24.840766085601665 30.176563336326033 40.972453704455425 21.563281572272174 59.410180015456184 0.0 81.91555911895907 9.534733511508783 102.53397179753415 23.388128266252572 109.79950832395278 48.23049112172013 85.24844401815818 66.53582223342855 78.77885297415551 79.80407069019114 66.35106864517257 87.76929840941486 51.48844971810875 94.3595616186013 43.9812336273423 75.57473188491292 0.4139868926063315 93.54269205265334
14.474491400066753 76.05729943164616 0.0 7.011863745523442 86.74775227303543 0.0 117.66280831892232 19.587817828804837 136.8368834773353 17.054676031400568 206.98793053269395 15.32099786723763 194.26689430525244 68.21262127275773 156.17307742007443 97.58326820018374 118.04403639054522 115.22913023201104 66.4967597063312 116.16004502169429 14.474491400066753 76.05729943164616
9.29527009983542 121.8020522728579 0.0 0.0 117.12613418877756 21.55604674096719 186.6514855199501 49.06314196078699 199.44697200024927 158.37659838632072 90.20578092363456 187.16256795165208 9.29527009983542 121.8020522728579
221.56366460860468 33.89857894575939 235.31278389467226 68.80716989556618 238.29356215266438 113.36062619918312 213.4712058141115 156.90896530029178 159.01750939794252 136.89935738001535 140.19004134112078 93.35637485827644 80.91321383746667 119.28089970968756 0.0 91.11364437787009 110.60948358635521 50.78416282699978 93.05794885725928 4.176413083711417 134.07580896995205 0.31437462088275936 165.2481889190051 0.0 195.0495295285093 9.717139309043745 221.56366460860468 33.89857894575939
126.41273990756133 0.0 193.38818714246042 45.625233731111294 211.17844889383508 107.51047474360558 306.78488897443606 51.836213805935955 344.4133117544111 102.04610943790064 300.05215770564973 160.0313959236908 312.53540959026543 219.90613743752598 234.78787595527814 209.01678546057698 206.43613529258093 221.00877209420045 163.5566913624833 271.31630256215897 102.15307177302361 263.83404942147627 119.60523144079744 188.13163183932562 0.0 164.35879371205277 94.32634519481849 113.23251334041908 104.86704938079507 66.15165463946543 126.41273990756133 0.0
68.55090996114492 3.3159910054476 160.0605341536866 0.0 157.1371833898508 90.55173325653533 86.0302640821437 83.33337622034634 19.792019431681126 130.42500957548873 0.0 45.3802525892021 68.55090996114492 3.3159910054476
137.46057437330836 148.50611206383823 0.0 154.79512589459316 78.88670385440763 60.49157252023724 231.82587264066373 0.0 137.46057437330836 148.50611206383823
76.09474123614973 0.0 149.16781320145867 49.404559664840676 102.0747127304263 129.8429076244908 39.588099807259596 100.24386854100737 0.0 36.47391514171622 76.09474123614973 0.0
10.939203221415497 68.42193757173648 0.0 43.71980663734088 8.247997910788726 13.546868543235277 36.962219354842674 0.0 64.49824821359198 16.080127371433534 85.91054770880164 44.00520471027933 63.5317103952502 70.95851761968659 36.156611844017604 68.34401746528751 10.939203221415497 68.42193757173648
24.27374514074353 28.536213197905454 43.35019831713967 25.686824613989046 63.575591492150025 0.0 95.19045548609381 7.0656051458737466 104.03349022647146 39.61102173807727 97.80359447700738 65.98259709513245 66.74779666709068 68.15482939181415 54.17425898322733 73.63970599576609 26.193108415043497 95.80189493545879 37.73801377993978 57.84090869851214 0.0 46.942329175379996 24.27374514074353 28.536213197905454
15.150865105192963 19.573431749335924 54.96657873794777 23.608472530681695 93.44761777587863 0.0 111.6874198024504 36.669428133077545 115.00582692929815 66.94546315647388 142.2912628378526 111.77649233975306 88.73465508057615 112.99466849121764 62.709049028309636 104.08205982396753 21.337821121766467 128.71703245083637 16.1651320346036 89.75542903011035 0.0 58.151646295715395 15.150865105192963 19.573431749335924
23.641786186645334 76.57866367898397 40.3754442150086 55.50561619262581 42.75818430825632 0.0 79.7541864355149 47.51672878490098 93.00888462648906 59.39539317469317 124.57405119736788 65.70023639540614 155.43309206878337 107.2879951669915 88.01417407070028 97.16616349973533 79.72375687067054 139.5115093372484 65.32603383200566 97.2237680291153 0.0 122.91069509439319 23.641786186645334 76.57866367898397
2.719592520034979 105.22680430607733 0.0 48.495721543147205 81.66452542850345 49.69312155986049 122.3345657188373 66.0627983236422 141.99750741949816 0.0 190.72653341456487 0.5705255019398123 214.46284611892577 40.63531426651869 258.4270846911293 65.07517420933527 215.41618400703734 111.36448121758421 247.18030250517867 159.15997858022413 196.88863269387807 172.3000274588016 175.62720737276373 208.57240349522212 138.21817891249265 126.71787033625742 88.86042826151476 216.26911788402265 47.72063280204665 195.05288873999817 29.824001873006296 150.78689044987829 2.719592520034979 105.22680430607733
109.80845532054623 147.63165219260526 89.04074446759894 124.45689507588298 53.7364011382235 101.26863664226425 0.0 40.3667188407183 52.92086180897556 0.0 115.734184811172 9.16886185495295 140.9717957723792 59.56674119896381 205.85686416546395 21.22003126968869 191.97947513385537 76.8794429603843 189.35938832664317 109.63611119056864 208.03790235896827 180.7870233025909 147.78351610044052 174.7595377635872 109.80845532054623 147.63165219260526
11.910692992794338 141.11911045484916 23.99759754970934 89.9002564498994 0.0 65.28061088539276 33.01140969983918 49.8649225927021 45.65918029539296 25.715430400757917 73.8858869185098 0.0 77.67139445777276 56.7585023980575 150.94886762782835 34.842793925177276 135.88630265232933 82.46759215907242 91.12887674940443 94.44462495640991 90.8069282961651 140.41320784131753 56.78169779046401 121.13443666771892 11.910692992794338 141.11911045484916
107.81806104354334 274.34414357661205 0.0 216.87769924909352 44.42346561184115 102.87399399751098 63.60992755928102 14.232436112399867 152.60045150689473 29.571793512487005 240.44034779350486 0.0 294.0697702033841 76.29908400720242 282.49399042845096 176.92220311676053 181.72369302724206 177.146877888192 107.81806104354334 274.34414357661205
270.1161921803056 163.67487324826237 281.99128165343575 212.8062937530297 252.8168015052711 257.1600659572993 202.87273280122088 266.2892876949221 165.22882660578415 217.6002416084278 123.87765026202078 230.2477568164678 68.21386884040254 220.55805490223506 0.0 176.56275714841945 35.09517278156679 113.06392091650723 69.16398612240818 60.020047479921715 146.148183427913 86.58174000567075 176.40292191204728 29.56717674890436 246.35559987960795 0.0 295.17764644203396 51.76422563278433 304.132283992233 112.86800607638597 270.1161921803056 163.67487324826237
67.22276217390885 60.08778994628081 43.482787506671684 70.71970058717218 15.364408763249529 71.68869720894762 0.0 47.328327880089745 1.3829826304444524 18.866929415597554 36.42259084042536 26.445210458933218 48.61563975939748 0.0 68.89496532466245 14.207012563405058 82.38944257070926 37.36861116154249 67.22276217390885 60.08778994628081
107.5193395648149 100.50600795862738 0.0 115.13325195362316 58.20866412231912 22.12929478001712 114.55036081920322 0.0 200.33851423793135 54.84636236561141 107.5193395648149 100.50600795862738
110.40438296183495 120.35622919681497 74.45278745839806 113.91094790831981 0.0 85.9324132545856 47.231049287139996 28.160052715795196 102.18060511873584 34.357814097729666 147.16019591076915 0.0 187.05494962355587 38.09171605435591 223.06005080592007 99.53576541252262 140.42247776232938 109.29151798346855 110.40438296183495 120.35622919681497
35.270350580848046 92.38785267049586 20.989024241182307 79.44854874781755 31.285655178521196 56.918932526793625 10.268581406954752 44.18471224761065 0.0 16.74681734645698 21.314221551252558 0.0 47.53295324360289 3.5039412055810857 67.04388842383446 2.1136388185813715 92.11042962662695 3.51683191749801 106.92734383721871 22.992091278867733 70.48787795476088 48.320759436004536 110.24866144954707 68.17018137084656 75.35974628608979 67.65318592683532 77.82889846064866 102.80364095531134 53.93323405610093 100.24831068782633 35.270350580848046 92.38785267049586
17.65565810410486 4.990553001746747 29.350454604218683 14.425790878321308 41.8453841764822 0.0 37.94922695516745 22.82313089648632 51.92133474104914 21.35574333069313 62.55326196160944 29.89915214674609 74.44425101643297 47.715612964302196 45.68087260480728 45.19242626454272 44.44810695386907 61.04792786884623 31.72126091600461 53.32958930814796 24.71587294583543 48.12441475003489 14.291609081628124 49.735789533587834 21.394674693568206 35.76341118579286 0.0 33.43795314801697 3.576287916808596 22.03895350931272 2.169559062925245 6.296427533832201 17.65565810410486 4.990553001746747
179.73257071752053 153.82123468866718 150.39373589316247 219.92743399248013 90.89845256626123 155.58918637485903 44.92291217061148 155.05934805703737 22.437077634397042 112.61738112387246 0.0 48.0506472914728 56.662044888300954 0.0 125.48098836477423 13.364808200942122 122.24688162906307 87.94015797314754 278.5643644754757 92.71545416639833 179.73257071752053 153.82123468866718
93.14926705234322 180.73363498637957 59.784831197724486 147.2561074513532 31.103736075369454 146.66534560378724 18.08320782727678 120.75617489146319 7.706051614582805 95.34433346441247 0.0 60.19729967708332 9.692618981490597 17.672997987817325 47.4431921433404 0.0 88.4414232113086 7.950310570054711 125.80695393437827 20.77313051971376 117.56191664702038 71.3403579261395 144.56032013940737 92.85009601411446 184.27553340308955 145.88193625895036 88.06956738928253 116.634519837748 93.14926705234322 180.73363498637957
167.47206224371217 260.03594542905824 169.4656867251483 152.19902667127081 123.097949336501 138.5687447642146 131.0514347890345 93.74683004812954 0.0 11.362615621149885 145.46988004412955 16.69742557857991 201.8735553903926 37.432235895403636 223.49069145441672 0.0 253.5310563421235 19.51909799520257 291.0687408842729 20.10283576505526 334.42980740653434 41.2620142853833 339.75570556310504 88.09183515423507 303.7309243729074 119.4323462715982 334.93371735779994 189.35278779066522 261.1824583895334 165.00605390497986 229.56232247228456 162.2791289691341 167.47206224371217 260.03594542905824
17.910496812879643 38.382098717102195 21.607265005349348 25.46381678431308 33.38853557559548 19.43021475373081 41.86988755759718 3.5269263414444154 58.513892733448685 0.0 70.69822565039433 12.671380929909773 59.33172195046133 38.26219756427693 100.79900534160392 34.348578076258704 99.1997637648061 53.52134975800557 78.66993025203053 62.865512759512654 63.7814768211191 64.952624319476 54.961962320653555 70.40046104884337 43.30938184570998 78.59659211302687 31.858893029729032 71.92061292910232 0.0 79.32675197505634 23.38045648493687 50.33836591968016 17.910496812879643 38.382098717102195
0.0 117.99725455356752 61.86317499336512 53.1337533579877 46.580041269383756 4.785117210410668 98.4341917482973 0.0 105.37646688032011 47.719620186132204 124.53796618324988 92.33475391081369 76.05712039303216 99.03033169434137 0.0 117.99725455356752
38.645078101856136 63.870482718533935 26.341998073981735 48.14910494050626 40.75738796856671 31.018453187128557 0.0 13.230159294369088 28.637971084255675 7.527204534405797 43.64143308302619 9.324964521937204 69.69816465858372 0.0 63.1590951677933 25.68736303836188 71.37221382660553 43.4076841229882 64.82346722785198 67.54926843037964 38.645078101856136 63.870482718533935
27.338393326191067 71.10018172665765 0.0 46.93769184004216 40.05284498469672 32.14849500894378 45.573955076396786 0.0 66.36325326585055 24.484771442578108 79.0333519900558 34.752636707338155 69.63988850759829 48.7208192721688 72.14123685619015 70.57985761037865 53.92199527650604 57.68979521627324 27.338393326191067 71.10018172665765
0.0 93.6738434363756 0.04488033941140657 17.154842848272565 57.695536362347426 0.0 111.93536230897492 3.098650081391554 107.02880625302443 57.70690513773464 72.66024310675684 82.29568495032844 0.0 93.6738434363756
92.03044335348652 0.0 125.16848639137537 1.8269926557650251 211.68500930645916 38.34749269569069 157.6682938723888 114.509905273648 79.74258969998256 99.97177823622442 0.0 75.26259086967278 73.62759664902887 21.094318897326744 92.03044335348652 0.0
15.83003154299604 46.41213252111919 0.0 31.743626574801866 0.9124602831040249 9.023611748447053 21.9334176953585 0.9249826927202776 70.1081083016937 0.0 24.22963918258344 27.769635751836844 15.83003154299604 46.41213252111919
47.43456976234789 0.0 51.76512098682079 12.882555077095844 53.64018071653669 21.304494831870144 50.12791008102809 28.53599003756706 55.16618192132546 47.29159020897623 38.38991555852256 36.19060219818854 29.09865451303918 40.224878942923155 26.58662757268617 30.487366602546928 0.0 26.151131021949737 18.307106825984505 14.493204838965994 21.8810108728033 1.986414385232294 34.80872990457716 2.4983511763413446 47.43456976234789 0.0
20.002176240448847 109.05391475893326 0.0 44.98915596481818 42.254297420950266 1.0262456917775893 107.55806123899433 16.516393267233155 144.20589277698355 34.40068345162429 175.61585629226687 42.428252546042444 316.88807476112106 0.0 239.2622957604263 97.9126692535722 284.56990889960184 163.5347510258148 150.4114905149983 121.28802524246255 163.30265942620963 197.47080813274943 107.91929402002808 277.2092162350286 63.175365086254914 206.57615515544194 95.10395358687387 124.84718315436005 20.002176240448847 109.05391475893326
111.36654630356946 196.30640440837965 105.44229486042528 133.07607991455205 35.01405997878743 199.3143179343291 69.0387416731429 140.29618747430197 0.0 124.49348653100448 36.09823647036521 93.21446336582224 39.88300046799378 53.49837353009039 66.58468230080706 24.183956798099615 107.33922974787963 64.60921441589375 155.73095835933972 0.0 145.46249567617602 83.19129064247011 132.21703908326202 111.13805203416848 197.173404645899 116.56904210086294 263.3379522588806 177.76181595593897 144.2139166842249 153.62602284655867 144.3419241520746 196.32825943897194 111.36654630356946 196.30640440837965
188.41459845615657 0.0 255.98889782771332 140.15121917955196 146.5121763153994 214.25101993896772 0.0 205.94989682335796 10.277077949379759 20.994493997000134 188.41459845615657 0.0
0.0 90.11924672029352 45.127683635121414 0.0 150.5613554255051 6.034334416481499 257.160273579393 98.84292082351907 156.73613318192218 224.14795117111396 92.13340861468136 100.89092213628412 0.0 90.11924672029352
60.0752964316312 45.64420545599123 41.53962411479969 54.669920765010275 0.0 39.86410401902975 23.019184974830935 0.0 60.020330376117855 4.404149846323435 67.42511891570236 29.45772473835659 60.0752964316312 45.64420545599123
56.71980220158865 34.68261809577748 91.17458082473891 0.0 121.25733505936783 47.40276095850375 143.59612292393433 66.39486595445739 224.17708244522424 99.14803296842838 208.55941219452586 172.04307385667977 118.20506842034304 140.47791671018138 77.05099615627384 217.68154638664288 31.852673823983025 161.90741796014487 0.0 114.55335374464022 34.29413073930458 67.76401088990681 56.71980220158865 34.68261809577748
118.52061590016744 154.76854002830896 72.52300256418329 154.61679827974007 0.0 129.49284423153728 100.27642673934197 89.19208640940381 74.6518387731134 29.620989642551372 130.2938189297925 0.0 195.2601437008571 23.005629815063358 209.7486560950329 92.57311574014068 221.30363355937726 191.17357794656408 118.52061590016744 154.76854002830896
