100
243.40594257286955 95.48890471828506 200.55700987656667 132.19277609243213 158.53527229036587 140.08043854836532 160.14375771268578 229.6947401802335 106.66765171607837 169.3363824452696 67.96310325803523 169.8506525261317 59.48099784064478 130.22788700195386 50.84430265566303 102.66240263384506 0.0 63.269989240095285 95.49177275647423 73.88166336747861 82.00922765598433 26.08594641121382 110.34030004286055 0.0 147.9048099335671 3.553542477126612 184.57783196182208 20.94575179496627 185.5782277939719 62.47350711184107 243.40594257286955 95.48890471828506
37.96527786840838 33.02916614841644 36.828267005094375 54.4965010287095 20.01225819596995 61.81643159213942 8.198526270198457 47.60963137386686 0.0 34.75831938788973 15.645263566328381 22.27848392943389 15.548578818954581 13.560013641845288 23.628108914741247 10.719257126123637 30.936771381037914 0.0 38.01066117166596 10.898503419484896 35.29996517319793 21.156576780697236 85.48431520634973 19.115293549504457 45.8562353242866 30.3176700045843 37.96527786840838 33.02916614841644
0.0 85.8469789223347 35.101851289245246 60.24999117054708 49.80728205795734 48.70017093178528 63.22657350198982 40.48339716282669 80.09538687094908 5.5364951144168515 115.86026333908892 0.0 110.87938302518216 46.78350746860802 115.24468887878925 63.77758137137256 135.45952465230084 86.91052301446213 124.5234250778282 113.16971457090048 95.28917665127543 112.23656567223384 75.13600336387239 113.27352805757138 45.64717541732921 127.88995625841125 26.821920582139683 107.9383039647663 0.0 85.8469789223347
98.31535229461622 27.904920785155184 125.95062230979838 52.192375746619426 187.9762568696828 0.0 197.4333913150956 51.80940748433887 156.64769529141506 96.40677147483481 239.82173142163367 139.37239760402178 174.55694799361635 153.63984542539725 156.71395221529306 193.94779056117864 115.4738392383114 170.42629102175687 68.78210055951993 208.69101955177484 64.2033604347748 149.26545165091648 0.0 141.13967962544353 33.81457775540531 94.73401197156704 36.6828295063105 57.709544412116195 68.82832174472884 39.70849381011319 98.31535229461622 27.904920785155184
46.7999344590401 50.06521653040127 25.625197156131705 43.032228603241634 14.240651627724773 39.880652332889596 2.462177501842305 32.91162974119915 0.0 18.592992458289928 15.031249142545292 13.465399094164951 21.443505316591356 0.0 37.23654927444228 1.451353555006932 52.53795689276207 10.795186548561531 70.3288662233576 33.254859843667475 46.7999344590401 50.06521653040127
116.05106280781473 36.45370550130188 132.72216654250005 94.2915920920711 74.3266242121189 112.19234742712784 30.43964539605581 107.32955394633446 0.0 75.17326456164214 7.851330871187059 33.491152504943 39.47226468033054 0.0 78.75158502848919 16.58990979714524 116.05106280781473 36.45370550130188
211.2041878049941 26.19510484296857 154.13487567787158 81.13481826079646 0.0 86.79145639285204 127.22089266804397 0.0 211.2041878049941 26.19510484296857
0.0 107.37768013402277 44.593079454156424 72.87346176155874 40.147647348526974 47.57696830006813 49.79098601629211 0.0 93.19742742624473 6.556724050302151 125.06214971704571 25.62957289206465 145.4308028460249 56.322780026974385 108.38987747421095 84.3084649442164 111.02161621534682 106.17083931169591 84.65311162473884 94.73016530449523 75.06418703306866 100.06480968479536 39.67707777452244 126.02700901470425 0.0 107.37768013402277
230.65738441324618 55.2753956171636 268.0629656183071 26.85585528899091 349.55516170345743 0.0 376.67359426716087 60.40359630590877 360.8896438295715 122.09889128325999 336.35694388177126 163.4638453725541 273.1637528759792 160.4942733957727 248.35395580821086 161.09571964910808 231.7295531446508 203.16113020240334 188.75172385081777 220.84155694147157 135.53907974012037 215.73841132521014 89.59398173185 175.96899806240398 0.0 115.82611504564947 103.8881004471319 65.25666109689189 180.31114381854667 68.18906621516709 192.37169468507713 26.380635430652816 230.65738441324618 55.2753956171636
278.3430314123582 188.62531144762357 307.72801812126227 277.4505585880262 244.44541896029202 281.74936979079297 210.32569358785668 199.34161453052235 163.48566039536126 222.51540268478152 76.83190261961389 215.1878462495716 0.0 143.63915394379038 118.7523706745639 97.05614789709233 132.30294215322886 26.76396565664669 199.56708412487134 0.0 255.89412649066531 46.68020823790194 337.92118686286096 30.443013342651497 311.91422564916553 122.58776884802921 376.00231484107974 168.80757836642616 278.3430314123582 188.62531144762357
115.27297893931953 27.519816095089425 145.35406377809926 73.46224943130451 165.6317934206731 150.53829016649223 86.36456780495415 145.92469903050318 0.0 153.90346789781762 26.337598095172098 71.44967329321933 42.93826807404196 0.0 115.27297893931953 27.519816095089425
35.81782975603393 4.022183916691105 60.04033732488706 2.200835403427618 86.86599959592473 0.0 97.62906298292245 23.949547208582466 109.89540871923506 47.36059606256847 93.59048046883814 68.0512514810892 75.59086148136969 84.03628638953532 50.44298557184473 84.15839925158738 31.889216208036814 67.58217390687341 24.967094024863478 47.42856760678625 0.0 15.387172646366345 35.81782975603393 4.022183916691105
272.90214214781474 43.45280972124847 334.0094037489102 71.53507723169928 305.92187135254557 138.4197970285083 288.4735898946336 183.2586001916805 265.2488952498948 220.55635510967775 206.30725788326487 173.47334531961235 182.1097404441994 223.12794847873087 129.1305359435051 236.76600541029617 152.29198639573227 168.13536634253876 0.0 149.0168071320129 133.04819067414195 114.08993945352296 101.99501545681659 29.969354592596844 165.7814258809174 22.01322849208792 227.119565383636 0.0 272.90214214781474 43.45280972124847
52.757228539380165 62.33182778066934 6.266063577730293 68.66704322570037 0.0 13.007578494441944 77.18265028676095 0.0 52.757228539380165 62.33182778066934
177.6826435355032 92.7797984531365 276.5632284654451 146.6499479025707 244.44874711006457 222.8216030713735 136.6418401369702 167.00903427413226 106.69583823504166 173.61921727864757 53.58330559143792 191.3780984035286 0.0 159.14915408525096 53.11756158448679 103.07267231821797 73.93821038212978 77.98258211355625 79.47058466677379 4.219325380770698 139.42824029234794 0.0 207.80308973555452 5.803212386055208 177.6826435355032 92.7797984531365
0.0 80.27511674993917 26.673276895482665 54.69641989756561 25.396818211292988 34.39311301428982 55.40056197084313 39.982773236566224 59.30902135358397 17.575519624690358 79.28016967714422 0.0 83.22206698973062 41.53887629461362 103.36202505865897 36.12737085457106 97.64134834408664 54.00813521234526 123.26268932351552 66.64897546623527 106.87720679368466 80.2341520406504 90.76302187296474 84.37597089772859 78.73090516363548 83.59834802526564 70.51798723371587 77.02583789011263 54.12943395432629 92.70444242454735 47.454531840602314 80.82833095840283 0.0 80.27511674993917
128.74439675424247 84.47640931785193 54.15195520975497 106.85936318184746 0.0 75.48896910389378 14.932618445037818 0.0 99.74247429101031 0.48514459347426 128.74439675424247 84.47640931785193
202.51737679554472 212.16977932474714 76.50368255539351 225.3154484390236 0.0 105.16187211502195 81.96468634070621 0.0 188.5501187159652 26.382593691387726 311.453393714591 104.58399069995416 202.51737679554472 212.16977932474714
59.835458570333174 50.826706864138416 125.2560916768102 76.4565635178896 158.31362426735598 41.87795655328027 233.24444985581437 0.0 277.9595610675596 54.35321291101425 273.0762534642732 123.30438453388263 222.66116087442796 165.52495639890145 213.6414742938457 195.98455884016343 189.66927491739654 214.9956397207604 160.27371821432808 235.1762012313857 117.4322439862921 259.9230520376153 68.6398728799582 242.05835272053403 0.0 218.18318771434494 115.48776753761607 151.8042824847965 103.3272684864157 129.96523348157874 59.835458570333174 50.826706864138416
114.02530097378117 114.2323596497525 0.0 33.12440123169884 105.99455983631654 6.132745541066868 177.3555228580648 0.0 242.10428018743596 33.65421448807845 258.01067354188905 105.89137642905251 295.25677646921883 228.76463911247362 168.55446754434797 241.99023845607957 42.874074166432735 272.1028589580551 114.02530097378117 114.2323596497525
30.633936430130447 61.137582555014 0.0 51.7633039980095 24.222492093447542 38.883830239760236 9.267404160079877 5.883766118126296 43.87716291938176 25.629152983112725 54.65938534605998 27.42553710860934 78.68639484234932 0.0 88.82808055349201 21.927164573764323 74.53828237546298 44.44243816717164 97.60002241602479 57.53588593065462 96.05165631768585 77.23341974985257 73.8564266239052 81.69940747356796 57.04740284380456 72.66451202586609 41.910431838225236 91.96885755946025 35.31319816559204 71.49944631627986 30.633936430130447 61.137582555014
0.0 16.58391903980118 42.78972588609763 0.0 72.61742281146579 28.989824229085876 141.46445893769027 52.122181533148186 99.1047345202036 104.02039244282338 52.10602708453645 134.524146026111 1.9103343576693703 107.36141415482257 4.819812362568683 60.97452063618879 0.0 16.58391903980118
24.43685788271121 48.93240377524181 68.3568045320385 22.821615377705 116.74711211379206 0.0 166.9118253422282 23.981073692604028 202.438547761863 61.192803228069536 225.87684458087523 108.1629934622118 193.5104445583504 153.43197771401913 172.08056209974035 198.21538112873384 122.6530673172253 188.1116811312188 89.829120449363 177.90833404851963 56.8378014254054 168.06512222792333 4.970522024894706 149.23380917239 0.0 95.91903183470738 24.43685788271121 48.93240377524181
59.71172152139536 17.913388859675038 30.185098595847762 43.898064258116534 0.0 38.3348388044395 17.149345621330056 0.0 59.71172152139536 17.913388859675038
168.99478219558435 114.8862134895714 106.2169298257396 128.3316526597007 79.52213118537396 147.80850854545804 0.0 167.82375263368408 42.79081857758604 95.2989458099997 61.64111609970291 69.05667341020649 97.35169578281133 0.0 140.07103690538398 61.773388291040895 168.99478219558435 114.8862134895714
80.2178125696428 23.125792676730214 139.06964103973277 41.80724174909126 97.01321051137995 86.07695634972232 66.74327344734448 121.26065826115433 18.885020664536356 109.33239445521 0.0 69.4017673259803 19.425869799606787 33.45577739909207 45.583662474479944 0.0 80.2178125696428 23.125792676730214
40.28075285391563 0.0 80.39987049755716 50.43954895165093 101.81579343333755 93.51513749383034 0.0 95.39656953044064 40.28075285391563 0.0
70.72224961734486 3.2871678987846167 78.73117688708601 29.62771394173791 52.68895459015769 50.71361772469436 0.0 44.47046517516131 26.249984015491606 0.0 52.02573351363405 4.502730882651775 70.72224961734486 3.2871678987846167
182.3500506473168 48.330460443796255 125.86745762988208 105.63601669497763 244.86882553144454 124.2639700138586 180.1653266220775 148.87079247920474 158.05434736723683 173.89738197219353 123.7287724289258 162.90387209675077 95.95998011836464 181.02173030944496 92.4834212930746 135.79320060782936 53.01938454658774 140.2237098252034 0.0 117.46053025407497 37.721083824689146 82.59164213661998 47.80985534027769 49.174702983825824 69.75824878079456 11.263883973445061 114.09689976978544 0.0 151.2155432460645 25.60351571629984 182.3500506473168 48.330460443796255
127.95559515782996 72.66914170469697 88.54525746738166 101.71669109976895 49.57869416316176 109.79756922221716 0.0 88.17057691102376 16.55983284453285 37.62264288083843 53.6301654163628 0.0 69.99693856232236 57.250702041215874 127.95559515782996 72.66914170469697
204.73695367141107 39.49825757716107 177.80269048293297 99.148370475116 138.6751711104829 133.5320942141983 93.23949473360281 136.3775054961793 32.91317169538879 150.1801153577901 12.167781000091367 94.16869199555538 0.0 35.537623935543195 46.99395599464679 0.0 96.24879865258156 23.456849067505217 139.22255665295904 11.967386593530769 204.73695367141107 39.49825757716107
206.19184598209569 196.5622183559258 135.41075467110704 213.76627455748687 85.9291423972447 199.3552274299733 0.0 191.99142984324135 36.486572851121906 118.55374424182813 72.5978397810658 82.35334737099829 118.71612721349656 0.0 239.85328117217608 1.8725227273372411 141.38930408917312 134.64374329698282 206.19184598209569 196.5622183559258
51.707166872937265 39.29993690607582 88.15538139047455 34.672607189338144 103.52406417703182 57.05917774570519 106.40381598312317 88.47999612746119 71.3387913942969 90.21520529148049 48.38014567275049 83.91988176532311 24.21698451159331 99.38693937552111 22.45369824511434 66.34340777873149 7.000882503551338 57.472453328237684 39.34052821084137 42.598375287088636 0.0 19.62946079621846 10.007891830313497 0.0 34.218395611931285 4.009175023057175 50.32360203068028 12.520727179435703 69.82883339788486 4.825349020534624 51.707166872937265 39.29993690607582
32.279002132907664 29.464613616577438 24.37315942151892 0.0 38.32513141059151 6.857615343848948 53.28765160184258 1.9612810932895854 61.80725465714414 13.458040888704403 76.44160916196381 22.918665324522635 50.964147071542754 36.00513112213176 57.484794503957346 47.74386417172005 52.20588298907964 58.27538572073189 41.8295457926847 74.47103234410369 25.381311682224606 68.26132415794098 15.328176705878406 57.69174300907386 19.27327641411543 41.627849288626194 5.451618261419895 35.01102046657421 0.0 19.259842476754258 32.279002132907664 29.464613616577438
105.38946999220694 148.59261793466862 66.95197234074016 135.93518216514713 0.0 121.73305773167483 44.7564032136373 66.53539539888969 22.880275445017304 0.0 92.07253613960275 17.359579842284987 124.93697879088785 24.313393886003993 146.40058237866526 46.384400575750206 227.08938738852873 62.884606285043375 182.691704813745 112.80465899737165 162.05639072599166 162.7876971932725 105.38946999220694 148.59261793466862
33.71880202821681 63.86560856202268 0.0 53.8770952532307 9.256146274558866 26.802944941124444 35.48193704648799 16.32891018654194 54.03501976472304 19.482105209710063 62.7848739407708 25.574037890220346 87.56007116122126 0.0 122.91573279471524 5.968572215679437 104.61351018495236 39.05836640414403 119.37930116332498 70.04557487709894 119.04080589082753 121.25548801061268 68.78029083760035 99.80845646638204 39.94824655919846 94.17920437002448 33.71880202821681 63.86560856202268
110.34428638958086 108.44651640334294 147.792644556493 43.30317042935715 245.0153533591061 0.0 325.15290394291355 70.11157866496222 336.3365709944005 178.74157795763227 299.527382979258 292.8576257559183 184.69340130830471 286.87306790657914 127.47701843607783 223.33834435414056 0.0 182.90196641676297 110.34428638958086 108.44651640334294
24.48598163580222 117.40394668867678 0.0 53.67897654519986 64.89877670528317 0.0 150.32110392425363 34.40480581732272 134.177301059267 123.2791768858409 71.89815195820034 137.86281830238147 24.48598163580222 117.40394668867678
129.1512963165872 71.12950675532082 107.22536310776654 87.10348836836471 82.77993882542262 89.57079524799781 66.74015039519948 68.96561172269818 40.33373491266208 79.1419029913296 0.0 66.93667152487862 14.356450380968141 33.17591878799728 55.921450278718325 29.308351603722222 56.07282849645024 0.0 78.24288038097764 1.9222921647411226 77.09393730682514 41.62461490454118 93.58788150368652 34.57264368760348 124.05817447127181 42.92433415218938 129.1512963165872 71.12950675532082
85.53832559516718 95.37627195141874 64.80626392164359 110.35228789067858 39.85703673405963 100.86740556319384 15.014648552969874 91.5332746621265 0.0 65.72372255863547 11.955947595571153 37.27371533966413 41.871738897378606 38.06413398836067 61.61488723636994 3.3550974208481534 108.73304202131976 0.0 120.21005702104375 43.12448754379553 110.12417665505563 77.84606577520438 85.53832559516718 95.37627195141874
27.71434359578599 8.388343615947832 52.07043482541077 23.712207687184872 26.517995381955842 37.879750868821716 9.676441827641696 45.14503039936861 0.9960729404660214 27.959584134724693 0.0 0.0 27.71434359578599 8.388343615947832
61.518665181375795 108.51436603253599 48.69232114566505 77.75227687063662 29.091183276615766 70.21008565574681 17.413945617840454 48.86663199633874 0.0 7.729619102090879 48.95508083281376 16.639310732527818 70.41815193253915 0.0 73.49119516896369 42.225422645565104 127.57786724591654 23.38316579546114 110.30710894478881 54.90204482977039 90.99914384220806 68.88515179134494 93.77547062330632 110.44821426484616 61.518665181375795 108.51436603253599
27.904587101838956 5.026626711257052 37.65808836277607 0.0 42.80352395026901 14.302968437252105 52.96862809662399 13.268860113632698 58.87041593054754 21.361235024696796 64.51712687340063 32.54333702763908 52.23175376475568 38.44016090848734 53.74032149279773 61.002346077117636 36.3956042838589 48.86924234856892 20.495173793063955 56.739409722320346 0.0 52.30407121064684 26.234782623441944 28.030637021142923 21.345046767760124 21.65901263428364 21.721576802953336 13.060487603667127 27.904587101838956 5.026626711257052
13.290240372633349 38.68618448553151 0.0 25.029359246197572 18.050663330811403 17.635572708806052 26.82215138307035 0.0 48.40197961694615 0.7953789184591926 55.80619685276547 20.394178557909683 74.901543406083 41.492379694596806 43.232655065985455 46.26302641511454 33.2483306032217 59.184323862999406 12.419404634285527 62.24762173799925 13.290240372633349 38.68618448553151
227.98931757187106 56.437318735267326 157.64250070442313 135.06564556383546 93.17313475381306 125.23059982724456 0.0 101.83139447153049 51.26677748476732 16.465619705485665 133.966143203303 0.0 227.98931757187106 56.437318735267326
36.88425990580403 26.02955858051874 32.18332292900395 0.0 49.351889196633095 4.005549550147833 60.74738473687157 12.268697511634656 81.93435639118076 12.506121867134581 97.61990755834944 30.82566580657401 69.12192778049004 43.71793975859721 63.39652417067148 52.56902402881734 54.965667406041604 67.11210022976474 38.54211457989764 66.28163293334316 35.599168575215614 47.49196063201842 0.0 48.53915137984053 28.512135726743352 31.153876191159753 36.88425990580403 26.02955858051874
56.50113235928787 83.10307043426323 0.0 50.27996673234739 81.08467496551589 57.23934072199985 70.09982211460549 18.445534799797244 91.57237052245416 0.0 116.55929217107904 21.685541957850198 149.5358968016771 11.939827241004771 139.42347467551662 53.378720189607805 157.42461472811743 65.64722373852219 151.70392720440933 84.83216524106754 119.32016338792741 84.36360413235022 145.5700412454063 140.0468267580621 111.87364177988037 123.12460961804405 93.80915942657784 117.67336319756882 84.95648069520556 101.19646065342768 58.13978993408368 103.22422052404113 56.50113235928787 83.10307043426323
82.2299970709941 37.25446189044081 137.15264453288844 0.0 207.72709089749276 6.269602112075319 202.50794960589906 91.28441351249323 252.63671473659244 135.25581721346202 262.86292639091386 211.6155443927773 148.02470537249957 175.26443529823888 131.74960796472908 234.72935457890156 81.81951050988658 230.48013928407764 33.170873317768326 208.45551993589473 29.60114323595451 157.26165491377486 0.0 106.54078200194354 15.982200077500636 42.436355180020286 82.2299970709941 37.25446189044081
71.78199593039284 100.69474745443267 50.49504387100325 113.08482741895378 41.33709949076652 87.65715840040457 0.0 87.55426572959638 18.800789192412672 57.75676699504934 22.649030171041552 36.79523916926491 36.31151669296135 20.71412413294341 53.000760264150614 4.52321302531093 74.67775736467242 9.109739410070311 103.7087783709008 0.0 118.10709558866071 23.018341011135888 120.0123536111389 47.23918720631311 127.0928206424419 70.48763125145612 118.62487295490979 95.9125032710678 98.60944756552749 111.67418464338394 71.78199593039284 100.69474745443267
154.73644626447503 191.50621715766877 115.51768838332023 155.11085938497686 0.0 100.79812497972796 73.01276979143447 7.1024404900962 166.43276749353424 0.0 219.3428801722346 49.835076334726644 325.57456773755104 73.20787342844193 298.3991072683417 166.99414682597174 266.26367051747883 300.3361158234487 154.73644626447503 191.50621715766877
119.0210061542935 0.0 188.05751772030538 18.095479036373625 176.16121557728331 70.53294857960222 186.7832954342805 139.45977645986397 118.93034870540828 115.49868619312907 0.0 59.014160731278636 119.0210061542935 0.0
41.63372109816254 7.614054722812988 69.08154303292679 0.0 76.89583408788864 32.280846055081355 82.34725298720898 47.9039327539965 108.30384627613677 67.97061864643213 105.3166891157293 100.90977529583556 62.27337203991273 84.03852519411106 48.68147903898313 79.85903745352245 37.057951776999786 79.81142857080182 0.0 86.76673721699389 25.613874387132057 58.92559877289206 26.22491291999242 46.56675476160191 44.29756963846961 49.76647859338061 41.63372109816254 7.614054722812988
2.118642279606604 198.45096722006645 0.0 102.32858626994316 89.30146609122792 57.28246616300487 151.05313211810446 0.0 225.10712803572264 33.502711129855044 326.003905096332 48.495857404284095 248.4214310551979 152.18112181943076 263.16878338622485 215.1973160808874 219.47242065337355 263.996795251726 159.97537897136812 223.33811326468162 37.14820014061934 303.1715876504451 2.118642279606604 198.45096722006645
40.142057135389564 56.01245644897313 26.344842379803524 0.0 69.75355423190769 15.342823891785187 87.89466852411431 40.28207041266261 137.97641327984073 67.1633006514929 80.2898321831795 84.775177280263 58.728237980489936 73.98169845815062 30.7538460186841 104.48660878934231 0.0 81.47248737038638 40.142057135389564 56.01245644897313
165.46101473310966 5.515564260260888 151.8698670039402 81.53250768839351 119.54701264644797 133.6100924475005 71.45743722422769 107.52389956452807 0.0 94.31985421387428 52.40244512614056 41.324612477747976 86.6045530457448 0.0 165.46101473310966 5.515564260260888
145.1249642978562 78.65614961014423 246.72258309234294 48.94280902215728 256.9004002815198 134.38292484653957 237.45875424042168 205.9542673720012 169.2219119865686 232.5735861263235 114.51062525415604 238.0511638298784 66.3214410600259 219.68276027647073 0.0 189.36068637318812 7.12045416806896 119.20469783232893 42.782251650875196 66.4353263568936 88.5618257381081 0.0 145.1249642978562 78.65614961014423
0.0 226.77823960279758 6.332658149386646 161.33408287556867 38.23331930163897 121.48551373146888 56.661968154852076 95.13027679982127 49.814005247652545 33.674692139893764 93.79239511655786 0.0 134.0646534317611 57.848218044522014 168.45509678889886 64.45396989592312 198.0632380881343 90.20818618577854 213.3187316631682 127.96689854898243 250.47674533265814 184.65204778106263 188.23410039150417 206.93831875672913 150.81832282155332 225.4576457469255 108.56506632256428 228.62456530976297 66.58177291781266 225.51012792635703 0.0 226.77823960279758
5.0992512039949816 15.722598897338479 25.562974130732954 13.167051122879407 34.871879637649116 0.0 45.77545413680845 21.117386594998244 51.157544746657265 24.94174887950991 101.31880381299825 1.7778653362142833 72.9841875991888 33.042653005698604 57.32348401808193 41.06416602520361 56.345015258546155 48.066052013618695 64.9875730521028 83.4696928650242 45.18207856864544 97.95466801710631 39.01907062416164 45.082229504654784 23.67078021455191 54.03004344482158 0.0 50.55699217402442 12.031107369914253 33.37342235951264 5.0992512039949816 15.722598897338479
168.8137572833167 138.8007410024679 97.60124539967686 71.86919529456765 0.0 84.86986120055619 62.183967858588886 21.71077988322081 118.52017705806314 0.0 126.5217841220587 58.51261150068858 168.8137572833167 138.8007410024679
30.014825448657987 87.24875667220921 0.0 52.478113307044325 32.74914015613973 24.590229811859814 63.478275895191146 0.0 109.0556315069895 1.3038171332315898 115.53056658915736 47.84698950724864 177.83904657699384 109.05681838423622 93.74819337087897 112.17855253587946 52.318014812958296 120.47968097884682 30.014825448657987 87.24875667220921
89.8532032555948 172.73585760437305 44.76323845874491 171.57380426292355 0.0 143.38203329271403 83.25804013482691 89.92754059352099 102.66105808283041 84.90120504329771 30.910261648536945 9.204155572466888 87.82198051380868 30.807079193738836 114.05694254811705 18.290556329335885 154.81638305227744 0.0 202.87922364603565 15.082988028379702 155.38675756609484 76.41992832462869 257.9433893190019 113.07116224041276 131.58880670049354 102.22735144487186 174.08375957620694 187.41201045590748 128.56315892776513 194.81998790562926 89.8532032555948 172.73585760437305
73.32369157419359 97.2123499615633 0.0 45.72451095083262 78.11134817743888 43.75993699318607 102.57512737205018 9.613699207935696 149.15988746056576 0.0 181.3671522462439 33.95710359024674 191.30675896352062 75.22739315042627 181.34455541909637 111.91816652400553 143.56638909720607 121.70782971776059 126.4950003752519 154.10612288260614 95.88891667864897 145.69687548436838 87.63913716818598 113.6665019177578 73.32369157419359 97.2123499615633
48.03425592202727 66.37003504518523 0.0 59.52829784297143 10.886269370586206 29.41701745341141 49.067020262568846 30.768705071052047 63.022341715727364 29.541726961777123 78.63723127410566 0.0 103.26780925602773 3.6419141278572624 105.93619360424356 31.37766706976489 92.24430824187553 51.43698609026685 138.18067792523627 79.94681237007555 111.31893951853931 96.28594741890609 85.12574495356863 98.3025416403475 63.82702248638694 96.93988464926952 46.5864874719297 88.45782060418131 48.03425592202727 66.37003504518523
14.729766631730001 0.0 38.25712312877927 6.245486484986898 41.65618600119058 25.241780087990605 59.35248909962206 41.82801521370547 38.56536567229057 50.55234909100213 25.600617939410526 42.080948614866514 14.903393388394647 37.61891500216689 0.0 19.91755956869528 14.729766631730001 0.0
116.81012900128584 51.23657400816214 153.38959506657602 70.12204112454431 179.92014175602776 129.15407055065944 120.01898993068176 146.95016209843058 76.70821666932537 135.97754718351848 60.07437782505083 101.30821916752716 0.0 86.61176192516481 31.04074286594934 43.26261956521674 66.34318609485915 26.584475061718827 103.60470046763109 0.0 116.81012900128584 51.23657400816214
109.64598913500853 42.7841035625611 86.1800874237399 53.25401069203717 93.41295981785885 67.89798857010975 84.6143708535771 77.606682045845 70.7008377414599 49.42040651787501 55.250171372534936 91.88895212024131 36.145674029682255 85.87657699107943 27.987660559794065 66.06461845009919 0.0 45.96725488430425 37.710415422058986 33.48364433795969 44.7838117429589 18.681270189297166 59.80300897353467 14.306275293871934 77.09605449117518 0.0 90.41902586020919 18.574387784557587 120.37743776606027 16.19484467340679 109.64598913500853 42.7841035625611
225.57765110864344 117.24442562919116 247.32467340950646 167.92720983549683 243.49507457007988 236.5110615314492 170.58599066494637 239.5376182081122 116.68733447937527 244.46092810652226 58.19271361899206 228.8829845235657 131.8790480379418 155.60842313320512 0.0 86.86743795072991 114.350511793523 107.29912188319204 142.3844864150111 14.84170728629789 245.2177816981392 0.0 225.57765110864344 117.24442562919116
271.3111862259474 82.57930888329645 130.24878904801827 185.87193155241465 0.0 106.66694458386499 53.1181415917784 0.0 109.51442414459414 48.337690010453876 271.3111862259474 82.57930888329645
0.0 40.8037576435749 62.67980959641997 0.0 136.894235774609 27.91830295631243 74.59370452327325 86.30851113620301 0.0 40.8037576435749
87.10932599490134 93.86215581753835 79.76992869789481 154.53762066649023 63.597201939757326 98.5878837378186 53.68285348979171 89.8108929644095 0.0 85.72426672143044 30.935315857662175 58.668807049652884 44.36605470413562 40.84999968811722 66.25268593822072 41.87726419488172 89.63715378445069 0.0 121.63349158128824 15.666478445529009 146.7945227770914 41.6950461880419 168.24320359987604 80.18064242148334 137.72530439464353 111.7831646131915 87.10932599490134 93.86215581753835
76.34224801068245 47.34108911286756 98.54764159614714 0.0 132.9385399345617 18.05304870561006 102.46232674308872 50.82511742494808 108.74983052137969 78.81169448814572 82.35879425671676 85.02351660924455 36.76482278008962 128.2362994152812 0.0 88.77913381710141 13.54386222262923 41.057742975100275 32.80806792519928 7.28847499093952 76.34224801068245 47.34108911286756
180.77763412268118 137.73881642002667 160.46876728627052 165.86347429936643 128.66098866181477 158.282858031692 83.9875558872858 162.32567049641068 0.0 151.4548513835814 64.56663181885746 84.13665011646032 75.46482308385566 46.849423364378545 92.55887604618502 4.394628082832355 136.93685592771268 0.0 162.4232386991434 49.020951878492426 217.7331632478724 18.70517676248835 186.1729817217897 76.4077327933405 249.12807908242425 98.83128720761354 295.8886054956759 178.8277109066291 180.77763412268118 137.73881642002667
56.73333022422139 142.13921376652073 0.0 88.97587864339636 46.186251203589165 28.242184535569805 120.09269210691131 0.0 166.8440684208488 62.199521898874146 236.01464821557258 109.2644574449712 185.2984685499013 171.43256047941628 128.43551505603637 185.78997687515482 89.19666786722463 158.93513215462923 56.73333022422139 142.13921376652073
0.0 119.73034552659097 70.56041445657654 0.0 180.5305835104229 62.585504552971386 124.31012149386086 154.5918973891624 0.0 119.73034552659097
123.03549627224848 2.7459303034500238 148.65118504820748 15.952117647214934 176.36611795482202 34.992423778265646 171.48901455635212 68.82069369054146 177.27119657034916 103.76391812214423 143.68019966890262 114.49153641778427 117.10765218071948 114.24397976173846 96.32599154394977 106.4917965892508 49.18514708237561 133.73569660216094 78.60621884656616 78.24199468377823 0.0 62.01927047384842 57.28187681778262 39.553039102906595 89.13627743700405 42.076055992102496 94.2072891595197 0.0 123.03549627224848 2.7459303034500238
155.65348514705568 159.89109422650893 0.0 185.3432550437921 63.21638985832976 0.0 244.06075529293688 40.692528148056084 155.65348514705568 159.89109422650893
142.3552705056847 19.519144785615822 134.85647103960076 56.964801682994405 179.04891444551112 70.37267517346471 156.6039069702344 100.08214576399894 102.61181970791291 89.3143222146233 104.49060612486758 104.98852495982621 94.8313455780288 112.69989874288817 74.0806207946186 136.96826900287795 46.43993067316893 133.9401758764454 41.97369669364318 104.87142551564456 0.0 86.80322613791375 44.75708090277948 63.904714663962295 74.07591423529229 64.365220822698 53.814282338640055 4.916116814683036 84.99507633415237 0.0 104.1972821061137 40.451992465149765 142.3552705056847 19.519144785615822
112.222879839493 216.53074891119786 77.12350308446763 199.96352902081028 0.0 182.3577778013157 66.58556976778304 128.22628891528555 83.9278459739389 97.52441803567385 64.35215466463714 14.50022909606082 139.09859334817628 75.58010676440165 164.8419523422112 68.06088872713018 237.28283699203217 0.0 251.89682636378276 67.8667115441449 222.94797932813935 122.00407214416148 246.8880455263499 152.33105487053723 206.56496586279783 169.9952109813458 223.75061677077196 227.9384269457594 184.2158376313904 238.9761629570629 142.411383270834 248.79511268338175 112.222879839493 216.53074891119786
53.934341290247204 96.97125899882457 0.0 63.31353659239028 89.14513226737753 71.29270728681242 95.96376605674457 62.70816538449169 94.72055394217564 1.3227234823861664 120.80867338113079 37.139021866740215 170.20102324770392 0.0 158.56010002506747 54.92991548901634 159.67696318485383 76.01447387040614 128.8666484313256 89.70928869897317 181.04043790364568 134.13927338031874 145.08520170301514 136.8511265723261 120.43965528832372 130.68249908439026 97.6829241910852 156.95895319269476 76.41101683961526 139.34097396173468 27.866316616365935 141.6434418439323 53.934341290247204 96.97125899882457
0.0 81.32705563873168 64.49078668521628 44.9491550114041 57.986656693637826 10.565118827048174 88.56764397846351 0.0 116.6741537049275 4.537113925968541 134.53498728814452 20.078214183086374 168.2044747298433 7.829392212689861 180.00098089608923 32.70927865412932 195.90893009555873 57.78990753411043 194.12299406261013 90.84744588827355 155.28945935395683 97.2020739912874 134.59111134985386 105.20822686034437 108.1172479525124 145.49110108376328 91.78055599831202 104.01202142026638 69.29486505999589 92.10352324470252 0.0 81.32705563873168
85.15204509059265 64.8002124915076 50.27708587110472 59.5063343098259 37.722240549734266 46.29599939626749 42.410422362709255 35.296121053505885 0.0 23.01388513589312 23.26548296319382 7.761289519488386 46.1569958016879 0.0 63.015686672056546 14.115161798473096 67.73922069888543 32.593301747223975 85.15204509059265 64.8002124915076
0.0 26.754340629758204 3.5011510730084154 13.947402972547934 10.863187291077253 0.0 25.36928565048106 20.645573033329512 36.85675199860552 9.634466939932196 39.813742579281964 19.838490027915952 50.42567205521971 30.58966686780434 29.309701287030975 29.369626089479283 29.729413481104714 44.92766839332727 18.046774497720605 45.430365212606716 4.184739696925362 40.783045328790976 0.0 26.754340629758204
81.75872041878108 9.673833188758195 228.76146479621605 0.0 331.58823887082593 179.37437302875836 142.81829883854198 261.308439701035 38.03102161797828 187.5699353832116 0.0 86.86152220268143 81.75872041878108 9.673833188758195
82.65332624603234 31.552668519043195 53.12458422648807 38.194312744674775 46.091001862867174 67.75121759848972 30.914571239593116 36.279770118231156 0.0 47.546149153735726 22.952875931359088 21.219765063296663 5.534032967980437 1.081620350479497 27.74458451321756 1.649903901104139 38.08731458408646 9.548747705376897 53.818316916481734 0.0 53.2436720455423 15.15554308729513 82.65332624603234 31.552668519043195
217.21707073962716 96.54287339841638 192.83902391651668 143.53605800993103 145.62559270869716 146.9353665072893 143.0536495517726 150.74141494839853 132.4645017318074 186.8555701356051 73.42021140880922 216.69225770903503 68.63281644422446 161.82307886046385 0.0 93.83565020999626 93.59440417220989 84.89404071069772 126.27734324209365 0.0 161.36169137322423 101.91662685052553 217.21707073962716 96.54287339841638
0.0 47.68414147029456 129.73765821082688 58.22895088967527 153.8637421806569 26.931110663245292 195.37727802201937 86.68079253906967 220.55834470670175 48.365548362521324 298.63359733005893 0.0 232.527440960778 98.84025607962944 330.13144215585044 107.3043368245603 223.81059247957592 125.96134770952679 259.7957868072822 172.19453142727752 261.25925504185227 252.37000398489977 201.7948270854307 197.34551745506644 163.88620860493307 213.25147506072193 58.60784850717292 271.92030897541525 66.77883981528629 178.6434114390001 60.249365557444236 122.8102113965142 0.0 47.68414147029456
153.90470229872057 43.67666966201648 152.1251474327507 108.91080848010628 93.02422674238582 119.95577667670898 35.93671792339899 129.6429764948406 0.0 81.19239427869661 13.789496365988484 24.155200195690007 72.3981293340975 37.855309193641375 113.72596939230462 0.0 153.90470229872057 43.67666966201648
121.61443386613638 126.7951352282338 89.49505216564276 120.86656598420255 65.23767116496207 128.08136689883332 12.401822103875787 118.07146806943747 0.0 62.25531630212099 43.86524809160255 14.863296950979773 108.4645871955876 0.0 134.8846785361745 57.27940178984715 143.34487771538681 96.53015228915517 121.61443386613638 126.7951352282338
291.41074205180087 119.17320206270622 251.35419050703 199.72304019488416 175.22646862513736 128.0871980919595 116.7180357688431 117.64238016875433 0.0 38.971450565802314 145.84710385711497 18.098605233507833 191.63083796044054 41.59953679409992 249.9212497342444 0.0 262.4410559125514 54.411394190721936 291.41074205180087 119.17320206270622
84.27971419843495 39.231662082985565 88.4372318108541 53.88780599300151 144.9911157140465 50.83061957590087 124.11638097088962 81.83518701129891 93.33354722388472 86.10795358799884 78.37883514349957 82.68006199884456 64.72498957634575 94.53161890637051 29.344023795399536 105.11297991096694 25.883934651923227 74.81348684484716 0.0 40.17307489152202 59.730799827260284 47.6964449897128 61.267558627958934 0.0 84.27971419843495 39.231662082985565
162.26497500855737 56.632801020814725 194.17417230261935 61.67635754019528 284.5869675285889 70.13200632936743 290.1585879487397 160.44272600851238 213.19789011985847 193.4035026010914 154.38388991283915 154.90684346400846 39.210203278941265 197.9845537119799 0.0 96.89565378391379 57.4449822972295 0.0 162.26497500855737 56.632801020814725
62.76607547075062 114.71931172255064 61.09164314056028 83.22533916498915 28.220839769106377 96.82827663616094 17.685768573110323 77.89870406921627 0.0 53.7687051386812 51.385021494213746 52.36974160919854 25.715235338236667 0.0 62.21523394233925 16.261361804302233 78.85449433606794 32.04771244004587 96.7714547838454 27.98920176352732 104.82738410756815 43.04518351413215 129.99628908150643 53.28146579056889 130.57556421451665 77.01648893095978 116.60118664660078 94.79091981896728 115.2613633409955 129.42737897039052 83.65648354845082 117.93413647592261 62.76607547075062 114.71931172255064
67.43894574714068 71.4065165156084 51.85665912161203 57.6092657208938 25.184437224695962 87.14581339492317 0.0 71.38802330228934 2.3113755196241073 40.93362796717456 26.200653630543975 26.25300639479154 30.88421883719841 1.9704673412993259 53.14253120435108 24.29863233318062 81.37340219394895 0.0 98.45399815634082 20.6323985338407 94.97294316389323 45.56040996771286 113.44594599739185 82.57310170720352 67.43894574714068 71.4065165156084
103.47449550134925 155.99209450442532 40.993071374523964 190.34678689748074 0.0 147.5509585899096 3.5354828313055293 87.75876304234824 70.5631754257331 74.0444490467143 85.3732813152179 32.62368034498327 126.24113941281274 32.70340199554062 206.0408615967348 0.0 202.16181139975862 78.93500636267514 172.6107699282906 120.65650740266317 177.52209482933046 163.52959148816808 144.1038564528331 193.94009411015475 103.47449550134925 155.99209450442532
174.86939513110417 62.47710417175861 210.02125448781632 105.76885552298204 202.50036422009038 162.32157573864527 150.73069053283976 182.52810226780792 106.92211409302502 171.81598496872715 64.93805588543586 166.03101206505497 0.0 134.40768515040713 52.569758271326506 82.53454082342091 63.10637693281004 4.418016642603163 140.44257683836628 0.0 174.86939513110417 62.47710417175861
94.57251182754433 128.87486768622185 0.0 94.70645846542654 32.044944075242114 21.962163493269742 113.40631153271399 19.792845254808995 155.23098066098908 36.239420076490156 164.57973991716918 86.78361658294807 251.432582653723 0.0 277.50915709802973 52.90734975674833 241.5968089999678 102.38122672778327 185.8071452335737 104.73622745555772 178.94467188745526 124.00092120933081 158.3043520185998 146.69062718395833 90.09565348814145 204.57545108930617 94.57251182754433 128.87486768622185
29.615636275042874 8.683051206296923 121.3383074201616 0.0 104.14602542477101 81.16274297261063 165.27713370851865 132.7362615795498 87.00714266988291 155.92253779177682 0.0 106.40100978202017 29.615636275042874 8.683051206296923
45.83997475780437 21.700214265234763 33.09439699062227 30.304599131598238 19.982003904611545 28.10952371405557 8.420529275699892 23.495399055859707 0.0 11.410735980780387 9.626485945794713 0.0 22.54433540945608 4.2468260791027035 30.44402747653237 2.2467001267458784 33.895479583510394 9.650884465779512 45.83997475780437 21.700214265234763
113.41966604821172 43.00296348519728 94.50221726177406 64.65034200958252 78.02507681427463 75.80152128747531 69.49856584333916 99.07077042477056 48.44983125712365 87.74849068636806 43.53582442429973 65.93588695354711 24.94674677443595 68.72901425642513 0.0 55.88387200329456 13.155872377119323 36.38493809725086 14.409386590498713 11.162269663924974 43.08228828302573 21.614419255882957 58.33968571100789 0.0 75.5208308306671 13.003214323718638 86.88346649765037 29.475759782838715 113.41966604821172 43.00296348519728
159.78601882036415 95.85848910272153 55.57675122915859 92.73915091087363 0.0 31.352186386703323 91.73435051123687 0.0 159.78601882036415 95.85848910272153
