100
149.24729836491716 198.66615415616639 34.33423471952247 177.17730115593122 0.0 41.629375905993 142.84122113661934 0.0 244.72381418939463 12.452066767287832 306.33684334822004 90.62209540433197 314.1183763374147 200.96518164073092 194.95569794663194 155.38344661339335 149.24729836491716 198.66615415616639
0.0 142.65484324959897 37.46576432598283 74.03779202131392 106.59308035243741 0.0 200.60793668810572 57.75272384660818 250.25968757920407 185.24298571911797 113.39162020422555 191.56594107197267 57.05649376029845 188.488409513507 0.0 142.65484324959897
78.38425394780694 10.859798808201454 110.84104511429689 0.0 140.46767207782315 13.198644924961513 165.32307866321264 35.576130382113064 212.05858186412087 80.2532932848115 142.1160081547635 90.14325966622256 117.31612476589831 118.7778290011591 74.0080763385831 117.70754894166662 34.80658814758401 84.41252556201944 0.0 24.154392282796024 78.38425394780694 10.859798808201454
60.55023771873374 101.86987396358504 31.660852277965773 62.39326339828909 10.42090724608255 44.99449635612679 0.0 9.316178611909734 46.51240372014729 24.238162844480215 53.78811133671144 21.522733884285785 92.29921401437807 0.0 142.4342912558477 36.34221280369185 104.6482217212102 80.30691604644815 60.55023771873374 101.86987396358504
52.04543127262568 5.883369191960057 96.56002539854819 7.660456979597271 85.03318485387277 50.49090130455886 45.09315547827546 54.72497963844589 0.0 54.374264497912066 13.991846893365377 8.284427165063136 38.79236002372001 0.0 52.04543127262568 5.883369191960057
242.84473871767963 254.6133578416252 86.61307476437668 242.98873642908984 0.0 136.56354205498462 70.32675271977702 28.251210390262273 183.24701996798188 0.0 256.00206231916354 100.38941103542513 242.84473871767963 254.6133578416252
191.40240878550972 114.14358693565154 148.22644372128082 170.75437300469235 87.8749569031588 174.71352175445486 27.469808985332776 173.37505223473158 0.0 120.81394815852279 1.354225265314227 57.84082345697651 46.48346240830304 0.0 87.4187527118223 89.54740466803315 154.078643994566 57.17889086978033 191.40240878550972 114.14358693565154
70.71665139757658 17.897768579898354 81.4705571292518 56.276723538266936 162.38678051941895 0.0 159.30998158868746 53.59196944931075 149.67237217555692 94.2991436005135 125.4704776030857 120.78575225287364 93.79437444914504 128.84994934298462 62.6695411577235 151.22447290045548 43.28743877843209 113.7537333705151 18.621197488026013 98.12328278559093 0.0 69.45389902392363 8.94228701591939 34.789132179249094 38.60273111843793 15.237583921157459 70.71665139757658 17.897768579898354
114.73413954412774 166.42451943595546 73.38874706543636 226.57642650365946 66.1042451333827 164.81282956670827 0.0 119.46408409517085 27.714872306861608 36.242875777772 116.14462496712459 0.0 213.86914456839307 33.14085320778342 244.0551512094233 126.27507964507451 200.43024393978382 201.12487696803657 114.73413954412774 166.42451943595546
155.88988296744847 121.99199460658875 123.0291159397792 112.50883044693666 78.7201272072981 183.87465113206628 22.410953167666094 157.11607243286534 18.885579535579097 95.0990659681158 0.0 24.392162604194205 69.24287689872506 3.6366803295322967 118.80212643676667 27.929648777717773 176.92006616022485 0.0 167.2478362858074 62.79767279665653 207.95089423567896 100.40470848835736 155.88988296744847 121.99199460658875
150.60785481035813 102.62150925914332 90.04880233823675 94.86058361157424 0.0 58.14508712607657 82.68749316663352 2.0661049644975904 200.52232458070003 0.0 150.60785481035813 102.62150925914332
7.007091789481848 1.8954638397861956 43.08010230675714 0.0 68.98140401397039 17.74609907569114 98.1229199676475 6.152022956241446 98.26303117459298 37.32559018672191 189.1868080869783 42.60913502948871 91.24739599050963 68.64279104710388 90.89273614802836 85.20454534854093 87.99090292584313 123.97798045888783 59.353443666534105 111.28397836679045 12.126672357291 147.62734319440312 0.0 103.64321963188388 33.10622215163579 64.10713219894329 7.914500403305539 40.930735759303346 7.007091789481848 1.8954638397861956
213.5502428746473 0.0 286.02020741232775 24.157084252647564 291.8678674026561 101.07883738663446 188.06172805460452 150.79831299219498 275.641294682673 216.24600348595848 248.00026069605542 282.12768942351437 179.62820960656663 285.8501099090968 143.13941517971602 199.92168972616628 74.8986789432009 236.65261214129754 88.03229792374509 174.86880076684298 20.526027812916425 133.7871190136013 0.0 49.18498481224985 111.06687993704935 72.69163703044622 148.34632562651464 46.978061431387914 213.5502428746473 0.0
24.557868083730796 106.45312032981606 0.0 38.91201685488535 78.78389136154267 0.0 174.94919696314105 68.80119636924901 91.47870783035695 146.55653252833378 24.557868083730796 106.45312032981606
83.51437580962423 112.89697323400955 15.37935856965327 96.64907764264333 0.0 22.66117452215139 58.07687998655098 0.0 116.10467179070523 4.258445363804604 139.99605675299082 69.59599367285833 83.51437580962423 112.89697323400955
110.59141589029663 168.77193681077003 14.021668083641345 183.9982050342771 25.050181230690043 86.47800877146962 0.0 0.0 94.55091983182764 26.41388024960679 134.00292925039105 37.40990180116081 277.77394287540983 55.927499580506606 178.41725152542335 138.88024763608874 110.59141589029663 168.77193681077003
60.50292647994618 67.14344711524167 51.99881582291604 68.54863555619217 40.693105737139774 82.53981913331926 26.406936996058874 77.07973374158443 19.97326274660682 64.01848108123055 0.0 47.310303495509956 28.523329468992387 39.995056302504665 47.98464716899906 53.33687262883514 48.9279977801134 0.0 59.23800140057135 33.207823192306236 77.5541176523896 34.54391076360811 97.31894699236345 48.87774588551187 78.67706745820509 65.28611644285806 60.50292647994618 67.14344711524167
57.643066253281994 81.9456335084301 28.174020484538964 73.06192813422403 2.8368317777841483 64.25497544894685 0.0 34.020713953129544 11.589137538826556 0.0 43.69374918319655 18.518501582995768 86.71686238776289 15.495351558771375 67.01846281413006 53.045216218834966 57.643066253281994 81.9456335084301
36.62495813267435 0.0 54.13400972788146 12.50052742233828 78.19669399643413 19.246279668690704 78.54860845152834 44.27418518849771 63.81665838195879 64.60983031737891 38.449159414514654 70.64274341389768 23.842988529258335 50.72902691868529 0.0 36.00721588613261 34.692691760360574 25.5730302542687 36.62495813267435 0.0
84.58716956226198 22.02930144950031 74.19486963374197 53.48174908035689 59.86665226689823 76.773713197507 35.10062434425626 65.34728521371001 0.0 65.5835314087281 15.545075920889161 34.98132447334244 27.046334394578224 13.2731656560252 55.86374595287894 0.0 84.58716956226198 22.02930144950031
109.70380242500813 0.0 138.66689277396893 32.3230669983985 140.75408017989056 74.76345853100864 104.72951856569361 99.17720244780097 71.16397547547956 91.06500425198459 59.75025836792864 65.70025945904095 56.05187758157314 71.32601128987517 44.28019779739776 73.38465926490727 0.0 60.74886312991731 4.775523582638897 26.194308653606384 53.0536232992208 50.73909332405272 67.14140123376455 1.6951186150289317 109.70380242500813 0.0
112.31304587195531 21.900531805640334 93.98685469994616 51.95407163655259 78.73549990266352 69.5976568454318 57.9212821777849 68.72090346145325 37.53158184345388 79.52997287847816 29.418629418471113 58.500986120782066 0.0 45.52521286759285 0.21222013184203092 14.37179397099515 33.49580491186062 7.109071449642435 55.22184865721165 9.06548042191725 84.85112557189663 0.0 112.31304587195531 21.900531805640334
291.6782642640549 234.31135428831826 226.38759255266984 264.8719378586129 136.53147401035443 312.0736479228565 143.0898218563557 177.71398616203916 0.0 169.30796385000698 91.23619384828638 89.86314564582939 93.97182722550366 0.0 178.92833675050363 4.939228183104078 236.23532604023802 27.598597123016702 241.69532906504654 91.4385147488058 347.8688394151978 98.32438475603993 333.66183830436637 176.62259240432172 291.6782642640549 234.31135428831826
135.8650048809565 28.98877526771703 118.55225354070026 89.45313548788496 0.0 93.00692909527768 66.15848010463489 0.0 105.02352244272488 17.21584942058935 135.8650048809565 28.98877526771703
0.0 86.7355574150775 51.78743057198605 44.22861456419821 83.97741205038513 3.0215432632185752 167.0797447714948 0.0 177.48655328329158 91.92622491777823 105.07649746481374 116.68535142297 69.33262038545726 93.5089792412854 0.0 86.7355574150775
68.83453028860521 54.15880820507445 4.961753580473584 68.00228583059432 0.0 8.915265658938992 48.44130639264492 0.0 68.83453028860521 54.15880820507445
43.271597665330575 108.98694262657568 181.0882340940194 194.67245345170824 133.74760053732365 0.0 207.5348367998941 17.231229582142817 271.18024951367624 39.725963852243694 307.2879023254195 99.52561103905354 346.9279696037014 148.8231007939732 376.4740718158296 220.0504126194254 279.9227720924356 252.2494694261295 271.62932279222974 317.7978920672952 213.78929184354814 335.00852017683553 155.03689011331986 374.5315434002935 106.47112147950492 323.6851992499012 93.42926160076712 259.81282087329583 0.0 243.2039809753219 67.31091018962218 178.0027426068385 43.271597665330575 108.98694262657568
137.03328595779428 186.0559894077087 121.03024288850185 70.76903602986525 184.37858807819796 0.0 236.78675380704027 60.975733961771425 218.03452620284108 150.53821904529786 378.2531640084886 154.49814966746905 204.33448269847233 211.44479402647613 278.3739580096298 296.3402580861989 193.91274419211337 277.5149397198961 162.85239990737227 298.88990955847805 128.40433698856316 272.9379846287942 84.78959026411036 285.5671669412927 40.93264680672593 264.5910833500368 0.0 225.95536269725156 118.8704606469862 192.2364603445659 52.84592743854955 136.5169447706303 137.03328595779428 186.0559894077087
127.95618862522585 6.721610519293108 194.45417304228351 75.71702391893159 107.74588702756347 109.5467178607676 14.072550706340863 162.2568696368017 0.0 55.42744280700849 56.724691993041844 0.0 127.95618862522585 6.721610519293108
194.0836450327854 179.1744945984706 107.70593663664152 112.29411912484599 69.84211072900467 160.8350767600154 0.0 127.08289005064356 16.470230422105473 37.786400965308445 94.74312173506888 0.0 143.2625641454461 70.68135843436413 290.34754877714937 91.32397683498095 194.0836450327854 179.1744945984706
22.032771381013262 107.83395164765969 0.0 53.68443503127704 18.06779407661989 0.0 73.75163914720493 8.135033723833779 97.99449190507704 12.088177605546342 146.89771725757112 13.112309294407844 129.4807296234061 55.60204995322517 128.77137839581258 106.46457194234355 81.67106305073963 95.15840948154803 22.032771381013262 107.83395164765969
104.19327208536116 26.385394295630476 175.83341350284306 0.0 235.35979150561855 33.28796896812291 260.4796049784967 88.14938385167352 318.16132132148107 120.84479206358533 289.1932037864539 175.22989106653938 301.76811134349776 266.04407218848405 212.85640468973253 231.84430989529804 149.99449973475674 262.2908494489601 127.7653230904475 195.2806110988688 0.0 170.766771957469 125.59705545926928 112.44069976511993 104.19327208536116 26.385394295630476
43.43105806487 103.228259808241 40.36318391686319 64.6435546823014 18.36656071245102 46.16804303160971 0.0 3.634404720518461 47.95442663763467 0.5595835279001733 73.24331944283672 5.3775828493712154 97.46534720763414 0.0 102.52709230398291 25.42196391507366 113.96881242275688 41.6587326421092 145.33690967757835 82.78980635472917 89.32270441395923 66.2195993480682 76.25783941187895 91.49845765658733 43.43105806487 103.228259808241
148.35016556932538 144.350520915049 0.0 132.31166355330595 70.41584862606481 66.39451153459112 119.04096848700127 0.0 189.57139111214755 46.49235594540495 202.07611725198515 106.76854877334115 307.7434609079828 139.63053078699826 230.8233460319467 191.91174402442164 171.19864845699635 175.20974742886662 127.2410003099784 231.36339999016627 148.35016556932538 144.350520915049
141.04525668207705 19.771098401462282 193.4101030425581 51.57372651719531 242.91244812562513 109.11712325038249 131.56339201138934 135.86429570294652 113.23904054324284 139.59407127191307 97.67868682447963 178.4874692100194 78.00319675302731 153.58412204978993 31.61741297329013 146.43953181893625 0.0 95.58058794404447 5.839077658668401 18.719647081746032 79.87713203649737 0.0 141.04525668207705 19.771098401462282
125.64385146002785 219.76404125226202 101.35484393470327 186.78683707621542 28.62246656719671 203.53276763481318 30.202976354942365 147.86121361279444 0.0 99.1629721392519 57.52409215397354 71.81614189948876 67.48943539299468 17.24855137796628 128.42829643529927 55.85673060766422 166.16462281685622 0.0 193.73441083845063 48.21088835949347 172.23627079371883 104.84341735505176 213.4338416658348 111.25561366112876 257.34851676028575 146.36566668225774 197.13064510066812 160.68844000098153 176.27808914024519 173.5022565630045 165.72762022233354 221.20034970208764 125.64385146002785 219.76404125226202
162.50526557280813 117.96340558798515 159.92630911750942 173.6730817834586 112.69905582368084 118.90365475817084 69.35051021318255 177.1526992782351 44.78978669842945 135.63108761844813 34.54574820282234 99.66045473464878 0.0 65.9164258130186 80.64409133976648 57.512346064433714 93.43993920542118 52.411563072297554 105.16053116888669 52.467637287358656 124.83548246507436 0.0 159.40713743613952 3.02836800744565 198.96332638699243 20.878846963100102 190.61380065016562 62.543327505959056 214.83081296005724 102.62356446058665 162.50526557280813 117.96340558798515
138.90278094686767 0.0 239.74262741673704 27.96647172822587 195.55965082477314 169.3570421219191 0.0 116.42202214162245 138.90278094686767 0.0
0.0 84.00071271329058 152.78731716929394 0.0 264.3915684407554 56.585981948754934 235.97588074423211 170.3602019480076 99.96856266172307 250.8424930427049 0.0 84.00071271329058
10.973697569798617 146.79925605288443 8.80517700717337 88.16421998171722 0.0 38.228411358238276 43.85420100875717 13.027661317646455 81.61756431519345 11.001113670288568 119.92526578061293 0.0 145.23467445237537 34.291881935709654 109.97025257043143 69.83036417849294 175.1125995237258 136.39956971546286 123.32194770483028 161.66580150188344 69.94057206923165 152.19589771849314 10.973697569798617 146.79925605288443
0.0 127.27310217369356 115.24094584658775 74.47567111091001 107.1948416147087 22.82768192002365 150.97897861032732 0.0 192.55889239477276 30.02468743125955 228.85231721256883 37.47043175292205 305.1569176455778 45.777312239707015 278.3659205956421 104.69100987151509 267.2361700874766 154.23420881046647 236.72269075559717 197.1766075638276 183.7528020827287 222.40337808103743 140.62098605522263 173.4905317558647 103.16976763411947 153.87105833763064 0.0 127.27310217369356
203.1083077658282 117.69407816062298 196.44540452001323 147.69417989177035 245.40116910281125 224.47185071465955 181.74233297122268 237.17759617924997 132.24982272636083 243.55904372730453 76.43125827568699 235.96932773835357 44.080793987449056 189.68322560899585 0.0 140.79486188190756 34.70719428647956 83.54373448818731 137.76725192284746 136.8495667497814 120.9047265652202 0.0 150.42382666443763 103.74134799721216 220.08455660598327 61.07040408736911 203.1083077658282 117.69407816062298
12.627264394839543 205.36949325331273 0.0 140.10860862121893 32.91495915474047 84.87902010712213 78.23554901271928 53.34468377884025 122.5457533572059 0.0 160.4362833759221 80.76714394980272 233.17586587171746 56.594965684719824 360.33760829396317 89.20037042393002 248.40328564488271 171.5216379756973 247.36529700185258 245.07575647118455 163.8577982684976 223.56185308171018 116.3916577658196 259.2231761067169 77.46775946132266 220.70749059596483 12.627264394839543 205.36949325331273
0.0 112.75972417053177 40.685105035022204 55.766471054085514 2.6081663516878564 0.0 58.35701563789701 20.034239554038678 101.56901757876408 14.229944043219142 159.10995430865933 57.41470172070041 89.40023412170893 89.50341426828516 56.335306816778015 98.39292202269945 0.0 112.75972417053177
154.10018736443556 247.5927209141984 149.42622152690288 157.93122490106475 0.0 179.57555302982436 133.20195264731194 130.20932022226216 77.09325627048531 0.0 165.14561853325037 102.82054173644595 200.69391422375318 95.72400492091569 263.6711647067365 113.71994971061432 203.0951702653974 157.9857657665482 185.8285250717879 179.28309305589548 154.10018736443556 247.5927209141984
54.360727734754846 36.26729037142201 116.68295937510248 44.61150372820114 75.16544955728071 91.01091676173247 32.80935071375288 71.55250452476527 0.0 44.2017754885956 22.61885209680463 0.0 54.360727734754846 36.26729037142201
140.57999084834591 139.584960552187 183.69422394668567 205.47714638092953 134.77571445963056 203.8893605044521 100.99488688062037 260.52803887027017 56.65908999885198 231.74104684803945 7.975867352081309 215.71102395163996 7.97276987690276 163.07976662226224 68.9259742537266 122.75043039955139 8.259510891316182 85.4372926033308 0.0 22.065633069381846 50.69436955544734 0.0 101.76470679580187 60.82885890108875 120.60966208114252 78.93421393018336 207.32582630099915 16.633963398866484 151.80613765198166 103.04764003636959 273.29506652981115 125.59451994083463 140.57999084834591 139.584960552187
137.36406230557873 49.23744267817532 120.60622872239577 91.91428301205487 127.85983746698297 136.70737630328756 82.78334824051424 129.00919332045265 69.52701966678177 103.50064052634231 0.0 108.31499099111119 1.3880772805476624 50.76614405193723 41.47267673524914 0.0 99.82162423056747 14.28066395893444 137.36406230557873 49.23744267817532
14.761888077453648 0.0 142.6971895682205 50.99834173187206 189.3737150695381 52.208276005591884 240.62746689203453 60.68481645773254 352.4691977797761 58.70695085506334 340.45005181048623 146.30080395644524 310.1783195755046 217.60611742807203 262.33569001900406 272.38125831520244 191.6812528578428 263.4555471853686 121.12827659223524 293.53953142042144 30.13160724217363 283.2682623992381 44.396939775348244 181.7633208223259 0.0 105.60356333006533 14.761888077453648 0.0
225.4742330869311 0.0 155.4624074277152 128.35432118263 124.45553603975777 143.63796775368485 167.47738412352484 189.08193882812125 136.94480742428834 221.32485690414353 106.38441917771243 178.06025842349592 89.11952764949672 166.13775274668743 0.0 151.0837262782228 23.294144580282023 88.9315152448939 44.92611048832117 8.782008839730821 129.25814312817784 21.632126654278153 225.4742330869311 0.0
25.79919927747229 22.110399593905903 98.44676420477353 0.0 85.05842043188082 82.20168500622 0.0 87.16721823722679 25.79919927747229 22.110399593905903
137.3742176580743 115.84770796482134 87.0846183604792 117.39870527668045 0.0 64.63636284150235 57.36918578752176 27.749624576313096 119.47093048388825 37.54675109224408 149.30177397478025 0.0 172.97111020396193 56.049246670253154 235.14787459852533 31.473433072139358 251.52720580084332 76.39328903235086 246.886880737975 117.33332373738685 214.46817639620582 142.8817833120966 196.25841422919527 165.94801901068323 165.97144380597567 164.7199334088017 126.17893545443769 250.3398791902424 86.91753969526309 205.64700053167772 137.3742176580743 115.84770796482134
91.05924144219154 211.97843929693437 0.0 72.10287965721696 162.54029236060916 0.0 267.7510229050254 159.57125943540822 91.05924144219154 211.97843929693437
120.59347036481748 8.786240660715507 218.17638086040145 0.0 230.75516848745247 94.95994111055973 198.30938780700276 202.0199933121968 121.28859902633937 129.2309537267988 0.0 69.52703187091528 120.59347036481748 8.786240660715507
47.379881563996975 65.82450245196722 33.95912138338046 68.64191662899677 28.0465972954712 47.40039371803638 7.146282418369481 62.72524957891105 0.0 50.55354210628698 3.298652738233926 36.59357631895578 21.37168336044175 30.497272099232276 9.409831790122183 14.364636380195066 15.506129282383483 0.0 30.730420639072022 2.4583075487371104 36.83792986591317 22.97258510858134 48.09389190054249 18.05848854659915 46.08094177480656 28.36340599121516 84.99040824182075 33.738606169845184 59.10277832960574 44.729384918972855 54.099317460384725 54.66993210955316 47.379881563996975 65.82450245196722
53.83661215036616 0.0 118.04573314732546 21.525291516204668 162.389964234785 22.343309321852715 203.2762496358601 64.91444508265656 184.90648049810585 136.67729091143394 117.08200894450786 75.46367594137153 74.98506087041918 108.05811950251326 0.0 67.51893407050265 53.83661215036616 0.0
123.24198224772402 95.6293786445732 34.67433705559583 140.57250797250342 0.0 38.36421762198979 76.48883880790163 0.0 99.08128956974261 47.907017298937724 248.12912858151995 54.75394135068948 123.24198224772402 95.6293786445732
20.238555418426813 26.675195047315682 0.0 16.113528785175603 15.060929055746769 0.0 31.55495545318493 7.975064371758904 38.115285406321306 16.367115404864933 42.881544987434225 30.479035055766516 28.71885010862333 38.44176505269819 20.238555418426813 26.675195047315682
153.67655850798528 217.42345144237376 126.24995140600366 157.18541569248208 88.60159770769562 166.6980571411444 0.0 178.31113841408646 21.589187327485604 112.7190688358411 79.48716610842536 82.55020824627579 76.07609511393866 46.004669793977996 102.97433961751983 23.18259306580883 138.4688910545649 39.24225238211859 178.66042988494024 0.0 208.6564359461934 26.726845484739243 200.24459524427408 74.67174030242879 302.6111156726785 89.09220542926599 294.88202879547805 151.34695277711805 215.3618856213303 163.75977241764636 171.82748057204748 159.8816331116261 153.67655850798528 217.42345144237376
0.0 76.32985443926914 18.501351145228313 45.98450642054533 65.49964025625721 51.70089114355146 65.07500821826198 23.383494612515747 82.74409519591022 36.820870855861244 119.51912261478948 0.0 96.51261599879393 54.34159048769108 122.81982660356206 59.505362650864654 128.6895471045298 81.43918859037966 127.1013636839055 112.3653922647459 101.74768812611 124.31461480039664 75.97653473061429 101.78378216508398 52.73583099200215 110.60677172980863 34.50236114874721 95.70499857515551 0.0 76.32985443926914
139.31564362809743 39.47461739485765 84.54265823627354 46.278720466688235 106.92696447724359 98.32949635396534 71.38698399896383 100.6792214700169 45.708879837872374 81.44830208084699 0.0 70.96875483400444 50.266322883031165 35.754412756928865 46.53223196466584 9.681868803628 68.65636233256748 0.0 76.41788856028953 41.51195159367639 99.7445596178676 25.25553377765211 139.31564362809743 39.47461739485765
68.07434163124192 130.58825402877534 57.94980858338997 77.63146323436183 0.0 73.1968668808076 38.801342606946285 36.0471998477026 44.07990893900491 1.6791768221076708 78.36070813503227 7.165179661476195 108.91292551164064 0.0 129.2165585635696 25.860060482023314 131.76786149775626 54.01182218251141 137.0810044988391 89.6831476110899 107.59266834060398 116.0633841464613 68.07434163124192 130.58825402877534
86.07332968775367 35.71944531647598 33.783607534527704 63.99818294053705 0.0 37.68118593344377 33.56554760488282 0.0 86.07332968775367 35.71944531647598
58.08292839318577 110.03854214983757 0.0 102.93599957099961 35.605242813240665 49.06487111737762 86.81019309206155 57.65878473270301 81.1886826809576 9.66830127424906 117.9831857838852 0.0 150.11909695268355 25.501846743577275 118.75896268493756 63.09098008144126 128.57573212703508 101.06717173349774 97.75559661279064 134.49282540189523 58.08292839318577 110.03854214983757
133.76625028482118 33.27733000393333 195.66252416995283 0.0 266.88418779506156 13.334011326312748 307.4502007181375 81.32126763208188 294.30070528674344 169.1904236774052 218.24254794707184 265.7952291324476 146.18719311347948 162.1618130443479 0.0 117.92392696640255 133.76625028482118 33.27733000393333
135.07859439535582 85.77741482324741 66.07689118493411 104.11392062886706 9.935786517121556 97.5677491610157 0.0 39.02923783040151 49.26589917980341 16.43621242289808 131.08437741788333 0.0 135.07859439535582 85.77741482324741
79.44816902173658 24.86836523474262 98.1401170066613 41.421885572040246 85.62520335969364 60.384228684561485 69.94061476479717 74.90019363007085 50.813008918607395 63.84430090358487 37.08677486295747 59.75274498810567 20.815146333927686 52.05931902113148 19.7218029191165 34.48039061432113 0.0 0.0 38.303504002533614 3.36666033079792 55.707677485997465 12.982044366380855 77.05260646310788 3.2378534246100728 79.44816902173658 24.86836523474262
53.67560938548303 123.43486863044312 0.0 21.595674224268855 114.04099629554497 0.0 206.77650009984418 3.620011396161104 186.3799482230975 95.2003268346735 122.98716270049384 72.04647984211536 53.67560938548303 123.43486863044312
48.14047363329297 16.959563660633435 77.44342363653857 0.0 107.23535126412598 10.88322023216719 103.84147873814182 63.86901586890521 129.27432050933515 57.392824281076045 139.20270712209805 72.90692045884862 174.16458559041192 103.11499141971156 121.38663659609274 103.42363543504926 131.6807447671083 166.60271600948653 92.30004268449403 136.44940156694219 76.08982498856625 116.635399068047 34.03844828512189 133.12928685628606 57.82465614613008 89.76625339867178 56.27240340502476 74.0136327564781 0.0 23.825976860938894 48.14047363329297 16.959563660633435
12.520937797279515 69.46176835576193 0.0 4.6905137936034365 64.91438804890362 0.0 135.07372361481345 41.215358741554674 67.22984275646468 85.81774879204144 12.520937797279515 69.46176835576193
311.5005550732592 233.40057652476605 230.28369639392622 205.56927304876672 187.43485980668152 294.68370284227467 126.18965499729319 257.9323026693452 102.52480270331506 191.22840013017964 0.0 116.81557147690515 136.22736517858283 91.44105724286472 178.78017930780965 66.46473199010845 237.41279715378607 0.0 252.24381366695596 100.59445554428285 334.7738063087545 107.62678418449084 332.09266665540287 174.0575502601021 311.5005550732592 233.40057652476605
81.84177452943638 61.08388925733179 72.26152541126433 78.14342956767372 48.643167866465475 63.714635522073735 39.47703231780888 75.27222299364992 29.622020708531124 66.99431552579495 0.0 72.1625661179559 22.758460053783224 47.67171604081939 12.092159934271564 34.17667725199934 28.21512197925138 30.01091289945043 31.61059140829728 10.47166277375301 48.76295645496843 0.0 63.47897535510543 12.892799461096175 87.85762078416235 18.645374835690433 84.35538082571495 42.79959197122348 81.84177452943638 61.08388925733179
261.9129544729813 177.28172148061617 161.6927699545528 224.52595235579804 96.08374905024388 177.99067327231157 0.0 166.67375588151359 16.225442977274128 70.06252852852248 78.65452074278238 0.0 150.8346808920926 57.402200735433546 152.52540692377954 104.43907549814008 261.9129544729813 177.28172148061617
0.0 135.98594810618135 116.78343937537096 37.053838151228064 211.78963605162494 0.0 270.3318028768691 90.06048861811398 217.61839973524633 167.18123792642615 155.65644041113 148.74171124165372 0.0 135.98594810618135
135.01291229698387 15.402996723742326 178.26619335803878 77.57386095332186 105.21062247978317 93.64199300023768 0.0 81.6660184987141 74.83171001633772 0.0 135.01291229698387 15.402996723742326
270.5286904941134 154.24358144172174 217.88695661481376 188.83460549728989 160.8747695326467 197.06383657887218 118.585767332911 198.2464123561988 70.32555360016454 209.95399283489036 57.474274728942845 151.83884840614877 0.0 140.04509680357245 43.721842726190715 93.25330838869922 22.26489857320658 53.01032983565122 64.25426443574156 40.6741287256929 98.52117255337004 51.17699052421525 115.22052135070935 55.438776870033124 152.71370188442955 0.0 171.15815852483533 35.295467506514804 251.26339310479847 33.46599251592821 160.96255760828018 91.77062781056007 270.5286904941134 154.24358144172174
239.41111308757627 55.848059794136965 186.42198840637587 102.56443811872121 153.1932523877598 117.8175637574133 161.87004086560097 154.23126101753624 137.82940932546452 176.77350288455125 106.76013232094836 177.3620919024357 76.38646693040403 170.55032491656218 112.97077549954469 97.98723904218349 0.0 137.06648100929678 39.55588845350496 93.66345685227225 47.688144392111894 65.67836970614206 49.83884720981098 27.088813242043813 106.41891567298954 79.46819499480615 118.13223284073314 0.0 154.43249182818764 14.601905879708582 154.96706379692867 62.622531260945635 239.41111308757627 55.848059794136965
128.03710790738236 119.60245100685206 88.97271545317689 133.24310275364132 56.35263019083948 107.56428703987511 0.0 65.36453416499523 70.97769506932258 42.501273863001174 94.17755912078528 0.0 116.51852901425299 53.06274091860858 218.79487147022098 42.14524106195333 150.46529659462848 93.74559002993823 128.03710790738236 119.60245100685206
171.58609348914098 52.05192601481172 245.51156069836634 178.15572969493624 102.19578037846243 194.30364800859394 37.79344267003171 152.60171213619725 0.0 95.64307571138744 66.66538550881158 79.75910861416078 102.46824145997294 0.0 171.58609348914098 52.05192601481172
53.73666018359535 19.56123254471992 147.23673469421814 0.0 192.44541727611005 85.17013215760615 122.34357805743684 156.4360210322942 0.0 127.74530150140241 53.73666018359535 19.56123254471992
105.23975910527616 0.0 155.7486526462935 19.746842964837512 187.7890083444796 29.338575427046962 236.3398979781158 27.286480476813495 301.58923121832385 50.09149150327055 302.2867785771604 111.33788042072037 195.66631478382627 123.56641778713134 224.54475890897302 182.54218749664636 182.23277737755387 186.89907974249314 151.68027934018787 152.86852589384495 118.2691801075903 169.84011093790525 76.73647178037727 160.20959082479226 0.0 134.80878411710302 112.0516756575885 93.46782711550568 95.17710124664829 54.719605172905375 105.23975910527616 0.0
74.15874572503822 0.0 117.33529216696033 104.14756803932757 45.17630923120771 108.7809585214936 0.0 71.87050468565792 74.15874572503822 0.0
0.0 231.4287261257169 205.67099383040414 173.98560815618436 94.28684205243206 50.92624437791778 186.2609321598835 53.1122718429057 285.0163242329173 0.0 277.09184210397524 127.4985809348455 351.45084790229066 170.85294993529885 262.6731178850623 210.97704161600302 271.8224955369694 333.4679184589533 188.46824526865325 269.0876724719793 156.64853886633063 227.93268421444878 0.0 231.4287261257169
64.71728086186224 203.98934785648729 0.0 158.14583603664457 21.773695414165104 81.37499261349814 61.26735938768479 51.11717174699382 77.48265309190967 0.0 111.91511672594932 54.90537234831544 154.03652366126227 46.22545208180617 215.29085952666958 85.49298539234462 195.52874617913506 150.44408960255944 124.57448615261922 145.42833714038014 64.71728086186224 203.98934785648729
8.396409699777223 18.517757647351132 13.578194182899367 7.811235398560655 23.81696256331867 3.012830409824261 34.63653718490194 2.051605037621428 52.7719750998439 0.0 54.50464786936712 16.219550160647415 54.818536011154436 31.123244679495386 51.318743125743254 50.66294894067458 30.852750998248183 40.27618509821214 14.95906206272548 47.514187694770115 0.0 36.756660923674275 8.396409699777223 18.517757647351132
51.75863532872219 0.0 132.28348353763704 9.475947955337482 95.20681161837324 79.57154653239891 0.0 85.84154951428525 51.75863532872219 0.0
222.03596895485325 165.0251682817203 224.93267210227202 243.7612364973093 134.09345701772133 174.9840809882786 77.33532339869953 286.2453852735225 0.0 260.98523162172614 6.449394825225795 165.20375290110707 53.37511248715904 113.68177774079676 34.73272227647183 58.38122544403997 85.64211182143663 45.52137641227236 126.59193830912449 0.0 156.82625046500334 61.450182718052375 230.55031159056597 53.915460235047505 333.6052781493591 106.00876681345044 222.03596895485325 165.0251682817203
204.1149506854877 97.54862762417619 167.0589843677636 142.14392898753687 130.1972389541952 167.78586361847414 85.07947011049356 125.92387282673987 59.6819498547454 139.841365624979 12.346097906107275 140.9233065241458 0.0 101.04576625806726 43.79897898564559 73.75446852670076 19.648058390157615 21.65812507087381 58.21476078693793 0.0 94.96241407688014 30.613567721669433 152.42439175865317 2.322947689631988 126.22570726045319 69.74315823182972 204.1149506854877 97.54862762417619
239.75849221155772 240.46443878897512 128.3408014671559 103.95334208316592 105.058381928501 164.18340271153076 81.95797038669397 142.80674913072048 0.0 124.64462895776856 82.33438169520187 86.64478666521892 42.4808664086527 2.809122648520969 110.23597911610365 0.0 152.32060094736883 37.14257872634565 136.10155085710193 97.62326989813225 211.8493115379393 90.1394420634186 242.9011935717793 145.42120649370543 239.75849221155772 240.46443878897512
94.40357531414695 2.092830769000571 103.48667999550565 21.69232701184044 90.238918177134 41.08502569818793 80.78409990531866 50.42190064437536 84.61467485737211 67.37920134326211 71.67797179103904 75.58101857057835 56.572654893861085 83.17634070579089 27.67210674750328 100.48823685923699 45.185324493163165 53.10095155237128 18.561350236470133 50.91525407789508 0.0 30.50576126056604 16.63397048188807 12.57002496091227 34.52277733566925 0.0 57.99531328688431 25.72561709913665 72.38730863251615 1.3277750026084973 94.40357531414695 2.092830769000571
0.0 63.92321692434501 62.337452711133466 45.5054767831742 72.33613380014813 0.0 111.09912738509212 14.035500742121954 136.57686029395123 31.33483034685012 200.8037757391639 19.822020630620187 197.74562930037314 70.09231735239642 191.37840301974484 112.17764494735371 177.65999079286163 159.55287694644778 134.43446559219674 198.83029653501592 94.2388904066237 131.96246505624794 57.09673154347169 135.72592747394452 13.242291351094337 114.24578657366118 0.0 63.92321692434501
330.17516821548764 99.41783925504049 224.74591109884102 148.48325638216855 206.29473713226827 162.6231822012466 270.92156249429695 294.66574239411005 171.1189960130048 147.93750953195507 165.0228218132373 154.39157933385778 106.17745532741014 216.40036310278458 0.0 221.5043677210002 81.54446950861814 141.08572510999915 7.027193241373141 73.52622234566554 88.72600247042911 58.01092420913925 140.75011683193358 67.13739969698285 174.03216828625276 16.813129744199983 240.57297393175003 0.0 254.4598320701303 72.18092147233565 330.17516821548764 99.41783925504049
31.11386729112408 0.0 101.00897527877012 7.299448235099902 130.930619534494 78.42254809175196 56.879781512272075 95.77624577751058 0.0 64.8816971093189 31.11386729112408 0.0
77.22443514212671 21.764385619263663 83.3033887739343 56.85430794943595 50.18784345225258 67.57321710364931 0.0 76.56648919386281 26.610432890257627 31.500395733700685 44.84796951436786 0.0 77.22443514212671 21.764385619263663
56.5451223118665 47.03495107741334 50.76515763641496 66.13155737106142 33.901057709943494 59.399583713625944 31.4020581092745 40.588203084761176 12.20577096106988 40.589452149625885 0.0 24.41058957352041 21.78450834681393 16.971561230717896 25.996641385690033 2.794212628943754 39.70780822221948 0.0 54.23155572326231 2.3556313244543077 55.78327459340415 18.968739173349732 70.28011306200185 25.62120800007557 77.27262734578187 42.172516078817296 56.5451223118665 47.03495107741334
101.33500060664227 73.90603104095817 98.13752757846726 0.0 139.73138449296323 33.78531168699578 155.05884662652363 70.04845170000172 140.87388236429325 106.75570534097395 209.88272563754063 86.22851094612393 256.3071466829829 118.52352096627604 242.1485854984419 162.31135720055494 193.91178242045726 176.11867990577275 161.33453111311005 183.15726501075937 128.08329789933055 234.88407532671363 100.3942268488267 183.53380978166797 17.60457253702903 212.5221108909695 0.0 155.46394321281264 20.902619610109355 102.96973327096026 87.23964932925878 88.1240799845255 101.33500060664227 73.90603104095817
28.016505086968408 67.96377685485102 0.0 43.188127533054555 25.97326677344728 15.438500206030923 48.397823941202574 0.0 74.08002882314892 6.7039446900765824 79.89440119005639 29.865610527352388 100.34161490564057 52.16167984694282 63.72876941784139 48.87145711161662 53.758782930903735 81.42396535209897 28.016505086968408 67.96377685485102
271.35487792879974 93.70501239652377 176.30632057298646 188.3771758962908 0.0 94.35378102147303 181.6872167260296 0.0 271.35487792879974 93.70501239652377
44.80865130604134 106.81056859435735 46.3354677240453 51.632947289256 86.97508464953046 0.0 151.7961688214134 14.392934990385783 187.87227596930228 56.166118910632406 275.27145781363504 90.15434930416485 220.07909531819752 153.9572166517138 190.61450734062345 207.3003946970387 129.4807695284579 197.64059269273673 65.79151509099643 223.15779068840527 0.0 180.864707545883 44.80865130604134 106.81056859435735
94.22608131034768 0.0 268.9691024813951 93.13280620768687 109.37100751524228 214.58747230004718 0.0 126.33250493638751 94.22608131034768 0.0
