100
69.30272961171286 26.530957417290352 92.03687032496597 56.62524365911436 55.918842222270165 70.38918645182564 0.0 88.09924150706154 14.394048505004967 32.760908912496774 39.122920799571126 0.0 69.30272961171286 26.530957417290352
72.1812227105413 48.59145377626966 102.80035365477107 72.34313816302522 75.54766351583186 97.35099866858077 38.91856151109921 94.72684121490464 34.92664744363016 61.18216707701306 0.0 0.0 65.04855966364191 17.915503285534122 72.1812227105413 48.59145377626966
253.09322695481944 85.50033308898624 227.13145098459154 120.17026177468038 182.3705423113955 117.8818182234249 193.11540998070456 205.82469542222452 144.16540860918565 200.78508897787714 89.81686400824813 196.12933447878737 95.2271565163021 131.42858989000388 33.717471441446094 103.6456186661718 0.0 35.95255837165319 141.4223388135589 73.7554065778953 144.30106829562902 48.944887843973554 165.5685677586111 43.26049331325958 219.00163896076958 0.0 224.70872222611348 53.31042042261859 253.09322695481944 85.50033308898624
131.40527713756532 74.42359076380203 76.34160944090266 126.94882025801505 0.0 115.29921543043136 10.827204577194529 46.303507560452545 48.116569486457145 23.08269485178326 111.82369524236333 0.0 131.40527713756532 74.42359076380203
40.16391686244371 33.61365919225622 44.61337642483127 13.729504933847679 72.20024817024584 0.0 72.3346485988721 28.01934335936585 103.99136161357083 53.025991864807764 68.24415899771756 65.7966252556042 48.218109148973824 66.23714404358142 36.50489275787473 55.502310595430956 13.169760412731222 61.33108365681001 0.0 43.00802610352662 16.66368719201448 25.17493297717816 40.16391686244371 33.61365919225622
186.77103482541196 49.7637929681122 155.5090969655124 95.62516863219862 146.3330276350734 139.58563156081314 97.3368257046566 122.03331557267907 57.73884864297939 142.1158419189892 0.0 129.2228689178513 6.809056546849675 72.56655551470979 50.855025138070246 49.082648335323924 77.90384672096906 46.753031028846735 102.12964343638187 7.485658639379352 158.57837717993038 0.0 186.77103482541196 49.7637929681122
164.45852807495777 95.4333575066492 70.52880580467931 105.16512169194914 0.0 8.34165992134097 119.93979468286935 0.0 164.45852807495777 95.4333575066492
116.0240857970818 67.41074514216974 160.5810987150404 70.02584804627813 198.58683476188187 116.12173273566978 149.32434705786687 141.05433374719252 111.30359419295323 152.28065782960897 62.43682823899133 181.76421274225083 0.0 162.6490055699145 20.526128812566498 93.63105951993606 17.72076189929237 48.204640515499335 60.838731968854084 34.964751809068254 93.2152734098693 42.60035343736252 131.2669501310835 0.0 116.0240857970818 67.41074514216974
208.1300961633646 0.0 180.23709173272334 200.35520366863062 0.0 189.61658320776056 25.699245197573262 34.4877213487305 208.1300961633646 0.0
103.23154904089039 0.0 301.5975705565454 9.742846673691844 153.11135004415664 187.417785956139 0.0 83.8397977518151 103.23154904089039 0.0
49.97613747027401 0.0 74.43518078203398 13.293577459993593 84.04427399769864 32.41403175543653 88.05292151431881 56.41449332706777 65.58957220758586 77.87420633218196 39.45488130177739 63.85850858520201 0.0 48.62256218700555 33.48858752617667 20.99170142268502 49.97613747027401 0.0
104.49321375267493 3.299177363801867 126.71467877977038 6.911234155436254 149.1824633550907 14.010171312389183 205.72659553334495 5.1443053129604195 195.68141624633625 50.95507842542891 133.5522805001438 69.18363749565152 208.42984917781268 133.99093679499984 179.0376146959381 173.60937064445287 117.19716293604537 95.3380097841528 74.22655170210578 201.0625016480548 29.315641277808297 172.12021514960045 30.94049262642504 111.57526919265095 2.540308866406221 80.03484053804165 0.0 36.01104902533879 78.9349156864901 37.814229557555436 76.23788431089754 0.0 104.49321375267493 3.299177363801867
74.94977606972662 86.41930728910987 59.4464438949133 108.42002043181716 26.1169353395955 121.58097679007781 17.515133268208814 90.95244249164276 47.629093756182755 61.90407106675736 0.0 41.9348461012621 28.50499371146151 29.89126169659732 48.92023521104851 26.561615303097504 58.89109050057614 0.0 79.53838686457883 9.858002474947028 99.07886294268043 15.27292649476123 85.17305804740391 48.778630692780034 101.98861335006532 52.97623212727809 136.30001153853254 72.47702362924821 96.64832008338671 76.40695629144037 106.28360495028812 114.26986384746226 74.94977606972662 86.41930728910987
150.41750899669904 110.24537405332148 172.3253795155778 184.25803410520268 129.89176684813032 142.7309974370124 84.05690433300182 179.7074107525204 74.89987702969532 133.73892110414698 0.0 107.84171167770265 103.42643326714736 83.79760818065384 109.26533153791135 67.70914527406637 112.7093015757985 0.0 155.77559971323103 23.251233998047056 143.70534932134143 84.85023197338016 244.17898446823716 60.28679976784592 216.75507957882084 109.84854971665399 150.41750899669904 110.24537405332148
46.33120947310283 101.16446294647339 32.07344843842017 92.9175772297528 0.0 81.50711083792078 10.672547160507946 56.24348923421107 19.535679443061838 34.20553978275909 44.309795276026776 31.801322814298274 59.5330729181959 16.39560273443209 86.81223110169775 0.0 104.91873160442157 21.81707655467278 111.74083710370277 45.818490277181255 139.46494397672154 67.6139998432382 82.89116503946761 76.1453236892951 94.18855092957298 100.17777031764236 86.15233183512062 132.98395104213824 61.86793895536762 97.65304954925362 46.33120947310283 101.16446294647339
79.99220423100347 8.782567934812036 105.97684248934327 0.0 125.80064900928987 16.119077726148625 165.30427954257837 11.996427124446576 157.19093327773578 47.4485626782397 164.34465843933697 74.48897191718959 130.08135251510942 78.52096970317575 117.1044869215192 111.26005985686282 87.11354403090368 103.47534099132815 48.8691629423333 95.06213392022642 0.0 64.71408327704125 19.330334846396894 10.961343118177908 79.99220423100347 8.782567934812036
198.10166577522463 77.49291663449209 260.22157940510465 113.30578539721397 170.36922536194146 127.99728757405583 156.6265675416054 141.73512849344212 156.42545289343207 231.4144208382085 104.7093146559565 213.7149099657418 91.0514832309313 157.66236190925122 74.40653110776367 135.65892062400076 27.23674528732259 107.27494800453208 0.0 45.386493376994395 95.10066925670006 62.46316034660072 122.79914322257969 67.55918434147878 136.09186009403118 86.80837078421382 216.7838030447687 0.0 198.10166577522463 77.49291663449209
141.33558553775333 11.664175996058546 190.8390729690749 98.78819562614261 89.0035004691239 124.31716370321432 0.0 105.29869932601726 19.463268459173662 15.452464995879936 83.13764388570328 0.0 141.33558553775333 11.664175996058546
0.0 0.0 49.70995056925223 4.3625680412549315 78.924268063706 16.708438926356692 66.59233345898984 57.093167876153075 30.999602085728853 38.83265515416488 0.0 0.0
315.7536561279598 144.2030996245909 180.88330522384115 242.02429186255364 32.88328714925686 241.1253974373103 0.0 95.3945525557441 87.56577917416794 0.0 190.51444930866535 49.063979625027486 315.7536561279598 144.2030996245909
89.31106643714224 0.0 119.05349714012112 47.869016975672 90.63520543947268 91.13172586387381 52.9653221727853 87.42733687580659 19.383175204421086 109.18411546759006 2.368414963398415 76.20991653726753 0.0 35.564591383069484 36.449108950325346 13.73773933361381 89.31106643714224 0.0
28.201757635635005 50.81964369973963 18.909673267200162 48.58547084279101 18.935015306759126 38.20013201695026 0.0 29.208166154156473 7.107029888070954 15.313948447568578 26.210440306236976 20.016517283988563 31.493854009331244 6.9031996787341825 45.488048618464816 0.0 58.35010910815116 8.578264112501586 52.11999203349367 26.105418236593295 44.36754614038061 33.55569669933409 72.30832750425262 56.36633704615197 47.91516410232839 53.896174788132114 37.439439227137484 57.62695348145944 28.201757635635005 50.81964369973963
56.92319233734577 123.61749206063885 0.0 71.49083066747386 47.066924168432735 12.850936120522505 111.22409250933883 0.0 161.82503714232195 19.624347971608202 191.96030227558876 62.722503357937654 212.89361607842983 131.64479045519215 144.68471860436145 153.13282445722817 91.6939934335137 169.4240170517903 56.92319233734577 123.61749206063885
0.0 94.16859152026782 1.8184609926981352 63.496409583380256 18.97207995422704 42.29659014505094 23.02493281287957 14.517878393633495 53.08209924993686 13.532755926678725 73.92278121284764 0.0 84.70686340222124 39.08079029040758 110.12971976902966 30.984394023837766 140.57320916154487 41.52386032601751 119.13956667375314 67.0563280004756 144.33934550567267 99.53754812665173 86.59068110528699 79.64165584789339 91.25572903465913 113.16420429758782 72.43876922892092 92.54886951317839 44.15552995430153 130.92665134146543 57.569943002880365 79.68939302520016 0.0 94.16859152026782
61.34141793315332 20.8508561606428 84.56488020631225 29.07424552537349 56.77763741290104 44.73933610265623 66.57676334202364 63.624694253515706 52.176932123520615 73.2858269096536 36.61250655989052 69.95244913929889 27.32689567776667 58.8040022541336 7.5715779093501965 58.320348523906794 6.011343116203108 41.454507487834654 0.0 20.593937132752508 15.187150642417919 5.273386945288799 34.571205607304805 0.1774235636787509 55.27937269193967 0.0 61.34141793315332 20.8508561606428
218.25523148284483 119.8809071026094 238.72191937787062 175.7305516030689 175.53452724755863 186.08602946395163 128.05924502806425 235.12041327477726 134.09873837078956 142.50742107798976 0.0 147.40433459180932 31.472302708731434 65.51515376114918 106.01761542278811 35.06514994381193 173.17952020473334 0.0 214.15879669995766 67.94056002261819 218.25523148284483 119.8809071026094
78.80382790491247 37.11354125268542 85.81727216366535 60.75996206050219 52.685167556048484 44.33234619780248 46.17966568519792 53.031123994672285 34.68489686850039 53.71798078444981 0.0 56.49377581658776 21.41061428062021 31.466545239557178 14.408994667391028 9.266568340946506 33.43934384537742 0.0 49.453960424997334 22.918748561984344 59.88565848288903 18.765210427005144 81.58637504861704 19.156033282552315 78.80382790491247 37.11354125268542
78.44292961683459 19.4178607825405 110.31079452192971 5.882201293886453 141.9717764978693 20.506469205416742 190.70556103504032 43.43203829004834 201.23610505990558 95.38130640076609 213.7550345196551 175.7071087936444 128.2082428163992 159.5245091329512 82.56063247775502 167.51443647759606 70.36092422360505 103.4813239930023 0.0 126.6010184990805 66.83571657230237 74.96899275855341 11.542529469424863 39.495913064964 31.179979598474148 0.0 78.44292961683459 19.4178607825405
0.0 76.60133503472949 3.9241804186157765 38.26852441194903 25.482039729688637 14.537278209030006 53.18787424470517 16.4939402912717 78.92744896304461 0.0 85.37233453076132 29.29781237916454 110.57470267540774 50.05747548837904 108.61246890512992 87.48449199544041 72.52029697132772 105.39442384716907 30.429864038419083 109.54141879095457 0.0 76.60133503472949
21.2162747005312 9.486713581882725 86.39153186425027 46.648998481048636 102.73239074420178 6.043270567538215 142.3656134837866 0.0 142.4281417950661 44.4633798916895 198.8423267952234 69.54953676786774 165.32565928826028 105.68882511938982 162.99550402661328 168.5030278101512 106.18224194660868 145.32721840627983 86.66189513721682 96.58612194385452 0.0 160.68500577879888 37.68340747988393 86.57832496716745 16.473186350020185 52.52261489641751 21.2162747005312 9.486713581882725
115.09279992532007 9.89093207450901 113.2453647705374 72.06744120289488 62.74686581604507 94.2340128409817 8.126349861279891 102.16196871668944 0.0 49.23720486657156 6.840307624641838 0.0 55.587239589176946 11.875944823255367 115.09279992532007 9.89093207450901
40.4015640329732 0.0 77.16977490135523 57.208553593781645 117.83968142142722 48.34672614196456 170.75758213547488 78.09471895954428 168.0112146575775 137.79541430700993 103.10001401710421 147.24905852500655 66.67821406079524 127.71903048416493 22.69867358841551 155.8828255606274 0.3539780151574945 119.39776818730132 0.0 79.74350187827709 1.8719899781714133 32.759432752041725 40.4015640329732 0.0
0.0 22.90992514963324 65.9025245170461 39.15809260154796 84.58721105010956 22.811288398693492 106.92116844812695 36.85754788118102 164.65264584801082 0.0 213.56232713962885 26.003108519110924 147.33524683798663 81.7748423351807 177.96324547312537 116.42695556754394 176.73313115832212 167.26830744736725 126.33234846656264 165.13930728114525 91.33239121609878 199.93565969691474 60.6609890597844 154.23422770470438 33.84456549383871 134.83078963174074 34.07553129471591 100.45978270265043 11.21406974754197 72.73387277832299 0.0 22.90992514963324
76.4978941155683 29.808235213178392 77.02238381032325 46.20509030590793 61.84236504268708 52.546839301073476 47.43881575686051 47.789166278364135 40.294766820266304 38.30358620961502 29.439631704722785 40.63267327135401 18.58226585308735 35.032321516869914 0.0 23.504400309719543 32.69444965842855 17.68311664713373 34.578759489250544 11.873092991509253 38.785394761775805 4.428248404922201 47.77414723347438 0.0 58.239298709252154 2.0752837100499306 67.82125075684203 7.331228939206838 53.94583046276027 21.392635625914295 76.4978941155683 29.808235213178392
31.85280846198367 33.239135267089935 20.01219618428472 50.450828767797134 0.0 33.16456600068841 3.584189769754417 0.0 35.83646873605831 2.7497602300938127 83.65103125544037 17.028086155883585 31.85280846198367 33.239135267089935
49.848118391773255 146.87857361454886 5.5784276269683915 107.46533842342197 0.0 46.551813932866565 44.28200509218536 11.045951366442537 86.62260397363492 0.0 127.02267901872824 17.64053564026821 181.4200789017675 51.014929443179525 161.27547275785852 116.00643484198079 100.40782753356154 113.66276642052657 49.848118391773255 146.87857361454886
185.8318165774262 26.235925029205767 225.51367158693654 83.97593526767247 147.25286376728457 78.27384455456695 99.27565217087641 138.39313012030092 0.0 86.97627079433153 65.31102034620224 0.0 139.31527117945438 5.103794303214151 185.8318165774262 26.235925029205767
169.41253426453414 253.5129840618116 115.94383926253423 271.49330742379357 97.62528877538898 199.5759925649611 106.9815706374012 154.8034456086404 0.0 150.2051304234489 59.59354926042326 103.9069585168849 96.59918007051257 88.33169685206396 88.97428299189724 23.06853861298289 131.16505648687703 0.0 181.36625955751913 0.3996989736763794 222.0637651144591 30.093252449848038 252.62198646028997 64.91539919431207 188.2009596975997 122.62426627513508 227.9320842140118 146.89513235057495 342.65095695796515 267.5793883786592 250.2098628995393 297.0347041012943 169.41253426453414 253.5129840618116
21.523555367129745 37.20106880555999 0.0 21.06515326609871 19.114848182119843 0.0 53.78362419984015 7.236507236416578 71.19714719224555 44.947059141538 38.34349805787909 68.52894706254418 10.424190323890272 65.58820268155876 21.523555367129745 37.20106880555999
166.40182057335772 83.9945197748684 212.89747359225518 153.5869972936932 146.89052844992722 199.9886574491962 103.11302462966624 117.81351975223689 0.0 155.2440173647912 45.39936383837829 85.72164906513504 72.653247885253 33.39568806998267 150.54936178090506 0.0 166.40182057335772 83.9945197748684
151.06504631300854 51.550648872991744 257.64526986833846 78.57873744150879 247.10768785191772 162.48782521020178 173.24231200762102 198.02018220742966 103.86621049368965 161.545155158904 79.6709133818834 124.69313764076816 25.648317592919597 133.01683647681503 0.0 89.48876385330293 28.764969206736453 45.1409627215015 50.14031265130942 0.0 99.50869404394595 10.388533079276272 141.62246721164624 6.818439067533262 151.06504631300854 51.550648872991744
114.3025105891645 0.0 140.9162129475286 105.90283431319568 129.45734703424503 139.19304020670867 239.69701509998603 194.14759394167325 151.62828234080564 204.83683918919974 109.35474845341018 195.7706124402029 83.45674267200823 180.53791719396796 68.78404444413621 156.8296937624558 0.0 104.17187805197386 39.864300395589794 42.19228253974602 114.3025105891645 0.0
100.08694950948536 39.62504638751058 96.8566026592028 51.018674872745294 114.49436105059961 81.3956805346408 88.29308832154263 82.81514955388937 70.1492331818779 82.85967401716894 66.03434474969819 55.489278748555236 0.0 92.85156994275977 28.00153916024979 49.41187118949642 18.6723303694383 25.063848362900856 37.14854052249933 7.212578028427039 60.55232666460145 5.17122152645284 77.7635131695486 1.5188432316158043 99.37705184262337 0.0 98.11865848988923 26.228428031897963 100.08694950948536 39.62504638751058
27.55948567674872 107.46344460997693 0.0 35.27821571985549 57.61395770176486 0.0 75.34930830348009 47.63851250034822 141.80707640798198 65.09273033573734 83.60748050205349 78.52771171947873 27.55948567674872 107.46344460997693
153.39317364365792 226.39565960761098 107.09743227380949 185.8328433014567 81.83219423381502 160.0023849512928 27.853579246965893 144.38530983865274 0.0 91.17617120213204 28.330422475056054 35.04972010490937 93.55618703081413 35.78705737396308 135.0324798801243 0.0 165.14414669894694 48.03786432642114 265.7465694356349 18.75421371815871 218.7949847974251 101.19159969125243 328.0462855894257 189.1961660692815 211.6773054349415 208.54945359136576 153.39317364365792 226.39565960761098
92.77113555179888 236.75028721966086 0.0 161.91898686211113 52.998738553227156 0.0 255.6920835876333 50.670130400190715 271.08911960164664 264.9474691282387 92.77113555179888 236.75028721966086
60.96486813739031 7.962312421764636 39.595074238125676 12.92300267475973 0.0 9.133381178867353 39.82738309004151 0.0 60.96486813739031 7.962312421764636
123.03434028308183 192.689215521093 0.0 183.2023354009441 66.66261515938875 91.42365528676258 118.30311319943375 56.54695273925085 153.80672347259696 0.0 198.88966266074902 59.00715274320098 281.94750543551334 39.6179890263207 340.4374889771557 108.70131694331678 303.2398829757607 185.11694658929758 176.46245659722732 119.29766897618117 174.05857477335022 175.0202561551539 123.03434028308183 192.689215521093
19.944243042905654 165.69229603511133 0.0 90.48059258033581 29.514097261833115 24.39316853200961 101.44540273611587 42.32653590845511 134.7463970930916 0.0 152.89002219922293 47.70203281718413 212.23150298655838 69.69027710390999 156.47247432869813 103.57334061179233 133.7792056184789 118.00749207899449 90.97464729835825 189.72311776007572 19.944243042905654 165.69229603511133
144.2138115147132 46.86220081994277 127.91143606055356 110.89860467454574 0.0 98.65421427754103 85.02223700591178 0.0 144.2138115147132 46.86220081994277
235.9134839313888 187.51448792549428 184.27002959684418 223.95699221875822 120.8190323300654 261.9146557417888 104.28958915070122 168.97713471368354 25.145496055901106 164.32077230349077 0.0 91.42491148289417 47.894196362833355 29.452869208405957 126.01452773400742 42.035154829344535 196.24520861587038 0.0 245.25285983782229 59.744848153632034 290.4238009948501 129.4205034854017 235.9134839313888 187.51448792549428
234.9039586939459 57.23704994773378 258.8273814166235 100.43020510989146 264.19845709574645 153.8900423513747 223.63124344743036 192.33356699032356 171.78136294073983 201.42309371596662 130.7448341463073 173.97296296433234 92.59400817273745 170.5075887068699 0.0 173.14217219579916 41.25177082966995 104.72366780093274 19.108848623677417 44.663977850491285 85.10947814203038 30.510092159880116 125.85333939013455 23.339905389863688 152.15567790264475 73.77351874924494 224.9519028371454 0.0 234.9039586939459 57.23704994773378
91.3687609469452 267.09324105019806 0.0 229.98714340383754 87.06613501628817 149.34574501956246 42.33472855075027 25.376337475233214 165.0734970117863 0.0 203.5280034354828 107.12921473141466 276.2814657281891 195.85487473402074 169.21377744766127 239.0832325013536 91.3687609469452 267.09324105019806
7.665869785122339 169.52043410798393 0.0 94.09236398576479 35.81151625084178 32.73730260962766 109.27186216659311 20.951350966782243 162.41313297059537 49.555051831335035 220.4513654070854 0.0 199.7397991037871 93.46940826029925 332.5444965376465 77.84764043337668 280.44861881499577 145.55533166470258 258.3933548234172 190.67200384443396 261.6148804125697 303.3304707871845 169.0389055490358 240.91672985193367 105.20157337295362 264.49172085022894 59.706917122441595 219.9891861998443 7.665869785122339 169.52043410798393
36.15488354783318 49.63720004625861 10.912962499914016 50.866918364034746 0.0 28.498856348965106 24.009170791103628 12.455657335066377 37.51012253150452 11.071562659536966 41.273565517903094 0.0 51.536854248613835 1.3440438150830403 68.53659422988275 0.35566628497809916 74.90335789030365 13.965867969509233 58.87718215019876 24.31685818408083 57.80548074790697 33.630749592857 47.07190859319536 27.24231364767762 36.15488354783318 49.63720004625861
357.864072447647 147.7999855467818 272.0210507209891 153.83002412263653 292.0048042522353 245.99758839041465 237.48038426812207 334.7950533075127 162.56803975656496 280.3516452097773 128.15136661950197 213.8632037229385 78.08550999222558 175.72464423582107 0.0 111.60565192018258 161.74881402407885 87.28926624498429 167.7478911959451 49.02475744013893 189.50437375150386 0.0 231.90914769359142 49.64077412584484 258.2753644339058 57.81120498639261 362.6690634667143 16.751568398111317 334.3679854832867 93.86122895059664 357.864072447647 147.7999855467818
39.998755725086895 4.656090922504177 68.54024520041948 10.207589472623056 58.70267189034411 36.39838444305161 36.05273476741509 42.20324288662442 12.033382191938443 38.305938229670915 0.0 14.550500147196928 23.164790010795883 0.0 39.998755725086895 4.656090922504177
48.993865634780015 30.209190064830054 55.77646245057094 48.05243465013835 42.326452167169386 34.84282493452835 33.36159631182614 48.079546777058056 25.584317094041033 41.19233929107334 25.325351708984478 31.22191525208109 0.0 22.120587189826125 35.62658457756377 21.887404590474432 24.76650739934552 0.0 39.76537054759458 14.25893744707389 47.20069540192156 7.738368671189306 59.6207309666133 6.563635963557587 46.50768145349881 23.537562251906323 64.30952834540625 27.832978910371267 48.993865634780015 30.209190064830054
52.288941844799126 10.056557364519577 133.60829577300785 0.0 186.34939232633116 37.03935740347837 241.2240286834748 116.15681656853641 153.01604866885523 148.79570709094375 73.16982102984716 174.5711335568308 0.0 98.41660156982596 52.288941844799126 10.056557364519577
61.72776586816144 67.32741228333165 76.73464364324599 57.49525697879979 89.85322033967088 35.28461292040085 108.65687762548322 56.48436463904907 174.96678646910442 0.0 198.46017978435526 42.63528565314623 168.5866363537717 90.48518673063361 175.25914931276506 123.4424595931492 123.39763595368797 118.3562995012852 131.65035089132448 184.68489446337037 92.15265945762785 175.0108727115233 55.59822167803867 172.67639997041147 15.804132765432655 156.79228833398366 0.0 114.94164787113682 72.03656593884898 88.09211781168365 61.72776586816144 67.32741228333165
121.63218064105713 176.2000466645721 74.69528503959441 140.4106934762407 42.09999786906239 127.07695525442891 0.0 74.97587210712402 50.40928237438 35.436699413546066 120.6401156318447 0.0 203.19976684728118 41.672484961883136 186.44031401835053 135.46223774410052 121.63218064105713 176.2000466645721
276.8987646629889 1.2612662019181329 293.0694537252827 85.18242401336491 294.4592872534793 177.66958647924298 207.12903569386458 197.84400517920545 146.87814161731995 162.6216991170287 116.70393868589092 128.13979288846286 0.0 95.5212340493144 118.1167741114694 55.83095670341473 156.36024536049825 59.55490107784291 191.30876500209874 0.0 276.8987646629889 1.2612662019181329
59.473316627838656 0.0 166.3814802262804 5.447139615916896 200.33704820063934 105.91912481610038 120.34471747908184 147.22618351519293 55.167338512288175 151.53180438207391 0.0 82.67301516059432 59.473316627838656 0.0
134.48748556344313 69.6096237107057 113.04449243342148 114.08612474254474 48.008283062137195 127.26372525277037 0.0 54.6795813057185 68.33983158993378 13.740357045039914 138.40453482781413 0.0 134.48748556344313 69.6096237107057
89.69589133500789 41.73514969335484 172.72234085387564 2.730118890878259 154.15841737358704 81.1519238367884 118.96525327921158 123.07076059689862 49.73437980110896 160.6161928156721 14.247200840537005 86.77071310839003 0.0 0.0 89.69589133500789 41.73514969335484
119.4323543714864 203.82319857672223 120.74577930011993 130.80981386674347 61.1685586084983 170.1762671348552 0.0 153.84384749797235 66.69315123397539 108.84605429410513 75.74529881559465 85.97473132682535 66.07577050431246 38.823383869808325 110.14492319830555 49.30031487057076 142.2790114891327 0.0 163.2274671753795 55.457714771368394 226.04370281449644 39.79410228976225 251.13196418343608 80.83608325931681 195.20585739098055 122.51486016492424 255.20099682049528 184.44045359340382 183.3694746058174 184.97432506447967 147.36950105312627 179.43285248680755 119.4323543714864 203.82319857672223
0.0 56.05683506714827 9.3072441957395 30.001342471509986 10.775727389278018 17.49550905789627 20.820970870711292 9.330410053473713 31.69166512265501 5.524096595891976 48.714562499103636 0.0 60.46723885119788 13.193308180153124 62.471364481257396 30.278597166979154 51.1890189521381 41.559503580391436 40.35959342488539 50.95596255362251 24.860967356621373 56.748745148611235 0.0 56.05683506714827
31.38437183298997 49.415481013343424 21.871745786980256 43.29624076385434 8.491273926981577 36.924420599571874 0.0 18.942469295268793 12.077909203747666 0.0 33.250972416981966 8.18219592562781 43.84744537797131 16.228127808649305 64.74435110973586 21.595651726058733 53.311733492150964 38.08603798991834 53.356725202642295 61.055960822667686 31.38437183298997 49.415481013343424
54.95067598520899 81.52379989024132 42.22385554013579 0.0 131.7755620527745 38.83684683949677 168.03577570605944 13.789578754151592 206.00075022801212 39.159379563090326 228.74809356248008 70.69211766894334 317.05941086062467 77.72844699598139 282.0954961658525 136.88009519931762 272.9230551380351 185.21021000395422 197.01909977415903 166.83249758380623 185.7131211480728 239.56143508273146 142.4005985607336 214.7464190111534 54.70145726800757 261.4772503426044 80.96246518155607 165.75720979505522 0.0 133.2490795672295 54.95067598520899 81.52379989024132
185.57393639082204 31.35680567193682 244.2089445815931 0.0 272.9341937567201 45.7255390160088 295.7712940185213 95.51766659790268 273.506392896601 144.41602063112123 242.2775209873148 180.6796989414185 194.90968339639764 190.65888097919407 147.07123016862795 200.49896643824144 113.1446827993299 163.87957209183384 34.49249580313557 158.15593230582584 0.0 92.30158601532155 79.76375142648537 48.303028825712744 103.8752634682409 7.622000943483442 161.36083085618114 47.375714476920336 185.57393639082204 31.35680567193682
53.10555161945226 18.174886769478043 67.82038876787111 12.335853351214787 98.54870969866289 0.0 117.64786298263593 21.560852864852528 87.28242120734632 47.33677611172785 95.83173741527406 66.0356603168897 88.81947076105891 91.73178344209853 63.76761911732466 78.16699693640246 32.24498062021031 111.11266232826296 46.7611975005544 58.278772488093885 8.882563010852252 56.09086043725461 0.0 27.185809789055135 41.73709060351358 26.926345516494315 53.10555161945226 18.174886769478043
126.93653571967265 116.24451485058549 0.0 70.1539095226422 119.78032127616184 0.0 168.12329711701784 52.01208505338283 195.56894910826853 115.09888492883329 126.93653571967265 116.24451485058549
35.1113988263692 6.400419140447525 57.01023646704152 0.0 62.63561386260953 24.44364764597607 61.684354257782616 37.40095053745313 76.97905714519663 64.16650188906502 51.40781986077019 63.48289321129336 39.180855557413466 49.421242261611226 12.225216949847066 57.50446898460132 0.0 34.4650327338079 22.698147535083137 19.720399368572714 35.1113988263692 6.400419140447525
215.01851182290912 0.0 146.7349003355849 99.48978775198667 206.3910717479454 105.09209434766929 244.54549405566584 172.50959207275525 171.32708240969586 162.00670769996708 131.3477243493086 208.17898383147696 128.38369654247168 123.92415181086848 71.20872347154845 131.4040747117732 0.0 82.67297806362028 109.99326736018185 73.05988220749983 101.55864329436932 2.3940397035071896 154.64876527388606 15.173068706446259 215.01851182290912 0.0
71.77284830460418 3.339096385682417 79.57996077342003 19.53715614017002 68.06520100512611 35.83384140679639 89.25436283632408 56.56257802344769 61.476889848514375 55.04430177773633 52.10128477689568 59.771953442629275 39.70110090669917 75.95397963009466 24.53016891797799 71.33822693452183 23.968894287764257 51.381165493487266 0.0 45.87858937263035 16.32487957154433 30.61664330013729 28.526191342397667 25.3406866723113 32.77548380681246 17.883085145837022 39.2831590066681 0.04247887664615746 55.23831694634191 0.0 71.77284830460418 3.339096385682417
85.08857617842564 0.0 131.4982612295716 23.972437961021782 87.01533617006987 52.56743761244903 89.24030405510884 119.79050484681576 0.0 111.30091195545941 39.07561788503341 27.399023961029513 85.08857617842564 0.0
0.0 119.39492199224401 9.190262790384182 73.14794375149827 86.12876075830772 58.61273585871734 30.37708753223835 5.481370414243145 68.4215354516265 3.263003092783414 94.57790085570531 0.0 110.16907725838949 32.052734244879886 124.99612147669218 36.207335701824036 164.5160346914821 39.365737232405195 128.82482312961653 64.59810006708801 98.22518812362057 62.156052272738805 154.92942506197238 139.47034053808613 111.48388863912601 128.27910984861037 83.02456671500255 134.87842546491098 48.19119425327331 128.95273326543213 0.0 119.39492199224401
76.77870065536773 182.92788959676056 33.648565193523865 181.44811264313313 0.0 150.8954895554685 17.662837352181896 106.77676288195151 9.746161459636468 58.98349878180211 60.36147460332597 52.67070496140044 85.05934167916129 0.0 129.1799064657361 23.231699833276124 141.17926544417253 72.92859071099053 220.54015696800542 70.92741897439366 288.91572693171514 136.31062009252287 195.62785687575507 174.7820943343396 115.24890916767617 136.8047212212486 113.19282879764998 242.62921158373297 76.77870065536773 182.92788959676056
193.4707628232503 139.1774013304235 110.04196582101096 114.2884034596841 0.0 103.91117266515991 46.1993282936525 0.0 136.4995499772285 19.357241231414072 249.5026538938552 34.0843933722725 193.4707628232503 139.1774013304235
154.27702480245784 250.0856031035453 107.48990213486088 259.0061755018892 89.01928985675123 200.4831680967056 39.18041023066614 203.62736192482984 0.0 166.20281088660323 27.81577833396416 118.76090323478019 12.773021694412876 22.61179610266251 100.17526360411023 69.23186752153939 168.64073150427333 0.0 194.13282612577052 84.85278110814177 150.16500886468356 149.99447385110992 275.34799110010283 195.0530432602446 170.78573327147814 205.30282563641296 154.27702480245784 250.0856031035453
76.37563188830521 84.88291578046707 0.0 0.0 111.0310933355908 34.050514464410114 210.42509659471727 31.35434430503291 146.94240799516484 117.02128775708411 76.37563188830521 84.88291578046707
71.97901748617298 161.11332781266566 0.0 125.7010448129647 22.261312839218746 25.813926159047057 123.44724723750114 0.0 258.11661008103715 69.03220313006652 171.4496980537357 192.77913355179305 71.97901748617298 161.11332781266566
207.04010816257403 68.47150737138583 112.64514343650922 156.5571169381337 0.0 0.0 168.92834683934277 7.112520048422773 207.04010816257403 68.47150737138583
29.606683538274083 5.328630509820385 40.591445552736786 0.0 77.26721676230463 5.3075074158379465 67.0530959638611 47.24691190584595 31.14273094484092 24.26606161959384 0.0 18.960389814145884 29.606683538274083 5.328630509820385
152.92939875666312 52.283147300508915 215.21207544379104 125.44819786054583 123.55309579669718 205.23195656347582 0.0 172.80247433796666 2.3124080014421793 43.68583895538652 94.62429811698269 0.0 152.92939875666312 52.283147300508915
154.778497037913 145.16286574382093 74.82697783740133 161.835170895272 4.944578702101012 113.70493932382197 0.0 18.358796410643208 89.72806668469602 0.0 141.0140986739042 27.4451668179426 245.8161303120125 79.46378152694545 154.778497037913 145.16286574382093
87.21420459081587 0.0 157.98115547742734 25.430662204133675 111.32565947113395 88.63293562368432 40.856968061311704 89.20513226725083 0.0 3.5105738707697043 87.21420459081587 0.0
33.795454722475824 45.78654236977886 0.0 34.73920339965217 35.57053444633311 20.524901602696502 41.75560612484733 9.196461220454594 59.2604749251862 30.889198385845177 69.03410157443882 0.0 81.32056669028616 9.465359753957884 94.18646384793149 20.724096776677257 84.13251630888796 36.141170100294985 82.01925827288343 49.1695014851629 73.75880746899179 64.65810750569149 56.816582616637575 66.81308710051611 46.01449773290676 51.738901667791026 33.795454722475824 45.78654236977886
153.8587302135452 0.0 139.68305815758146 68.51449550315454 186.8449617687334 128.36218857287062 109.57494319537062 133.12424205335114 76.45840101934847 126.02880319260115 59.6666201692683 106.46925568215573 11.008878431178488 116.72298134853747 0.0 75.96897201904964 1.458328164834228 28.910935684789614 45.215870020370886 4.0187398244773505 77.50495114315855 63.436295068077115 153.8587302135452 0.0
13.774741579641656 28.283170838106145 0.0 20.467379533462648 17.919189400810012 14.87827720124183 14.376543357039267 0.0 25.559606094884046 1.444174222092954 34.345560699576936 2.7593676470505244 40.24388668216328 8.707035008905748 54.89430152783119 10.27181074056682 61.68493476145473 22.449458332680877 54.590550268420074 34.16602420678879 42.86485906670039 38.53901764744607 32.899715070573535 38.74497563146973 22.95954141673414 47.57980604349595 15.916397745257683 36.79543444424259 13.774741579641656 28.283170838106145
25.87433325058032 52.71007155195409 19.69633323026615 46.48837172844905 0.0 49.89855647403958 0.3835654587617796 36.040722996970885 3.1505561646605997 24.424603418958014 0.04646145911740973 9.021431464664317 14.188331135460501 3.0004609752418787 29.385324727189087 18.11664958304749 39.3475235313483 0.0 46.4908419715058 10.910432394983673 53.19136990188359 18.159535328040135 54.56526525362226 27.765912796094923 83.96379164129425 44.70141881217273 43.415780556635326 40.12904991100666 46.24242234575503 55.44441380780468 36.951846779277574 66.89277644535417 25.87433325058032 52.71007155195409
34.355210997272366 42.53519716485869 21.904386607688977 42.832490222792316 13.431509968390245 35.46619938646788 27.688196855076256 22.475492616009547 0.0 9.403588679427415 20.840970635090883 10.84399848344242 28.96363308729117 0.0 41.35889604960677 2.6274613494790913 40.354665894290704 16.903323626066722 31.518073717644654 23.032271352265397 48.769053400492794 40.02953056608092 34.355210997272366 42.53519716485869
118.46577469050929 29.706444268804304 146.79776959416026 46.41964024549041 106.81675338526931 55.55076113815552 118.38973512532274 86.01549951248579 91.33185010144636 76.9234282840195 78.10241321957486 78.08219753149372 62.634070745508055 77.93047777569667 76.46778135658465 46.17293220539311 0.0 69.90495461200275 35.82947739822299 39.31170466960124 58.1860105714061 32.03175749157296 67.27211664049666 28.792867863467976 72.1835114855231 20.11764897883991 81.90183800924248 11.857549430595412 98.9735592863596 2.9326046124849228 127.80949117287238 0.0 118.46577469050929 29.706444268804304
63.16385976290924 33.039824700823004 85.97861515592261 17.407783611159395 108.88444536995041 25.315120922334316 86.86336352201246 52.49318210523175 118.53863928565414 74.18064657530081 102.12539738305 93.12324776238373 75.24432631389132 90.44241422497146 60.8415765762152 100.65205879115334 49.298772411813076 80.2241708473632 22.843247399129325 92.06557143736566 35.350265245643484 65.96957847979027 34.60197990467242 55.36193409947961 0.0 24.571786366327757 40.58794449544176 32.85381273694804 45.148003206117494 0.0 63.16385976290924 33.039824700823004
0.0 29.893640813377523 37.11148013297063 9.858447139186445 58.8394798438337 0.0 79.92235443759206 2.576874462466897 91.65664663590323 17.543593430240854 112.92914076642066 29.08504911488091 109.90503256509484 52.96707272450865 95.24827910736022 73.30861151558577 71.79558534641426 58.96067617004645 45.41973208647509 81.00797763723281 28.788415074656882 59.24541391717903 0.0 29.893640813377523
108.66291077977719 174.65779301975118 17.856102036131432 181.57160613039855 0.0 109.5937284028467 111.1770993929583 125.84998266662888 107.72539467579455 0.0 167.08786779980142 70.53506532856315 244.40640549497408 74.57843661510722 344.9199648827271 148.91034977780436 278.54727366590964 241.13897590023834 170.73538711746238 234.76783306665988 118.65154145896821 235.2185080244921 108.66291077977719 174.65779301975118
0.0 24.48737694209307 43.342016455247204 0.0 118.15497110761052 16.793427938078658 67.65560146998547 74.82629604597014 9.216180616162063 87.34458968748788 0.0 24.48737694209307
373.06624673424585 83.42181228576146 306.3015001671377 162.4802386779537 254.0457640593978 181.53425833068906 202.95877434252327 243.2209450195866 130.22218409339604 205.8233244418949 0.0 120.88961741288728 83.79030104636692 0.0 218.10493416292417 54.569116175593024 247.95882410276198 98.4849517013713 373.06624673424585 83.42181228576146
82.1418247167437 143.47142920799678 44.77397141165682 112.55533358615193 0.0 79.57153034084499 15.85690345583592 1.7763810578390036 94.98584207269701 0.0 156.22284212404253 50.00008487466374 136.47299147041332 120.44553659394902 82.1418247167437 143.47142920799678
161.5705770606314 0.0 220.35094171522672 59.785398574343816 193.9909952897119 155.92586399678646 98.20507416023665 146.33206184576497 0.0 85.04840044877452 86.99734796805399 5.78561289362208 161.5705770606314 0.0
