100
248.30079171693333 237.80528622725808 196.01292694364798 272.77835260478355 114.77128329497634 289.93140328018137 39.96965951403473 235.87547057458266 0.0 148.2929137839165 120.21170661309989 109.04328188629674 138.96393618951134 44.00908796221971 213.14715702478725 0.0 267.0026341900388 64.61830298246234 313.11643822266825 123.12843050550909 347.827146602369 211.80945938699375 248.30079171693333 237.80528622725808
123.74481709165936 26.270299994483437 150.39888358736215 46.97686906348452 167.55276780743822 74.76796432337929 197.32627339097183 121.94268454396038 139.16003321247118 129.78598006762556 109.36468174538464 119.53992323776478 70.99640948602507 146.4169414300711 0.0 137.02215267145115 88.11892984535004 84.28101803852894 4.319594197096876 1.1070980808855353 80.72606150352959 0.0 123.74481709165936 26.270299994483437
96.91960259259233 131.61362493045328 45.8928986719383 120.3111071470339 0.0 90.23210083379807 17.084318239064316 37.645937117325715 50.14516774016134 17.713429411473818 79.44308895921571 11.493760798049742 131.97468067265234 0.0 113.57922069019298 53.99893194810814 156.66640510037837 114.2746487451697 96.91960259259233 131.61362493045328
20.852865312704168 10.675787840554264 26.615496851731137 15.224356145517461 44.6719146802007 0.0 58.731836024356824 7.477391039818386 31.210455086042217 26.24041518666266 45.147646907124724 34.17509541643135 44.96398319818918 47.51888449405338 30.49284141126911 43.57408054537774 22.998397001572684 41.82445728132869 13.87006151373636 46.280481253823325 1.097401753789498 45.50523778880901 0.0 33.30734169884114 3.069125611689799 23.924874224269686 23.90371039461442 26.901226092771097 9.165703384719961 5.070837038065804 20.852865312704168 10.675787840554264
132.46883098780813 0.0 203.61632027335588 58.893862435344715 227.89010195957744 121.22842135444628 327.65790164015493 174.87344029652184 240.5684142924478 230.90588130720104 188.6041704878428 259.7169873153614 146.48856972906952 166.4247277526371 87.64300239594778 232.92767987658928 41.76141105413069 194.9699152946893 0.0 116.47812362487181 66.88504425713731 66.04124690242395 132.46883098780813 0.0
94.42870053153715 18.501495930726406 148.94676894875667 0.0 205.49338042214424 22.419600709319226 180.03154514504988 83.08266342773207 190.91783016812533 134.86172181487302 141.68778527569515 158.66880627881267 55.53307964039007 204.55025590507506 0.0 125.82563343091208 19.806684054778117 39.463906923891734 94.42870053153715 18.501495930726406
72.96778645703023 121.95367413699474 0.0 119.64269210077673 44.8019432171256 81.32362266458661 20.51407638965847 18.442867126176736 71.5123126456021 0.0 109.57821474356524 51.03131123188708 115.1665871042235 78.76902307148542 198.23778969633787 45.319981641123604 189.35613276007714 93.53514467177605 156.93729060003034 123.89926222098245 143.05042360144265 155.47560353223633 112.6742884154086 191.42322241793482 77.16260815897598 162.26382878179624 72.96778645703023 121.95367413699474
26.82892464954297 60.73328833155054 0.0 45.68976139025753 34.93258493449194 26.222865101166832 39.31331312056797 11.300229144150506 53.41430467918232 0.0 70.51066713852 5.945529457706712 92.03206119668046 9.646268702800072 125.62228344271314 25.612598984513895 99.46112117022473 51.62166229280584 93.12103442542674 78.95571412366667 66.12511418651988 79.03756764444253 40.81484052070158 80.88812069324337 26.82892464954297 60.73328833155054
92.47792682150813 13.017371325495319 177.02020307705192 91.9000752822615 53.38453414158687 120.69878184114665 0.0 40.670484156173885 59.63858866654479 0.0 92.47792682150813 13.017371325495319
24.929550817826176 0.0 186.54128412823067 19.426919137410543 89.00630977781034 164.15002178609882 0.0 87.55310540993446 24.929550817826176 0.0
181.4631616113036 37.147647372520524 208.35920242213845 123.13995967373447 125.94870854312754 177.35239058010896 59.94919442321478 118.89278308161514 0.0 57.091595396081914 60.24368687690772 0.0 118.35741907110906 27.839468419951807 181.4631616113036 37.147647372520524
208.60583873860259 29.950140944196505 271.50375012864686 55.942769312433796 232.03022514997326 113.96974238829736 213.64639540168628 150.27673765719425 213.4932837506381 203.05497076914185 154.16117249966234 182.92834998246286 121.88368672959707 188.87031290252497 70.69281683205324 229.7541295536385 64.79524634577223 167.24185816727976 50.822382894481706 139.0980408397545 9.987856243401154 108.44455883561295 0.0 57.903732008662416 99.364822325891 81.87424071558617 81.9876900658723 0.0 126.06548416703191 22.992656582479924 150.28624794700744 51.99134889962613 208.60583873860259 29.950140944196505
26.28920309038304 56.310693735545 0.0 53.027588461171405 0.9172246014185816 25.879141138009103 23.028918578231824 17.021016920735534 39.197538517469 0.0 54.64891681525059 16.71373099050284 64.51112938686265 32.85711697504472 49.190675459382206 45.616643813868535 39.126274674235134 49.471699618356084 26.28920309038304 56.310693735545
26.212633443153408 1.3487819225556592 44.677062820625 0.0 49.42781351202578 19.925299890841885 42.26824329970934 38.754081757672424 22.57743999303807 38.02082316695517 0.0 28.311709233312826 11.536709011781255 7.577842967566141 26.212633443153408 1.3487819225556592
125.95299626872536 71.48630947002201 147.0281744358095 114.14710381690156 95.29593608917439 91.77107113955842 81.14819421978135 153.80106361891316 56.627235135239815 109.7995416744237 53.29258158977429 82.89820498792213 0.0 81.06844877218026 71.27072745442908 60.035979328605116 63.69162500948275 49.55117054165003 50.52259919049371 3.714735758085034 79.55947214070888 50.829962226895596 89.95836479002664 38.776946780130565 153.4371653995145 0.0 154.9787348410979 43.87507054993366 125.95299626872536 71.48630947002201
78.84964583027653 90.64243321144889 46.24465803354242 70.22294469859139 0.0 46.49579654199953 52.94780582247992 41.052039040599546 89.98252132246981 0.0 115.16153064424289 54.162319029251385 78.84964583027653 90.64243321144889
2.6958664069148597 8.038951258122253 95.52270075629627 0.0 157.9759914952993 7.713630365951033 211.9440729705837 47.8520127940694 228.75649088838622 120.07294321704187 199.69481994114926 206.0439709011182 106.17699660329795 210.84153724104357 0.0 203.85049116694245 10.781748274696028 97.61886233713369 2.6958664069148597 8.038951258122253
9.791616899647003 54.28165359901166 0.0 25.432773728940347 17.036111997719196 4.490515288896717 40.98210443992864 0.0 58.59164065598433 10.809834533101153 85.80046018795545 33.04528370641778 55.83169417571916 48.235938605614635 35.938053005530186 69.83569454177226 9.791616899647003 54.28165359901166
16.465991623044985 15.82127200677158 104.359057344255 0.0 212.39459438606957 25.851577002469824 263.06078552441096 157.43670189914118 138.46442006273548 248.5401833579165 48.89189759898779 163.65056404458804 0.0 104.26944572735704 16.465991623044985 15.82127200677158
83.0239540040453 0.0 210.14075386583244 28.28423224634266 110.76321216593995 109.43428674420491 16.603628068938804 162.067116329313 0.0 47.283518563555106 83.0239540040453 0.0
49.20567762513963 180.72211080501015 49.452976404435844 149.68081285076633 0.0 71.77135372030506 52.69981568804869 39.015508773878224 105.2136623394377 0.0 159.81377849184423 59.056827367929884 181.66760722420693 101.61029043020807 209.71856395786793 129.1970702873998 299.5753970716408 169.2743912279397 260.4616196791798 233.88400773854764 206.48563300755183 269.085498878766 153.34534336094595 274.61230356508446 107.12730041344398 272.02937649005713 83.44804317330039 228.7492805191517 61.33152275570973 208.40854701441918 49.20567762513963 180.72211080501015
249.95979414245744 89.79872962415965 141.4962142460906 149.01924131703115 175.99390884893143 195.6875751397222 137.30785690781417 215.54478125131848 115.2560833587519 175.79965134368547 0.0 162.80573226655662 19.506134383533748 62.1057461011513 103.7232874116566 0.0 177.26964775388672 66.76704196118156 249.95979414245744 89.79872962415965
129.24206217326713 123.24649176822919 64.53124051368945 126.2614066517329 25.13277150451819 86.86846827983575 0.0 16.727257082276253 76.50593014834124 0.0 121.61178352414225 21.476541726874345 193.58111704903968 68.99390179947667 129.24206217326713 123.24649176822919
60.78226383013498 0.0 46.17953589086345 25.03165787169226 78.35603482249584 30.329801915748774 52.09500741365669 40.016563631056684 53.82699568864568 53.090940329871785 35.37226719733566 41.644522144392624 32.46017183098128 58.39260534068043 25.370693439951097 47.280195234382006 7.765918342170721 58.192489568281104 15.564075396830262 39.49543195024985 18.437104202432494 32.607020854134674 18.79782149475308 27.581797726834864 0.0 2.3383584293430744 24.80476524235047 18.779376941253673 30.653688130050284 18.321927575038686 43.28486690389647 0.3073531442780961 60.78226383013498 0.0
82.69816293896062 89.88844272269252 61.623628332179706 123.36451473875421 48.614835889468566 104.55803666684777 13.116022502531479 99.49364506986159 0.0 69.43319040159156 8.188729228555758 35.92498167762437 22.539866215074085 0.0 68.58178876329481 22.16377381533075 86.8011120512056 35.01217371848135 99.02447837051653 43.610164954705695 97.0849597965834 60.51316000155431 161.67321493961776 58.47677424014337 112.12434601760728 78.84076241332504 99.07318070278357 84.96291689523336 101.25302160783811 110.56464164752042 82.69816293896062 89.88844272269252
46.17967215801758 81.7897913030273 0.0 70.61183017122494 51.85639640224326 46.256305480497865 76.62224860196032 55.43154026920616 70.46550968013194 0.0 95.67573526209897 10.116354362532356 92.05844716358233 43.23097516352053 124.90990127864198 48.14942800532702 136.29418232130809 79.37735106124495 137.67294068361474 130.68344405196228 89.27305279995373 128.90762594643118 55.192117119649154 115.97746596440999 46.17967215801758 81.7897913030273
64.63774066980108 0.0 58.02459575154603 61.140555648278564 23.16689335316049 40.94842118625044 0.0 1.6362402384461774 64.63774066980108 0.0
69.78098103042083 0.0 73.94880724094273 29.10705534448877 68.56232423829783 56.271548611128495 39.500098532145216 54.657391945094716 18.469513424805612 70.55021573074545 30.968851408473995 30.659312177401787 12.235090581503755 31.287128262028517 0.0 10.694260744291242 29.2884011734011 26.01760062566005 36.56057880069736 9.864568299061972 69.78098103042083 0.0
91.9445770845406 110.16639906018659 76.93722257573087 140.86471725590172 77.94845880523366 104.42059249388595 55.936105489879026 110.34571695022437 0.0 103.77292360289495 23.85361015580105 73.7858051671323 49.742984516438675 61.75838907943536 64.11479309216692 50.56172283248673 76.73065014183298 21.060322566025008 109.66021716326382 0.0 91.77290591695119 84.84391895101521 136.59257529392758 59.36603997725818 174.22394651371494 73.42382824406415 122.64011035520221 97.13252703678526 157.72683308058836 136.97075535457503 108.51567572264003 121.25190827171683 91.9445770845406 110.16639906018659
71.35327578697272 21.4563670040518 127.88255420088711 42.701835190561745 151.21574616159097 50.21725310874431 182.61394288532517 20.17410592379416 246.78095355306996 0.0 300.04317736520284 33.86750805667853 217.44665405270538 95.62988687358721 273.33363207887146 140.78960234345578 166.17143971418497 109.16327078567019 220.42721221877613 241.09297878489826 157.56973759553063 162.06145458790564 121.97168071211792 190.13559606855944 112.99215616454396 145.54533417736292 55.6052842352569 146.05374488473115 77.55863222423139 102.7040428912641 0.0 43.081912610173944 71.35327578697272 21.4563670040518
12.543873005287708 0.0 98.90732844943284 26.216386031271632 122.5390341674243 122.10795270230699 0.0 117.43915447059197 12.543873005287708 0.0
21.453572756058293 79.64934828570154 22.6929173823477 47.02926722834586 40.19770471641522 7.687390656863215 87.84425364720346 0.0 72.69007158206162 79.03516614205122 145.62938625084257 64.15588876462884 113.81070745248914 97.86876145212211 69.18404923439329 82.57101233935204 76.94704727215125 139.99680358863554 48.301081647347246 125.94405172066102 0.0 122.93731408052095 21.453572756058293 79.64934828570154
104.83327621256421 107.20391970595625 0.0 130.49811808759972 24.13462472873789 3.8971018223047054 171.38997590935892 0.0 104.83327621256421 107.20391970595625
8.019423862553438 33.93910693740939 0.0 0.0 32.851976833540405 0.008247528079323274 46.816247318248955 33.69662979106242 8.019423862553438 33.93910693740939
206.83234930001476 253.20326085975924 150.9485086550614 260.4927234665153 94.6272978012112 276.9312638228654 28.00253762230861 266.6983943083688 46.8758306213693 179.4538551916003 0.0 150.35010954717558 2.541748810719781 100.25950068253977 28.03025329318342 59.035868645407334 83.68747793266587 57.32002845539296 107.96957345735672 0.0 151.55549961050062 40.488666418780525 197.38300372774626 39.88212076433328 263.3987960270861 46.655210500227966 226.7211115909642 111.90305563935799 293.6357358611666 164.91869083623914 130.76336154472426 130.33218540386704 206.83234930001476 253.20326085975924
177.99246967714276 118.48246320406226 47.24454437368357 165.46488689795336 0.0 31.835951473102163 126.50776761797114 0.0 177.99246967714276 118.48246320406226
109.80403863210287 73.58700567888211 66.90880039156762 99.75994903775027 63.812973681834535 50.19849583209867 0.0 0.0 74.04405914481319 9.069373610337621 108.14178825360854 29.319651260145335 109.80403863210287 73.58700567888211
3.3560246414007793 0.0 163.43178207781415 58.11154987577524 88.6692507982817 160.7404879469139 0.0 148.95576427464806 3.3560246414007793 0.0
34.558286719254454 0.0 49.455444049382976 30.75342681926982 23.33674829380888 46.46980766695329 1.3473496106017961 36.096897153568264 0.0 6.804398501677184 34.558286719254454 0.0
49.764033524658004 120.75750225593895 153.83866755132357 94.85928950638724 57.31047111021849 0.0 140.85106687820326 28.905585445728036 174.74717165033175 38.94325945795171 196.06807965333826 52.768689735946225 238.262383967737 39.478917123917 256.74754083351223 68.73115853626035 295.86991014179193 106.64582019593871 247.1812960815588 135.55937701218872 234.8751397951146 167.82469420713213 203.17216051012508 187.13555185509188 158.94231220417333 226.42946244853687 98.76641628405974 219.92484762128626 0.0 212.29132302040756 49.764033524658004 120.75750225593895
74.25550497758813 5.1447528139538505 82.75300148098735 22.83377178178813 95.58136671417115 33.67765837245071 86.7114805493073 48.467128106623676 61.10946367653062 45.57200957314568 74.5802213571908 72.1296234743723 59.91218297936257 62.577121367644125 51.50721757106588 60.67457893683272 32.10651317976246 66.76907682437287 34.614732782697956 50.69024062792856 0.0 33.44178114211033 46.92464787110656 35.5500816707315 34.68770402353286 0.0 58.219771642427204 43.606252054657006 74.25550497758813 5.1447528139538505
73.46119807367006 18.88916184696501 70.1745413247815 42.08499507872163 79.33927590123875 62.922694257519794 55.55305027109469 70.0102129869237 40.51998045338715 70.10135324579797 26.218082431837374 79.07382971945474 10.363444221753454 72.27418341718169 3.0113920964843146 57.45498662003497 0.0 41.84388845682686 17.17847358271277 33.905455223892275 19.19156015462822 16.73217324256788 34.29602003237004 0.0 44.852448536932 25.94785687994367 73.46119807367006 18.88916184696501
55.45142607450823 100.71914710130626 31.212426856364907 100.84098997684403 25.95725744998976 72.3677398297091 14.208273287559294 59.93103785802714 0.0 42.05678727748452 23.336058715703338 30.162144384018234 17.994476272635012 1.068809742983035 44.711954894849974 11.469905365235135 60.905941381655516 0.0 82.79094825264735 2.3735729092192273 91.0695754451921 23.978144294471846 103.42293656921314 40.028664127220125 95.35525031009271 59.787448307016675 103.1826773565648 89.10070351986586 74.88002071774284 89.67817857122724 55.45142607450823 100.71914710130626
129.58785346719077 179.3565888041325 59.13579777252751 164.68372884702381 0.0 100.37302630663278 36.58455863539584 22.14981622996377 101.53626303391485 0.0 150.94164550366548 3.250884687956386 183.3982340762869 25.223938175266568 280.1768215291792 40.91794055324803 233.239364867705 112.07916477064735 233.84912398120852 237.77376676020685 129.58785346719077 179.3565888041325
276.3171097923299 133.89788500964124 237.96550469982392 167.97727675682725 320.44674310850417 297.6769009575468 207.4972209133544 256.52878932153124 147.6995751166524 316.0813420041244 131.31085252566683 206.58288791923005 89.46695032941767 195.81853446658312 124.70479508318778 149.45212909551324 0.0 83.96281941889724 68.09039413427024 42.51293129061867 142.33538940836547 60.44539265840197 187.96673619705737 0.0 255.71624052467058 10.94043170936564 361.990874209921 29.14502099863715 276.3171097923299 133.89788500964124
88.40517431210779 92.58198154540918 0.0 79.5025888313202 48.52862927908647 0.0 118.50621223090003 26.592613832890095 88.40517431210779 92.58198154540918
40.90534665268943 0.8967995027527138 56.18470427760218 0.0 65.65475097103405 11.743864875356195 38.880788730402855 29.665227671458553 51.90802041519605 36.08060124272723 49.85966056528507 44.839432138551246 37.13594060708543 37.18022132509542 33.556890404181615 58.16266608742032 24.727525989809337 49.86393595761409 2.934834961170111 57.359140213359055 7.639416546675875 38.34901544083341 0.0 26.03589140814023 18.671817696432598 20.553250549452656 16.826109619078608 4.637729359285117 30.312291191219202 9.920679007845536 40.90534665268943 0.8967995027527138
128.17143773628263 82.2903118950963 178.06969095239887 77.35534957077023 195.0241634392902 109.83707754614008 216.26028249346962 187.94668402936475 151.78219630068304 185.80034029583481 114.04986161709408 135.42134475644755 86.22841348803271 126.67373647657283 57.077605350745074 107.07525448042486 0.0 61.87050790275015 34.46566811711355 11.465625976793234 90.40425681222766 0.0 130.1946685948058 22.536483348801646 159.8506800205402 26.980505903725884 128.17143773628263 82.2903118950963
6.928874934384822 0.0 24.496838352165753 4.330251295075215 45.5970835508393 8.57189234580457 43.39024508541627 30.561171293924858 25.05623701727285 39.06622123656099 0.0 42.64632000615988 3.5867398696055233 17.77791452886885 6.928874934384822 0.0
188.3740829889111 299.81755739905987 102.88918270348648 265.5543102887225 0.0 217.1956347555033 97.08153172013327 121.84735995464797 59.61453881364494 7.300845588278321 160.76295686884018 0.0 226.7826870186335 54.3725133641356 317.1815150685635 76.20554977042286 287.2236490810985 162.58214503054495 272.2680856561065 250.7018055151751 188.3740829889111 299.81755739905987
95.52582134568783 89.5884936593495 68.67722471595559 89.90020007810537 52.866914571905326 80.86400681689943 21.61355073739429 78.7333050637975 0.0 46.033765262561836 16.24559219696974 4.384705820807902 58.6200954302015 0.0 81.6100468868735 29.347244890256995 101.70496401591308 41.022431460479844 98.4763798500278 64.58250040621516 95.52582134568783 89.5884936593495
34.40567022714471 145.8700102271913 20.033124445689168 34.16660213157118 114.5056231382701 0.0 185.4540646739083 76.1098147846057 208.15940733904299 130.00537443939726 262.6046376177003 161.56112930949465 385.06173166750204 263.2261756959943 178.27677228804643 214.47928238213905 175.7157361985697 293.347325678302 118.64495899826139 279.470056784614 81.22217058405754 244.87542122046236 0.0 213.83078787779954 34.40567022714471 145.8700102271913
166.43988606700196 0.0 199.61802424997018 57.78662350691142 247.5890244332624 113.10784446623923 188.45873402757138 158.2599795810583 169.3341843580646 224.75234161902586 106.41225840841189 207.0731387018369 34.35958603834547 212.60682804993473 0.0 146.12876981052494 32.17156220899575 86.9823217329971 68.22839988459978 56.43356581470511 102.172239983171 22.204916225708445 166.43988606700196 0.0
122.60072166213074 30.79653477121323 190.30654314107034 0.0 201.50388391535043 72.760004006904 160.72173976994966 118.27578552496202 274.512617702052 199.56643864568082 164.95128726047056 190.50062480782844 122.22719962963637 221.99362892735843 62.435137643348924 219.0528440671627 82.25014869739167 140.27761289140625 0.0 119.59835416521246 62.32083679699974 84.11214652712765 89.40196293500767 60.92227113733372 122.60072166213074 30.79653477121323
36.17239054339865 44.59556792342008 87.97002730478175 43.323231569918164 112.06466927494286 69.13640361182748 139.93602021132983 0.0 150.20495114034784 42.093284272821705 168.40238544136764 62.622719631196404 176.45040401504207 96.87235551973637 177.9895895685219 152.48862466427485 129.34355552936353 173.7850140135211 95.61921003242541 121.95654665023858 77.99297866483354 102.14215206484474 0.0 90.22660905307671 36.17239054339865 44.59556792342008
42.087451911682486 44.2422424870537 0.0 43.422015974971 29.975167932257953 0.0 44.509854113447226 29.280598929858897 42.087451911682486 44.2422424870537
68.44200502105994 138.7440579140507 40.348770879140346 131.9022495949747 26.186242632553927 106.81838242267263 0.0 78.65631884627109 64.43995764092952 69.99627413261625 27.39053330397499 11.320622087063654 84.64452154291935 58.85845400390741 96.90793436472788 2.3646663114629973 129.17203949943712 9.99221448165629 185.37695567552083 0.0 118.66322603954669 74.98748998028857 178.98645714643692 89.13761673787336 167.0070949446427 120.54835038041607 137.21431683936945 132.76098721218665 106.36058896647063 117.95372450956678 90.75075164821743 155.4019934678717 68.44200502105994 138.7440579140507
72.38034801385172 37.979210198020084 102.13076500703072 18.921361073081698 83.24572166133828 59.60090487223583 130.9717447316906 66.67277587160999 135.09447748203706 100.05385835568353 99.23346018053259 109.24720290289594 75.89878927014688 114.63215139927183 58.876470855968705 96.97930008446718 0.0 132.29184685814488 24.475243081688433 78.99413813716906 34.07568866563766 59.258962988478444 13.5194540881456 19.151499379093906 43.07319416290255 0.0 72.38034801385172 37.979210198020084
30.28841182013999 0.0 87.37747624742954 3.3649710695263053 161.1767048225666 25.701549779510863 182.3363788825011 134.35081179184115 81.52762213150369 163.04714699883115 7.7519754897688955 117.5673220223228 0.0 52.866377642158334 30.28841182013999 0.0
98.36739381498336 0.0 85.09691002243584 33.83681911242391 102.98824876291684 65.04653528551111 73.41116513443039 75.47832770691164 46.337188819315884 83.80138643584061 26.718792901891675 63.40364042220436 0.0 40.65040223425014 42.051466585751825 26.182339746194273 49.184794777916494 13.796618437099625 61.64138415604012 19.747599422207344 98.36739381498336 0.0
175.68988033532594 91.42313500640704 150.142894213749 108.987918511203 162.8448940550964 138.28216088350302 143.1604624308128 149.99323535447917 121.26005010596973 149.80853263841232 90.91296434300861 173.23444258785287 70.64622709539357 147.19450637210383 0.0 143.559960646761 33.551610031623724 94.35375303519487 94.21522334712583 87.75931854415417 54.62992593306172 18.014098928260395 107.14219044403133 57.57466872774973 132.19637710424317 8.012726236916478 180.8396512375337 0.0 217.826059638282 35.139734622565854 175.68988033532594 91.42313500640704
49.20894791250835 16.21414375554111 71.3333192392364 37.54701029708301 49.239342072654836 58.48713575324653 28.100359863969658 64.54338116536772 0.0 54.42721195804436 17.105777424580197 31.382848838931743 21.05343720115944 0.0 49.20894791250835 16.21414375554111
95.06124859925191 94.52847703404177 185.99433721872455 130.6700516688445 81.83159722018138 106.30030118288852 87.63034993275188 164.7323939062739 50.82634040347892 160.9748989062677 24.32798343026242 136.86324754272457 48.80040083139356 100.73889598056581 0.0 53.69720118996556 66.9427044700337 80.50132195367325 89.0646810756954 0.0 128.49601260186253 37.897330258863434 95.06124859925191 94.52847703404177
37.68871460680176 14.292629397092497 54.63328832391928 0.0 64.80206355897016 19.068572767044742 99.9408843324471 28.132403848601115 85.37972057020889 53.901421753628156 59.8122327376421 58.413047498602666 46.23060082409304 65.35163691829064 23.827470429949578 72.61043967840749 18.295833092338633 51.17404519624628 0.0 33.61257619802559 18.51788656444608 15.930389926523247 37.68871460680176 14.292629397092497
135.96418300740942 35.76332248428979 125.18733422545984 65.5213455142134 105.20878323099112 81.93928256171509 68.02474418417864 67.49577381063219 87.93386205645662 120.7811035168829 66.05263685795465 110.65030092647353 59.8376136387582 83.32452797147641 20.540967796953204 106.19142185054088 14.158061079787409 82.26487802908497 0.0 56.9112570955168 36.95304809155607 46.69925570886828 52.37056824539705 41.58213743653323 60.61643405692109 0.0 74.31718364337199 47.627283227338054 90.75927045260684 41.45622703085448 135.96418300740942 35.76332248428979
33.44704420987959 157.0798631218185 0.0 109.04686213429116 44.90851373577732 75.64647859576263 102.49696614514805 89.63755236928199 109.12549138720009 0.0 149.3624228043831 66.03052188443546 185.15584959941083 64.48946624142067 157.90368633708547 123.99452672737485 227.15086812378547 123.3800077997339 333.0636025835302 182.7560699395558 215.35658652251436 194.84605589651946 167.97621081171172 191.23514788405407 154.0867708361496 239.74956863108122 119.63792055761384 215.96948567644944 55.26401724427737 257.6211055968853 97.08899111474284 164.07410222664515 33.44704420987959 157.0798631218185
96.06612294816097 14.025863094884542 120.93023184311357 45.91734689567054 100.03580879356839 78.79577755638391 70.29477139407612 114.08559111784837 29.565571889136805 84.66859845358118 0.0 33.603465626770124 50.82725820013515 0.0 96.06612294816097 14.025863094884542
157.94576259053235 96.93989910202374 126.70338647355534 177.3504909267043 40.5465800138344 161.18086237405583 25.277963538742412 95.57339902230461 0.0 60.617128775514914 15.658093193915867 8.198651284347903 71.2194840475573 20.58421633062833 180.63253397539165 0.0 157.94576259053235 96.93989910202374
94.58824170163209 116.12354447677374 77.10048106835902 85.35505177354169 0.0 35.122985261168544 73.65058783471764 3.7505353779238817 142.93306592557929 0.0 209.15052609397338 57.48834004694315 223.33319461748673 187.0776445994333 94.58824170163209 116.12354447677374
0.0 26.071741214861795 78.64977129094893 37.05991966669069 144.31537717823562 0.0 173.7785187602197 67.30290906256033 164.54710900384617 134.0821700540648 109.56773789393232 163.3385899145569 49.93027518543648 150.98685050285152 7.090138749231556 104.3320460414038 0.0 26.071741214861795
50.44606437259745 10.224234682802773 44.383057341483905 22.700561858357347 48.836641804619575 27.287632076265226 53.81414098911608 36.07872728970261 57.48529642558499 51.76238513393092 44.83901706514396 54.520169036905315 33.18356711968464 55.921277039469715 23.07203610884352 50.44334206228713 20.098655956125754 39.36641888930902 18.516430516040984 32.45802477062418 0.0 25.950832861023045 5.33972122375252 14.208480413723265 18.01671906724053 11.132081902177262 26.96939237613344 10.966000004296177 33.5343002348293 23.10927038710848 45.51792362661088 0.0 50.44606437259745 10.224234682802773
62.17268632429159 38.78863961976947 54.16602202193137 53.30007295313409 35.493708847574425 52.43866348883647 23.203376735226016 60.75606739676394 14.050920543386368 48.301391460034296 9.91438663287498 38.4809165024442 0.0 29.17361543123465 2.393000766562352 16.235380723194865 12.004972407102002 7.3593860183121365 23.351377365307144 0.8113630425487486 38.933960180048444 0.0 46.87536908135142 13.212981252335396 63.888157694218165 21.78294901620731 62.17268632429159 38.78863961976947
212.15803951712732 68.89202545763986 285.92261876590624 78.57185180932854 272.56900835136037 141.49886240481356 322.25251970253504 213.08782531916214 232.30480147571032 235.49705162053633 192.7622477013471 265.6024151511116 143.5840044986808 238.96186232076616 89.54998970942111 301.24159381425443 75.48402325413835 224.12545453551272 5.85687078090578 217.7023765488263 8.851483719979399 162.75174403426522 0.0 105.10201531179281 23.77264183554051 47.281501998816296 83.36168982974866 30.75707018295101 131.2996104689924 0.0 145.08470553005856 134.67495566884918 212.15803951712732 68.89202545763986
115.3257759623024 127.92889864300614 79.17113097504892 147.06973455674046 59.54136453632556 104.74156689652747 48.34451393968925 86.13739231904664 0.0 64.06457038334462 17.144471972585734 27.518292595691307 46.24316874588703 0.0 84.0681565677562 7.044107034745558 113.90535248630553 18.90877364500634 119.04947456432546 49.0998807833209 173.56795321372988 72.0367857973804 122.70966804880308 92.50586274337142 115.3257759623024 127.92889864300614
72.84122045605343 7.512492175515192 129.83432400422117 0.0 161.73810261225066 53.84723938178407 152.00046789732818 122.44723715243893 81.957762995 146.3736745007307 16.538038135442733 108.94076480255197 0.0 33.0246072033756 72.84122045605343 7.512492175515192
111.66000160046212 195.80138737493434 59.866031882645984 165.00302881575664 0.0 90.66479595694288 137.85178421051282 95.17472425286694 160.92649723330638 106.60501872684503 204.41532791215144 0.0 299.82067898750415 13.28820517502784 268.9195462780035 109.0182426126534 257.1235675530578 169.51032470119867 224.20779323835094 228.4788034242036 157.52859687186435 256.4346072077795 111.66000160046212 195.80138737493434
0.0 117.15000486973527 47.79277523212937 61.353592193665165 75.15676820884475 0.0 121.82931593403704 47.42863420554741 128.87822533201648 105.07480486036702 74.1085339443944 113.60214718270088 0.0 117.15000486973527
25.138674594928588 158.0960751470585 0.0 0.0 154.1842400447137 72.17672574793738 339.8273055804331 83.42498852933191 201.23617073668328 205.8063660004725 108.84450495984244 219.75617980505191 25.138674594928588 158.0960751470585
98.65945129942311 95.75723766736859 62.21254307967932 129.40045698359143 16.631817183042216 108.69800041534278 0.0 65.83467629471204 7.319486859213242 22.973916615597417 36.50665104057711 0.0 68.74651784330821 25.959471073847823 102.42756686160807 4.936703532892452 138.31918669193408 30.56492201207692 147.5914444997793 79.91521571725563 98.65945129942311 95.75723766736859
24.708144666232954 213.73522212766716 33.68368729635074 138.66472752199127 0.2586007125482297 90.92204924596821 0.0 10.965550494149753 75.76554819272354 0.0 131.12637242809862 35.17578450340403 140.24901552010246 84.46313304292289 233.80308394008074 106.1994181503613 216.99973027149565 182.16075846376464 134.06659842545653 180.03413329264072 95.23407199807404 186.49562102251787 24.708144666232954 213.73522212766716
0.0 94.86734144125793 85.07452152471706 0.0 200.58760313790705 19.846383613279002 246.48651128076887 110.8593684051321 193.47304915148945 170.6802958270553 140.68907843718273 209.19115015133713 20.43677482302381 223.45927779696578 0.0 94.86734144125793
159.3726574707881 208.47675949446602 114.49407229631927 182.7958113531929 89.71065467767116 157.82688507594474 25.094901566118494 149.82792459602797 0.0 92.11833675128324 30.637998332226488 40.00087298799804 72.47488417186881 0.0 130.9183864506149 1.0391584328540944 150.29699230059128 70.97289831230414 210.94185350249666 52.19788315640683 217.94208203412825 95.90817226947608 261.2968101836813 152.74320581771542 193.6624780168805 174.89658541646583 159.3726574707881 208.47675949446602
114.16392808530009 50.08541105546161 112.26360157573725 79.07089115842842 96.54139591673035 102.00796800004355 71.05091210759119 106.15787243634671 52.657948521494916 91.73179704896481 27.645079835612137 94.99455831062892 0.0 79.2584089056725 7.126516223721566 48.90716607062483 26.7832232373313 29.66593744463605 46.92229363283627 9.542694329244704 79.0774187720112 0.0 84.54931264350648 40.101703468883464 114.16392808530009 50.08541105546161
206.21033586275306 295.9936627917922 130.5174954683885 197.71631150134385 0.0 184.5544980019662 91.77024457120102 100.62472834767608 127.44470172533337 0.0 204.90737777653507 69.18507047258926 337.79690611513894 101.68832908835182 283.6161069198473 213.72881344759077 206.21033586275306 295.9936627917922
163.60239440391976 150.6794291714688 81.72269840219212 147.86869773237763 36.06622008530051 118.05293441159924 0.0 78.9364037678091 24.256878383056048 28.940179732489888 72.86848547609515 0.0 126.95694186750731 18.655269510799663 111.39987914742758 71.36357801243653 163.60239440391976 150.6794291714688
91.7659327274711 37.238071513840325 95.33287338174708 60.512062624380434 80.89794554252298 81.55616246514877 54.0330109786625 81.16525716379742 37.43639683595215 63.35890159072359 0.0 57.822994070026 23.461343950152425 27.43332583480401 42.44492784097962 17.764167725168406 56.49756970710037 20.08728810361835 66.28532828832127 2.946412053454935 88.33364934765214 0.0 104.78277767460057 15.85859286314799 91.7659327274711 37.238071513840325
57.80403968408294 224.3016624338805 16.1760596532869 188.30319334738306 0.0 124.67391508756492 48.02632417732141 82.7091916964012 112.19170419414903 0.0 207.1380929961316 56.072372062332676 249.45194636154687 150.07795631404622 175.2126952620624 216.6533565901189 109.80119857429997 234.88634197737414 57.80403968408294 224.3016624338805
0.0 65.64668924615134 14.652987602131176 30.5680089886593 30.47046003161281 13.559959852137723 45.353350194810794 0.0 66.09604401055913 2.3666730250149044 93.39400369033461 9.637077157953883 60.9926846916733 34.09184655585403 94.4516292532345 69.40780266098929 61.47498953992045 70.2928316356886 44.31428163879557 53.74206679171401 0.0 65.64668924615134
0.15514735477106 85.67803594323027 0.0 0.0 74.58659348104932 14.617521839197366 110.25991048081632 21.11263307605651 141.42962924552654 85.0169673568191 73.69237048605025 80.12705504482565 0.15514735477106 85.67803594323027
0.0 75.94648327929248 127.557861843051 0.0 243.77082763093605 115.46177456422406 97.19916633396157 160.49324672031986 0.0 75.94648327929248
0.0 0.0 109.5187541081859 27.066870059231782 85.08342179391511 97.94383363140979 21.82754989885354 99.42411458702485 0.0 0.0
206.05081959966856 108.62993372654229 253.6640130932622 215.95239368075937 138.65382114399603 229.7741123563242 0.0 190.55805922208606 77.38178159003718 76.79449358138433 164.78252048038394 0.0 206.05081959966856 108.62993372654229
263.7245760141921 118.17638539431388 180.09495866784368 209.09432112273166 125.21430216170074 86.65155434298723 0.0 14.760259171949734 143.55193215211654 7.344419386138 185.59520109711715 0.0 254.77693202696474 20.542731452061112 263.7245760141921 118.17638539431388
172.59204922876154 44.91031127095079 98.13768308876003 83.1072201888843 71.6998729385761 120.38550854254586 16.184390947774162 116.10704613764034 32.44658824686512 60.94707043593299 0.0 0.0 64.17498088570719 35.7741305715384 104.69567065984008 12.16773037687647 172.59204922876154 44.91031127095079
0.0 3.041134315104401 41.519972639837725 0.0 65.1762187737094 12.88643010991207 93.97104866741009 38.269461557637825 64.26136663647713 64.18091812538124 35.45703614667982 57.79811498130175 10.407820054897307 44.481905699956926 0.0 3.041134315104401
0.0 27.071666255315904 207.84054183497528 0.0 231.76713689078446 201.85030987682973 41.01674048701318 222.61647092070632 0.0 27.071666255315904
26.480974188342927 36.046497810002364 3.7920859293658538 34.48683582548723 0.0 10.792801375715115 15.90594176408328 0.0 27.11832220347452 5.335086560768573 41.09409076967168 8.502953649749685 47.421055808375314 29.36473970377061 26.480974188342927 36.046497810002364
195.60003434619819 75.40008642339096 274.456511738219 114.69289455016133 201.64130528656978 144.87695068833392 161.73882312508206 150.0249794643957 139.1758444134479 168.95116131736586 80.68246797716779 251.55679924668544 53.99810915981064 180.32392108708603 50.26608490060218 131.08354245520133 0.0 89.81981363866917 91.72219969582648 79.2036901071364 102.69917392526422 60.47829567891089 114.58186343403341 0.0 151.92884994728738 33.742031914047246 218.6084792946189 8.629524786164978 195.60003434619819 75.40008642339096
0.0 0.0 29.442727828642518 6.574295923493139 42.75773781005056 1.4401902863829719 62.550895102138014 6.546406713203822 52.425029836504365 24.999462907916637 59.40312227967728 54.26129951850251 32.85757734327936 41.67595830538909 6.943970494043654 52.01814790203912 1.8452397815804744 27.051716961841663 0.0 0.0
22.540175236381515 43.14980982012675 0.0 24.966335748949206 12.631910232077757 4.093191086533494 38.910989656488766 9.482721741418104 51.88564057519443 12.032392402904804 63.10516498389063 13.34773347886862 109.6741510456556 0.0 82.23041460433592 33.47471780890403 101.66829364619079 59.892075329229186 82.47903346159231 78.4726476004719 59.75550640822159 89.01427502707344 35.674651067838425 79.72819263756108 23.668659142355864 60.06820965980231 22.540175236381515 43.14980982012675
