100
91.80980499009272 4.7657858044578845 124.75254745174507 23.81038135450607 199.58811085471257 29.60464892759368 143.62814989795532 78.95086117952374 138.7787070593933 125.14576793382662 87.08318624122465 167.9755550975791 0.0 153.4283073996191 55.85862417344714 64.86747443530476 21.16223332918591 0.0 91.80980499009272 4.7657858044578845
223.68545692876222 13.375225900965617 207.1524457625162 88.99355691958138 210.88162341589123 134.65637845553908 192.12320793250427 184.88056619542544 133.85045004074965 127.17972553434512 78.43928874758637 203.23490269748459 62.11857906409384 144.37548644624684 0.0 98.99375195818087 47.426359024550806 40.80694628826899 94.69185004864497 0.0 137.71876563952287 82.2050439963776 223.68545692876222 13.375225900965617
90.40875511133164 76.93038710869598 37.77912827390644 0.0 86.5197803098061 19.43661095135449 105.90932258078671 59.26920314254656 144.85925757715256 15.496908262231116 176.91481104217547 35.248564634757436 151.30168101264434 75.94811890816044 126.49716541129361 89.72173197055106 154.86641324720034 127.11288242030041 129.47798474384047 136.65743971360712 103.8000763085105 117.42629663960308 77.8694703468433 145.2158804432529 51.25549494967745 132.56408532096663 0.0 119.90916748025735 37.87308483588053 78.47060705325825 90.40875511133164 76.93038710869598
44.23112074202891 97.76095280118713 0.0 7.106476907190832 97.50218392459507 0.0 175.58317359012761 47.991742766955916 112.7546194021451 115.65930920834742 44.23112074202891 97.76095280118713
93.95293738765271 0.0 131.11392761578438 32.42013372601838 141.2529491649471 65.21299438726602 176.62050741021918 77.73568383842077 223.09966780808685 119.1544515066626 179.518662957667 152.0207492231022 123.91162642200807 131.03646756555685 106.92867421475697 115.495409269202 93.56803150907653 119.8298675439827 0.0 159.66865408164352 54.729237137866086 98.14132510634131 67.92541423857386 76.88235865117316 47.10006838375095 10.418374822039155 93.95293738765271 0.0
47.68958927419477 0.0 52.820575233197246 52.73835170204351 88.98392641922239 58.447730062955166 55.57224081048706 61.86091490965709 40.332677826668544 83.0680608092016 0.0 68.30913854181895 31.664281304348577 40.00586730135068 47.68958927419477 0.0
95.02821335969162 0.0 214.70119461564698 91.79731879870006 73.68221058678597 168.08899943922927 27.24356962411059 82.39993013952076 0.0 7.307602636005782 95.02821335969162 0.0
221.38658715001594 44.315073841864745 185.87705743966745 130.81406220426044 104.45048385837318 150.08099300899636 49.00193447395467 123.92766374208024 0.0 78.53714648791828 27.074763791350378 14.984327559497096 84.5712196726937 18.81726093850444 139.7194523617537 0.0 221.38658715001594 44.315073841864745
49.713846182597266 21.461279252495572 77.3615552794356 0.0 76.52896172877826 39.34119598596381 109.82578371555437 42.00434800597503 117.86920636233387 66.33362802309566 77.01870644882322 75.72413668405846 88.85961454702502 106.86320863638522 61.94002216226123 97.58117752264525 44.052433824684954 116.15411359371271 38.8175595538729 85.58877389688487 15.823185031909134 89.76249287845832 21.442248842859016 70.06245473463964 0.0 51.108163393484915 27.677621253873028 45.41341657882086 18.859011858409232 0.9847670188362017 49.713846182597266 21.461279252495572
228.54333220386565 208.45436137535847 169.90664464861305 225.78661823379582 136.53972673448146 130.31710533327657 109.1981560082632 135.56611281627988 0.0 140.06709744435955 109.87965284764047 93.21435888632423 94.64648731712649 60.827784723714174 108.75040866512538 16.99717427673248 152.08027325914748 0.0 206.61452313278335 3.14672785846858 239.25278880441357 47.57833270479986 238.27976436589086 96.54734893720229 259.01847265231794 150.37692114851632 228.54333220386565 208.45436137535847
51.22971231802606 54.73778846097958 46.32988510770646 68.19595752026271 30.214629897468797 74.05009047781923 15.017281920949216 64.82592535147961 0.0 47.214272579492196 23.53370144301465 34.19029503185853 16.229672257466774 0.0 43.54763246857853 15.344474368881542 54.3503647271874 27.019291133463078 76.34694689174397 26.010500157414974 76.58220578677557 44.45124984266808 71.92700914904067 58.85883441404001 51.22971231802606 54.73778846097958
23.405217186471482 82.55834163784125 0.0 30.11094996793907 61.53311360069861 46.765657684436434 87.30943254856918 0.0 96.56998753635938 64.95667722715638 187.578532196544 36.09487367703525 182.06145704355436 95.25744828689407 110.5073297731812 108.00855010889438 124.45893704171587 177.97412804108458 75.27812017563764 166.32773177920546 62.307577374216066 114.69895978402002 58.994590300009236 98.38583528693893 23.405217186471482 82.55834163784125
0.0 139.0685653770056 10.980376100525632 63.32784353187779 55.26093048894967 0.0 119.88023363763753 32.32858212171865 201.93354288219808 77.08416905204939 157.92221469881633 168.15854550242972 80.36995538439601 98.87251501012437 0.0 139.0685653770056
13.609435373300485 40.86800045767852 8.57610457028035 30.708963194778804 0.0 10.089649545491838 22.970374187279745 16.090038895365225 39.37649845191393 0.0 65.51684413635033 5.45816193710273 75.03817249873242 33.06863911409867 51.99377460155874 49.84391691347558 31.1587150375658 43.44061000482459 16.84913095772795 61.21030916826136 13.609435373300485 40.86800045767852
53.516132192855096 0.0 90.16723531916539 46.54801880625514 196.3981546908778 78.67952473336447 134.75849836588839 155.15771700278748 48.327821361779755 156.15517326039566 20.46771518085987 94.89143785119342 0.0 39.34775076308419 53.516132192855096 0.0
107.62738866991909 82.79909815656654 53.07950185371378 64.734907001204 24.843536171852577 64.65334200123607 0.0 31.036378590496852 30.547131759712443 0.0 63.87464327391197 14.663371688998964 74.2051567647696 35.74868610356164 107.62738866991909 82.79909815656654
25.77339119998655 0.0 45.776072902491194 8.957976851825137 40.018044037313516 30.764421927385897 21.998117257110152 38.76864406394036 1.9776555187237363 27.75629398393056 0.0 1.6191369488914802 25.77339119998655 0.0
37.49706795489146 20.93127493018182 87.68886249656754 18.316248694170888 146.61413455598336 0.0 229.32073915632176 46.79829883859185 131.7788183839081 97.21487528563429 99.9359174018646 134.28544858679132 66.58970168106552 95.7062382340898 0.0 71.48623221334866 37.49706795489146 20.93127493018182
80.54284098152164 47.12719614550953 156.97954036388202 0.0 192.78348059511154 83.76178765930052 252.72447931818192 135.7254604995045 327.2933312027634 275.11248148304884 175.04235903740965 269.79985451730516 91.25422083911602 274.43655669705134 7.711779099833876 244.77428318975 8.94632209952664 156.58227044458147 0.0 70.57327150465046 80.54284098152164 47.12719614550953
135.31340195707426 141.76646293711858 98.17280146533821 128.87641292641072 78.98453966093828 101.79910106193154 26.180807428205064 158.81078854702065 29.112749254433695 109.36823372553948 0.0 85.73743288905165 3.634232094254685 52.73861894718124 47.6638303311729 44.6926909446414 47.04467985486968 0.0 83.57139676798282 52.129742258711644 101.05535301768742 33.49519071344002 160.10031411343383 4.2283071885821215 239.267036064332 24.187476412158922 218.0325900270509 90.22634033182504 188.68576568249637 135.0331349715528 135.31340195707426 141.76646293711858
129.50766776851768 134.92718149805233 87.1125639008341 123.29511409831119 41.06895712349325 128.62809302237898 0.0 95.06540309643927 11.635185672387507 41.791367280900886 51.85271313938998 17.261463307543252 83.35187104499883 0.0 108.12038933284337 29.0134083204439 147.79451810155243 23.82920454894475 177.12134186757106 59.16924643367388 204.56322673451228 128.56750329646235 129.50766776851768 134.92718149805233
127.1297685589305 64.92539700790533 195.32153751824708 0.0 233.7899649885594 80.636309410401 230.45145126007424 134.42249541803406 253.21136566811384 201.1825164586005 189.02843787852618 218.90923084768747 110.7929595198365 253.0004335859494 0.0 209.33610849482653 18.822544204129798 88.67183107887077 127.1297685589305 64.92539700790533
133.80009852952642 0.0 260.83177062283414 6.548324356913696 173.1636784725168 126.35099732241653 227.09773245930083 240.52719330664274 139.0245424851094 153.05014803066956 0.0 181.86746065924103 54.2811384267429 66.54555150093759 133.80009852952642 0.0
100.99707419484761 158.63968492744618 0.0 73.51631367396404 96.68414390895765 0.0 211.669805582406 67.14435130272008 100.99707419484761 158.63968492744618
106.78872402046021 64.06375588732028 159.92462049547146 70.56940305207864 154.43954528982704 105.18204799571417 128.4499937318592 127.39263447206211 103.72032744649267 139.05191146759358 80.18982015676971 153.99462341909793 61.18302808621337 127.80155018714991 26.03570659187399 139.69403168933917 0.6131188814355681 118.73546585835787 4.957180056366894 85.10503577706866 0.0 51.723179483459845 43.6406700953556 49.58468858370729 61.18027804740143 37.23564726466951 86.38911566474793 0.0 111.30138183022818 25.355148000855763 106.78872402046021 64.06375588732028
54.25879945878279 165.44382250856668 0.0 106.56764409986711 74.79498624086187 73.43869508261331 123.0048572311727 70.23767737572479 157.8856402024449 0.0 179.80629796913126 78.77285083292401 211.54482611051452 89.2327136506985 262.44407532833964 114.92880954119808 297.1589368291758 182.77395536704017 231.62315493681052 220.37176239609272 171.56008017210158 203.3113757944429 139.8407853674618 182.96595092015002 72.93483183369753 221.1773139991983 54.25879945878279 165.44382250856668
0.0 0.0 26.589363156915738 4.818803471511899 33.48809305384711 8.452043155868779 52.335193241174466 14.645342763631206 49.81960636202406 41.36945971225967 21.575106394665653 43.26603767364631 14.443970138794612 21.227375932735313 0.0 0.0
191.57853431904712 95.15052106987032 259.418604043296 118.57133238226804 213.30956458793892 161.14625798564373 199.0414101441036 210.08365387930826 147.81763382327887 162.8417101252855 108.58472118582968 195.1114519767844 39.48566097321567 194.10526614144464 0.0 135.2215790961053 64.41233386918107 87.21696866121943 91.75944370232116 45.928373260925895 135.59414784832515 0.0 188.3702490870608 41.88201973938773 191.57853431904712 95.15052106987032
76.5831727815976 126.85578085261038 0.0 112.01623599040391 41.944037255969874 52.7798699234812 69.03431387602453 5.488745840721336 127.07912274147755 0.0 181.3099703651808 29.342520965659162 179.6659920030906 90.0935459488357 173.93456601410924 154.47506871748163 110.24942761762405 137.619663577535 76.5831727815976 126.85578085261038
125.61953369097 123.874533606625 90.16992137788355 147.58304040053497 61.943272451716695 113.41959653833993 0.0 81.98599717076742 42.99725077680483 36.99942840318751 86.6324018023785 17.175159572183134 142.69486343938107 0.0 188.5357556853908 46.295408601291015 175.90687131854523 106.15698277856958 125.61953369097 123.874533606625
116.10829516671217 32.14010915713935 196.232827011958 0.0 214.29972687028717 85.08210206829831 295.2000389472362 137.59571867479752 227.02324003716632 202.1527519646827 165.14727245205484 232.8257932013784 86.61130897817455 263.3843039217936 0.0 216.30453236235877 33.794448437111924 120.1192720961639 66.6403312564178 65.13475926369567 116.10829516671217 32.14010915713935
104.03763470650037 0.0 168.0500609543641 51.60139100539881 140.66767693900536 145.24766691918697 53.11827428795671 125.5954429595532 0.0 78.43456225570546 29.220851680370117 2.2010540622435286 104.03763470650037 0.0
81.95848695306874 101.25390645251409 51.65662133223441 86.39836789264808 25.284065706341906 91.43814384266622 22.483424591198997 62.60670423694743 0.0 43.46537117509245 1.8129786173138385 13.379156370913144 30.19584182288513 3.2876237512214885 56.02871757135574 0.0 70.37971534505273 19.075133151323932 79.27507879106957 32.30817258421033 109.52290140354857 47.32741728692542 105.59003321815025 77.6193428135642 81.95848695306874 101.25390645251409
284.522605138621 15.951098911853322 219.38863868051223 98.82260739128405 206.4173653892204 134.79839983691159 214.08372533023703 194.78747988896447 161.46757663040887 196.337163508341 109.73217146039755 269.3019972889673 85.15702673378092 180.80546905843102 54.78447146680452 155.2969675598502 24.85269015233655 120.74610640175695 0.0 59.53094141209619 35.19151188536736 7.5223913857799545 96.18233439983564 0.0 138.52807201324606 63.78763483298448 195.80737928383724 12.312486162134007 284.522605138621 15.951098911853322
27.95530717399464 48.13450615500322 0.0 21.066950853706615 27.34486106805852 18.527984734465363 41.4449324764616 10.457080521102746 59.479737574569 0.0 80.08713318536135 5.286847185974736 87.83800833258665 25.19509098849305 89.87571132229573 41.43599392649374 81.56558788280559 55.09714366061796 87.66113770458972 71.70071952188955 68.2607319504592 71.84367168771333 55.14414913217769 60.99538682382354 48.20492483770869 86.26031554089239 38.57418163749304 75.29680096674915 25.250256270548334 71.86693997637038 16.499234718162995 60.556463947290624 27.95530717399464 48.13450615500322
45.51368647752323 169.31908305511104 81.1660887269771 59.52541703379511 0.0 30.540519288465802 74.77822159807693 30.75146220719381 94.63957809904787 0.0 111.73709671152272 33.529342309846115 148.07866116193549 48.94286866174029 174.2686294963998 106.8553284866034 104.37043733126829 91.95611841285326 45.51368647752323 169.31908305511104
74.87153836283466 62.50980422726296 105.1868772385181 36.41153541566771 136.81513889485728 0.0 178.4330612618951 26.55868234712476 236.6596065270399 22.747658759369585 280.095831644345 71.96913661093285 276.60297250155804 136.90582456379366 221.696143880011 175.02851367884352 163.10131197524345 147.91780213712505 122.85901212774948 173.9365679258526 78.43888497183764 155.7361146300621 0.0 118.38205918834113 74.87153836283466 62.50980422726296
191.68395377684445 37.83872211274807 181.49660233342348 85.0202168026883 102.61312209234201 98.27533099490637 132.32102373039945 135.33182474870097 100.18315527009362 123.9002069431426 86.0762566139719 184.51095983269505 65.19411862785259 141.67554550140488 27.79737802215584 145.05502355503552 0.0 119.25425908758227 22.941953373424525 84.49094096615673 25.42676097823542 55.582425484479664 21.998591460226265 0.0 79.38633156148366 56.644497250531074 101.08110475188543 27.107520297337615 122.87585094870127 45.00042069699579 191.68395377684445 37.83872211274807
35.986337340611385 101.65192288682155 0.0 89.18572227827917 26.5115591965029 58.7192594884406 54.26481171874212 49.72554941562176 68.42427460755769 47.39242355950975 73.15017620737078 31.021651385104363 91.55196770672478 0.0 104.57336255684248 27.45416339484556 157.9170537812886 6.8546778647313005 103.49290227853807 60.06365540316955 147.89324730666283 73.96381465600636 134.90551683046192 94.79130620509568 103.65665677909865 92.7913170553531 95.21769193657401 112.94224435089978 75.75197441688955 115.39407813248849 66.35152373707308 92.60782961022612 35.986337340611385 101.65192288682155
107.7244416963708 30.233468304658317 81.3226752590835 59.701353547683766 79.22601053083037 75.72131163557795 62.0129617178475 80.35137206711669 55.772229525875645 106.35779823469836 36.49920864370027 95.15175387797699 17.373137396582194 93.58045554285597 5.254670132492464 78.90585886462328 0.0 59.39832817494262 24.925211995967686 49.82675713152618 17.509857964930916 23.542554037000016 32.09241311694716 0.0 54.18214442259472 21.416462056205752 73.16826480033448 26.03450071876675 107.7244416963708 30.233468304658317
114.02074970336811 0.0 133.79938048298828 76.50510597959801 70.62040411013092 106.20653162040654 0.0 76.2264967711308 52.3116914075148 22.067691890385092 114.02074970336811 0.0
8.252244156532328 22.445344169103336 0.0 6.313204464990662 15.487545620586317 2.2983555143542986 27.289414720637694 0.7049116912855737 39.248026752767245 0.0 46.936345718355255 8.705967336276629 36.63232272631487 22.952343319617185 52.484310720768306 29.36621944591967 42.147789322760076 34.82562892400156 37.7033700630039 41.451377549005755 30.46087828657849 49.7316481189028 20.92553160239683 46.28393239573188 6.56768021874808 45.978446461286254 11.656469570102132 30.678502764244897 8.252244156532328 22.445344169103336
134.92378459874914 106.29410979805206 0.0 161.1269936851802 14.83431777661491 14.847465380963186 116.16769234648723 34.95574725819878 173.01251338076995 0.0 190.8609974253988 71.84498050712205 134.92378459874914 106.29410979805206
98.88239913657362 209.0877925253929 69.6709378053644 162.5842707323734 0.0 169.76657862221674 49.79687399405524 108.95069513164606 26.971506574319633 74.10210254164431 18.20228381960412 8.615301721491704 79.35063868982408 0.0 108.82827990285844 75.61984443981564 170.21922075139597 30.936038601417238 276.94261256283806 44.68671638491195 209.0619578294848 122.26568898981549 178.67035237641431 161.0896906712735 168.14801601175157 237.09306085169973 98.88239913657362 209.0877925253929
62.958225814593504 144.69601905948414 0.0 113.96396013189894 20.7932733170976 46.33852263230527 58.34311341720252 4.8530056201631595 110.16250186737582 10.4822310393753 174.3438368383745 0.0 128.80340196594622 68.6152977088612 168.53038212312137 120.65207094370726 111.69137889630179 116.33787944819812 62.958225814593504 144.69601905948414
0.0 204.33833429120847 78.96852452675591 22.11703881425717 213.34947591597077 0.0 164.30267278873748 114.59933373622899 0.0 204.33833429120847
0.5140736315315166 62.81380827001311 0.0 0.0 58.57882972766434 0.2540698952879836 98.95382670459064 37.39105229673139 47.81145835848818 39.39476402983388 0.5140736315315166 62.81380827001311
111.10713784153312 30.09183852505395 136.03141486453993 58.50444128574789 190.6857183297765 96.7057418512451 96.52026845936709 100.91353594344054 90.70451290382562 118.65011784862436 65.63554883459727 151.96900339150454 10.729191184334184 160.41892101819855 0.0 106.92559241596108 51.71320127370754 78.6519556559561 24.972468261491656 17.99241865547006 73.2752077061517 0.0 111.10713784153312 30.09183852505395
70.76744115223777 3.1937876489675574 92.73609973522728 35.10581673764542 155.6019792688509 4.1304849189380874 107.43480536906002 55.90974941459276 122.15483474488465 82.68180851131174 109.13390635789749 132.458344670499 63.95902036899493 116.01084740380523 0.0 112.02391107115255 24.563164769683013 53.19651602905521 15.440151297466414 0.0 70.76744115223777 3.1937876489675574
60.821447790320015 168.365964148613 0.0 141.09418444532815 14.708924278631997 91.73665784190857 67.9081837659824 75.54830136572929 99.30836848099639 0.0 151.75047105665425 53.41543812306573 134.28534834273037 127.24865731772363 253.60616373128505 122.53906163013062 207.1727648096981 177.1021893580576 168.23288952443383 203.48171237793284 112.41542662879989 147.04518044812914 99.43883621130338 211.8327812978521 64.06261202404914 204.49102975368356 60.821447790320015 168.365964148613
74.73284041269267 2.1092174939066837 76.31296443253245 36.267818330751865 79.4247894418653 76.17254572289204 40.44321144297371 67.00187952329688 19.99360087468832 48.75007867330015 0.0 12.474652454047572 39.19355235450178 0.0 74.73284041269267 2.1092174939066837
54.294876065326605 0.3722903007373617 75.67624793433156 0.0 92.41432402294541 9.06922107725508 79.16640591337966 44.25618157995239 125.3606196026112 33.48391848293388 102.67106703954397 53.71752048328889 130.51308492598298 81.75291833355482 74.93340446900743 57.474274963138846 82.39333685794074 88.11500039315794 67.40472792571137 86.20598438278648 58.571853962822516 74.82633934866467 30.644892127431774 85.41133028147789 51.44568982160956 57.72534226637672 22.237586583268012 47.55390128552725 0.0 14.21892218444873 29.349898498111997 3.7407962270738864 54.294876065326605 0.3722903007373617
36.31480629923326 128.13429303299168 0.0 50.75778866818078 75.95012550291362 0.0 146.4365064256288 58.51324249249022 98.37476954608431 117.19088619269345 36.31480629923326 128.13429303299168
281.13905699239206 261.1566506106385 207.01250293890803 263.7854434642731 177.27790113268168 309.8170073911116 121.10045602647821 334.0336303170494 137.73801313829182 195.2564024300092 144.3866863327807 183.53880773956104 14.792215638505496 210.646828407034 0.0 158.59874114238244 96.05408177254822 151.8603901045299 79.74179431685505 92.46113825666401 108.31478841931849 36.64081907544414 168.95144713723863 0.0 203.36472994567032 81.89735175049442 225.97957202479614 120.20038382197825 238.14410299188017 158.5595406528517 370.19901241756634 214.4852734128421 281.13905699239206 261.1566506106385
128.7486077852799 20.99597748586673 187.5770060951305 0.0 200.1029303272543 60.37835422730713 191.48364242896082 99.28506547145798 231.84840299749501 156.218741398617 192.7655640823193 202.8213021121949 129.56822738164288 115.6170085753277 110.39199101467364 132.00463977788735 53.40296027679133 145.3016445060853 0.0 99.41713425529863 70.31051544107461 66.90186399677367 118.05596702382093 80.25859460092548 128.7486077852799 20.99597748586673
269.20715626597087 69.58503698638697 310.97188296439424 150.05808143860116 270.0455370103089 233.70169493987697 176.2460988495647 228.23873068374024 114.95963514058514 216.27954170928894 79.36740587829898 172.0685178775919 0.0 128.6535147190017 22.500224760742853 54.572894249334865 78.4155541629987 0.0 152.05552912802654 4.566023401840283 219.11260772256412 14.870356799706343 269.20715626597087 69.58503698638697
88.33128858708488 64.56830424750508 78.91403558156472 0.0 137.7909398159298 11.242180133784473 182.62925334929852 26.63456886561213 264.3429602953761 68.19658380011245 196.62569836234405 123.27420859889718 154.25626057353767 176.46888934665105 101.02120348040307 138.32729965293038 0.0 136.31528481536049 88.33128858708488 64.56830424750508
63.97667723760944 32.76133613373072 111.63998460147448 52.186071854591006 75.5627580251976 100.20924470381019 33.5069437996047 66.462971271138 0.0 31.64652672931868 41.011885007560835 0.0 63.97667723760944 32.76133613373072
106.56383520119043 131.59769794900245 74.47147922463607 141.62188175237324 52.80365218453727 97.87070436151558 15.281915324737383 115.02627490269731 14.55587054500512 82.58590980623089 20.577869064202844 61.72378739075771 0.0 27.46881309554923 45.12288901621882 39.22592967147375 53.65952402165122 0.0 76.7735373636456 20.902260658699866 83.1707094413779 44.085342087806325 146.14582959038455 33.62896769003201 135.69730990213102 70.30535582226538 113.63893210436143 94.95448214314234 106.56383520119043 131.59769794900245
0.0 43.78795275752846 14.573151162119672 26.748733487697606 21.486254058467168 18.244082514733734 24.225945913744184 0.0 39.48278933937422 4.102085815466651 54.8673017865237 1.4478638678860989 61.10675196836347 15.736520404553104 74.71890314645519 27.440789455812606 64.5203223954278 41.30820723315122 59.12744350643666 56.16341311398958 40.781036806507416 43.368982973294706 26.74258470375436 68.54053108999523 27.942532578334124 41.52495187450759 0.0 43.78795275752846
76.77093489399957 49.249835566462664 108.8448029676456 0.0 91.0217911632727 47.63860829398686 167.46660306309082 56.98597350496944 106.51544557130008 72.92981373977287 101.91088122719414 100.73215793199171 75.73537636427456 113.70661322488081 37.6168412898859 118.46720027449615 0.0 95.31358857663682 14.987562290233718 54.23301408047213 7.989733684092428 14.684023342351026 57.38106706421135 21.036191922917453 76.77093489399957 49.249835566462664
172.69079429461397 0.0 297.21346244801447 90.97547131195722 264.9372845878711 234.1325710687024 151.73413110109558 287.2486042081392 86.64550788008248 217.4399592259069 0.0 155.65906777333024 121.18856931095569 144.42637968703355 172.69079429461397 0.0
138.5114561895297 63.34964597620453 205.55289680896666 70.48270481859691 180.72411838629495 108.17390772189803 169.06770272589026 152.703291308983 121.09171283105351 124.95277242314042 73.93945106214125 179.29050599898648 0.0 168.18924478388823 32.05638775614574 92.51975178614704 49.43428032315194 52.647236041028705 54.31654859950092 0.0 106.62643490676453 13.865821642906866 140.74584295187637 21.59810285881548 138.5114561895297 63.34964597620453
25.4260827911354 43.35253479888755 11.29755538883714 43.69189321171689 0.0 28.179817041256214 8.921343275711408 2.7236334158195916 45.83019697647741 0.0 40.11014662983956 34.08341538624693 25.4260827911354 43.35253479888755
0.0 186.41696449154176 27.708501076791094 61.838890905409755 148.3205061248184 0.0 238.4343981383591 85.9264215753873 258.68408313383816 235.34432802494632 116.40794606914108 205.74051698618018 0.0 186.41696449154176
142.20614370671566 7.778028039327481 179.7481185679125 91.0284907410859 86.67483355722423 157.51182412563378 0.0 66.88147462500135 72.81608996406936 0.0 142.20614370671566 7.778028039327481
239.63660610712193 148.67253635222312 140.23239206937 133.41864589688652 109.61444752998257 125.40198854179714 0.0 99.64703477753189 44.171666687937716 0.0 149.61236860510942 4.695587305292662 147.03273958979 88.98856027755845 239.63660610712193 148.67253635222312
86.17779891120716 176.53908120643257 0.0 98.68296578636009 118.91864558430923 54.082199074035195 158.50339829807737 10.135113747284805 230.32895034619588 0.0 326.22390869435844 40.9489142913765 277.4013605151143 134.26693131821452 176.0346515182522 101.84083490940823 159.909048726628 196.28119956397535 86.17779891120716 176.53908120643257
196.17236210540415 184.43638493117456 153.63488223269837 290.5122022671155 101.93762359696667 231.1943663202291 70.10838670977782 183.44214558765816 63.447970030559276 131.1139863882571 0.0 69.94606311864719 68.86189650660496 35.40582339262522 106.1099689337469 0.0 162.96517007659264 22.45196656998428 189.56902167519257 60.03584551254838 214.92761837242784 65.37399479649054 320.0458077524503 45.622570958186074 315.551734503249 112.98158062228556 207.95048712239696 127.55926889656465 269.4400715372277 222.31222985327463 196.17236210540415 184.43638493117456
22.98919966895707 166.17636426530697 0.0 116.04381461115574 19.73612084650327 68.2038801211933 69.92898999726646 53.99733090019162 116.84831626764971 90.48990119304419 147.3106009269591 0.0 172.5425873566822 52.2300065746527 169.92438569021334 92.23799565407627 270.3505016512462 110.23984188757386 258.90690707024396 173.86647880265923 187.05402282907986 190.4863971061742 157.26521538775157 247.26436614304941 101.84778252030975 222.84817329977113 67.5382167992877 187.80590170127954 22.98919966895707 166.17636426530697
140.91206000834578 137.94901641641422 93.03750520163271 101.14408179204558 79.53700685829509 109.00917315692892 81.47121771437669 79.45983233652878 33.27508756403674 103.50896110108785 33.22255061655657 76.44710489592099 0.0 39.07071027948085 37.587379477724774 22.34350457540785 62.86920193122009 0.0 88.13589974936825 57.36316570555903 133.11746532690842 9.120726456653315 137.3290923698026 46.594023641361716 173.32993259526955 69.87199020320755 171.52512090325797 111.5283195939691 140.91206000834578 137.94901641641422
130.2195022994986 171.8921906580277 59.831843943837654 194.29194379522613 34.00906657583042 142.64934014745 0.0 73.63667170771403 93.81400435975249 65.00279153588284 112.07877578530137 0.0 171.44514249443168 6.72255209468068 243.63716955513857 2.4657115867956065 192.45529622340777 102.84334304051096 241.1739500280647 125.74460598499148 299.8724815213302 204.92495082494645 194.685958013539 188.85882091147653 156.68701141196942 184.62542061934386 130.2195022994986 171.8921906580277
164.21896781039533 143.91719658033662 122.41017624546407 183.0010402070908 73.29532405301092 174.71581212326407 16.936535996386567 163.95383257312386 21.001759566583416 110.77084652216324 0.0 37.11823949872681 69.02988663259146 0.0 98.2988817544354 94.70594737484022 193.8343377140273 80.80245041975088 164.21896781039533 143.91719658033662
147.17393841263282 183.1694953386193 105.77782396220653 173.9394394736722 112.14880124665771 132.3737348590834 0.0 57.90448394295893 96.31394231398139 30.249504230469 171.04860518342784 88.98201504513382 206.77250832286788 4.982465468226607 288.1465563852071 0.0 315.19526176804266 72.29924335072027 245.75055478914118 131.3277443513066 231.26186334551147 159.45308111277492 205.1474333738384 172.43096878433755 174.74505397801926 271.55685274617593 147.17393841263282 183.1694953386193
15.008247655347787 59.443317739082836 0.0 0.0 60.388169959910186 4.16110666388569 81.51945313783642 44.68689433245668 123.24206523221109 110.09934161456474 49.5414201364857 106.55237061267493 18.583220637216826 87.98789787151134 15.008247655347787 59.443317739082836
135.14002607231566 233.966131674368 58.098375124646026 250.0568820171448 78.59758525436719 162.56190104097521 0.0 129.04927422010502 99.46420815417127 93.46989964633529 134.91093615518776 90.28053737161217 116.6652181091855 0.0 164.7480774124263 75.48105874771474 211.1362233318071 19.567767000411067 236.73151673961738 54.49419879971717 236.04693055836648 95.28060576771664 320.09728992746864 137.56509245199868 268.87914937237554 183.32605466656508 264.8014502097179 270.1199790886193 195.05030620356837 312.0703554118633 135.14002607231566 233.966131674368
53.611883913176285 29.448863512191522 35.315509767077785 50.203655669618755 0.0 37.98734511427956 35.57157088559707 18.90226688107282 37.354517065361065 0.0 58.442256500720845 7.06829270815409 53.611883913176285 29.448863512191522
0.19789902707009333 2.8540041012296626 53.91462603889268 0.0 83.3323447996712 25.747264374574456 135.68224987395737 0.3167466404934842 187.57219193775347 37.04616257513274 89.13329630539299 65.08672970012726 130.16454893131188 131.49542935875326 79.91455339158385 135.32910947759058 37.79446340622465 124.12672508176692 49.37287475948099 73.4616395413263 0.0 55.44471931368149 0.19789902707009333 2.8540041012296626
34.746492067350246 0.0 35.07184211281263 28.877582364449594 19.583260253266147 34.4913735750996 0.0 13.486384793069107 34.746492067350246 0.0
128.1220694396473 91.3902481996432 56.13267705808275 109.36950545328864 0.0 17.883671230856173 94.40841645634609 0.0 181.14612483643106 20.660663752802527 128.1220694396473 91.3902481996432
41.96852772637537 34.40537437604165 0.0 44.36114206052133 35.417134266199454 12.814935520230605 38.597323280337974 6.373288985734433 57.71568979077411 0.0 74.36045857225957 29.13877844897999 41.96852772637537 34.40537437604165
106.05385647249915 0.0 155.68670848698918 29.0182369508942 131.8246856317545 83.12373722853351 99.3720890921207 130.1730295599254 43.985291129838956 103.28880308731456 0.0 51.31772196677398 53.11933277859859 4.868052783359396 106.05385647249915 0.0
196.02527047639805 171.49944819051396 54.964136541491854 169.85732082225456 0.0 31.920101062879894 133.07487217477365 0.0 209.19757929600792 57.95146427935953 196.02527047639805 171.49944819051396
109.52176346855657 67.22038588155053 0.0 62.06686759742086 99.30644285533981 21.1724674674553 172.38361850846317 0.0 144.17989446097903 69.08187643575792 109.52176346855657 67.22038588155053
116.2377090463889 143.07736341645378 43.59822702698722 130.8754668916373 0.0 62.58713276300446 51.34863745841068 5.751534657532254 111.6634256071224 0.0 163.31742469168216 35.0016099305781 164.66515683496908 100.58306167560531 116.2377090463889 143.07736341645378
73.64136817804601 109.66941662995436 0.0 82.31543430284006 37.318711038664304 20.348872437310575 98.77387032553273 13.520675267015882 128.05662180785615 25.147032761879935 162.7595092290573 0.0 206.02930352107015 18.78192400983704 248.45095343929665 68.8313037498701 201.68128276655256 113.74607990622877 160.6518496208966 150.97392691993454 97.34642001479787 174.34850403785433 73.64136817804601 109.66941662995436
47.03807042869562 44.131907269845975 69.98401737914875 0.0 114.819292616637 5.475411332542109 146.70802924687385 30.0745616711219 223.04625233821815 37.86974110865446 245.584583480207 103.58700212727773 149.7773338942469 131.6377055203704 183.83379278234415 232.54103898888116 94.02372775767608 130.76729863688894 66.1936250682529 179.89749420864956 31.356428925319165 165.32989317835296 16.982504193081354 129.08137864993967 0.0 93.5390534471281 20.225851304999253 63.066386968366956 47.03807042869562 44.131907269845975
194.74420244714773 52.39404487598442 143.6271826028156 88.21164231312163 184.50768989627215 142.68939731637357 159.60136666466985 187.04424711151796 101.02582497131603 146.335280633033 67.05722690873847 161.5709381469731 22.22032648999678 160.31561620362424 0.0 123.16197910600322 5.448662285994033 83.49511555262538 25.51336937666349 54.001971537670215 83.74402402459513 72.72527023988332 77.84849265524187 47.51331140754104 94.67991486203697 0.0 101.89042314551497 53.7440186106993 124.8844423185916 50.593906316622096 194.74420244714773 52.39404487598442
251.70331163036914 94.85351768810881 242.41385436663595 158.8871251947714 159.17975337510848 167.92110279296713 138.92767040350995 215.0715396743928 91.16163820205855 230.2794732435272 20.210228305254248 244.20758821333476 0.0 176.8918608227824 26.203884751612065 122.9639289615958 13.474981377740733 83.98041575101323 12.80744935746094 24.008315859376523 64.8754334634827 0.0 112.0434836248125 31.503679495431 153.01398914986453 30.453748345045184 263.26739096648555 6.87396753340181 251.70331163036914 94.85351768810881
187.8004025185444 59.918686436548754 130.63017587668458 91.59538757457923 137.72256579311932 118.04605001158383 139.63904827846193 166.00663421786481 100.39778508272362 169.92099664644752 69.82121937549825 155.06831168846412 40.99253325363781 148.25205732241852 0.0 139.4140633872616 8.093139804737362 99.12480613481675 23.356419006500232 72.66349107074582 46.867115852578316 60.14672387919828 25.736849244442226 0.0 75.53808997481009 47.0733779133612 86.19838711592004 66.87132327511017 113.4829898007131 35.808975096720765 137.78038318103268 46.07997446163055 187.8004025185444 59.918686436548754
49.52491190024526 108.60573083866615 57.745799409918405 62.54065938146708 34.998891233699396 55.62950737910869 0.0 25.759510668637517 63.29751390586708 35.41011113066001 68.86892346207391 25.531550670277497 84.5086334230891 0.0 92.43193453779323 26.493986871949033 89.42373255739444 41.990636001599896 104.96331887301801 48.84503057588216 113.09909814057409 69.17968672287017 87.50956164476868 64.79800278256506 81.5724522119907 109.17417006082809 49.52491190024526 108.60573083866615
55.852545942480404 57.413720426461765 101.90087339585894 0.0 168.45588727740244 36.77948897141171 179.76123462659365 102.19779435330332 151.5175565639637 142.4249514237356 114.43286141678541 146.72209731807547 81.36627753271382 175.23310497259396 53.2211664507599 143.08637051294062 0.0 93.36106066921445 55.852545942480404 57.413720426461765
119.85344067069839 21.000548120149034 188.99372994921782 0.0 261.8583344290899 39.935198296871945 265.5233632146038 127.64512862645333 215.01617948776138 182.4658109956834 148.83796939472776 166.81622857197638 127.20213823196161 136.02068906603347 70.22956585803166 154.54453198922764 0.0 99.2791333241351 38.67136596791846 22.658142046288603 119.85344067069839 21.000548120149034
33.63453333242779 4.51121270597524 44.12828501731276 7.198899379381714 54.33527407641333 15.150191588476147 47.02034713448657 27.27335848371588 56.84308321580335 42.30866533491783 33.76047515463519 38.047537645695925 26.050134559263896 34.55317347860961 20.360755829733435 53.7966808878743 16.055890255662703 38.6600011963573 14.045466227498096 32.72566091038807 14.524676981078542 27.960846825949204 18.75333128013351 24.846378660974324 0.0 13.930708140957464 8.76904904390075 8.934759204353668 14.699989319368768 0.0 25.169622137861964 0.5731423990284554 33.63453333242779 4.51121270597524
209.89375548668383 73.18426189964913 268.09329772572175 100.78009581029916 285.2518262799605 169.75006165735442 183.64376005998193 149.75167436004662 168.0643200991309 232.9890576283746 116.35853408153531 197.98875658149586 36.02145724956449 184.93221906670374 0.0 102.91517230540462 55.49591894949839 32.57451832471624 122.16886712133038 0.0 186.45827896540487 22.695480642781007 209.89375548668383 73.18426189964913
125.83785209862648 242.64237259633734 0.0 205.6547382489806 37.978971593231904 81.43438620971322 95.75598899327986 10.719673174543246 192.31898154747964 0.0 297.2335569568447 80.16645672987933 202.56090467824237 167.6743995025347 125.83785209862648 242.64237259633734
153.0390115664318 72.07056185422687 55.391574167519025 119.64656054777538 0.0 0.0 108.11445393385286 4.383459582122526 153.0390115664318 72.07056185422687
57.850411060249044 2.427555204193382 101.7427608569171 24.02356924378654 70.24618382818444 72.47456964705867 29.104214417452027 48.68905253857385 0.0 0.0 57.850411060249044 2.427555204193382
0.0 117.04274241931525 103.75481547398365 0.0 182.2584510158051 83.27216531029376 130.73662917738733 163.11997772975653 0.0 117.04274241931525
168.59051226686134 84.47529030364213 307.07613918384214 106.71642136450888 215.28585482314264 207.3614865042912 150.69449679652104 242.25203551119097 60.82767080758245 272.0102071926566 39.796602378272425 183.95996578690847 0.0 87.97714827494781 77.35318873013995 0.0 168.59051226686134 84.47529030364213
