100
59.276806731013046 12.333446827275353 95.09779093314935 25.336304400577532 64.7102083497341 43.73342756729231 53.55042809855677 66.00249603349953 31.931690694391214 53.017590999575404 0.0 58.58246459529728 12.582144973042936 27.895384483700752 10.326312202053735 8.24527276385939 29.907165573456403 0.0 46.746589304628934 3.6176976571419033 59.276806731013046 12.333446827275353
143.64608826396793 211.52749591215326 77.92410096478437 197.5366284394596 28.680133605232925 154.23562628680236 16.72860642012857 93.73721008553024 0.0 30.39273629620145 91.97688277821528 40.75623707754481 106.97820220813267 0.0 142.4526479397963 13.817297919129722 190.58294513623554 14.728497034244945 257.30074515780547 48.87497810145882 257.5194539124273 122.91393683900385 125.39212583754092 80.89761610423128 143.64608826396793 211.52749591215326
30.52484197641016 50.71186003896048 110.20718013769216 28.677791136505746 172.59481488807552 64.36900340323713 290.8858588960602 0.0 238.6090650745535 123.81727396743972 291.9123830984345 189.56421698672324 240.74888411226488 251.2949004063534 162.8077997223053 192.40534590994199 84.52722381216584 282.8419123748515 42.65274654864329 209.0099274884488 0.0 132.8469950619662 30.52484197641016 50.71186003896048
7.423759371721594 73.11616394449068 32.36060609945922 45.631196990416385 0.0 30.73684388776303 22.992980784506855 21.73278957195724 27.461153473918728 0.0 48.312520496909926 25.173540765997558 57.00942256651287 21.11899153305093 66.58018177432369 24.29497043695625 119.65373557711717 12.518895780599081 84.91892231525148 42.98673647838717 69.50818265153622 51.22876263325877 91.97853210395434 89.50932647490556 55.28994283628039 60.18096817294442 43.80081465972306 94.74564275802898 25.795883458351142 83.8809188084624 7.423759371721594 73.11616394449068
67.90550047612815 20.42792273278107 122.97997078515155 14.70913844087056 165.34716147975396 0.0 208.22487308415927 22.579527170605076 240.55509176418343 56.40231392767696 231.73695876659585 104.18807742986102 167.16295252656505 110.69937505069035 220.7887513537116 219.47973895511504 152.70277143545786 192.92383560118128 101.84250708645132 195.72660143239364 105.78164659503491 130.56961190311944 0.0 122.81101297765755 104.6878332289923 85.03287196698291 67.90550047612815 20.42792273278107
110.40805443893466 44.71004375600171 157.59958748435682 67.45840045465182 69.60595255719888 72.39280081198633 77.15250859519996 89.9856136065435 68.79895190238251 104.0770493978053 51.63342947440361 125.00660197472723 14.118392533606396 150.51086372670534 18.800684453293854 97.28242524207914 5.627507853887181 81.77845483704468 5.912732578693777 62.77150595295818 0.0 38.11058481355724 3.2772102323122283 6.232969117731258 46.037101327519 38.66533212438222 58.97774870543353 0.0 70.78008451091077 32.799146528733445 96.22121300634387 27.478232193108738 110.40805443893466 44.71004375600171
274.0850503994657 122.27085997048175 234.89450133476677 228.37483138863888 124.61421159955184 211.1811195365574 0.0 212.38087027323155 14.77510994195336 93.77944207478373 42.63313085591773 0.0 141.21135501735 25.410740084078682 132.0034188862179 105.18647517198576 274.0850503994657 122.27085997048175
200.23113048223922 166.81717165243754 0.0 167.97268180776462 90.63386212124632 7.735875916933665 214.37486869247667 0.0 227.45820181416872 94.84464844523872 392.7202097376195 117.79897386339154 304.2333072810227 232.57840357987095 200.23113048223922 166.81717165243754
83.86105778921137 68.4656509309443 136.1953062082738 115.964254070687 69.58821874141302 102.79680760488704 51.90927874125592 112.7299012319316 32.79438537497252 106.6984686788645 14.485798286746274 100.10692330773718 0.0 84.73074615495106 2.95469468070786 62.07341086142081 34.26887246111234 60.549884061452985 14.848224690180302 0.0 46.92728030999254 49.32247273051236 80.2212584265682 15.373942156913785 111.67261229368982 32.22873376227511 83.86105778921137 68.4656509309443
27.622803547913122 19.789061276276776 65.41550884952883 0.0 106.88752489846406 24.47403327769881 141.7291098919956 18.25589564825325 168.12567227860194 41.90551659303873 189.55868483199072 76.95389605893287 214.85500483223103 132.52966307779053 139.97280977720237 128.50313043862877 114.3360256499935 147.0739758224571 69.30858620613608 180.70222971512487 45.52769700451893 134.54642015312572 72.80981484515468 88.80503266014428 0.0 59.418374059419776 27.622803547913122 19.789061276276776
115.4385964249665 53.4576039303642 181.25456296519562 58.869760430810246 118.79073061061399 99.61137475764437 159.87470574386998 141.65376971580378 112.82255079543165 146.8386744387053 82.8904135278868 141.9777932732306 60.48837788670491 167.58578216047027 47.74110474310372 130.91468841640676 36.688232497282456 118.57063848726725 28.123117551312575 104.74570551583788 29.79038109678106 89.25483673743345 0.0 55.25819484620337 17.973959398170145 31.25593491171805 46.59045002418546 22.46505897685867 71.82005799142375 52.89399882904617 117.6615730100039 0.0 115.4385964249665 53.4576039303642
151.88143513835044 199.71490874845065 98.22037144664881 202.59608101985535 27.16999992483396 168.85456673326314 0.0 58.69483507622533 111.5027888259102 52.235868256386766 214.53779998601922 0.0 272.62140631829385 107.01107456193793 228.16198705270656 194.65090632442025 151.88143513835044 199.71490874845065
0.0 0.0 117.19634185568619 26.57932823200236 219.6610019385963 99.42686307340753 71.87238942281914 119.96639611260375 0.0 0.0
184.21584243068818 72.00492679697788 133.12739408327025 142.1810850558589 31.844188494881166 175.06704177361638 0.0 81.09208498612597 69.9880904908056 45.90735156765504 84.40090711067316 47.39560675342578 151.04213739951408 0.0 184.21584243068818 72.00492679697788
80.35553506972754 0.0 101.66105885003729 34.93256072490581 63.811750140714935 43.11325302427586 49.23424010183081 35.40597083799233 0.0 10.797446105169826 50.664925161350936 2.6317673235093224 80.35553506972754 0.0
47.14395494157332 75.84250564767771 0.0 33.599389810777325 58.792824051130495 19.948488067501792 88.62276494918292 11.137795733698788 118.6094624595652 0.0 127.00451828446255 38.389975615924385 160.66459200530653 44.61714140231058 177.31828017531228 74.26183951581886 153.26657245835327 98.9015634984477 130.82612958640962 114.46918594879992 104.18329999792168 96.9133777334589 55.026375830390165 165.77324957859986 75.55346798592554 87.12665428619596 47.14395494157332 75.84250564767771
152.3149311672097 15.517224698094196 182.3727894253577 48.97630443375351 196.6046247387214 92.38135529898169 171.59045900065303 137.04939336602285 108.64118581645309 177.80065336621803 36.97625143216399 133.7908729352399 0.0 44.380126794282944 89.03771035766442 0.0 152.3149311672097 15.517224698094196
70.3394891932694 59.14881067722735 62.70039052549717 69.41369676657249 50.49921005628755 72.93194107464512 34.62984149738102 85.4568812424312 15.695341571122867 81.51278488346699 4.92691067004921 64.87280602215802 4.458236669475355 46.63926596061136 0.0 27.41255490989139 8.305470637467437 8.87945066923944 29.543264329554063 5.620826927327137 46.22755600181982 13.836465675957974 67.12413180448003 0.0 85.75188954474699 10.361483569787474 87.26391059988666 32.83688084126758 95.76614426586337 50.95448301846239 70.3394891932694 59.14881067722735
54.406538397309575 16.50605870821495 89.64652428011655 12.667036786276505 116.01364870138593 41.4388317526584 78.78336128851174 68.19544554773891 62.96533617736016 79.68487366430114 45.479895713836086 71.07769428791794 28.8804122282788 102.42041626101054 0.0 98.08761592196446 2.9060584297333207 67.13759352278214 5.472468384626694 46.57821195781389 28.755813383722582 42.728178037141944 28.50180801743919 0.0 54.406538397309575 16.50605870821495
113.79287451375134 171.26380987062993 82.92346562245154 199.482366784002 44.054829669697114 191.56189621480988 11.932729359377248 162.7968673404629 0.0 117.3119290984942 56.307207623818016 95.48353363705499 85.03798411814665 82.90036202662743 104.90044778027202 47.27807350099003 158.65523643345284 0.0 126.42216713227741 124.89014952437118 201.18619502350205 94.7339464955744 198.77271338581647 133.29302805404 184.6950285180397 164.55572082877566 174.15496620221592 196.68292441598817 138.69638353657388 199.31996308546326 113.79287451375134 171.26380987062993
15.312892210946643 7.588876623188511 99.03456178858744 0.0 182.0539718764301 62.52427769496799 121.5592569691681 157.39148101865015 38.418618120366375 134.16090807785395 0.0 83.46674330915215 15.312892210946643 7.588876623188511
120.69754956034568 0.0 155.93081482138257 34.4883828670781 214.1142786918947 63.8568216825237 186.38840743725547 121.16127073167061 161.5802439419518 177.74595322341048 98.40816541340507 171.48534989301723 35.47159651778776 163.29051225394429 0.0 104.77785482955409 54.48556984878562 58.723176577521514 62.30019433972225 0.34232041783707245 120.69754956034568 0.0
53.16638192685727 184.9279344386241 0.0 130.26798230910867 104.50465363282039 99.54727960007448 69.5810831252982 15.995701895785558 134.24649836456263 0.0 194.99784258825363 14.438515243108995 246.55921971424965 46.48210636658888 289.6610738292845 105.73265869483237 234.24987867708546 158.0180951752165 160.58156588055294 139.85121440404527 149.15595230942176 168.33308625360735 131.05825568299753 148.41814222983487 53.16638192685727 184.9279344386241
52.90034025500926 41.22815971145731 103.08104229322596 0.0 156.93277016630276 44.5628776038849 153.0040976787947 115.70023034555071 87.59201618576498 121.26265400872136 0.0 110.88732429542405 52.90034025500926 41.22815971145731
163.26438874449238 64.03685284854319 207.01552535722217 85.27228302051526 153.67326656192415 110.42613893916291 162.77391700281103 158.99900107424025 122.787380753939 174.10322018817496 78.46878359937024 166.60122377441215 43.06794667069836 131.6139828911324 0.0 74.77558999430664 56.44723371389544 35.053911919423975 108.8514382392133 45.49528108035702 152.46352675212734 0.0 163.26438874449238 64.03685284854319
59.70858947312307 97.64382175794023 42.49927555924155 83.12970471879527 0.0 65.70650585476557 23.32833282100428 31.530416968131057 44.857180456186654 0.0 80.9816799359707 16.540014216253937 117.96045283503176 20.20084690839053 94.52913999695392 59.497845893364165 114.99390641994992 89.53058223099899 85.10336471502903 103.74113750273176 59.70858947312307 97.64382175794023
78.22014028021985 9.299211815889208 102.59623964876678 25.240829028376936 102.98819459136993 83.33888044193753 35.26908428115827 74.33345385007382 0.0 0.0 78.22014028021985 9.299211815889208
8.21521189525933 144.84415020932403 0.0 69.52721473298823 94.25074066187034 0.0 238.7173698041424 58.75797693170817 170.94609235827855 204.15327972869605 78.08434859765457 229.8768452984681 28.81984745741684 183.90362335191824 8.21521189525933 144.84415020932403
136.88449585558809 71.63756072351434 132.9034085911907 106.11244246421737 92.12398210164898 107.15842172392175 73.77889710057316 109.40928634818059 52.0085491361782 129.20614947835497 39.063675768429135 106.43503926193756 8.419629699658337 95.41904711381018 0.0 62.972679215257585 53.69081753664166 64.40756951184468 37.74156709533271 0.0 72.95004104211952 31.768321132170385 94.88200537436919 34.564957121967666 114.70955236188851 48.607489536899394 136.88449585558809 71.63756072351434
133.0150114324328 228.3590896989292 0.0 202.932298763367 133.41103787282356 0.0 236.60749721125296 202.9364735664393 133.0150114324328 228.3590896989292
50.93236584620044 69.02665172551238 28.46634251144269 67.55511636894232 18.302337327612058 47.33227993513235 0.0 17.533839398995255 44.09793667692978 19.08174527372178 60.72691944970266 26.672272758157476 71.71439098200995 9.103145879303511 99.18166418793862 0.0 105.00599090061536 24.920712547633755 110.0100256886237 46.006926060545695 85.46391920851066 55.56860577160795 85.65111664744981 80.95693826584315 65.25986120139713 83.93464412143507 50.93236584620044 69.02665172551238
85.49969547887898 0.0 143.22065795262228 41.31917734522365 202.7344900422898 93.36055807778408 136.94780819184683 143.61432072660725 90.21479114137733 139.2296657592893 47.89257907720507 144.2219150660104 0.0 103.10306190463058 46.54022703699783 60.73023668454458 85.49969547887898 0.0
32.232214306402554 22.842418305692775 57.85500448051003 38.36426861198673 35.000414435248516 52.933354244991875 14.14577837661561 44.518740125137256 0.0 28.086204777253684 12.409002104375602 9.594363158906006 30.872485355868875 0.0 32.232214306402554 22.842418305692775
134.10051643497962 52.71050329567319 159.8559422685633 125.42927662329798 86.47219761900075 146.71972302900997 44.09384576834622 115.64075847344661 2.6362833587792878 98.65690930513351 0.0 48.14288557235261 50.74683799646822 43.643754488828975 99.95947007253832 0.0 134.10051643497962 52.71050329567319
37.52602019594127 0.0 41.58267649533437 19.396794602882338 74.16663664910683 18.828508535683298 57.54867360791516 37.58497384635152 52.513566918614316 54.379093013652295 35.2065881120423 61.020287909865885 16.32379181538873 61.78837294353875 0.0 48.301194880002726 12.198376522719101 28.980151956716853 3.2713463742322517 10.538110201260196 20.361851275622286 2.275693197677569 37.52602019594127 0.0
21.086386343482104 69.17676908586597 4.776628245230938 53.95625553887575 7.108821152333917 32.76624368224394 0.0 2.437559470708365 29.005886199299283 0.0 46.44636048545418 23.484483385670757 65.22765952322251 8.977341104398818 79.752568968276 20.287054753902225 73.13092979555299 39.73154883950647 59.721337838178314 47.970264960654134 55.534629280520434 62.36715621827085 41.63752005579332 60.929603053736116 21.086386343482104 69.17676908586597
57.35709673389573 63.20108897359191 82.20985918300141 51.771931218400226 104.75528531902842 54.55556774355411 123.2606451788448 0.9538509467797951 165.09968572832764 0.0 199.88922256012896 21.95323973599895 149.45529833471105 79.61988866451881 158.36366725119106 95.51780172863863 126.15271082270782 94.0582816944361 176.4054964319389 182.98132037994213 128.21815697964797 162.6547022181967 92.49571224814889 178.5948203831851 66.17970797932023 148.7932074087845 22.701036022487358 133.69824612390866 0.0 91.70878470119777 57.35709673389573 63.20108897359191
0.0 195.71099830517127 78.65895102397275 112.68578321030225 10.212215816803564 68.91583192245426 61.52763331522118 44.74529790535189 95.18005681591117 0.0 141.59989604022604 31.88471127025271 206.74341152884438 29.566721198071477 256.63250644373386 83.93607548890927 204.97161909163782 141.1806366764776 156.21289261933424 160.3892124794169 122.99220674078101 176.2920029738333 65.92717470839108 228.10480583907957 0.0 195.71099830517127
6.412509724725965 14.401221512416285 19.440232362599318 5.646825045837815 33.02115265321508 6.777008600413694 45.92428613263796 0.0 52.80500084993379 11.438991301488912 68.33169750982266 17.37736493789484 76.91196114260947 35.19830463654684 83.22086052273099 63.79447042693714 49.75443604786932 57.63904150676508 33.18403582139807 69.18922506803965 18.874928949797905 56.28512111088823 10.182153968810312 43.05113058042973 0.0 29.39398832028263 6.412509724725965 14.401221512416285
161.2978866429635 106.9976454595527 88.45358586813049 82.38813153093172 0.0 80.18657779095506 57.54519124214167 0.0 121.80608460089164 36.49900205130528 161.2978866429635 106.9976454595527
159.05318191246783 67.3858911885481 204.42936488683688 0.0 239.1536103063049 61.8062606358929 259.38475696553144 99.71630012921209 364.61731719775423 124.99559139518404 389.1682028883265 213.57625269550422 243.15126367093407 202.81399098756287 240.75624231740989 301.23472069852 177.4643624817154 220.35681766037845 164.6453277540103 178.86398597902382 96.02101630005839 201.3670446986376 87.02834878404227 155.4252763958984 0.0 76.19228919501259 141.26016743113576 101.18948727412504 159.05318191246783 67.3858911885481
0.5452769731970477 82.24548597197285 0.0 10.75516631800641 73.75127152857952 15.100789925999337 139.96102002438693 0.0 134.4865451763481 69.0750752112708 194.05728608770025 164.379269636887 87.9990507727352 135.663625366388 53.023684148377086 106.61621559435221 0.5452769731970477 82.24548597197285
53.71476602444716 27.195940297525425 77.81988091745288 30.02334336174441 89.96380986648369 15.711309681088231 115.50135934239538 0.0 147.09311167893696 3.9843632160058675 125.43401699488547 46.12862660461349 117.21269829295414 60.3011647243069 146.84927958602168 85.29649668201941 99.74163659981369 68.38949802330349 111.20667133986211 130.10966782433138 89.30862606109234 82.4620458618868 59.4422653419885 111.54714658498624 41.7660265827252 94.41156940307108 0.0 75.21083357558345 56.57944959178437 49.915207916145064 53.71476602444716 27.195940297525425
68.88694199926891 0.0 58.83116907209168 39.65834415978709 36.26684389854228 22.527085911434256 0.0 21.22761403868921 34.573511876307904 15.683920483254468 68.88694199926891 0.0
119.3444973670527 73.35310692449866 81.19133921025309 68.76187837113349 54.33345933123239 92.27719022815927 46.36344480857929 61.33105833281953 0.0 31.81923975520038 34.499068576182054 0.0 74.64722814457214 9.844191086791291 109.59601437185951 5.252400306242606 116.15484203993478 39.273541795720426 119.3444973670527 73.35310692449866
77.36073381570844 28.403918572644045 51.058669677848144 50.079500264705985 42.00196790319386 68.61671518165574 23.01294398375748 59.23854480979452 5.548113985937292 53.75742146315477 0.0 35.41366991787825 13.320548533196273 21.755279449451365 28.322011870598544 7.864034952170485 58.83206907841554 0.0 77.36073381570844 28.403918572644045
89.49587094622943 129.58590576944397 45.68593767003733 104.23422695830554 0.0 37.682785996695415 67.5745278641179 0.0 120.46204175084745 17.61834880308399 170.24869512754563 10.423630153714285 215.46911556007763 57.92838481966298 127.81863897226806 75.70817048832619 141.49680253304487 149.0644045578464 89.49587094622943 129.58590576944397
64.70213953216233 0.0 61.33840858401325 23.12494899999713 67.31420078923642 30.684046653631086 91.43354923279827 46.254051709807754 69.5937384712121 55.12103485251518 49.09683438662526 46.36811235930189 45.966369561441695 64.33051821544572 38.68617429938065 50.14315155406389 20.655446206306152 61.02999645664313 0.0 55.216542658287025 3.543473266841005 35.24514887907587 23.310730332676442 26.988006885833798 21.87026896073469 11.87015905750529 36.97032185366845 15.410778995309173 47.33920168696676 1.96547922053648 64.70213953216233 0.0
56.514234291856894 39.9666873587547 42.965561953672506 42.393172814691354 34.79587369092674 46.91385613818777 26.14568419239042 42.78937269822946 18.562875014914425 40.6149229346514 0.0 43.45452117760952 5.589545254495434 28.91676499832637 14.266855637101386 21.07286521828378 9.537425367977335 8.526953197464337 17.92541968775984 1.4467591617762565 28.644377456415683 0.0 38.75372578305786 1.1479070591311 46.81150815330366 8.249687323028027 44.256403598425265 19.769325648798812 65.32686066166465 27.694829294154175 56.514234291856894 39.9666873587547
62.21056390997645 0.968117293004056 121.94060120458585 0.0 142.27930372180336 47.26634586102614 130.43672043376012 75.65555980037948 126.3216308046767 102.6839535313779 91.59639807580845 128.69661736353328 48.22031083832204 105.71879152922496 0.0 45.85306691308686 62.21056390997645 0.968117293004056
305.1249989627927 150.77571897493493 196.80201909167656 187.03591641216798 143.24600325117183 255.8348776555457 92.83953026208562 192.64109215534 0.0 130.02102166577822 121.0542386650996 99.01167990463452 160.13426234312578 70.48222752985612 316.220156219924 0.0 305.1249989627927 150.77571897493493
0.0 50.5053183998012 49.03599698491645 26.579880265282313 64.35243080535747 8.326591439963963 89.19055835821361 4.6255046222551215 133.87315952780773 0.0 102.14070102933587 44.399145031643314 121.9337434366012 74.25933213585715 105.65618595013862 116.49882005588451 66.2562693994908 92.13382790528776 62.39422635984414 58.82063876679018 0.0 50.5053183998012
136.19391541123005 138.88197585829613 99.87712682530979 166.0915218205045 76.45832116403517 126.5027047622983 84.81126474446546 88.97073294038644 0.0 67.75948323577742 67.64039978892308 42.76404229554575 109.7267360078889 52.45407122817183 108.6432388782777 0.0 137.86420197996878 14.521894623595855 183.46442253946788 0.39443347866999545 229.79296227331045 25.824871820740704 223.14352323855397 75.41216605033321 218.20127324745215 120.51568467709473 157.8163010204327 117.65113897750666 136.19391541123005 138.88197585829613
136.37909594599915 126.22263683931112 115.0106871400736 168.62672544610638 76.24341183758239 147.40468676175072 35.79598440319559 131.96022707362147 0.0 92.52115371601091 31.32374918005722 47.537186766343865 88.84606849418748 63.379599318016616 107.92572032246528 0.0 139.45477129062158 37.80922107657053 170.19060880874437 62.72016070564584 183.23325230336255 107.67204060220284 136.37909594599915 126.22263683931112
63.61800264750429 88.65142749297317 26.737583188711803 86.26257801188223 0.0 59.13836485681207 5.232633485294251 0.7238290850472993 67.44567531832399 0.0 104.12674338696573 50.734054532664295 63.61800264750429 88.65142749297317
0.0 124.39657649808412 35.31612621251952 76.32173704471037 43.61751386888321 26.65161192580068 99.01235461982037 24.510452394728716 137.73261787603477 0.0 180.02174446904175 21.209594076505283 240.8465678287103 21.849457563092372 137.16332394053313 112.37157842773672 308.9888387572465 133.52625567571775 244.5507933928406 175.8840454985818 225.49025350737378 232.7350325123179 162.0922204136666 226.18327947473807 113.95632570219337 222.29721559190335 39.34277890524018 252.8052293406578 11.675797822187548 184.471242156434 0.0 124.39657649808412
46.27241004766685 210.63153154583574 0.0 31.576783139982716 133.94628721526826 0.0 243.1914253446849 40.376343804300056 216.30326776346385 189.0041928603536 46.27241004766685 210.63153154583574
398.63194317002274 92.51328825696197 252.62871854809052 148.77619774726082 240.68808224148987 242.6659164853592 152.82137050919988 283.62317671387336 102.78476597401153 189.33709347052104 70.59441053487618 134.13947040075422 0.0 58.02956136656981 87.68477884678687 10.734639509527383 153.78905123217032 0.0 204.11058712827872 18.921663693203683 287.53920203398445 18.427118020615993 398.63194317002274 92.51328825696197
46.72830653907482 0.0 114.24640785099334 1.2944230543479875 176.7018229422462 83.99834638746395 72.64511343568819 78.7767220575735 0.0 63.47343404104533 46.72830653907482 0.0
0.0 62.78434798278919 69.69677212442357 20.235632114537253 135.5735512454591 18.28522378154851 175.7319575894559 22.07978656953553 220.67876779228658 0.0 239.70394391624725 49.334267714337976 333.81782376188227 47.25011700172067 309.9562389788541 112.21578117152137 342.33340935142064 184.12889236025947 289.48065137810534 234.3190180228857 205.01044753851335 177.4421765097685 175.34705658371755 175.39299697315641 100.03143990544497 240.863515891037 102.28209746077498 161.37263962305147 66.95621370520817 128.26652943717198 0.0 62.78434798278919
162.59752260802028 200.54473522984125 101.37685865896609 242.80641039053793 56.712053009862245 194.8795767228426 0.0 135.0114936256875 25.714874813510733 59.948360785093996 82.57187800835868 0.0 158.65846515354275 50.679631213473414 226.54084024093805 6.531050508972527 313.6465950663395 30.636772998082094 275.6767171868364 126.98993634859345 218.1873821496132 161.23033628207878 235.32944976683441 248.31397196876998 162.59752260802028 200.54473522984125
129.3844748022179 147.95999842698734 73.87352458190392 82.49297756324904 0.0 34.11886968540657 81.90150493690436 0.0 112.3587297027946 35.294545684606256 163.96013214217393 22.637184066558326 146.56447753347413 64.680503906182 129.3844748022179 147.95999842698734
85.05089753575915 57.01325944013473 65.46972494209253 78.78742708800654 39.52372443822614 61.9985972883605 29.188988728851328 47.97225425212277 6.253933059975822 43.36202202229936 0.0 19.423589453345613 23.111545238166656 8.246898219722013 39.16010265345375 0.0 57.22026816055356 3.6135116610386433 59.93307717418213 21.261241686276463 75.88279017473982 31.693728396176766 85.05089753575915 57.01325944013473
91.98456536982317 76.15239581255177 70.84860097276501 87.67707396800837 49.793114469379354 89.76273523178828 29.136805028277728 84.29742616821666 31.20216148960015 61.14001964640238 0.0 39.328873720588604 15.052380602871096 12.465066486175893 44.7484806796625 0.0 61.917235075507456 33.88535758621032 106.30447626279616 17.74068234419248 107.5051506569097 52.27758297587934 91.98456536982317 76.15239581255177
40.02260859124131 76.74529650960669 0.0 59.44179267745727 32.15382720412229 35.3249225623057 29.98466338432678 0.0 68.24535982997726 17.445143082973907 86.1244078385218 11.500052697552185 89.14433243629855 40.459151571426816 106.65355533821399 38.998293835167956 136.5723894236081 51.05387361744786 133.1804390155834 77.58523028475528 120.08453251952392 102.11671645513663 91.66716103215042 101.07049415512337 69.21774131556467 108.6918265287918 25.792108175992105 128.26856859154265 40.02260859124131 76.74529650960669
268.14243609690874 143.02363903051423 278.5303368185615 240.11396255659213 186.52313553619874 235.7176236627517 124.49423166857704 216.79595718233412 57.51385077409634 204.272382580233 0.0 142.14043768240492 107.8510343358175 99.2462947201856 117.79578308354778 58.067396680592324 160.64747910734195 2.6001064665005345 244.1832841882028 0.0 231.4917067819526 91.32962733460623 268.14243609690874 143.02363903051423
156.50361758781995 163.14943802589875 0.0 152.47150318895342 47.545530121075984 17.530951569457933 125.14789938854445 23.882797400819406 180.5018838989164 0.0 188.34878420552528 63.52261700037024 156.50361758781995 163.14943802589875
46.291701246891506 10.201193745646435 39.63366109663086 26.900004159025443 64.89102698694889 34.93666297972001 48.58456262983154 44.78434820468874 42.09668363326949 54.137726732406094 27.074826880874312 42.789890438731504 21.320209775271366 55.30125217729156 9.781743868543558 57.140508367711334 3.151721033912665 47.72861612566109 0.0 37.16871983892426 1.875608131068205 26.880944815848437 8.086766464482196 20.21448174991731 16.02511152113817 17.14533668700288 22.550285211255556 8.395465266399555 36.95831525655932 0.0 46.291701246891506 10.201193745646435
40.692230614474695 85.05684316615678 0.0 0.0 78.17174347556353 35.74192211361742 119.0782210908948 86.8706449659059 40.692230614474695 85.05684316615678
50.674034133093144 119.56579097339657 0.0 84.37061421742654 57.479394211812604 60.797982099574014 82.24708590569728 0.0 123.4677278240896 51.4195590292707 88.27126133197763 92.24654917172818 50.674034133093144 119.56579097339657
186.45900152329713 85.80722304479127 230.56931166148257 118.70569485081927 267.9856391758999 196.95718309990428 157.3594195610547 157.4528778107487 133.73666200603668 170.34684012907232 110.06013653316919 155.62295955615062 24.847340503785276 211.01743485446798 0.0 152.12554673870528 10.631257507887227 94.8302781462512 65.31864402836146 68.72483599606211 59.21176409109481 0.0 119.40510232309644 41.69295866363875 158.4194365351038 18.15681153382191 168.8544181218195 63.693171859036894 186.45900152329713 85.80722304479127
63.39010492061716 88.73798093806381 48.95742473530805 124.31376941449304 43.36876795595491 93.08886438611312 27.41645581072943 89.1386276499351 30.73039138752128 73.79479071997386 47.84891900322411 67.8696328529399 0.0 9.542296084181558 45.95766812551683 30.296825354158315 64.25107392223252 39.891554550075426 111.32655654925303 0.0 99.3871411602831 51.72155748794195 76.51529445828058 71.63250634341397 128.4636901561861 103.54937852566263 86.71774615281335 104.5989256288029 63.39010492061716 88.73798093806381
284.34460266358974 0.0 263.79017511828306 121.39954021814407 183.02562508173668 165.3453745880923 0.0 214.4892254292524 41.60125003103019 19.313127914853453 174.15020958744302 75.58312713449604 284.34460266358974 0.0
230.80488022601025 0.0 229.74225029393463 195.6862738013022 83.72833156648952 183.40286605941327 0.0 124.98475311752249 70.615140834558 47.327628843532025 230.80488022601025 0.0
164.52595439483392 121.97345292973357 84.7781387482604 145.85639107059427 0.0 162.6525852551964 2.0071869096104678 77.05898282133379 13.167730369445103 5.927031024651171 84.39812155833138 0.0 98.05474227533236 61.630479927317424 164.52595439483392 121.97345292973357
0.0 0.0 89.95379672799625 1.826422515203035 156.73458530198806 6.671778531319148 147.22303233101644 95.3706905440906 285.6734529437388 107.01297662510507 206.88524736365582 170.4191137498477 177.84608844451327 232.94104558818418 104.9858054087391 237.32944136193962 90.3448834057205 151.71957592244004 2.022943547172815 161.8015012351961 18.434301772491068 98.62304911079815 0.0 0.0
79.70001381712157 94.96896410152003 53.89399552078501 108.47084445193683 45.916046891227026 78.04286915021255 0.0 75.36694837201394 14.231490377939977 41.26956840084303 29.553134433501334 20.099143147884078 50.517873515968844 8.683702583435405 71.42426410262257 11.833910336490248 89.08039584752999 0.0 99.217883112096 19.28767260669258 91.62720290733154 39.722398851398296 117.47815635113493 42.70522990576298 125.68923050775693 61.45710886347041 123.21943878790067 84.98316803983819 96.57248548516834 85.26901292649474 79.70001381712157 94.96896410152003
41.582575484768086 176.43904621962605 0.0 99.27574158918829 67.3176705125876 0.0 178.52298711995923 53.54416158652376 240.69370267720416 185.52322937267715 108.05456410124216 211.78872132593796 41.582575484768086 176.43904621962605
36.00641413410003 13.722496128523652 68.86006577058582 0.0 94.58172262595062 24.124382357672985 107.44987752811701 40.3496878379904 146.54018836372765 57.51651154047893 124.52465120754326 88.96503161007534 101.59532638613243 107.34417486473465 69.84978826972224 146.4639310877236 60.784881763597085 81.88809706262292 19.85597907836916 79.97685066521038 0.0 41.72783979626351 36.00641413410003 13.722496128523652
230.85085933349706 172.67848753865036 172.01170928092483 205.29845575627866 119.12858125946754 206.10413006260313 98.42855932687166 128.21802934578506 21.41949885940781 215.446506761598 54.90501302324546 142.6343715687844 53.04087767817492 120.73656693144696 0.0 61.88088221796972 66.32056497247746 66.05500691136751 98.26893964205655 0.0 149.64417387677872 31.10832444080944 189.25391461743232 61.653934580861325 212.72791101857632 110.53640489454978 230.85085933349706 172.67848753865036
89.13020148004739 18.823872845860592 62.243299631246316 62.20098964605698 31.70230901678049 44.44720922376631 0.0 41.721498928842095 3.342490829414885 2.1523520022812335 45.14363833512121 0.0 89.13020148004739 18.823872845860592
31.783053565938317 71.40943286894809 23.19868800180872 0.0 93.66923108314182 4.539481934851523 142.65466755691418 7.2060520896882 155.00392437141053 62.582174031920616 210.5305594147151 65.35419282903305 261.2200773468379 117.17698487438236 179.26347676324886 142.71159084545167 150.84487694892172 160.03669266355217 122.10768620787503 189.61702870644922 94.2389436665861 155.51842550771937 50.49859489377205 153.44842797302329 0.0 118.27813040361639 31.783053565938317 71.40943286894809
89.08651513402296 29.83551365310668 129.49292451755468 38.49761924127153 64.09615614882908 42.53352236336729 103.641645777089 78.08166322648054 79.37026366406651 73.60728104971892 64.38489729808543 54.82241892640668 48.51801044533384 85.08942023912036 43.169395425865446 65.76975640598238 35.710621427557925 56.550272737747825 39.49421493914005 44.222832061276144 0.0 21.478280765890496 21.186042558500105 6.142578872817843 52.19384662914962 20.480411194266843 61.993627791108835 19.60409338335031 75.57518268655996 7.148955569336259 100.31635827504022 0.0 89.08651513402296 29.83551365310668
150.08822228586286 44.313456759358495 103.66128530237668 63.69428585199643 105.72369442713276 86.76764028039949 99.77662191537634 130.9095839388908 65.94978080192699 122.86860241636802 43.03680889291479 100.66934567217311 39.97711681560236 74.1759711421893 11.13544756961221 66.73550570138852 17.48153947239919 43.183394023296835 0.0 8.216098500263982 34.49472780825869 0.0 63.31496803016282 21.17841521510828 76.69777911194342 17.642452057128132 93.78741813350345 18.407882422677353 124.48393668321663 19.810354319766155 150.08822228586286 44.313456759358495
60.96068029176266 51.83755926571513 125.71242765027226 0.0 85.91429816431945 65.1748799377896 174.80061566922802 93.4462431509626 124.04631614159656 123.99375470848284 73.01410358938617 110.78986900687352 54.17183214872398 105.96460743855602 26.994892811841936 125.79765110943364 0.0 110.13402948627865 10.180026903850234 79.42616340059503 24.819608533925646 63.68853743931716 0.5768237631834552 14.212766865345408 39.477996141807395 12.184264244723046 60.96068029176266 51.83755926571513
103.40311191199945 64.27229612239601 152.98529516716832 56.383929581865885 181.28072085289438 88.6108769695784 101.31230294478787 90.72019693348338 127.42328086454918 137.4502154427301 97.66482498045158 131.54412045263115 79.16637626062276 116.83382264232449 51.95863878174441 133.28049746398173 43.1969303242567 109.84987845848714 0.0 95.78692107373278 38.05966552631065 69.40271951279752 28.188349747278437 36.65793592049242 40.221387507607716 0.0 80.34005428623408 18.94937895067823 110.81355506120141 12.99098550470157 103.40311191199945 64.27229612239601
147.0153170789652 24.94073040531135 224.94271116064652 10.81692654107249 145.5907372208361 86.75933891984457 227.3870683086638 161.1930490722744 161.4217976294966 193.68979730347155 111.56281323890202 135.12016747604895 43.281672509695255 147.7210153394899 0.0 86.3062525223939 1.6778956426250886 0.0 99.31465402320386 7.927548663660062 147.0153170789652 24.94073040531135
78.02511811787282 0.0 172.76417735391254 15.419377268132635 307.8086037146087 54.83103132326384 298.73444701943066 212.26412110998317 182.05877906437564 304.38469975527585 99.61805527008072 162.66557799170138 0.0 158.17811594153665 54.563255039842915 85.97262158386548 78.02511811787282 0.0
42.90493656381153 27.799012134831102 47.19286997969763 0.0 66.4888283453407 14.110511898872616 86.79458268772092 10.966021886757296 119.14785360750787 11.16384163646184 102.26509575021532 43.584164712881986 117.48177208024609 64.84291360521976 98.76683495928157 80.92654502347855 87.3513972448064 103.78652328616548 61.33387464392851 57.054531598024326 45.11940768085432 94.45417877390483 23.448699825911525 88.99249347092123 0.0 75.38552398548235 19.755205879462437 48.949733113694535 27.397087185718846 33.47129944078286 42.90493656381153 27.799012134831102
0.0 19.648506388186746 38.06143948283574 12.180003153585233 72.22220423465032 0.0 81.05197890145598 33.74828969379796 136.73075406754114 82.84651658587234 73.129289074139 110.80848517690575 36.27206877426639 72.77662262158414 16.35236123335571 55.27441282539327 0.0 19.648506388186746
208.06554218205238 0.0 246.65051482181923 32.01452952429905 239.52059933693295 85.45582875813437 265.72032888078 134.89117928618782 212.85495042710036 157.81183163436071 205.38947102643576 236.46616726469375 148.6912410697817 148.95733023452289 95.0951750477085 204.65006487277316 95.08017945311451 140.768303086108 39.71553517805407 119.54772287794123 0.0 58.785232926244156 108.91242223995238 62.11470609685928 149.64585265245958 95.44026445801809 155.34764117174763 12.322661383297586 208.06554218205238 0.0
0.0 11.336695691493745 15.67270096919654 2.2542967686978415 32.84460636777578 0.0 42.510178495278865 15.204118652593124 44.11295763320662 33.80122485906148 26.301112421090835 34.88559104925051 13.298097870246451 39.86869495919369 7.01290546436968 26.674940580388665 0.0 11.336695691493745
12.816918443679384 31.570908892972042 0.0 32.31523063436923 1.4533806945854337 18.92442167382285 10.552294845996741 0.0 24.220720504278376 15.483589427590232 33.01685191374497 32.82512358726369 12.816918443679384 31.570908892972042
76.76411588088995 0.0 135.99813077716453 3.875300363573359 187.74467613276917 3.7462420473063958 285.6650000450437 2.7496006033999976 228.56209014261796 92.66333226873407 162.9750994593793 107.15825835521795 165.24242261734832 132.62309687503685 151.27961257016142 241.63761964440496 93.83777802701408 196.2649054287505 43.290199679697395 162.6863789631167 0.0 104.71530750051423 50.44344465259368 51.14351718641591 76.76411588088995 0.0
197.48930875728442 41.62214460722312 262.8097051701029 141.2303237343075 163.9463089183672 196.83693586678095 114.52716871443272 241.72951432710127 0.0 243.07687288786826 73.00770141366479 140.65805321986971 64.63005936525306 0.0 197.48930875728442 41.62214460722312
48.71534166516339 93.3090122467181 19.93256726458339 86.24686017655658 24.198482280124338 54.236662488952135 0.0 25.181763491888674 28.02010122422731 6.888655869536194 53.181720246031844 0.0 71.20413661412304 19.81791262025017 106.26034488246871 5.886055055262013 111.85042231783096 33.359301061483876 121.40018093253296 62.388654246126464 88.85503565607115 72.05525887835455 77.6841963522115 102.19674738242797 48.71534166516339 93.3090122467181
166.1875493673215 205.98090075713782 0.0 128.64040171626516 57.940054746812294 34.04006997211348 211.92939886626743 0.0 166.1875493673215 205.98090075713782
70.82957704466318 30.27763908707027 34.322228868679446 24.99426555073181 0.0 12.025762816098833 40.33975473839348 0.0 70.82957704466318 30.27763908707027
237.2003918999944 171.71355285100668 179.1010985484687 242.47365283000482 120.88536621079848 166.66003516985432 0.0 133.98678056612914 60.81329687655257 27.78887195309356 160.4281378014636 89.00484826466433 246.81877349137878 0.0 324.1720993401465 90.97139772625023 237.2003918999944 171.71355285100668
50.51711766697973 52.60995646687937 33.76961418504206 40.0100741894924 0.0 24.0835047061705 31.48964270239395 0.0 55.0717969947611 16.60193621684769 70.29246539317926 35.868811427891586 50.51711766697973 52.60995646687937
