100
63.829440216738064 38.46099619921931 62.93943854006976 51.03175283283211 55.32452765354134 63.96322469378342 40.42378073711701 53.962375611494366 25.53214145483915 66.36913531889596 15.246522144759098 54.62427458149324 4.060394427807722 42.692727236383405 0.0 24.3861893716265 29.375245824093867 26.979375604472338 31.770531682573164 12.645719509416537 46.07487204102196 0.0 53.951002788062425 17.528968808102576 73.748084915459 20.825595196328194 63.829440216738064 38.46099619921931
0.0 62.183416136968965 7.1969947601692255 34.47035432116267 51.13379881702011 34.740586816045415 60.8603309086712 32.38955593252091 68.88649867882175 0.0 85.0834154058734 16.066446165490838 98.2954176206019 24.82420514609067 123.88107021368249 36.81722972689932 131.82522395553246 65.16183954114621 100.95712692773957 77.29159733276296 87.47105028512668 93.71262818172872 67.14243951039269 87.89763237924916 26.018754811079646 126.91814509616668 15.400599909013671 88.77338280043014 0.0 62.183416136968965
0.0 20.02270044573485 35.164777292972644 1.0647792882395777 71.89667715299356 18.37327724288963 91.9114109902073 17.958206683494474 128.42893892414656 0.0 112.71551041359047 47.47470419524922 166.54120449482932 56.701720697528614 137.67873259310755 83.83916576581318 136.604433000902 113.31408749506352 91.6033775161265 84.35568933420664 83.01243453704957 144.46215567717198 67.82131959111918 99.16283733043005 22.20552976680304 118.02275185666736 36.07106298371838 80.49028153941265 37.01920347001442 61.07503145470626 0.0 20.02270044573485
77.941266251723 72.67571141277713 71.89617004013493 28.559571268356493 111.99998177197746 63.83472852318663 144.54738979148246 0.0 163.44804361565014 42.99017243072118 250.79196082440237 29.903045477469007 131.46046433354152 99.06451688033796 253.36230260141838 156.3263068305842 217.52998299206502 206.268806022508 129.6670467215185 135.023288561781 109.36095291607758 219.16033485891325 80.76878187536198 168.69441625707003 22.214892990061344 174.6417354840596 0.0 128.13361709783413 1.2646569928962776 79.06949024683335 77.941266251723 72.67571141277713
142.80485998358316 77.48916110067051 82.63061892963232 115.65932958424818 29.186438678024857 103.32406051422586 0.0 50.36966083202623 61.58930206875648 58.451437905225234 113.01892378306638 0.0 142.80485998358316 77.48916110067051
35.139203399536086 0.0 73.21183200450933 47.592059430910744 144.9094155942498 51.07568762282411 108.10244319290706 108.69940987051768 46.49885651832113 101.74683089186314 0.0 59.72847507147113 35.139203399536086 0.0
0.0 106.78082338470648 3.983380180744689 0.0 72.77752427257961 26.478411741023905 139.31153703211214 136.08249117822928 0.0 106.78082338470648
27.83329162959666 90.32016111692451 0.0 0.0 96.37231184717257 7.258752050068765 83.14527071390522 67.25077686665944 27.83329162959666 90.32016111692451
53.30656594384969 28.695455548239806 43.726777521554396 48.75985102372016 29.41004965278394 31.184897967635422 0.0 14.76166647710069 30.35012222348962 0.0 55.783643580330974 4.221609220631933 53.30656594384969 28.695455548239806
162.91837278439039 304.52430427043254 129.7315873429 235.0396941213668 62.376288307120234 239.42947511620008 0.0 194.86212361427516 62.25245940012326 133.20021937917187 105.90031780353308 107.1862644533372 93.58637613654133 28.005381222654805 157.7733066789697 39.42057501720599 219.71979926832978 0.0 272.1385231737216 36.06070834431547 249.31693865380402 118.23162070970933 284.9537282922919 150.60258832033617 357.70112132334805 225.4907657679147 207.43865687593117 190.15100553906007 208.40732764002792 249.72560090213415 162.91837278439039 304.52430427043254
102.21619207817596 6.285522601048079 122.34082285169583 29.057918533856856 114.95237399711607 57.83146751483053 91.282847022073 72.42711054187671 63.311267259214276 45.85350586924219 55.41378318778396 80.4773517769267 19.267958811765922 91.24981120874824 0.0 63.28680968298091 22.369814630827797 35.93598183448764 13.342633985275505 0.0 51.780630410031875 9.774150701183594 72.26982263045105 8.231711022186033 102.21619207817596 6.285522601048079
41.844082738264866 0.0 107.64081362594096 4.3192761260531185 176.97887973155153 5.9819819297534735 188.59442479223424 72.88053417247784 186.44130559907308 154.57913709704428 102.27710966888777 159.13615633901105 8.712369471069152 153.3068754631613 0.0 62.636811564139705 41.844082738264866 0.0
114.07464108000887 0.0 165.46021458462 14.053820839986784 164.98832046927328 63.87825004079063 168.15402685637974 111.08348940601122 130.93280435397298 148.79754955326678 84.20687926940178 137.85219810359615 21.437679894750374 159.7492508692601 0.0 100.87273058331844 28.24905648351168 55.30131139338313 44.97532324016021 23.461600408912368 75.42998330845673 8.79835113383973 114.07464108000887 0.0
227.11235530515955 75.66537065444619 163.70193008524956 121.89801738847665 216.55651766324712 184.36346624530591 151.54705757304345 180.46094499949044 117.99194138581217 184.6554117102981 99.48524045096744 147.36848002603813 31.108115945560456 174.624522646711 21.8124950952583 128.55222238749838 0.0 73.29201126376523 32.01148128691747 21.98427045676351 101.05267882567941 55.00201583107897 143.92581841050563 0.0 183.11145614721445 39.339001126506375 227.11235530515955 75.66537065444619
79.81338288264516 36.70114419823109 139.73798498224127 0.0 188.24535282416699 51.69188365636852 287.61265065850347 61.02697071559237 248.18783046071553 143.62205951833857 226.70446033934186 199.05795292228817 155.27657764076642 167.13717903135475 127.19730915853673 179.84454540956307 64.97470013171727 194.46870509171703 84.55661716215667 135.59009421603176 0.0 68.7733212940156 79.81338288264516 36.70114419823109
173.15638042278272 103.53731204896356 226.27105044027837 136.22740719046266 169.0176679608501 149.1356489688917 154.35524883322364 198.48060075706096 113.73260487222944 175.10428489590603 34.271109706573924 193.5376721518804 0.0 126.31690046041376 108.69218227654511 102.64464278798675 109.82518398342386 71.50351692739162 142.75844000181405 0.0 205.51941072567172 20.441078883133372 173.15638042278272 103.53731204896356
0.0 190.05202650704905 3.396458248629301 72.06771902552119 43.60974241420482 0.0 111.7528559836599 31.2832938589142 227.25211178099218 86.16775692009527 145.1111908454427 207.21374479799528 0.0 190.05202650704905
158.6567575611794 0.0 228.3142152361596 46.2889743033804 276.44706190517843 91.69818521526851 362.92745085598494 147.24264740077143 288.6973095928753 216.59594060978193 290.43533026545003 339.2003427112836 178.80993342878838 250.1307412497044 101.02704907355104 304.3472921398987 148.29551781246622 176.30559421600302 0.0 176.06703127588656 104.60483252786096 127.51364048866174 125.02476329108214 89.06263667620381 158.6567575611794 0.0
60.32728181713041 212.46502968617835 73.77759036835947 154.04681994572593 0.0 121.16897708248999 66.92108625392939 84.7034206024666 124.46021062144565 92.90280485382512 106.44352553211533 12.909552787858743 151.9995189842171 47.06720437261093 202.1669728535001 0.0 272.6707592769098 2.7400993988823643 283.00595002754744 66.86853363434801 247.6387925932369 121.96421624195605 265.1881919143344 167.7406971216709 251.18009087074415 222.0016937398675 183.89875418439607 200.71730997973395 149.35999878584173 256.6921270458024 134.78386835380246 159.95582985795505 60.32728181713041 212.46502968617835
16.31742041620481 69.79926181347574 74.31728330222819 55.48464243138094 97.66423599581017 0.0 137.13613162495065 73.14179858628128 163.0502035558831 71.81185583178907 240.75673662253476 64.13679765625668 259.38260845799124 117.57094858929536 259.24442472466484 183.11627820166757 153.65867060192974 152.0981509994544 142.09348037195957 180.32743422006257 101.98434567029895 236.4910004561766 49.039580658834666 221.02255129264148 0.0 184.76994270374087 117.92474383839554 119.30126255142632 16.31742041620481 69.79926181347574
134.67214344087972 65.78210289255833 274.3193076541909 0.0 342.672814121827 148.78228821215026 229.440715288075 258.8850486613074 112.04761187610568 252.2768346116867 112.74619357352992 158.62899216809666 0.0 67.5149804848137 134.67214344087972 65.78210289255833
71.77326847453364 45.97707907302406 51.09671344665682 76.16487329201145 44.89233198679145 40.572129963706004 0.0 17.0457592486037 42.33580332952296 0.0 66.29787603656504 12.013248922493489 96.45869528007103 10.089656698997445 71.4521394145885 32.79581651027999 71.77326847453364 45.97707907302406
11.394736901546224 98.92029871588399 26.416390857496978 63.95308234556592 31.55862434035619 0.0 92.06463038764642 28.85945604412815 135.4079872998688 12.197414914857589 146.53071237850537 69.34137572619176 259.1547491912238 46.769169809078335 209.61973900603374 119.82645472526976 147.5623474870386 140.6948549045353 205.5181523385778 239.32656253051198 137.76845439637043 248.9827181335814 84.31283695544394 229.1434153726816 31.781003706970125 231.15085691271935 0.0 190.6119410488938 42.872969457876266 131.19269271030242 11.394736901546224 98.92029871588399
0.0 27.0198018356607 14.161450302559189 18.89811035895147 16.018732951885127 0.0 27.036609585980003 13.756100280785603 63.10146437267047 15.378324495690478 45.0223944203224 40.85626710087031 23.840353626107728 45.51874594851823 5.921821114682729 43.95164104159805 0.0 27.0198018356607
124.08378124841207 213.9948741167415 0.0 149.34117632620223 44.04500438005486 10.660412957193728 165.66859095973678 0.0 251.38857206312622 62.40904899340299 243.4769054885828 188.78116362987183 124.08378124841207 213.9948741167415
149.348962442928 209.24311886093915 124.61567202951183 220.04287683086795 75.48639009127123 280.71085266122486 31.756170518135406 238.08153207939404 6.63628126937121 190.0385702819744 0.0 132.705470571352 32.37177353112662 78.65599416209109 80.62808440254463 7.915503349791379 169.89782952888962 0.0 215.12636672732955 75.76894964387402 285.2301616316114 135.99425206278607 208.90136920195383 201.01611902867813 149.348962442928 209.24311886093915
110.60202086528096 103.25335293673606 64.8862323297534 155.02251585717175 10.804608452194842 129.6881257876447 6.688990818864056 70.66219531601214 0.0 12.720943498174918 62.02127522754937 0.0 98.3583366468688 3.360140939075727 123.16278775002922 13.795037939032625 130.04433989839413 40.14965015717038 229.7539506614847 44.7219017735434 238.8966495188191 113.95196150391348 199.09139461134484 180.99122707102654 110.60202086528096 103.25335293673606
81.46049709292996 70.04818762281303 76.34084873037122 0.0 133.51162554005623 42.11058213499547 151.54177606619328 76.36122893453928 251.4333344046389 1.3690502512357057 218.10596231584265 83.72628411101455 255.26897756536135 119.74496014745345 205.17348206292598 147.79808338795294 181.18948831743046 167.0359074633413 162.9768020177324 200.7607213760005 133.07712100305454 148.75245058429698 80.67496639923277 204.52006391959162 104.58086754701162 135.329632614587 94.55968910411985 121.35898748382293 0.0 78.31207686286862 81.46049709292996 70.04818762281303
92.37575414422423 144.69993870234228 0.0 129.8047823935085 74.83184044059846 67.3868818774458 121.89928722409499 62.743262496028734 137.23792807410373 24.60014090876745 191.85143217770548 0.0 192.40563492454504 60.79066405481345 315.6745750123261 101.48940698878143 182.09156794649633 117.37718188186349 193.4237629194053 214.57603809809152 128.83983949404706 164.2527456132358 92.37575414422423 144.69993870234228
0.0 36.700946734510524 123.7214030611794 0.0 206.25901499328359 102.94524966384799 81.24283465499394 134.41402560173904 0.0 36.700946734510524
3.892698599808014 0.0 86.39474056663052 16.256340427772365 124.83157435751993 2.319065850314459 155.97707299885698 30.227378360998017 164.33811630175634 67.10805780840637 207.86732949583367 117.19519903927042 124.313897272667 98.9875048765699 116.93734626248485 175.70482419826337 75.1080471605172 144.57339184428284 0.0 142.88017903242647 17.398368019922216 73.07716983094457 3.892698599808014 0.0
59.9838991663036 10.035350519057616 56.593610717695114 28.232704106302165 68.0561355813876 46.319828854457114 55.395041730910464 66.25856986272242 34.32526661804259 56.81578375453253 29.539823435156677 39.39336291039454 0.0 36.244420740187394 8.31758473028242 14.929561517583352 22.140598525156207 0.0 40.163945840222496 19.137902331648306 59.9838991663036 10.035350519057616
69.52686543686556 71.73189836506326 116.13283728213162 21.69697760292742 183.10878100627534 40.29776914007371 246.18472281665808 0.0 278.8367068916846 63.91562147875449 317.727704397055 110.006335319469 321.9950176951889 170.79925673561604 270.9225908281011 207.53732583174153 227.9662078269669 229.18621855096004 176.143130709404 295.33522801934987 112.21080034855373 255.4966227661901 34.051216064242794 223.45342472717005 0.0 136.2694152564565 69.52686543686556 71.73189836506326
64.2679010617585 86.66970068266686 0.0 46.97963568367 63.98503861922666 0.0 131.0590291982021 19.47830106088211 131.17979223723594 85.18955048393717 86.58388885248385 86.07758180520189 64.2679010617585 86.66970068266686
0.0 82.51501032068094 24.7426189558758 50.78232056215174 28.68581069956528 37.05474164782656 5.584318039761399 2.6388323005417647 51.51237213218408 27.168057768962697 56.522816098188386 0.0 72.46506144470113 7.373736507550738 82.75836686875863 18.104199078388447 136.65062865579924 1.1839370966990543 112.3799396679785 38.23195861763672 89.76524211595986 52.41703144193029 112.32200022975407 83.65407772344952 89.96864241277385 92.04175961809537 67.05934430687302 79.3126443210736 59.3120111653236 57.247115191574466 44.28137859658234 69.80446689677083 0.0 82.51501032068094
81.24586948978728 55.27369268611473 135.93633440787556 0.0 99.73231892181924 69.32542917299081 89.60095170576062 98.44464517938714 0.0 97.06422680197589 81.24586948978728 55.27369268611473
103.60140074875025 0.0 146.36462226952102 26.479722798627265 192.01536381300775 7.290029660951674 238.67575890409032 32.90256641528417 193.94194437961357 92.11240506017995 201.90557922492627 119.61832597176694 155.30413855351554 113.30652857773885 179.12793570965118 202.56168406717634 130.95187148052435 214.56243401262634 104.15556936290699 162.0443673256219 54.94535393282338 156.12163310777854 0.0 119.9904019133347 34.03588523570292 64.1192363388153 93.34472062224819 53.07344449669222 103.60140074875025 0.0
126.66859498578354 49.94837998598015 198.22787872416404 105.47289866561238 145.24141744798953 142.49147813130782 89.58590850653891 118.88275032824123 46.13620159703937 124.34653110292604 0.0 97.81359049234459 47.921357453615656 49.91220667126165 49.71635212621794 20.19359534305793 76.81873336173513 13.641655353230504 106.15205546480857 0.0 151.13440380782566 2.58054273434513 126.66859498578354 49.94837998598015
208.78108041151617 126.04902569172133 252.4181095992268 185.12249742499347 217.2269348638638 209.38472662045507 173.7364616502248 184.4427265098857 126.22188752782574 256.83543229171653 118.13945533488453 174.3821189214426 120.57218177303184 138.84320148032646 51.82127822928919 127.62513194823306 0.0 70.01012558624554 127.65224273513945 82.84236217655622 118.17795802602822 26.709880231635154 154.70526278949416 18.857118099771043 198.21005149141422 0.0 212.34553777481995 55.37192658916127 356.83567983309956 6.107802821681091 303.36873635249776 96.68124313389701 208.78108041151617 126.04902569172133
31.413620188881595 27.98252420505291 75.45151514765648 33.69232522296132 159.541628689782 0.0 108.20797519348545 78.86416844623474 124.56664660664302 136.85756436677025 67.39223803631828 139.86679128595398 0.0 133.40939464395962 28.73184067446391 72.16361647104605 31.413620188881595 27.98252420505291
119.55421281726626 186.5053281923785 92.83084226498721 145.3541596928654 21.07894563570025 145.5398179644367 0.0 86.78710219038197 80.56121680932657 57.29034633805958 129.76927494751968 78.7909739590301 127.56687655579617 0.0 160.00364745953243 31.777523895464775 183.98987256654098 46.910978164580705 219.56586386252022 70.03752613124584 204.1123127279703 108.35978690939525 188.46104175821196 139.69653297421348 149.94120522703125 132.76696991395505 119.55421281726626 186.5053281923785
67.11031932000293 35.30353918670575 86.17177054658008 50.279900474672274 83.51442921137223 72.56640468491909 133.44682330670884 67.9286685957526 145.4008907765513 104.15818523246654 106.31934562829701 114.64220783195282 86.89643514456428 134.95506865225758 63.60002950153489 114.11120089916193 0.0 142.91472192399607 24.96556666333123 88.76183658922263 39.800286527762665 67.27676119201469 6.286154289806191 0.0 67.11031932000293 35.30353918670575
54.04375382386503 0.0 206.61804191458253 57.304249902033696 133.843614293676 164.27984139552171 0.0 153.17060401819532 54.04375382386503 0.0
151.64803075528224 0.0 127.07710562131112 60.041604189687526 113.91304847854325 116.16884053237033 58.56261274623944 90.95519006277692 0.0 25.997050805393805 84.66764129118509 0.5065583217704699 151.64803075528224 0.0
13.720838644882718 23.79512108479007 13.179315370279227 6.4071410377566025 28.88696805701788 0.0 41.78383180504619 9.315808676640643 42.69183468223717 22.62039953790412 46.181924165850404 29.808807175709347 46.15537717573294 39.205592971307595 37.44653365143897 43.96218388598854 28.189405293268862 45.80074038671037 23.396106644813187 37.41558641854827 0.0 37.203532330817495 13.720838644882718 23.79512108479007
102.98247578881872 20.14455101358174 124.43627675089222 25.284281385892022 146.49607887703684 30.73992846162912 206.89857376888227 18.188033268649214 266.8289346324568 53.31861461981153 175.07972471562445 93.0662683898051 209.34193627555692 145.65895480765 165.26947603903994 161.2639618059735 126.79566410974572 166.0774950174643 92.72083685116314 164.50149818007816 113.03403689172154 79.12668197819063 35.593424509266356 127.83567996199055 54.89026522639105 89.83374967622372 32.342336809023635 61.21143298558219 0.0 0.0 77.96739224724385 22.4030657488059 102.98247578881872 20.14455101358174
142.31799992607608 143.95085867552308 110.49335606689134 181.71396085128254 73.57668606844732 161.71903563878487 71.26576884721456 112.7013314765261 0.0 102.51992782560323 5.637549077206842 50.521938161006574 94.11654193969423 55.898104640108315 100.25656336827959 38.24208435537079 118.55852757494908 45.35593078570673 147.6412013663305 0.8359361499638567 193.1028465771479 0.0 248.33731551259632 24.895074318993814 208.7358958217821 78.344388991763 197.87475458704284 111.5377181157304 157.6506941958471 119.06407071982088 142.31799992607608 143.95085867552308
17.22537285020502 67.3366402709798 12.111228282339837 40.3344571204281 0.0 2.806038578268911 40.53340537729311 0.0 84.81908015567038 6.119122317254508 66.77718308140658 47.176153485118505 40.92001588021668 52.713332659829604 17.22537285020502 67.3366402709798
57.0653649791025 149.72144252199496 0.0 61.225260876725756 115.28027137986201 0.0 202.40411008323252 82.0386449395009 261.6902701398251 232.57482123912058 101.34048758103457 178.25126119251325 57.0653649791025 149.72144252199496
43.063806758464615 50.90852961815217 61.570617167149464 0.0 95.56964633391259 87.26830799772944 151.4346519307022 21.738470592567722 181.8614783633653 58.16436233002463 197.25625195879834 101.55270044670138 93.71317685135315 108.45634912954101 142.57235065990565 166.74162442177848 91.91512754822864 107.69488494352063 84.30285744590118 150.38991521750296 34.41052885509747 186.81223401203565 0.0 157.42142268625844 18.484503888347092 110.22201233809497 42.11702125163507 86.45644757184982 43.063806758464615 50.90852961815217
0.0 34.05268663498781 191.91177382029642 0.0 199.15071560940638 161.17786015537962 98.1970428024016 137.9358358948757 0.0 34.05268663498781
0.0 12.792789397607919 118.50603757699588 49.71995016712256 129.1631044350916 3.989701288387735 156.02524826499777 61.20304123690471 208.93702636207155 0.0 169.86693850218097 78.47691137927266 256.73012874163504 72.76919440420542 249.98497795898447 116.83136947376683 185.87462233949205 118.17116451783339 197.51956382801046 178.27343363245498 158.7288360212433 205.1823643042682 100.8958321977193 220.14454506479933 72.17203864668352 168.68261714202512 15.352799871055794 142.21181744440125 86.47104570577329 87.60282765505276 0.0 12.792789397607919
35.518312400139635 65.20273655019193 0.0 28.793224033075468 55.98278175042921 0.0 69.88531071400814 52.83031533965255 35.518312400139635 65.20273655019193
124.25125100267687 2.780504388964488 86.16016263199495 52.966520155641675 0.0 72.01023344279938 55.300949446504944 0.0 124.25125100267687 2.780504388964488
9.673447807695396 28.44978632451052 44.37511411909722 15.35607336266817 73.92584298333934 0.0 92.88344770641517 30.826417113455356 129.73256707553656 35.93214711817571 146.3135619288468 74.57505188639973 104.28228552591247 91.98319568301272 88.53397573494918 130.95620502688652 58.7717332993781 99.09997563347113 30.119759807712768 94.54873330032567 0.0 67.22531907847124 9.673447807695396 28.44978632451052
146.90756519739958 100.04313340134384 98.99058311169426 185.03616622122615 0.0 131.92906848864874 68.23225953071686 59.69834965551726 86.1545274538781 0.0 195.92886873890814 1.0163404969428882 146.90756519739958 100.04313340134384
275.7908405993418 66.33378203839442 273.07601461008835 196.0064505023346 143.53547698072794 196.99868835498603 0.0 145.13791589063928 78.58464365105071 0.0 184.21439735769187 30.214111762947027 275.7908405993418 66.33378203839442
284.1146499169836 61.96944604613119 198.50663884552867 135.72654716917708 174.11536541245647 223.5814899240881 59.268672886005504 209.0744166660246 0.0 86.38041646379213 92.98439691685815 0.7153493272057148 195.84911934019652 0.0 284.1146499169836 61.96944604613119
40.15429370406967 92.30034430014088 22.093769112235663 67.97288397833056 0.0 48.335859871610396 13.974705270371743 24.32681390152402 28.457386265424176 0.0 51.976903925186875 23.04362331578899 67.42278660808115 24.207801927162635 113.92384182849064 34.13482479931213 87.68230902745887 64.87243302986867 63.026905042559065 72.68454959400005 40.15429370406967 92.30034430014088
190.666634207711 78.44770996990869 294.8601721138545 125.11197700986578 158.50173664983663 146.04354081871992 139.89298828785374 170.61831385784484 105.77112636799872 169.8114684477398 49.534372032996686 153.598373887977 0.0 71.69883050866744 63.57122669709868 0.0 136.07539034962912 112.93578807458391 190.666634207711 78.44770996990869
26.40479739716345 114.21603977264891 0.0 63.73478906376126 21.82517150804746 0.0 131.5852659063114 57.3634682559374 26.40479739716345 114.21603977264891
17.31742804946893 129.30923424647676 0.0 0.0 144.47313112110436 17.363814387032733 104.08471343738584 127.62753603561713 17.31742804946893 129.30923424647676
27.724180814462756 212.30550867462944 0.0 113.92482254453779 42.83231597832159 29.03389359455373 139.31826777510537 0.0 262.5417985253415 15.697622906694832 234.35589695241333 133.51257694044597 217.5235604055524 233.2774624360086 123.7812832142071 218.09662926021508 27.724180814462756 212.30550867462944
101.12406062094159 0.0 104.67927632771145 62.77734055622341 168.22683438452833 44.27530505578886 194.11701051550824 85.08991143985145 173.74760675824876 125.95092287505011 163.1289182302952 173.96612044526773 106.30899529440319 160.75750689249926 76.9117162582947 136.52468740194755 44.98665460104914 143.76881526281602 0.0 136.6727446413941 16.13170707667649 93.00264751286927 17.20024411971457 61.0242001498783 29.312958995397622 27.709680168926873 73.0795600600172 47.75717096824305 101.12406062094159 0.0
63.873351061661495 101.4299863946454 0.0 77.91207391607517 26.975663351696284 0.0 108.45820158478156 5.422842825453863 140.47730015194335 91.58662466472848 63.873351061661495 101.4299863946454
140.07271820976365 117.71070095947717 92.925123713162 104.77111174301261 0.0 32.43030877588132 110.55400927245532 19.113387944828276 157.81547762633494 7.422703768800389 200.64029403228812 1.958228889578706 265.1052252393148 0.0 252.54021517937363 66.51737150681919 323.4782731372909 129.9981626660471 239.81656753906486 154.94668117547877 202.29504543389913 212.3677680111121 119.34574258091948 245.3777134435427 140.07271820976365 117.71070095947717
149.09686203268433 0.0 128.6049652661942 67.27080134050149 106.56951753702954 106.45192497602228 72.01268724401594 75.2594973194672 0.0 78.9986974275274 63.947368429622756 46.607691710015146 77.57093151250156 22.300960403803444 149.09686203268433 0.0
118.67480067351246 89.83323051720613 84.79922863456889 131.4498280991187 14.995761162433695 152.951403908653 17.001294281749182 76.03838543249343 0.0 25.901256551845535 53.692434242368776 26.42399981789106 97.8171358016819 0.0 163.62187944140533 30.438139723865177 118.67480067351246 89.83323051720613
48.79321365794313 35.45528910359552 71.7509266903829 66.65300129805844 43.4669160008807 47.353125492816204 34.77477667716613 59.39554304224437 30.026881361313826 44.82835835301054 23.807382044047543 40.61480224040079 0.0 35.43503383599817 27.90543277146847 27.479326443544124 26.964382930338132 19.37195884364364 38.525950695527115 31.470938823549588 42.719337617019676 0.0 50.50071000684761 13.90160109002872 70.30024758185016 12.956057614490135 56.12161235858204 29.97688465947651 48.79321365794313 35.45528910359552
63.64867443628334 18.69018883530866 87.12218376246246 4.069839003087182 104.96440452519859 61.43188580199367 145.95366261089117 0.0 152.15170772077497 35.62285777907217 174.73592544704127 52.87657884917658 148.62310813608775 79.11411118824671 182.88368644432933 118.37190751614057 151.2534482009738 135.50747147987045 117.38689979147568 128.66400160281987 98.99665115629665 102.30103315531923 93.19193169383271 89.53777779308594 44.31542340738887 115.74833050654959 0.0 96.37675879210676 54.9428290707645 65.16089770985191 73.12588112754021 54.68469267537694 63.64867443628334 18.69018883530866
0.0 121.17384922784731 109.0081932209533 70.8037623393568 137.25765282450925 30.30241984955805 222.62238699027696 0.0 164.34597753184738 95.94592256125517 227.2628073347241 158.1681190506681 158.79393191890188 185.7765717019065 86.51465045948001 175.15363478406965 0.0 121.17384922784731
3.0375695282957054 51.38861993675527 0.0 36.23239110005941 4.913497397902461 20.20023666338286 13.199954907525864 5.111516773003565 36.80938429538945 29.758575932826766 45.49175346561576 11.138468459567527 69.67284023688983 0.0 85.4786182675784 15.595914199154699 45.96301946352601 40.37358224185697 65.53151338397815 49.59142056513934 79.10391118636349 78.43984361909568 54.3603186382407 76.76493477310314 38.84059273065141 66.05283122292727 23.020673240147175 76.97446786407912 35.204388007473796 44.613087238698036 3.0375695282957054 51.38861993675527
165.2420053456927 173.04490239551725 142.5866705370757 197.04194547349002 113.8092246833332 185.82762970996467 49.97860443260623 207.77456831993473 52.16531629845346 153.1259592027253 0.0 107.12964606744453 70.5840238493355 81.56627038300242 80.21495389227252 35.722147041799246 120.04720457242082 4.113882962038005 166.5494605786636 20.44486041461012 234.44560662380042 0.0 288.5917159028847 39.563086318068486 266.5584977701224 108.95040462639794 260.02295183558664 158.86314202552109 215.15538377099477 186.50814943648246 165.2420053456927 173.04490239551725
119.04281488835917 26.59546575030143 122.0405173089674 63.92125773771657 126.14069374000488 84.569053605341 185.85579285831267 114.64161163400142 141.28729891095975 135.86167508474642 114.13252480595158 146.15251264555616 87.81075413242833 143.32015642198354 71.22805351059267 130.60336170487795 26.623413725884006 180.33251547863165 40.94080072057051 122.90412926198948 0.41328170438575285 114.99471078810656 0.0 84.63826538528505 31.71671719873669 69.95383915659276 59.10344083260513 72.23389224004511 65.43142245513013 51.14358212006118 91.75624137438845 0.0 119.04281488835917 26.59546575030143
45.65298919389244 57.10149090627521 0.0 2.962241232604697 63.64320479600866 3.8500202478947827 100.63633024015992 26.570776035139225 120.1475604582152 0.0 149.30727248491849 5.369145504722141 157.76169254120617 33.25455350238098 193.52151021118607 53.06978160477707 233.17310439128897 104.75826765879845 198.27416141941944 142.2538920027476 124.47295779532283 99.13883073428607 106.76876331490546 134.09754837641324 87.1346961532414 108.54191477984162 47.720909907730686 117.12330103728348 31.98312800426106 88.52642333865674 45.65298919389244 57.10149090627521
92.30643697432582 151.5113007934056 40.12257233365568 186.99722364706076 43.33199661121131 138.46685122473775 0.0 112.95368985641068 24.87240166209989 78.6493196715088 88.83918149150921 89.18700836795115 86.9705398996412 65.96308247332962 103.73370330977137 64.96917773892658 139.9872516126764 0.0 146.29759247593 57.320491351875006 173.35412838550621 71.07673953314297 133.7154996416898 102.04948374532056 205.84728218454103 134.3073714183863 138.75122470380677 131.58348819890372 136.2054450220993 162.6174021929544 113.41798262418027 183.93149634721027 92.30643697432582 151.5113007934056
0.0 163.8630352040767 7.6842623883493815 73.18313648015284 9.068440834476164 0.0 80.5595018480366 0.9605903466175079 133.5041740565443 7.341765348290522 141.99270296080266 61.20691951533415 164.46486104470415 129.00645806143743 88.97918741097882 110.80679596698758 0.0 163.8630352040767
60.104083172318596 110.74379015547993 0.0 0.0 112.76903776261666 5.378396349288039 176.48109860666943 92.22439688903046 60.104083172318596 110.74379015547993
139.1818109222684 121.06499194784878 119.28887509216852 150.16745435334389 86.85826416537856 104.58629086765008 71.96573886728635 101.98644123010904 24.869287874343343 123.93600013646396 45.17665487459189 82.09170112732036 0.0 61.6543899373422 58.14083832248838 52.333970037764814 49.06671941074674 23.820931487298957 74.2500787622088 29.02876922444409 91.24472560180466 0.684780073920507 120.30933665837544 0.0 119.34707528430742 39.456346991789545 130.4644355851126 53.197111040125506 142.23164201599516 70.13577490891171 157.7654528665832 99.6114250878013 139.1818109222684 121.06499194784878
67.86797054786305 0.0 82.04134557949706 72.68122542179893 18.826992907865012 54.291363873596026 0.0 3.138724480656606 67.86797054786305 0.0
142.6931060181599 168.6173620512787 121.41096538893098 175.33629755159365 107.72413386820065 159.19621307514626 3.829999754159587 179.0232296276393 123.89893665953602 126.91400682350017 0.0 46.403836311857916 85.76598694377151 52.930481809807574 117.01064652874177 0.0 165.2525414611501 35.90039586185854 150.56820522737274 113.73249693147592 222.9949873516403 97.59826149190273 272.62651027765526 140.86534290419678 206.4414411915127 169.11410144343193 194.45790615003375 213.77010474204263 142.6931060181599 168.6173620512787
61.936407909145835 30.40924920034243 68.26734737076703 49.249186058237825 49.9424369574289 66.50850435860713 33.59052725701907 47.134411326046916 0.0 34.43001588160804 21.688690289982823 10.112001233794672 46.437843621736626 20.867811138782287 76.75304514315741 0.0 61.936407909145835 30.40924920034243
300.09594272532206 126.93079986987843 252.95029294880024 161.72621060827043 266.9977874041413 214.56399110941035 177.03422082191082 138.4846797412332 181.59044780410517 232.9408894334457 145.0928765904562 216.86297384480062 51.84925066174286 266.62611603733865 16.868208127691673 206.1850487708049 39.5841234517228 136.96121187638613 0.0 65.44009536647357 74.68425991644243 36.78831465855903 116.39101876086866 0.0 172.00650403230458 52.081194756118975 217.16497246378327 22.898870834078622 268.14548822532595 35.141502257379216 240.97022411468674 102.17485392951673 300.09594272532206 126.93079986987843
113.74469293289097 92.70532585036372 85.05355897990147 96.52028379534946 75.87436110276894 128.36264831113098 57.545684154409045 68.4837036123409 22.532213357874383 120.98482163631695 0.0 105.01250141983934 18.9097991230976 70.90164478335876 3.468421006000085 53.13204357055352 12.37845664081786 33.66727530818906 36.80677942417563 31.8940386335168 45.620554536481464 4.842142031131061 64.13547334956229 24.852020509253855 96.53567239809637 0.0 109.7028020322216 23.252688355517172 144.81990949230376 38.262104306039575 105.73947962772075 68.01675696569924 113.74469293289097 92.70532585036372
175.98137252152435 37.678618517231506 98.32366841371625 148.57516979247634 0.0 110.2362188042025 36.56242013572508 0.0 175.98137252152435 37.678618517231506
61.789080001705024 162.70843264927402 0.0 154.57365312359093 47.281707564993766 97.51985631543293 29.660195080023954 65.30977548302212 74.58204675901382 54.590318862854176 75.73692424021974 14.03902875769559 108.64189903061306 0.0 138.25123811029897 16.763501287396153 183.652694274767 2.1769159302908747 140.4925720759134 76.04321088626504 242.59537060134517 70.82912604479522 249.2807273961652 122.7979385846751 230.84862303094766 176.18725981894028 171.6964464580534 179.15708756831418 134.78722436037918 206.48762138798855 98.31149492761222 168.83779703225423 61.789080001705024 162.70843264927402
49.714953904499254 4.643843080063753 84.61769801950598 42.621946925579444 105.17404017844089 0.0 118.2622323964858 27.266518979995602 139.93562287138104 39.29724269720264 126.01822224855628 63.541989746148694 175.8859334689115 104.0776461099073 123.9895311229589 104.5375998599819 113.0708943389282 139.75321248262296 83.12963536095711 120.04593267362728 51.65380657559422 130.57841716643392 4.534965548208703 127.57246444383554 0.0 86.19691072969181 8.543147842841819 51.953192919838706 35.88967900186964 30.09697142570618 49.714953904499254 4.643843080063753
0.0 0.0 82.84359250375411 10.045828732979444 102.28195096745891 74.22550615964536 205.76065168783157 56.95913247222971 168.39122650255882 124.49435875947717 131.10738431293916 165.95963436379358 68.99642322785328 188.00065987298177 36.102637465834306 132.99793687967374 35.21917917369868 88.01717106679159 0.0 0.0
43.08587143070943 140.27604439535568 93.07541067615257 87.51005118450936 0.0 52.2551726394253 82.60093597924413 51.52962660301114 80.29156520072584 0.0 118.45525402909442 9.25327786381888 158.43470716349486 3.4733856447976734 166.98805739385105 43.7516571697115 176.16523941926198 67.88960225567304 186.0988710825016 97.74289277399788 150.32184354503923 108.6449519962181 148.93675842342168 150.80536911548344 116.66158671850299 120.6383313270039 106.42901042225054 104.4866916953413 43.08587143070943 140.27604439535568
36.54264209049205 116.30298946237978 0.0 0.0 124.23170099888874 20.672000994414518 194.37902176173586 116.51696575121774 109.57558708777282 182.43540371163272 31.02703063265045 192.98440566528308 36.54264209049205 116.30298946237978
77.96331122864099 15.731232832382467 80.02690062401582 35.1425060782237 115.93524764660995 53.46379091952209 99.13871195938268 78.54898106687409 67.23336433436039 74.12104441607232 50.980293213682344 86.86578966634528 34.756309754197986 74.3773541548793 0.0 70.83083217805284 38.22669247256901 44.28822560495117 4.108220925154399 6.3060006898986884 36.73037513657373 0.0 60.43467686175558 7.374398206259265 77.96331122864099 15.731232832382467
139.65899281612872 23.87315962208467 158.63651468420412 59.49949293612134 164.79919979827756 103.34690506909384 126.96296920867903 124.47994630153626 90.10269188919638 104.21763277171893 53.473097781136104 131.09803931729817 3.938968447442008 115.70441535070377 0.0 65.14877729078742 47.0412337998258 37.98269272309683 70.78774595115783 16.4385645698925 108.1690353181591 0.0 139.65899281612872 23.87315962208467
291.7542416237279 117.0839719480295 311.5200494838228 211.30038741655835 192.07059478414433 189.81511132216588 152.62528493812928 205.2896895712874 96.31855651293635 208.90049613317507 71.9086358513476 161.32492312038585 0.0 94.94180109874279 100.40835683190116 67.83717306418339 145.3634935621945 70.61754375535703 178.973364195076 70.3019516354457 324.4616770864344 0.0 291.7542416237279 117.0839719480295
0.14874079801037965 121.83945727104967 0.0 0.0 120.41858588327791 68.22424222195026 166.91232309866675 91.89940245658535 291.07993840864185 60.25507281576802 297.05059370559593 158.2289590281803 242.19662495892197 224.74185990939574 174.44264607335174 244.22332156467712 122.90439245842259 252.42552083663696 122.94017612283412 175.3585145544854 16.252309587487844 198.31652451743912 0.14874079801037965 121.83945727104967
44.76036580057384 7.57799869330573 41.16842661980428 26.226865639370942 38.896851900345155 43.39249772656123 21.589007471044155 35.638059637265584 2.757906393359633 38.5587064421898 0.0 19.298770764694297 17.07540490744188 14.14323845965437 27.054362573971503 0.0 44.76036580057384 7.57799869330573
65.68263316965744 0.0 155.94057330083186 15.885613055642139 166.4387590103169 98.96219843922076 202.96932454761222 179.70747135723065 95.05219300228613 120.82172427358377 53.35766423857683 189.73228831303442 46.19959256943122 129.16904345439158 0.0 57.931063857645334 65.68263316965744 0.0
44.585193906622294 48.58631617891197 109.55531242620172 0.0 250.46502938067485 78.30072276349603 134.93557092903524 224.7317892110807 0.0 146.99320474082347 44.585193906622294 48.58631617891197
139.10209858877028 27.05122187613975 155.794680500916 65.80477143593919 135.2764709691176 101.81210840735785 216.76919275809036 128.33117150989796 169.8820326228119 156.72221352474423 144.255186552792 189.8696184344307 104.02420712853454 180.1734436113519 100.33016903058927 125.441940954118 14.985451887171337 165.54354669983545 14.708174641706535 111.82687215911075 0.0 52.43063723137539 70.27056074632492 52.46944581093509 95.0580541052526 0.0 139.10209858877028 27.05122187613975
185.5437052102922 219.1884545510583 20.937842100612045 172.79350997179824 0.0 16.864112043151707 126.25915424248792 0.0 253.23311583685324 56.29937680815374 185.5437052102922 219.1884545510583
91.24429254644485 83.46152536715081 95.13191507286362 0.0 152.96031875896145 69.0505950555355 274.97024808618585 57.07250024459854 233.95042095469663 147.87953622188357 161.71906775255417 172.16856228220792 83.69298600179425 224.99047848818125 0.0 157.74821582901816 91.24429254644485 83.46152536715081
