100
25.89631198064494 43.31039547988146 0.0 18.11482528573088 31.351256035704296 11.927275396139216 47.29285272913482 6.279554887758373 61.46451079975533 0.0 79.26895050598165 0.2879978173181783 98.46994024482491 5.057411674200026 87.26366760483126 31.509120400348046 90.70405237403101 41.20043506466245 131.221352545998 67.63764340385313 99.45996752225595 77.24786690189308 68.52100936189004 54.830565631071444 64.22268043848362 82.9815877248439 41.21766809516123 100.16665758320036 20.595993953985413 88.78185019962586 18.742058560310255 62.79062726156808 25.89631198064494 43.31039547988146
0.0 52.93413580214364 40.51490266485581 33.279941594007695 5.582271063861128 10.498537429363253 34.93486323202082 13.180783714258283 42.255311273213024 0.0 55.72418794520307 2.2057525890320733 71.05431757731245 3.5338067285779573 94.96530330283474 5.6321061302475925 77.2306851951814 29.970797832489694 95.22496122985757 46.26764530811617 70.14124918775488 49.00051538475171 60.862086648469386 52.032104110561576 55.07314218167751 94.64311082243871 49.46346485896541 38.9520565434606 16.199871903831678 69.75323861443054 0.0 52.93413580214364
0.0 114.05986165425838 68.45292360885512 68.72942466293915 13.82961472055706 17.904594674226068 72.46479933818611 14.362791107607073 102.95103996614607 12.43023355888311 134.77604614565934 0.0 172.58800089113896 6.098906246471586 212.15192530324316 29.709216737124606 152.4044741674619 74.68160964732029 147.81228679279792 92.29904091124126 170.95185941471954 153.8314678501181 122.94228169148288 142.49784089245946 86.86087065485745 155.9663378909192 72.71350531464833 113.46100633593949 0.0 114.05986165425838
144.64301581077746 37.716217979949825 96.4638409399297 105.57204016032608 0.0 141.43817727795118 38.488727989609444 50.45529608222876 63.65394539299861 0.0 144.64301581077746 37.716217979949825
326.009260117007 286.7996197899679 115.47555445758744 256.12330054516804 8.780093843293685 181.1155377642764 0.0 21.075730153739997 154.3648328096283 0.0 134.5689046612234 135.6990996092587 326.009260117007 286.7996197899679
106.28568763655721 108.76541728184075 74.75949946901582 122.47981987680048 47.76568601597653 102.86924370945151 0.0 76.08359159146333 7.572581696602072 10.2629888395211 75.32352300929517 0.0 110.14598498019782 43.74729288219187 146.076545161759 80.27208685272244 106.28568763655721 108.76541728184075
143.97967956439987 0.0 182.41455701780785 60.279937302905495 136.2482095902541 123.62032360225025 77.4476796866941 90.99102521354554 9.04971296655998 81.12457197552618 0.0 0.46915882523644825 86.23766881323236 14.73509748603314 143.97967956439987 0.0
130.29613181004902 53.77370660949077 142.7861990460443 77.07507023995154 187.69879522151416 142.16566402602092 115.32486807764565 122.77070200717903 72.26556584561712 161.99335672439884 57.58944592945622 107.48922389031834 0.0 75.37404962117952 59.84492308857447 45.340131188528844 77.02915971351226 0.0 114.94351757405963 30.40830748783921 130.29613181004902 53.77370660949077
266.2148718004907 100.98083138253915 379.15844483396893 97.05448277949581 275.1017270205429 147.16413887110997 269.0591609067642 170.5507591229228 306.22347889859964 259.4056755070064 261.4075518037518 312.65087107980656 215.80190857332298 147.11532978235857 163.20381240936499 229.3595675436937 142.12071639791674 197.22254824128254 32.49382887173903 188.1506745823712 0.0 106.1223000817765 108.04240576694968 74.78117340067384 114.97036930636426 0.0 192.94582458607522 44.81223845294984 234.0720438485389 14.5633256580807 244.35795874016358 92.38448309160248 266.2148718004907 100.98083138253915
109.34691038262886 21.84015462900949 67.39767369694648 66.33558296774363 0.0 47.467170648564846 51.906073897398414 0.0 109.34691038262886 21.84015462900949
0.0 85.40194342105059 3.2703356222169475 18.321447382684575 59.11133514136371 0.0 111.56152073809797 3.5135929667431043 159.33649591880072 58.710396041653645 91.15098861117112 84.69112919100763 56.17637251615031 100.6419632156653 0.0 85.40194342105059
139.2111977538431 0.0 207.3774393414738 54.635831815320174 220.37717223970733 156.36812690731372 131.3981579697547 192.91141542000864 63.44616062463123 178.64727685756358 47.4446624147497 120.8665521882823 17.103623851089054 92.88600715827849 0.0 17.192872306491026 72.5484135404677 18.961248908659613 139.2111977538431 0.0
98.89622756781762 0.0 143.6751764631946 59.36040790429148 87.47806011597177 96.2296635497027 37.79027270544552 132.00262037700128 0.0 71.89634645997987 55.36961819823401 49.74813673940423 98.89622756781762 0.0
31.977862142877058 73.63609250677439 119.62248564108266 0.0 189.40905243859146 96.883387090138 251.70364359237556 165.26082539388761 177.70170004337905 216.9232994526135 123.7873986430024 223.06621017009564 64.19191689585836 223.98899439187107 0.0 160.8147740993573 31.977862142877058 73.63609250677439
147.66501519282752 94.50443790614838 88.09091153909044 97.44344173864107 58.809368872700574 125.75731457122941 35.68254756186073 86.97865486673209 44.64951420043218 57.98841629692621 0.0 38.569582310279166 14.577844810566468 6.2530854620521055 49.452391943316485 0.0 74.0118681677014 16.161157400396654 77.66021995246471 38.95319542134079 161.0696741565156 41.05925318161464 147.66501519282752 94.50443790614838
115.88132331867914 177.25649877572988 70.36623249874191 210.0003910104304 62.41420644922769 151.8054683002416 56.9557256758645 123.8233157257008 0.0 91.08219676432522 63.26477898835884 72.0709115745075 115.77956579793766 104.03180323965005 97.8191121103706 12.624714068939952 139.73657112585872 0.0 150.3929565985197 58.61623112977247 212.12314454178647 52.23725738334996 214.49278503670183 97.64990814350507 185.15657180337942 129.00940511049686 157.44775610148378 142.2548365563713 151.39752664362715 184.91264578170308 115.88132331867914 177.25649877572988
105.10100161953841 112.47481706226114 93.26306415426814 96.32819321071491 0.0 92.52597728713322 51.058303661448946 43.11475641819308 72.27734356490728 0.0 119.18012991385747 26.04095753781965 157.2681252684662 21.22679390089663 122.57563228070751 74.5753934761038 194.62825012085722 91.10832266288566 163.30340959699276 118.78798098350543 127.66378921385467 115.57729547031235 105.10100161953841 112.47481706226114
88.43688995696215 0.0 108.42365979454149 14.992929429146422 105.87785609196824 40.77043491867868 101.0136784080804 59.22277616588213 84.29180412321537 67.21529621153718 71.0106318191391 68.75987075327993 59.56508443136498 64.4544543548432 16.247836317126314 84.42251566413742 45.40603966208421 47.438559869174064 0.0 14.437348255841776 42.83919529082476 9.577797919844933 65.37067957887469 16.080142010485694 88.43688995696215 0.0
102.01921219410107 12.977576009690871 185.73944029406542 92.15928377322527 53.91122783388431 105.6498980611494 0.0 0.0 102.01921219410107 12.977576009690871
78.4910301846879 89.66681287895776 34.98677409433546 76.79816052693415 0.0 30.259848150031104 59.85048314124347 33.2589219606291 91.54385280108572 50.5827764295243 108.68813415853707 11.206707301202357 144.67247158165958 0.0 138.82872660854008 49.92695010876537 148.34739268663614 66.4015018039135 198.4035021231672 89.46299755100075 163.00907931983008 113.50316716194509 151.03537643929587 140.32988697116406 117.81650891694085 131.70467902893392 100.17051315423336 103.0764018757141 69.8347031851142 147.86085139994515 32.38107183398827 144.1337770644314 78.4910301846879 89.66681287895776
78.57567940036364 175.18277941706802 46.088255295103096 144.85503662123122 28.432050939801996 105.88748320712139 0.0 56.53367628632765 57.89505127974272 40.133253581203384 94.34885925216429 48.2702493898241 132.30666903876465 0.0 183.54375571856508 15.270653016102528 139.8273248386492 80.56654499897243 212.5633172184717 122.98433622591546 140.89968743578882 129.74565098466346 117.24525359113053 147.41354574387486 78.57567940036364 175.18277941706802
72.42213934872927 58.788454120661044 97.80102708518717 30.228537805114996 152.35723545130853 0.0 183.58260358983773 46.6458228541167 206.50551464026074 88.31046759289956 154.40725752804093 124.3476817637773 152.67036753687998 153.92630019571965 133.81442262660644 192.72260840082296 95.20219623525293 178.57338829618794 70.21500917415972 161.06834776982114 14.899595758097632 157.3414995770241 54.27745632348572 109.81387113022915 0.0 49.847534595088334 72.42213934872927 58.788454120661044
0.0 74.46400552889966 48.63297632479433 51.76783563782904 38.406603498823785 0.0 90.45785744521469 40.18370500565279 118.21434039191934 2.67437331316367 135.78470778804703 33.90288067010444 153.32653528899363 52.22342689004128 221.9959467372922 79.23122411670737 170.51811778173195 113.62427512039646 114.64376512843657 99.59982460122738 108.91968395482826 131.77126285359623 82.88708925749303 140.43766934507926 79.17633753681088 100.50975077762928 37.94802578024402 105.24558745552169 0.0 74.46400552889966
271.1625766991389 157.1070372678589 220.69068721617867 197.72221552311095 172.94031551741477 207.59237948340748 120.67576105191341 235.26279260887927 43.53324480295356 220.9449693315791 105.43579098271599 139.42112123585122 0.0 57.38175986569361 85.24471108950402 15.907546262191303 158.51132394710808 0.0 235.64250936904506 21.29966862567916 213.77696814180297 112.43937548194964 271.1625766991389 157.1070372678589
101.15002427786371 25.462089698931777 88.90935727910056 53.251666333919545 75.44044040470718 70.76259004835691 52.62257672912164 78.00688251788623 20.720239606214257 78.09354568687633 0.0 46.49071612673079 23.098794872088938 19.108531709390718 44.970050620870005 0.0 60.83886674180231 34.46662409160383 101.15002427786371 25.462089698931777
102.81942608208374 179.48563269753078 78.55995101101811 179.408142086854 46.32693536778274 179.16754830764847 61.27530986761667 138.1223921317777 0.0 124.58449546271027 26.495560845454463 95.33954045676305 21.223423120764437 47.71298086287466 60.49029345889875 29.035355595963566 101.71744455013653 0.0 111.50111654749917 91.38364611744143 159.26804500139073 71.62440010405336 210.57328913976949 93.2454045714165 123.23320018932596 127.97168214156024 160.69691531791477 166.19819556178447 127.72055368364416 176.0889167387432 102.81942608208374 179.48563269753078
183.7987696507687 54.41912449407003 176.6015865363319 85.98090158518575 213.40071734917876 128.71807830012085 166.60207734244244 141.16853542071362 140.89899141297036 206.70598102279445 70.63259399680966 213.0512367961383 0.0 177.5807129609217 39.407890381976344 95.58239023909094 30.56676881898194 43.01314078507089 79.26212210475893 12.893935840951528 126.0714840270258 13.146385768840062 176.8413305211361 0.0 183.7987696507687 54.41912449407003
0.0 3.1777257860390478 83.68786377228803 0.0 129.32682375581453 69.70528511775707 34.263469014399675 97.11295163663469 0.0 3.1777257860390478
42.25627910054639 61.79304939647625 0.0 16.551227229351042 61.304522253340046 0.0 120.54742280488117 18.033050959091668 95.15609261104268 89.42667974022163 42.25627910054639 61.79304939647625
56.63578798884231 58.367249238935216 45.1039521688279 55.41217307943248 34.46629004986907 58.71324381943839 15.24326859239008 58.87882246936226 0.0 43.96234716153077 20.242872191623135 29.28260140552858 14.764978002601168 7.624058409214882 32.624681653728544 0.0 45.87192772809895 31.214794693237124 70.85265944404449 4.087671064530582 71.66371888303624 25.921948150952787 66.50821067359134 39.49777946593946 90.62995150315868 67.47733934596714 56.63578798884231 58.367249238935216
102.76950215338334 102.88637119966094 54.79555219337213 100.5081333437823 22.712408254784094 89.2900360790095 9.980229695876119 57.483678556031684 0.0 6.368059859797832 52.04320144038232 12.157186242080336 105.98814257758346 0.0 84.63552437701557 55.35722261663418 102.76950215338334 102.88637119966094
229.96430093529582 12.788753065854984 256.45610639550915 35.40065926385296 299.32593505708695 70.02123320082792 228.90345583113302 90.42325598194414 231.1565614169285 124.41979137776208 242.54648150423122 245.13179951668138 172.46295420641152 169.99456745513754 158.347220186094 107.985201061218 96.4987681791855 132.2804580228937 150.93767819946527 75.39164770967774 0.0 33.23764080400913 82.72297225167401 0.0 164.28445698908237 41.38590133195298 173.93198167723108 12.156662115850338 194.00652810999355 23.10059105463891 229.96430093529582 12.788753065854984
127.86712647435907 167.18426983508715 81.72982317758628 165.6115472788197 3.507351838502643 168.49482469165488 0.0 93.5548910591123 25.918044479504672 26.555113095597846 92.30753017270027 0.0 131.28680520747707 61.4101597088312 180.44009636498214 85.06614203889133 157.42621251939818 133.5215201615614 127.86712647435907 167.18426983508715
88.90069825390444 32.15330844328993 53.27968812466374 52.41575360924104 0.0 16.78865579142878 61.297544624635584 0.0 88.90069825390444 32.15330844328993
225.68466517260535 26.378229042471148 277.0952671794015 67.67268365519038 201.6088406813937 95.53344104822988 198.02958035022544 138.0353463321448 158.3930858405363 145.51271403894987 113.71537507037485 216.60625819700186 75.30337270210217 156.48519100662514 52.0383778113887 118.00334503448262 0.0 86.14073661120959 56.6582770364125 45.165585077432766 81.94955470223826 24.679139106196175 103.02103634667475 8.74804000760664 129.07643209872143 13.94719102233158 156.13831449337732 0.0 185.49838901019197 9.475658598091961 225.68466517260535 26.378229042471148
84.7534730005354 79.37687114484935 135.86456482011806 53.22017054405376 249.75434166585092 0.0 231.35598653069215 121.56869340445286 185.3447955796306 172.2261473141151 126.09080857296723 187.39769438870132 0.0 178.9034290518922 84.7534730005354 79.37687114484935
0.59879991038882 78.81875447925572 3.0584849507816045 52.76283131970271 0.5558430078185097 38.65438450121732 0.0 23.67618632207956 3.536879025352718 5.956636094487465 29.67497107197451 34.47772916300164 38.2353475884977 0.0 54.571500920690724 6.555159749672569 86.72424695280799 9.12917112567618 104.7226822372686 34.69685371146542 64.95147946199361 52.480794817656815 77.92588936274319 92.48265662362653 47.51109047182257 97.49530203638244 17.96621549264235 102.17163782890077 0.59879991038882 78.81875447925572
92.70563474757046 79.80951294215589 70.54028220196857 142.43251202687236 20.93265922103211 113.08938546939777 26.452070558847552 60.07373537428401 0.0 0.0 68.74526645995947 17.63281914141745 101.1974850032307 13.610159255567467 149.29680051484996 29.72940394397169 153.7339724043363 82.1218155116301 92.70563474757046 79.80951294215589
58.87724934658365 139.1230601763619 0.0 15.934924971866877 116.68043343834472 0.0 152.96688404079129 85.2432655533651 58.87724934658365 139.1230601763619
62.56173915752905 31.322309418902947 54.15417089007485 39.84266119812018 42.42577798061315 39.85758814754125 36.90638245538129 54.05976564899156 28.97770967236022 36.58830311436354 10.958008614362768 50.97014984362541 14.501594039142532 33.04581199492996 13.442417457851718 24.647361090971287 0.0 12.098872818881276 16.56585656183711 8.456002785751423 26.538609291703168 9.971548888817992 30.952603268102465 0.036323939752534784 39.76230566452156 0.0 48.95963316718026 3.5971056196573414 51.36873650075803 12.91343241630075 50.64101208203304 20.804320681171703 62.56173915752905 31.322309418902947
28.28183216997965 205.89287018189225 0.0 113.16373599836373 32.66987571684987 0.0 116.77772602575098 82.2163640845686 272.18274795814216 135.87042570521209 124.81065176381841 197.7502967333545 28.28183216997965 205.89287018189225
22.909973044920605 118.6670712611503 21.55033726430929 80.8431253448575 0.0 51.58822173794415 23.447054007646784 27.142826448933207 60.313706528645326 41.400316817987715 83.7289490947145 0.0 89.11365552208214 43.62617085386137 154.87908182247102 36.99028966748638 119.72743059951273 75.86600660118528 120.56309419873284 111.04206840507926 94.13200241849408 136.85758598203694 60.3443435414446 112.1032059569945 22.909973044920605 118.6670712611503
24.325100302579244 125.703648028523 0.0 42.25548172765019 54.95683297858115 0.0 102.23326978836809 9.53524799516127 171.91254356571 52.81682437160697 105.57564575164112 101.20383407534068 24.325100302579244 125.703648028523
213.65767436132012 73.32196916220701 172.00609560221935 146.18920429104304 114.88566399552808 177.026178005818 63.408551708341264 144.87758238608308 0.0 86.89410826336453 51.53513803176509 0.0 133.58474108515645 40.02192428589866 213.65767436132012 73.32196916220701
44.62929387830057 54.29963430760758 8.30287878447897 52.826097744559284 0.0 26.70250738654807 24.727352775577074 11.59891811181216 44.37754148745452 0.0 64.76121797029585 10.347097486316834 72.55470289730702 24.806609090042876 98.37225905593742 25.048822555094212 87.47444107653023 45.5721272922078 93.47414913868185 64.71117847215854 71.29997983838169 65.05931143497898 60.54039665087035 84.31387750165777 45.75564739550903 69.99118401295186 44.62929387830057 54.29963430760758
191.1381869586767 0.0 193.2380657682932 76.56844919750147 232.39546473265415 116.50143632660469 207.49100163595256 170.0624416701699 146.5889360972598 161.11393120008415 114.50840104782999 182.39436634907622 87.73714105951416 157.49021872403773 27.13733723676492 140.7528964958042 0.0 72.68626084748439 74.41657493077068 45.59896396458295 119.65305721685293 20.248133883605917 191.1381869586767 0.0
66.48404083531433 84.13836439812286 48.141248406516965 105.16207404643748 34.788432138151094 75.28840617439104 0.0 83.56768194014813 6.235480234858073 54.41194300348152 0.12767453573070497 31.23833089529763 15.442161060226141 12.004459992896756 43.096902293949 26.93350187922065 60.56969476760334 0.0 51.11202879736483 46.72375816959977 107.20085887835386 28.20094963876435 107.89185001241924 57.207847284152415 85.44181580315902 76.09301522686599 66.48404083531433 84.13836439812286
75.915680894457 140.08876177747828 27.696655973246266 119.35081198502719 0.0 75.92235706683402 6.785644937818063 13.44451939078612 67.31426825836111 0.0 124.91026553756411 9.679475897645773 84.66216383871934 70.9287922585394 147.23777896804518 141.39206506812826 75.915680894457 140.08876177747828
81.84396254827172 33.77492652977526 125.82233840579588 0.0 130.6593743494884 55.05495712732949 190.15245682325028 88.20935330224087 180.80178004882154 153.33539575010573 111.87375365617805 165.8597050347307 41.28640756301648 189.83427726393043 33.34784708429982 111.05269397926779 0.0 67.60361039816192 38.85313403764818 30.38417404925596 81.84396254827172 33.77492652977526
39.492545303355 23.8794902859051 84.79548719078903 0.0 125.70928098806772 28.57696559750456 157.3581077664117 93.50922334075295 86.95775798896443 127.06304348436998 0.0 103.44078379321385 39.492545303355 23.8794902859051
79.38196350392049 11.821844170416526 87.42157978441458 33.754192459799526 102.82006177237756 41.128117199374074 111.9062107190093 57.82701083629952 84.16685467879482 65.01412284574508 72.8426725062951 62.19371578971966 80.16049202944994 108.5120426160532 62.212056513205994 87.03796685381432 43.9493507833938 88.05945333337526 56.596242598857046 63.24955345850232 0.0 56.723912236884644 44.37450715896793 44.995318697843786 43.27850384869187 24.244177832230747 56.33260028912298 0.0 79.38196350392049 11.821844170416526
100.67281456791345 72.45535557183268 59.99999018092036 92.79800979455821 34.903390142632915 80.9454978681597 19.96188361954826 66.33036358795972 0.0 24.15690078395813 46.53065481765523 0.0 68.00691422058419 42.99186444820974 100.67281456791345 72.45535557183268
0.0 38.03539801063994 69.99157619656862 0.0 152.26778485562653 13.39547004440837 193.52256090305383 89.62390279117731 154.60609392739377 161.74260676636789 87.20481363534824 154.67390161049207 33.3071395402182 159.4024390959246 27.383721344483632 107.79281639576617 0.0 38.03539801063994
65.64019028846296 121.87437398174337 38.75019444757321 116.22082053722924 7.240544365864821 116.65790170572409 5.603470899392676 84.20967103744911 0.0 58.900472269031326 24.920074362730332 46.75735287802989 17.50350431408657 0.0 52.87762801643133 3.7994537907518335 60.350612645862896 50.79537952170175 70.81977379427931 53.78786475033857 168.75522825923565 52.329349353539016 137.313098883843 97.29869354582597 88.64890605399916 107.92799426220968 65.64019028846296 121.87437398174337
101.98227479944534 5.445695513714533 137.79976368119077 0.0 176.5792779976141 22.304490957573414 166.45494421316164 65.20259134757663 117.08574530032126 67.63730515302274 113.5662626047386 97.60411579727696 101.39120799267803 56.90534291832959 73.90534353464474 75.43944508953976 0.0 61.81998651089072 76.29991399462767 40.98166589085793 89.79840149619005 33.00593189510929 101.98227479944534 5.445695513714533
140.8978195526977 57.239645758167 95.75153160344655 79.33560519178235 101.74651488506714 109.21406571762489 84.06917629257381 137.10265395416417 50.46530959488825 139.22462398712838 34.77644364855559 103.27045149398631 11.006580961441813 95.06393417910175 31.52445802546209 68.24871937621893 18.22570498548052 50.94075149968843 0.0 6.105379428072453 38.07181831423848 5.410208636921254 66.85973762670312 0.0 79.76383921794775 32.20411564372792 122.27196444625295 25.40940546179528 140.8978195526977 57.239645758167
80.41679430762528 68.46366374993957 15.958398258788549 1.1997425762926213 87.56487893863061 7.227883521746115 123.4243879791068 13.331772792613165 177.72124482172066 0.0 199.7485278788145 44.71046311276939 198.07814856009858 94.42410495666815 175.44226337442902 141.07989022471904 123.74337910969012 137.75079994482132 56.09928382377322 190.88211136023847 0.0 138.98920274200822 80.41679430762528 68.46366374993957
57.81869885299 6.690737236461331 126.69221873198452 0.0 91.72230863667932 63.50831801413277 77.48880985058796 116.87780339213066 10.28663518936176 124.5706041000426 0.0 60.33522377340752 3.2205151649614407 6.907899100436758 57.81869885299 6.690737236461331
0.0 59.70466017436554 22.875676970102766 30.816095400695417 56.02105694622153 36.318514100743045 61.1665747519694 25.093116484471295 86.79158275516383 0.0 89.51110014697642 31.04491601324223 103.41192943796253 49.66050200811436 92.37306046541718 69.0937250717802 74.26085530915387 79.18520462199373 53.1516164660301 87.64507202471316 45.931768096842355 62.753432499141326 0.0 59.70466017436554
55.544169120787494 17.92040513041355 86.31637528117264 17.088428495471256 98.15334281911635 49.48783027445837 60.989575332357965 54.7018569737665 48.78081913969458 84.1190354452786 1.9421489357963324 86.17592474930441 0.0 38.450799091425274 17.92518481904208 0.0 55.544169120787494 17.92040513041355
0.0 0.0 252.84013922844815 1.041203566920359 154.53081701621574 167.8094464881702 45.27719742864119 213.7556286438465 0.0 0.0
47.83448431440546 9.768602610952854 57.197520076222034 9.814008475752672 47.651409272079306 20.71101890304226 74.99227391295332 30.255696330282106 52.77960722066611 30.15454441230203 47.28534604659052 32.207053752697874 39.86116166682713 47.92527975486411 25.269000264838212 47.29148294120135 16.49974206640833 35.79946904950013 0.0 20.788067067175476 6.837122862825595 1.930804190496758 28.40089283025081 0.0 40.66744240888143 2.397117345553781 47.83448431440546 9.768602610952854
66.56308084367201 198.16114048276864 0.0 165.42715807976833 8.679472907335821 93.54474425405591 38.62065456774913 47.90680414961432 79.87667935525835 0.0 148.0773848265756 15.915038298248646 202.91398965244275 67.40900159246962 212.74067377634213 155.46202590854 90.14854387370612 100.41860643155833 66.56308084367201 198.16114048276864
95.68340695227425 268.5154942262968 76.96011397053354 203.68966342362356 0.0 187.18772481267447 60.06991114013492 126.50060492214374 21.105152156765968 63.99228520022184 45.81252869496936 0.0 122.43197772661625 10.271649609436963 173.9830020991244 12.45217655432694 196.62310462956862 68.74320916163781 239.10913442459804 78.74042476889785 203.22914200012184 126.3414629524106 283.39621316401696 169.29910902285621 162.42305817961346 144.0162999987674 203.4101838559031 239.82739130382004 153.7769441095922 212.21915612757925 95.68340695227425 268.5154942262968
61.71743290013022 144.8234502330729 0.0 0.0 145.2792291785571 30.686843300847805 264.9478446776301 70.14194195897979 185.36074995661068 214.58227443444144 61.71743290013022 144.8234502330729
24.506598823043177 0.0 48.50194548241218 14.038668204969326 67.99652413858252 10.669212526018711 101.33133703645197 9.787684113269727 89.67060748524895 41.85000481448222 92.89436642586212 62.795729077087856 77.4984525696441 78.3938887436241 51.49861189696503 58.16783353657456 41.68718332871461 79.1727454172977 23.73923260902228 76.55695604875979 29.986711987555623 53.98309105519067 0.0 41.870442437244776 38.45094811686151 39.74145157201973 24.506598823043177 0.0
102.44470068559158 216.47295625295592 70.24841714162719 189.74281277911837 0.0 148.0003876847283 27.39066038622198 86.01215036438379 92.08902688234124 62.6525672349983 144.10457872657673 96.44820792680025 205.5885731158125 0.0 236.84647585156816 75.54112344453142 300.5351193318745 112.29471755827215 271.52319046022154 180.53653445237686 276.6043173852167 264.8191167695295 189.0392984544057 258.1629412689158 133.3623992357559 260.13823536002053 102.44470068559158 216.47295625295592
223.55573974459267 68.46733524453384 145.80945988286174 119.86943780737312 129.54131897671544 178.05751424270568 72.65087747546033 164.80579524989275 33.75030300588776 135.20573830698464 56.046073099906835 89.74183112237193 0.0 36.33737223115642 58.886567735163624 28.089331117097636 103.17673104859507 0.0 124.99862006500885 50.19205815814668 223.55573974459267 68.46733524453384
99.40847167769925 85.06914847734208 51.30032389924119 93.09111557465769 0.0 40.3179105629084 89.4848049938696 40.391558097677354 107.13423977903443 0.0 140.95624941172917 27.087877408042566 125.88323524481878 66.1631070442802 99.40847167769925 85.06914847734208
116.02821857895246 0.0 114.23875962560645 59.31517252783445 188.3237049246755 130.88714897151934 100.62230017390993 159.4629192896097 46.1188516666799 126.85777790588904 0.0 92.14633993457427 42.82638699868771 50.32976662140129 62.873955763771505 14.797106261922721 116.02821857895246 0.0
79.51091944588752 62.07921610285639 85.44705779552564 83.24862722690723 65.44173494115408 77.70525030285532 54.464298396557595 90.55852290280963 39.58077994465131 88.07094502711671 34.999225860710155 71.84872329739282 0.0 73.30639263504357 13.953412893861156 50.59123380225692 18.684785395841686 34.85289188862971 54.812574236512006 50.80580278715415 44.808698401289405 23.015307240314257 56.70474651072948 10.75282965574332 78.14488509922751 0.0 71.37857901982133 36.41733262104292 88.07563944848764 38.31690932953582 96.39497243177333 52.181511943716615 79.51091944588752 62.07921610285639
334.74648645267814 139.44762318541345 228.2177609258651 209.76782419049187 0.0 200.2261000342561 136.39071156378532 3.3404922948024023 292.20427783438595 0.0 334.74648645267814 139.44762318541345
214.63189366778926 154.36376743839378 170.49446187479387 170.61818500478728 127.03819326264968 175.62756332891166 87.13566355794836 160.17663608419838 16.62734346048873 148.61451293165737 0.0 84.56075762501142 20.27362857085214 27.793155045085882 96.12711701717399 27.36086450557302 136.53705982198267 58.546306771071585 153.3951815128567 16.004361144800406 170.67675257869752 37.909943155290726 275.4185629994372 0.0 262.0373826865708 68.0660327528697 230.56171556388512 112.4842582957631 214.63189366778926 154.36376743839378
132.4181925028899 0.0 183.5387376388842 95.2496865666844 140.33499745944425 179.62158438473713 48.83440570805277 176.51367786235727 0.0 106.35496468377413 35.85890506514844 30.41277176564698 132.4181925028899 0.0
88.94449805309256 0.0 113.85373245992126 13.210064228267136 94.8749251754887 61.98080497622044 128.17847449665504 59.50978024875171 147.0847073258456 80.50443210730364 137.16795831857854 104.64180214760174 125.33233698074382 129.18092793456262 91.22647817603591 106.51636655767442 74.18130172891699 143.82707081591835 66.51126672997027 99.97251988066058 19.4292368677306 122.60003868155192 44.719216696417554 84.03522956421352 0.0 64.86699733474828 33.561259626010816 46.532222702166024 29.426226497104345 9.213702236268603 70.20468606602238 35.93090499154254 88.94449805309256 0.0
26.322037980365707 50.60643194675191 2.1279951780879713 58.84927724712628 0.0 38.28484243457274 10.96127619749339 24.01882181811068 12.930424337042425 5.656606764081289 30.778414359704314 15.856032267175507 50.677073914162804 0.0 75.20628206808236 9.653251778874733 80.80103600813415 36.39936508027766 65.11856288522993 58.945154236837 38.0886193317407 52.33744625643773 26.322037980365707 50.60643194675191
178.2188534138739 188.9875382943061 180.1217317366927 259.45978013264244 130.39248156767752 169.2512789541508 70.2776741872251 275.073360218534 26.638763779062913 234.67945780972934 0.0 183.48429976152158 28.812328424226592 130.9868817585179 49.8644731934254 96.85592412026757 79.89102920603469 72.6385537174036 99.51358611630721 0.0 152.11517720765397 51.124258985537594 212.37536114394118 33.39373375212111 215.89128522629994 97.34647998381934 276.5642153350674 131.7499485574529 220.69181315683073 175.706663130079 178.2188534138739 188.9875382943061
29.754256604787763 69.28432197778329 36.732665612869305 35.690318957284745 64.47303589425647 10.103260070712452 102.64070777559273 16.519788244931462 162.64236990953538 0.0 136.64541518165566 71.62847322951971 190.25704817761388 94.56779048332412 221.1140860224784 154.73065249234287 148.7363699481283 170.43471514668465 96.44755633532421 149.89906074071314 73.96470251844394 196.86617882396837 26.319032744708956 203.40995480903155 13.491612564321755 154.48432622786436 21.551166668110106 115.8049515235365 0.0 88.69574943078223 29.754256604787763 69.28432197778329
130.6426530836518 81.51160588236667 162.13720795636436 0.0 182.40865446435402 78.64945893348093 214.80026237763735 94.41866894928312 291.0104238834321 140.59336142384103 206.58687919750014 169.1198990390986 193.26189136719358 240.0533012280097 140.78942734976474 167.949672509869 97.29526358480973 186.52424922362906 31.237810254357925 168.39195139874172 23.242146108266382 101.62272979001543 0.0 4.578719339623262 130.6426530836518 81.51160588236667
65.83239153128184 23.177525999681578 52.48802652297525 31.348365503730435 47.168281733324065 35.818324746311745 42.42556658928122 40.08744638190241 36.017440732380095 37.662585975130725 19.039021513775822 56.014902616087895 27.903961170971627 32.10591286993055 14.398492777634829 28.82486912606886 0.0 13.450509970764799 27.118484386578928 16.178448357622187 28.581994268282813 2.0243656449883503 40.13939177530068 0.0 43.88952383996926 15.695215306819264 64.1552191798985 9.016355344105378 65.83239153128184 23.177525999681578
24.26125424927187 0.28848411840053245 37.74052577982404 3.8875619260905836 35.22490271881961 16.103552906489384 45.59407890640422 42.10676416784764 22.241465313098004 28.746555879840955 12.61828105854211 21.244377618596587 0.0 0.0 24.26125424927187 0.28848411840053245
28.20280508984841 118.36409716587708 3.077951446733806 54.623432461766576 57.918021919678026 8.650403982853746 122.59629751942751 23.303435414599875 193.54902235119408 0.0 223.34434484252478 62.172705168283244 247.33840688024685 125.41215362961157 159.18499582966803 140.65037291303707 146.91859042024805 203.09340029518307 96.62414969257928 187.20994821961673 0.0 210.15083208027733 28.20280508984841 118.36409716587708
127.80407890032492 44.01931361920785 144.01294763157108 56.337658077717634 150.15295854330583 75.29893296242078 195.767001393893 107.20992292486503 136.22927548660283 109.72547539272597 144.02602369477552 166.79545203860272 105.2678304833456 144.19504922994622 73.51360019852858 160.1321213036772 79.27224200499 108.07985885785884 0.0 122.81605375207319 42.5558922378466 80.45017543455872 95.60760860577881 78.86527888924181 38.16205908257098 5.087017525229044 92.92876340287518 44.69824897569006 114.70479443417031 0.0 127.80407890032492 44.01931361920785
126.67437824608284 187.6943052551572 22.43119630504691 180.03963343471452 0.0 84.7895130585005 57.75593561300116 28.168715395712262 127.60066186350589 0.0 194.03890581261737 45.50501820165606 136.2639184014011 103.86021979803583 126.67437824608284 187.6943052551572
9.582156726977814 30.244426383854105 0.0 19.80120218898334 2.418958023045249 5.950023461451494 15.010652352821964 1.331293223953935 24.545456659292725 0.0 32.407201076318074 4.309938658499419 50.13609603712929 3.4694162705537934 48.2732622026743 18.457263933779956 37.74116300903603 26.247932733060765 35.402975909813435 46.51443833663616 17.536095819080458 46.39168381499185 9.582156726977814 30.244426383854105
80.15691182279778 27.215695167426645 91.5053870645451 44.79040030794263 90.16497191863738 74.97386134716805 60.65313213155608 50.23656006842205 41.66036523733543 60.1999531498187 12.031432858280795 50.75680456886988 0.0 14.262889124339523 45.16383182456947 13.539711658961224 59.80628620260421 4.873161285711447 84.17334903321829 0.0 80.15691182279778 27.215695167426645
176.53834084941647 145.496539167178 38.71724633044283 170.2320101995806 0.0 0.0 159.7183757269293 21.2834183704272 176.53834084941647 145.496539167178
33.90353386966865 67.68547483714661 98.31272043783198 52.34828594132895 134.90809430163512 0.23729535860547912 196.97521733163381 0.0 221.36902582736238 62.71352761243888 363.63230584868364 34.62556989146806 287.51266470268746 129.86254115425206 216.96960230967315 160.46491664030617 286.2579432749757 262.73189055964457 193.4897077168953 225.6506514840739 160.37456531783903 139.79110456104274 107.36342212043559 244.06416477476836 0.0 271.9841124554544 103.17809241351586 156.02261219399065 109.67650034812269 133.60855736428337 33.90353386966865 67.68547483714661
20.022442690058654 0.0 42.20831520708897 5.253342774033641 51.14558706576241 21.792775371218028 67.75799468880922 39.479517020923936 43.79830393097588 47.025776613774724 31.4116034067777 48.2292631639352 8.705122103239617 58.823413703216445 0.0 36.638450737108684 13.555249146752402 21.467543527149132 20.022442690058654 0.0
56.70308214143181 56.40407505424814 78.7011349038192 35.45598287061112 115.23525758675372 36.32329609206849 109.57942805596086 61.2899214473848 121.67101406083522 91.6672041146527 67.87307366604931 71.12417012799855 59.803409620400814 68.64952894177829 47.34493098934429 113.94574370766183 39.833881191378964 81.45917939357993 42.35808337092813 65.60003386204143 11.795469766097604 64.04726965644836 0.0 42.78235034263517 33.30005415823571 37.654800680106334 34.499024157763586 13.033930645100263 54.280487837105895 0.0 56.70308214143181 56.40407505424814
19.989432908015473 40.45623656153526 0.0 28.751266588376524 16.269224345865524 10.999603924155736 54.35674385159999 0.0 42.24298279695073 38.60967819138445 19.989432908015473 40.45623656153526
159.05119263930095 14.19660088764985 243.06024331605005 154.53701503731696 95.89615506774854 148.09258058362985 19.785562930790434 150.2393641522837 0.0 0.0 159.05119263930095 14.19660088764985
67.41113601945153 0.0 90.99236471159183 81.99126516787871 143.64766259533698 56.92401219907751 180.67362299031188 92.70862229584765 234.84628475043343 166.02609280976827 121.09646316574353 152.50756485526375 98.15169430519504 203.82230367297234 52.36757042458848 179.9835055183434 0.0 171.26889965587975 19.6073654805391 114.09006923215766 30.515752189181057 83.99477876878004 31.18312744122042 41.238458124910125 67.41113601945153 0.0
5.607804971397599 48.70024205175688 0.0 24.470806108730734 11.557524794453798 0.0 41.43380200990647 20.39221780775113 53.955724420318106 25.677574746147705 94.14138226864245 5.595773416325123 106.90817014679554 34.586283591775775 106.13551621898168 64.35942428743243 78.35288241633567 80.06843607423181 63.7333573682873 104.6827255494351 38.66789446893601 90.05181776564208 10.706095854516889 94.73579505307151 17.88835191147804 63.06258667482114 5.607804971397599 48.70024205175688
177.08737216406064 204.84387279428236 64.90492644205443 208.14013047680342 49.670828543139265 109.02628518400516 0.0 7.103151228367821 110.70581836004071 0.0 166.16110731855503 48.17837344256538 268.4851486135916 121.61140661420018 177.08737216406064 204.84387279428236
183.45455867941033 42.10634354148237 263.80561943930076 45.892552992646266 226.05822817304988 107.2165507931159 248.5554997540919 189.55134313290938 165.38320466082223 170.50350718506064 102.13350728144974 224.76507327522597 71.20650358037517 158.37696626057925 0.0 114.28139089398017 40.2013581717743 45.34136070561544 108.56609341667286 32.375385443476105 149.19748368928845 0.0 183.45455867941033 42.10634354148237
169.0728541553127 115.73611855263253 67.19850460131626 122.65070257111084 9.066252190708099 128.40804173107534 0.0 63.712643712408735 41.059352248690786 0.0 130.15953167931235 16.360154212489547 169.0728541553127 115.73611855263253
133.57858902289254 51.458931372949635 155.93280775723906 69.56215602442096 150.8793510838846 96.3805972913197 140.69547598416568 130.71115686156733 103.35657698555588 108.47860001079346 80.4272288542885 115.80411572247704 59.00769439367197 103.69700326080374 42.504368781031374 85.57083894082291 0.0 57.72147604296846 78.80615565004366 54.87143773565674 72.83175248727872 28.093637918219017 88.59506860188137 0.0 110.82916633860516 21.511100388390695 144.48616253421162 16.946345418742595 133.57858902289254 51.458931372949635
58.412774429771616 61.39782947991277 44.319438416314156 73.49769772400263 24.897998473374685 74.51820794035432 15.626573285790386 57.73768770725344 0.0 47.09091749246589 0.16904531234467868 29.241799593463625 9.527520380651538 14.72534549160089 29.45143515575971 13.077545152891986 38.616511177432514 11.670615081178894 46.29583572673732 0.0 51.757072858156434 15.109438289768562 61.55595055840969 13.504024780913866 63.49076398224108 21.65176230460986 88.74448214930041 29.538408631140697 63.978684944517724 36.89968075227715 56.78721504118509 40.71308104689423 58.412774429771616 61.39782947991277
136.98792036719806 291.5930918199366 51.21290420046344 294.1928599687343 47.984622258178575 218.89545581823475 0.0 127.73250640354145 87.37943690959943 87.91420470954027 170.1905455046757 135.66612331100217 241.52418058428276 0.0 252.9044771865892 136.28764044804572 358.4604866597249 149.65300580378477 267.7665112780344 220.82094628480985 234.59856493141697 242.85335401319162 244.42364650866116 325.1317859535694 183.46575088973634 340.3040944927385 136.98792036719806 291.5930918199366
