100
201.76705576149033 52.06684305841851 235.59252294091294 89.6741565652166 221.03178687144427 131.10403848639464 182.7439635194196 151.11941771698872 149.84845025623065 172.2084245102851 116.01794045810716 130.44030599024984 67.26338395938893 160.78240720342615 0.0 151.32876120502505 58.174310250293615 85.11082367359592 28.057220802327947 46.22845980018607 42.509274659474784 0.0 98.52958445219934 8.802982823085856 128.10224422994972 22.237996243444528 128.02752812391424 76.95937287965363 153.79458112271732 53.33736501355608 201.76705576149033 52.06684305841851
73.24377590279266 2.7433609180878022 93.86347411830852 14.76881562789361 107.13712421553282 31.904141825776478 185.08355786338558 16.907338455352345 142.52692328255674 62.86900431745032 97.22930235400034 73.0559169061019 127.35390580341706 111.44388128175471 113.88047115849139 146.25518341102094 77.3975253758818 129.97030571284745 50.38685803056072 134.53806601499434 26.103928427938712 119.75748745777518 57.022283839067015 74.36155806851421 8.273076787434718 69.05818098520719 0.0 37.239499237984475 68.07918158072643 58.43164980857486 45.11067081122053 0.0 73.24377590279266 2.7433609180878022
2.7958121625301544 6.829584658290841 29.414040945114778 0.0 40.148287247564596 23.671884591279237 49.27074289022616 46.693744200462845 24.69692699062179 48.5351396883141 21.449366731001163 31.879118891356825 0.0 30.94702364810132 2.7958121625301544 6.829584658290841
154.00635326367018 229.45395828239495 116.10408808915135 215.9608235684123 28.928884431574417 218.6995968235262 0.0 132.58969301081152 48.615102165109775 54.905474246922665 139.29852000527143 102.8525320624766 235.6005483894775 0.0 234.42378353669264 122.62054698692361 252.63087886178764 187.19774335157948 147.23104902120863 162.8487594284694 154.00635326367018 229.45395828239495
122.61984434834814 110.53388692736934 53.579809072810235 118.49375670787501 0.0 15.13928809647544 145.5049465321677 0.0 122.61984434834814 110.53388692736934
16.368296506780865 49.96980649683128 0.0 27.83974761638946 6.289945638888767 3.8407308784843934 29.435283944641753 16.722341093698162 48.680895170322145 0.0 73.50393868980917 25.195372794455338 34.39718247732584 26.208276063657678 16.368296506780865 49.96980649683128
63.6123909228425 26.976716776057494 106.02064396248318 51.13129734974877 65.96358121828933 74.36112096694211 41.096775489340466 50.84134049917194 23.82688148281816 53.60216342339093 0.0 31.43746227155672 30.39468849219282 21.56632008962122 51.610155404258755 0.0 63.6123909228425 26.976716776057494
25.0374635641763 88.12243819252058 0.0 75.02602552505616 4.984557808090038 50.15336469411061 42.79879359099771 43.980375792963486 37.31534704698607 24.235110739081534 52.093552344404124 20.76234070926364 66.9505075457844 0.0 87.39369226511101 4.394215054791985 120.28564415304862 5.1014704571288405 96.51176206868311 43.01360214695285 117.4455101973289 58.67551261247847 119.3291150034702 83.81795686580841 97.40308352192179 95.76774643398386 72.88024358383936 86.0869199696163 57.48865477196686 113.76357587993448 38.36726632088442 102.97328105733123 25.0374635641763 88.12243819252058
213.33947040253906 0.0 236.7344957845203 80.82348475916447 329.40197723455185 141.77270592656345 256.54010041924244 214.9318390462137 162.25995883845772 184.21956954251826 107.24071896888722 311.94268836444127 84.27840652037193 193.01799860809462 47.8992828056756 156.02194694707998 0.0 87.08986103588146 78.2474993894622 53.49937352964753 137.23939296274335 69.17978705418086 213.33947040253906 0.0
304.91097059410924 100.25621653194295 250.31588507191964 229.22653810337692 140.55294020447693 136.86876819533455 35.761701355886885 135.07707363689258 0.0 0.0 141.11785112757542 12.874524838614107 200.23380756313333 36.418731061907096 304.91097059410924 100.25621653194295
78.35120992244372 29.188190854712445 145.04033360050602 21.160583727024736 92.8987354097224 66.13189000456741 75.1946129841839 77.92054202556609 82.47013186122848 124.05278284571304 49.51981447006753 113.53184588937526 19.398108589587878 113.16555084545342 24.25011322953216 77.86026799724554 13.513715723460763 59.88192186055532 0.0 25.559700973252554 32.92289469691531 17.380239802940878 60.61965847854957 0.0 78.35120992244372 29.188190854712445
166.61459264279674 200.69928585308986 0.0 70.91999722768244 210.9634242560712 0.0 344.036355577364 151.29874881493942 166.61459264279674 200.69928585308986
153.6234169486987 0.0 217.05213061578033 83.9582206417198 248.35550762200265 209.8628272078524 121.85663911751158 191.0007182788498 0.0 170.04930969541252 100.61705283433608 85.07232522734445 153.6234169486987 0.0
32.598781489079 0.0 29.153493367233196 31.17217274016477 50.486985333635516 30.066004798133775 45.4349058632813 43.56307093699188 30.857807699436947 39.0640078339414 23.132643503661157 43.646565820017884 10.883571007957713 39.22651112237038 0.0 22.132792524982904 22.340839632773836 21.089878650797772 32.598781489079 0.0
0.0 86.7975479043291 14.180231697497057 15.532294959587233 50.50918161197588 0.0 64.74487957917717 11.104541330667104 110.82308289551807 0.8096212357370547 123.57542824412806 54.45013520642101 76.81326567978184 107.5647764379537 0.0 86.7975479043291
32.116272620770005 18.16331131792382 38.336571683072165 0.0 50.91108882637323 9.354578796421627 67.84931215553209 6.721155096697551 67.8716520560601 23.351129069757114 102.64925817856017 33.18672305819785 82.57765508043514 51.36344103059904 77.38553626761997 71.14316798596332 54.45142447960562 65.33649079649828 42.46202941273894 50.41580757285522 20.586068250710483 80.86404054848637 4.530912795050739 66.73397000683491 11.016264102130094 44.84479845646599 43.37184785148065 36.09546848764439 0.0 7.894719999339877 32.116272620770005 18.16331131792382
322.7707565400939 181.20984813155968 262.93392556072877 262.2326291430977 188.04499763338487 311.82657666730836 74.7996316372249 269.56275921297663 0.0 110.80964664408579 137.28061126920906 0.0 244.47653477896776 124.97266977635977 322.7707565400939 181.20984813155968
270.5055544818415 214.10730899690338 193.33299760562633 215.7460069878349 136.06363083625268 355.64318369828874 91.72657403634878 230.77652354991255 34.29739042078751 179.2126649788733 0.0 72.37941800679461 98.53761256109735 37.48272136469234 184.3218028487766 0.0 236.19269362649874 81.39606533426586 383.1889262027153 118.97169206371994 270.5055544818415 214.10730899690338
70.9903288919822 23.354222109716233 108.62916630152745 54.98944278496806 56.34140702738932 56.681700161085274 0.0 107.7820148322472 9.650486148173655 35.710626617743685 36.0394064847289 0.0 70.9903288919822 23.354222109716233
195.57016969322572 90.42920554101883 73.28400030616433 145.43054164998279 25.29395324500505 80.6042918272496 0.0 0.0 75.48979108656849 41.76857191704061 195.57016969322572 90.42920554101883
147.01347203329416 106.01481949410066 20.730393333820203 92.43101626856532 0.0 0.0 84.82599734418375 8.395812770632183 147.01347203329416 106.01481949410066
100.60847261027286 26.30981460500658 88.74054150864616 49.11145046688216 60.97695076617278 44.605658835104705 55.12825268544742 59.692657208022666 42.77205326028704 53.49142915150023 33.022914009867776 46.17799381312956 0.0 38.48648754520306 36.22068228939517 25.388329774077135 35.51591759234492 8.4857850370758 48.769808719459945 0.0 65.76885645278551 3.179371814179973 72.75958688626736 17.265338894976097 100.60847261027286 26.30981460500658
183.81741257521224 78.36940823866182 80.05988843620315 139.4310747358008 23.063608675205323 150.75104759756437 0.0 101.67518250701704 18.148710896796693 59.431724799686585 88.04307730585035 0.0 183.81741257521224 78.36940823866182
94.67139182658522 127.4706185223866 75.63785800979433 75.36643797123753 41.374267568417395 113.28487552175655 38.99425842360702 82.27348160295132 28.085084729371374 66.44721179689539 0.0 40.986797749999894 56.885972007470144 40.519184693039605 65.46136083377029 34.88828958585617 69.53633396729933 12.422239664284383 88.28898959314431 0.0 85.74657421330706 44.551836923878895 106.07108806469223 36.46550165769226 161.79326890904412 39.175838395042234 129.94227568783586 64.91629039439177 135.61386918305567 93.23267712369592 123.46889133628343 120.07844631319325 94.67139182658522 127.4706185223866
50.03196693891144 16.42154324119729 89.03384596748103 32.90564424270759 33.11545883081371 48.54945740858448 42.48874788479475 78.9738545799172 15.748157701483692 80.11223395256559 16.247436886077438 53.587635888164364 0.0 30.322360452681075 18.06205657560686 0.0 50.03196693891144 16.42154324119729
216.60410316368345 95.18753685380018 165.54373030447047 106.50647799284012 182.15961780394292 170.96542880969622 139.4157143490953 192.67899623762412 95.54568490990366 175.4833676056149 101.27643419425252 113.9488400268109 0.0 114.1111739357044 102.68280350031344 77.40897717304813 77.96022091945152 28.63897279527994 117.05522989763438 31.00530188088829 151.94436998285755 0.0 149.63253561915866 69.49256679175213 142.78483508677286 84.40665308346313 216.60410316368345 95.18753685380018
193.9797962387002 196.60487031537744 124.25379169611702 149.8036455289715 0.0 100.74120812197086 122.83495053328355 39.95982511455611 170.83823287359635 44.1073182557913 241.64120093410713 0.0 217.6697886011865 77.90483772633291 236.22474376109463 129.53069682699336 193.9797962387002 196.60487031537744
76.49222678162761 66.26721849110416 52.997174052314506 77.17005231861349 22.196443781650345 91.384694384376 2.4380639783321385 66.83708164347625 19.5695599437843 39.3066310192184 0.0 8.913824306277448 32.00174407293545 7.928028791920312 49.46285134288716 17.753598153798848 101.65471864451189 0.0 123.47792539786536 43.985200509996346 76.49222678162761 66.26721849110416
67.14852878202171 193.65505459276744 17.065859210293667 176.90915673367866 26.267204345290992 123.85208511676416 0.0 46.23572953589435 76.19010443212855 52.080073949812885 167.1851287661311 0.0 200.7633582649384 92.6096466623238 168.65013059433494 162.06709756812012 96.63801158065455 149.94818521437261 67.14852878202171 193.65505459276744
220.36591249319082 127.58947586215506 112.51271414463037 174.17946917732445 0.0 160.73984933037923 25.965790236460123 35.81415545661369 152.9307217564077 0.0 220.36591249319082 127.58947586215506
0.0 12.577293673747455 85.63230359214856 0.0 196.90117143158324 34.91430091917114 98.22907625850488 97.59239035864648 46.51798695982825 86.29494380239196 0.0 12.577293673747455
79.74545271967693 187.7394474433263 43.15482330538139 162.60153513903833 8.967785609611326 155.4096021819032 62.38872044330919 90.66926967248868 6.463079066214938 87.4835993798866 47.734934706813654 82.64289606846852 0.0 0.0 50.529714834886924 21.191742786407204 83.63140541234716 20.979638034994537 83.56697760537381 67.22973433489376 189.28323786823603 37.35902656908462 91.27207304573571 92.52045961761627 86.16741965422682 103.51526165435942 105.98530429582891 152.0455357674088 79.74545271967693 187.7394474433263
306.84478563458424 148.70484456012412 290.3502469383294 227.37244537412317 201.95368453203434 209.56347824989024 121.23536592635573 284.709383676355 99.40681914497031 179.22753048712644 0.0 126.80249752859537 94.19397850588707 63.388533229687724 127.02606186374737 0.0 196.22789844357942 19.85742860818354 246.09315175318983 42.32265625657371 321.27096007360296 71.71151141277552 306.84478563458424 148.70484456012412
330.51369318870036 0.0 390.9895616828654 99.0576438338493 311.4240038281541 194.5239371654963 324.33077635640143 277.0307167331059 247.48395473251514 300.2597375222365 188.50393518862313 261.4559609909479 158.03548070583193 226.0119808808748 0.0 207.94821829995664 135.71136086662437 142.39457424133747 149.63805423818965 83.57442826490959 213.13756554149978 85.47839912863363 330.51369318870036 0.0
69.78243849494802 77.95534522663041 51.07507821022901 84.91190862683428 11.08256041557317 100.11308642317405 0.0 67.90150020400972 36.21311154237269 41.69820190195327 19.842886863152188 14.017987179323356 51.22557315739144 20.619500448821938 64.85853177130836 4.910265839333576 90.53447900730592 0.0 111.58943046801372 16.00441777451843 133.92536384912694 39.601661443630704 144.26995437184775 81.70703998616185 102.66910681900657 93.21750971067226 69.78243849494802 77.95534522663041
0.0 12.193971110081065 34.44734738724866 0.0 50.59946783552467 14.714866074490061 60.16533169215496 20.80598395271204 67.66752310654309 41.9016563654873 45.794477761156266 65.1629641086865 7.556780382496669 52.41741649657486 0.0 12.193971110081065
45.77754339976873 0.0 71.80087470476997 3.414459311479021 75.44911561842834 34.478982064017515 46.959304304146414 62.05924960504156 0.0 45.93225186696152 15.191024633639188 2.8667901433853586 45.77754339976873 0.0
80.3776375594071 175.01298228118327 45.3628616097447 140.29261510576725 7.9370155727222595 110.2122272981863 0.0 59.99232230238451 19.847044949779928 11.93740885171286 68.97429318689815 0.0 108.38361296182006 3.0325355605384914 156.50233159065377 4.3345704701047225 178.28078322334528 47.198380020312996 166.97216551905225 90.17780282453725 196.36808589189064 164.47938073387314 126.19697206919315 163.92914766277232 80.3776375594071 175.01298228118327
43.58796803517886 8.956691507913348 57.07726293197149 12.687666361257428 37.13304973478009 21.82683785774711 45.099055089911516 29.987684441668407 54.19602952320288 56.16197928297808 35.097345447363296 50.04072876011034 25.823611600112045 36.8575350628883 20.074746929592152 33.45769440483882 6.904945695151227 33.645131412361366 0.0 23.44020439586251 10.144140465988485 14.128197377141916 7.633174747304793 0.0 20.675831078146146 0.2239088667838871 30.086839137728774 1.9993861874718561 37.50030282440703 4.966801276260796 43.58796803517886 8.956691507913348
142.45493450781652 13.331379592298475 267.7606428722134 0.0 146.15407224364395 102.07109487914802 184.38160818029556 187.2844720930812 102.86292306827379 190.93356802886308 0.0 142.90451962238745 30.143670022078553 15.063111171959036 142.45493450781652 13.331379592298475
20.30717245402201 95.71914633978713 0.0 69.68842878134676 30.853745180048328 43.926201960396554 45.76451032864774 28.548898042179417 52.16946634726615 0.0 79.53740295054014 19.178725404564403 100.19401965584065 10.36725296512116 137.95022212242668 4.3283251736426465 130.19562309300053 41.86859245679764 127.0841176689049 62.45644592085803 145.76394603876363 94.55237182013147 106.89132688699803 93.21220042454286 93.13004173204976 111.26446671313477 69.24536017839571 124.22185262901672 47.86751446885074 108.40580166935379 20.30717245402201 95.71914633978713
50.930951385722445 0.0 114.1944391937268 88.34506420889234 261.24686656743 27.53345292458728 237.9216732243431 143.91461889416001 178.69956905695958 245.2774441238385 82.51217573061427 178.23469829673604 17.40689237931187 152.1713708073088 0.0 72.4288558754436 50.930951385722445 0.0
33.87057818460195 26.05334514811763 42.78163811996316 0.0 64.73593872768615 16.81624747345859 87.7803947916558 15.156498266900684 92.59102148784223 36.91049346293278 91.62032814807895 56.35265871148279 88.45574955835056 77.17533748706612 69.96541522906172 88.16744176884418 49.91266861106676 79.62606095015406 24.49807799892247 82.73131192985858 0.0 63.85482411808492 6.466520528629275 35.86061986269624 33.87057818460195 26.05334514811763
158.685577719226 27.46409060614939 166.29580692364738 72.2581612233341 158.33066063142667 122.14084803899459 102.40857135566169 105.3210107583518 64.91166831330763 120.64400296699262 0.0 107.92062177557571 80.18420081515984 60.36321461559833 51.15745743939274 17.621664200055115 85.32567319378245 0.0 124.08295107287955 3.450073367793216 158.685577719226 27.46409060614939
99.87336231519885 49.91493609364586 148.48795168437871 19.9207343973535 168.3732713040131 66.12315786196044 174.83636070531503 159.85486507371647 85.07840787472185 119.74339091315576 33.55269065864573 92.77339691666597 0.0 26.40295375924312 68.59589805353889 0.0 99.87336231519885 49.91493609364586
0.0 102.41577925994507 66.58918380577599 51.55789604131 107.5183723945097 9.561300695783018 167.25949825065197 20.944768394359087 227.9423851644475 0.0 285.61298236046616 27.413942941285242 258.8574757291423 104.61730994714753 299.84747483282007 150.21245073602188 256.98054175776986 183.3593341608919 212.20781249801723 191.71188334468056 185.50038995798678 227.75587529907835 121.07135071450135 286.32223168468147 97.55755027510743 205.7577188843373 117.21253137403741 148.27354562307238 0.0 102.41577925994507
167.64094802233282 116.12668748125454 86.8102662936404 87.9700570048433 0.0 85.18214721351255 34.4108282703578 0.0 101.76890411871344 10.324221037096741 166.4776117435629 26.140683760292262 167.64094802233282 116.12668748125454
162.39460694266086 127.29952273953613 174.2651654142456 78.95934040725675 283.14627388343257 0.0 263.45100544130094 95.3458897117675 297.0909089637016 153.47815514143048 215.90717242447388 172.1302115402312 173.73521074436542 157.98887370300918 136.0907533124544 265.8183787453306 110.86991898905572 189.714326110336 54.131173464189914 169.05972602959605 0.0 98.26596319793292 158.72257029564508 124.05464499202081 162.39460694266086 127.29952273953613
0.0 0.0 59.49483571982138 16.457558258465802 90.68383837931802 1.0622814362712845 112.73192264541346 29.25820408254021 144.06776806213094 71.84210840504386 108.99975474077338 111.97634483891463 58.08041736694058 128.35918707629887 22.320440677850243 90.64645455998294 19.32142527722941 52.959475990292056 0.0 0.0
76.76917142799621 8.32506383293601 100.98378062175294 12.702839513022482 74.48156167210067 31.386056994133057 84.58753858960438 56.10497846789795 64.38647370034369 46.86917030128791 35.853910545786306 57.14829819817898 0.0 31.871005408589653 43.332566809120166 11.988201430059831 59.954076807433154 0.0 76.76917142799621 8.32506383293601
129.10051532443578 104.0143303753116 62.95258695515234 143.58718045366547 0.0 88.5925382067058 63.39405852981949 53.67983293542227 158.109614658964 0.0 129.10051532443578 104.0143303753116
215.05619607163993 152.04718155708343 217.36115156230412 187.89530125009372 180.9052511640806 178.29656057601787 158.44904623512883 180.87657440329178 97.31053592978196 199.20773773011678 115.29175936315397 148.55361564646785 0.0 57.98388439497381 100.86122506445591 26.0527053070565 177.16393746323146 0.0 221.66747926011533 75.00056993364333 219.65312180079937 124.5236260663833 215.05619607163993 152.04718155708343
69.3116618260556 0.0 96.98757774915106 28.094695386586395 92.92766155980502 64.52799247099473 61.20313185711147 76.17218570769808 39.69269211836961 93.3812159233376 31.648425779419725 63.059684299975075 26.406505231979708 52.02491974114652 0.0 19.46083415448811 34.46862261379202 8.34349818786712 69.3116618260556 0.0
154.9840399809243 87.72528894388185 105.80440393697482 100.4069494567474 0.0 24.351020721727267 146.5701930353772 0.0 154.9840399809243 87.72528894388185
12.143051194701684 125.53880045453099 0.0 79.06239222651173 65.42925037431462 73.529498683973 73.028376443062 17.63585758141538 118.04793627818825 0.0 112.60738892774361 105.26857594908559 230.87191665231956 32.86458697993858 167.86848011216262 105.13007523505235 218.91886534866063 149.63418333514207 165.66156912322768 170.11229717815968 136.99929840086241 193.9570940722555 103.23436297313496 160.39562620802505 57.87497206553343 195.08625111220286 27.588292541914825 164.35579323013874 12.143051194701684 125.53880045453099
2.820346239757214 88.16207421208227 0.0 51.49567832100665 14.865168270958577 15.9616847818303 49.51782615878008 0.0 75.26204389413513 50.42502667867075 91.07639916916202 51.25547198174415 120.37117408517008 59.842746109754316 136.89464234632544 91.11119524790804 105.33052512836115 109.69814542686031 79.1381873269064 115.05625583669207 56.96723666237284 115.3694698159997 34.09488302267502 106.89991891835889 2.820346239757214 88.16207421208227
96.15133296646874 59.82305184265367 190.11355286953366 0.0 253.57332852602636 74.6605657014563 228.9180887251685 176.2614278380908 131.5613025191304 204.54110377125977 71.24765889971307 158.19738682816467 15.794397181096642 151.09564417455576 0.0 97.13067780772424 10.269525244040452 38.017403062441055 54.79061505318978 5.816243086457007 96.15133296646874 59.82305184265367
0.0 130.79954139596788 61.81708462500552 97.87628097241942 104.25870211791998 118.81292119041778 109.6374408644328 0.0 177.10626906555962 17.17526036022106 244.57935116274223 65.79675104788565 239.61654920939588 148.094092629234 143.7593730031752 156.6165858370979 128.8912490661678 226.3154757756539 67.56991084318699 218.18765412201765 26.668099268414068 180.99166716581266 0.0 130.79954139596788
184.7397821587458 104.78097906863933 96.92650787341002 123.98564851313738 0.0 183.46195746234588 21.73972295891923 76.17182973439016 49.66864243828529 0.0 142.63127487115202 12.461048062898286 184.7397821587458 104.78097906863933
7.3817682936446545 38.10829115273724 0.0 22.21468018320357 18.58612896077399 12.56351428567497 24.587649693682096 4.795204551752974 33.796857411858795 2.7778116072017696 45.71684332474416 0.0 56.74262895498778 7.677919831561013 57.355682855261975 20.174933257120074 43.261231136615805 25.505647655821406 43.01303541675016 35.46974940611072 35.21331112318235 51.850916354175766 20.16846861357058 47.20896577258898 7.3817682936446545 38.10829115273724
156.40724510473424 0.0 103.96611418327386 80.49464387400948 101.86570936683663 81.1091932617739 129.36207719536776 130.017734102717 90.04653640062398 146.84482724755384 23.694617689697196 148.07859131737632 0.0 80.96586983295371 52.92606971758759 36.935238007417006 95.0508891184042 20.933808322530275 156.40724510473424 0.0
80.24537169580287 0.0 124.21198545635856 12.794588340542916 139.40758671384552 54.90424842541276 121.4352330595969 91.70206126863683 173.48030579223277 97.55524159836018 178.8607391812701 133.5178382480027 165.3984575377509 170.0044501975035 120.41361601354534 151.33484275163954 101.64856252704587 121.3564701498489 49.746889426331364 175.73710078780482 16.25318023764217 147.52250385669714 0.0 103.83993851650364 27.142477356748884 64.78643203315285 58.764235866426134 46.31497280897281 80.24537169580287 0.0
129.13157715090927 197.92625009626317 100.18966514361921 173.47494808306394 29.089713850682045 163.21020490226167 0.0 103.30536926685741 77.69210663944727 67.13806003833093 69.4140899800255 1.0660873297050415 128.87849558518823 0.771552471067821 173.91895299852928 22.74045314859194 232.32162215893138 0.0 286.0005990838145 29.518572104108287 175.1618681532721 106.56025368903084 259.77736275845916 136.13772868127552 215.9693908225063 152.59630365764096 208.88124724342745 201.51853687902891 169.23193611456557 229.8930167826487 129.13157715090927 197.92625009626317
79.04011941842808 43.992719938305264 159.0599013163131 62.711823837212826 131.67477797270237 92.13941470724777 92.88898851741962 89.13613063664155 74.18737674145612 127.08702542225075 48.41824289769218 100.00713554333052 0.0 110.5455440190002 4.046155227083403 66.27828068954804 17.83884509417517 38.603796765190175 48.31909780778605 31.493768771880987 43.06138185350353 0.0 65.98540956610941 1.169402120194789 71.63368468157954 42.95368038297908 105.41128902514026 14.502046560721602 79.04011941842808 43.992719938305264
154.74297911493554 15.759481490216295 193.8914118323688 26.084313457653828 231.7713424658732 71.25038924206973 185.84176906493235 110.24424642205295 143.48836767970434 165.90920509624786 119.69565416872801 84.4438523141039 0.0 83.30549121489611 50.05360564752847 9.446806787834902 118.22462362690062 0.0 154.74297911493554 15.759481490216295
72.76617952957105 89.35839232117216 28.70133809211667 125.62803145619377 0.0 85.67477402744315 10.057236729151526 37.19948028793986 63.780926933712266 48.01195402127043 90.26666624749012 0.0 96.55855326983276 50.189821163775676 174.0904700057984 77.49965299343157 129.7513529223528 126.01643879860863 72.76617952957105 89.35839232117216
68.5930733783077 125.638262566369 53.839052855586374 99.2708397265174 37.15905087130761 95.37550322401897 0.0 90.07138861685333 17.16500160918369 63.45649800114026 25.982749366402857 45.18704890860117 53.96966338478693 49.937994072500985 49.412139441800775 0.0 76.8541690011645 17.04958397670317 97.59668256929524 23.39963266259143 97.39661368824514 50.08287576216455 134.15244209072006 60.41108321285685 114.37564560458696 81.80050695475047 100.49478323637126 95.74006991262134 81.19198011154526 95.71593341202713 68.5930733783077 125.638262566369
196.20372448301498 210.8692564806638 158.31227707933 262.553183899864 95.91583139948837 251.0341782661988 70.5742829004777 193.3485508325207 13.71186668577846 161.98210960903805 0.0 99.0029234875629 51.69366443392751 59.23124830230569 81.26094798818914 0.0 145.9439445366451 51.32633086356229 209.23300383547345 26.40334677783099 180.68231092037712 110.19016270379781 247.566002867296 132.63926214866711 268.4374248175758 198.8529869103971 196.20372448301498 210.8692564806638
93.29524719737324 41.10424367469669 72.89214818887456 60.38837622922965 45.92692926489663 71.41456361605086 14.311704654721183 59.54994713723879 0.0 20.406814676891514 40.061327360831356 8.365904002640292 62.488697839370715 0.0 60.837143669208274 28.817424953042803 93.29524719737324 41.10424367469669
68.04571773971416 116.28244645842871 0.0 0.0 120.48367658492708 17.191396354913365 160.9825643076195 86.0736172133079 287.9707352293134 23.567225117628695 224.31051970743866 121.50825258714981 308.21058368942954 246.1468793660693 177.9935353059756 219.7758119716031 125.51170791363384 185.03828842484972 100.65608321977393 152.39774381395978 68.04571773971416 116.28244645842871
32.200236525158374 84.71276092567368 35.946066728707365 58.47921584053436 33.38630043130729 50.34990545775589 0.0 38.70834797355736 20.85593001371717 27.457159782397703 28.41816633704957 15.555171299014638 46.753273063163675 26.781060379928043 54.901754142217754 8.587176653987264 75.76065790244407 0.0 95.19623947839894 7.741868719522621 81.57815781420021 34.640781546974544 113.84702299215286 49.19647202144632 95.51024300757683 66.67380394344013 76.99735098447536 73.8019917358805 65.50764108633867 85.72385062564118 49.600060427701266 80.22773708889613 32.200236525158374 84.71276092567368
169.5799820000525 275.2979714737762 95.82024098829308 270.8641947387417 0.0 121.6307584687668 215.73042460932265 0.0 336.5326562047559 228.78902010520173 169.5799820000525 275.2979714737762
121.40158490978625 31.283577040640075 106.50222825131344 70.52821605902804 71.07981668068626 75.90544642664699 53.7872842251096 114.4589016529493 25.992391572670414 90.91481357230958 19.55197688270374 63.86147858029542 0.0 33.47142809602851 17.545942210759904 0.0 54.820442862207145 18.596300622056994 90.83946206165223 5.627663025232948 121.40158490978625 31.283577040640075
141.30419753642684 0.0 150.0466673974796 72.12431748184883 153.489664808571 150.9590502945103 77.37456540428826 130.8055306749552 0.0 121.92471715903268 43.229739027854805 55.93551349202589 72.56322197999516 12.643650013587184 141.30419753642684 0.0
0.0 34.54911336353126 8.456837666900213 10.708161758205051 37.160647005711425 0.0 68.87748849464437 23.847710385634983 42.71728806172709 53.64990791742079 12.775484691114556 63.70361263807217 0.0 34.54911336353126
0.0 33.9261799001695 83.96586629019046 0.0 137.20371804940106 11.46891529279695 95.46055764026019 65.52372571252286 0.0 33.9261799001695
32.37735151876386 78.26319406857425 28.844488442264606 57.15520314253698 0.0 52.29986235262269 22.332374014546417 35.22334184513037 30.84480537097093 26.960004127541204 33.21084869400289 0.0 52.22098320252941 6.228781751913608 73.07169806889836 7.664207680552572 69.52201425418116 31.741044480500612 84.78152075820454 44.468157977138496 86.2813179624732 66.63123683419667 65.61157066733011 73.42166789867454 48.98706758155606 67.83087864718885 32.37735151876386 78.26319406857425
92.14329511320663 21.673026065008045 138.17571557623205 15.73918401328369 221.84437198496755 0.0 184.32107927359368 82.39322788655373 153.72045767077913 108.05769738973335 157.93298487055802 178.72968579767428 110.7553118811918 131.6681769338452 61.79513099256291 137.9653950963051 0.0 96.4483778883396 45.27668239053777 44.12822773837853 92.14329511320663 21.673026065008045
117.29762352132036 49.604301065246645 87.93336954680292 76.11156063970431 88.226997176424 84.55789283270862 72.73512070276425 97.96120649797072 44.328059106094884 85.11897571089862 0.0 12.293917958900721 83.9722097939724 0.0 117.29762352132036 49.604301065246645
73.98146430504843 153.40374350042845 3.307652877334 112.47326462741393 0.0 36.860448967838046 80.84069788579927 0.0 186.85568643130335 87.79884950749977 73.98146430504843 153.40374350042845
58.15099965083927 27.62341454131962 44.34794141676056 44.15769392040602 25.88173297754716 33.403243773629924 0.0 40.848585576239174 0.18296974332953653 17.152119155358108 7.639486625777209 0.0 26.7020417191857 7.142442288144224 36.7908354216064 2.4958594711511353 41.243299980532356 12.256496834372157 58.15099965083927 27.62341454131962
113.4773128026918 168.84266920920612 0.0 74.82958861341977 130.24090883543323 0.0 217.9929019157226 28.24699116121674 334.9514659011089 16.061503856497623 307.0815282774769 122.94185202200389 266.97101856072345 193.34317958737944 185.86002539251706 216.08411522975484 113.4773128026918 168.84266920920612
192.89571339863733 77.58004198978787 236.48579863483133 182.7165335064044 131.77268664903846 155.8538852755537 62.136269880399595 165.6665460779293 0.0 111.66746119351741 52.089206266458376 43.474297035381326 88.18795871835871 0.0 127.7409370063208 67.87360683188636 215.12929202366143 9.160722742603895 192.89571339863733 77.58004198978787
38.5950225090174 0.0 100.89096456179657 12.690636154759822 120.92218867888532 55.38948491362157 147.46851223112537 17.282032287390557 172.0016157019769 30.25405785712769 205.63211865686242 60.419100604122136 232.25725750135086 133.01304091615899 169.63432251580673 155.12939328546742 113.24752987405505 151.34312457516396 110.31764473050868 71.1205215277335 57.269995139332636 86.41361989973888 0.0 45.95777404449488 38.5950225090174 0.0
99.1359341032529 99.07427297233193 27.553047355992405 12.505641076765215 107.4176001548381 41.69632740445178 153.53774641029236 0.0 138.82889259722583 94.57903576769264 246.01680203581975 73.28557421244042 203.7724428086538 124.44945779395246 240.3845080112431 217.9602325191442 160.84870575971928 223.8540205965339 104.46302650981742 206.51928782075595 0.0 237.7491043100434 28.183342955343065 132.4668539970329 99.1359341032529 99.07427297233193
91.90117896314453 40.52375615466503 111.71575833247331 72.60287866937776 58.30530651914048 52.907265372448414 55.46994539168217 96.90736880973017 51.03288640667868 46.46140782013186 6.836654554302889 71.85420306472523 1.7141676824414915 45.08236533708175 0.0 16.648217697097287 42.57744482045877 29.525060019262504 49.013763406822896 2.6985185242013827 73.03505236014672 0.0 86.03585979892804 21.40762265705856 91.90117896314453 40.52375615466503
133.20011555332906 205.12030043849586 0.0 129.66920898386292 129.22140575193401 85.25036231348797 267.92176383381553 0.0 231.09169967982132 167.841701229909 326.6591196601057 312.48082742310896 167.99256647465887 193.3449441801902 133.20011555332906 205.12030043849586
0.0 77.16429316634128 102.32094213123021 40.30598266960409 194.5539739878753 0.0 221.18202910311987 137.73897883575586 87.20085325874062 162.61586286056655 0.0 77.16429316634128
48.39531749310847 42.15770104853246 45.484448522283195 67.00665009062526 39.35661703843612 38.434538166802994 20.733667907642435 48.352175269013614 0.0 38.36365473993153 14.264383639334106 21.1437170766728 17.82170816328074 0.0 39.27120758985435 14.406753104505995 42.213870325917334 31.746738642155506 60.92622036639647 18.38558481986776 69.02714702229102 29.23305940164414 66.6221079850317 43.44512841096437 48.39531749310847 42.15770104853246
80.97642156824698 23.85230323504809 113.54741516299126 0.0 150.3921522577818 11.806246850296489 145.9077492434885 59.933480788962925 216.23734915669965 72.54175114845492 161.79570953843492 105.6791396727514 213.88501636335877 193.77518649056634 143.51916252992362 186.19404545180635 98.01459078236837 178.63217649225817 74.62486501136212 137.97270475281533 35.88549838999023 130.9265157092811 0.0 98.70261296527815 80.94646854866441 78.82609255290724 62.073856062952984 46.50249689339014 80.97642156824698 23.85230323504809
145.40146283116752 132.3924153384587 76.71844781176361 125.59213621065744 47.35081928725725 111.31200319336257 0.0 54.55255495884864 73.45393162381615 0.0 142.58773835184547 55.62768421300154 145.40146283116752 132.3924153384587
79.13177784113873 0.0 96.85448656537449 11.918317796322228 121.1557720574663 17.43376533661511 148.16543736484866 35.92830074859857 119.77900051916524 62.21150423706159 129.08873060399173 90.18871842420081 95.75478322727145 86.49194582061266 81.85739380374999 94.83546058974333 64.73840326384509 97.10816117782129 17.302510453423736 138.3639710540706 71.693777391493 54.45351924468581 11.25872887932465 68.5737283983565 0.0 44.00222447527223 40.3428624998881 36.164161608231026 47.31119719017636 22.080580395062 61.98582330600314 18.78802245546285 79.13177784113873 0.0
29.710994858601566 79.00645080174556 0.0 39.7569780964948 34.896616689608095 2.9285755848534194 77.35058641282426 0.0 159.97949709556008 12.535608894997772 133.11049816200574 93.04748694239933 60.38027755452504 46.529009628368804 29.710994858601566 79.00645080174556
42.052023387711436 0.0 92.61493347116729 5.047816320712705 75.09572537452254 52.077059224025376 56.02862694462832 65.45239502564166 27.680674540978522 90.3271660038017 0.5934397413755832 58.517204599975116 0.0 13.3030447642778 42.052023387711436 0.0
81.9650934800928 108.50689607830556 57.95647625813436 124.84723218664665 11.31424182281728 125.81205471671795 0.0 84.06430030143828 40.34276315483564 59.4152529415956 42.439486635966915 0.0 91.56632412896913 8.808616866906931 116.29368215408891 42.52645622199047 154.4916166271343 74.11102406025518 123.0531394695415 110.86324969727671 81.9650934800928 108.50689607830556
166.73031590189368 103.19380822279689 50.62147902684751 142.6500368628935 0.0 0.0 129.38966861773366 13.250088396227369 166.73031590189368 103.19380822279689
136.06708148975403 244.70628953885492 0.0 251.99295039157923 157.402120441932 147.30526860815723 55.79489825339276 35.71734910650096 158.68524515880688 55.97654352572226 246.79391301669176 0.0 298.2966815325668 77.77392423682798 303.72277801293615 161.45957875309279 258.00081242951103 224.4024056809069 198.43398250289567 244.27785617655573 136.06708148975403 244.70628953885492
115.70503957841643 52.754941946180615 118.41615679313767 74.99729572950116 159.80154213867718 97.09197495448922 186.3255873663516 156.43436848598876 123.7407718031213 158.95782309353868 85.22923150617846 135.35654567145295 57.83481630102048 157.16103712542454 52.02183718743527 116.6574483091792 44.351019662564966 101.06012033022249 15.072337006324986 81.0888554958905 0.0 39.080867001151 23.831573184637286 0.0 69.28033869258059 8.86468175556395 105.74925038102221 14.095074367346399 115.70503957841643 52.754941946180615
136.17151336555696 102.43077771467902 255.81372735841407 138.35899921228668 207.91281898982942 229.09336881581726 110.71135853411215 228.4959192188345 48.15222802499383 209.87712881422806 14.542496919706934 152.15077498885853 0.0 81.67983300120102 36.02050460317025 0.0 117.4855662671677 49.07367315584297 136.17151336555696 102.43077771467902
56.90342961824996 44.99839315598504 32.63591571908421 60.41965811008582 21.92909459652263 35.26367316208254 0.0 0.0 40.936291341368175 10.31884342898762 68.6624689865159 19.358472744135085 56.90342961824996 44.99839315598504
