100
82.03925607007585 141.31788471812845 49.503356159792105 100.4244216340023 0.0 16.72379217390491 93.92480141283818 0.0 152.84655259971396 60.09967666208056 203.81422209338928 5.984034209021928 221.14333007544423 57.15284679064626 203.70613311582258 95.70479087950744 251.02675946127832 149.3597382018679 229.17326840657074 213.03783317433724 156.63926639714256 166.3781112343191 129.90735929591563 142.36324295995814 82.03925607007585 141.31788471812845
379.79415445112676 156.9074815166419 182.92784999480452 253.2886485497917 0.0 102.25788946077435 219.53905816753905 0.0 379.79415445112676 156.9074815166419
0.0 27.968299184936676 61.527710599152726 0.0 103.7801019265187 72.03343018413594 25.54338245424823 77.13359977275428 0.0 27.968299184936676
2.2616749166434005 38.577876613653736 51.04689232348523 17.7438711007079 89.06115722006173 29.332348767422374 120.14921772921328 0.0 143.11854662210283 30.793783086425954 198.72259656759365 43.14168220060043 176.44470629439246 87.39945516380944 163.03020868405224 119.63883373176564 138.63189278167346 150.053672464665 100.03794193637127 99.52711151460687 70.91665409033631 132.193900760951 0.0 148.05248431826692 58.52056439086378 82.09745230457845 2.2616749166434005 38.577876613653736
133.91315546005956 164.70370766723252 63.81635581190457 165.8153075666079 0.0 142.0630002909793 16.33293816663948 70.12502211128664 64.56446731408015 48.023400864117534 67.83761992321493 9.949269748006408 106.25027493345159 0.0 139.5156892244182 24.98445140138051 121.98638478447211 62.16791711890316 174.06661505568428 116.03105638897432 133.91315546005956 164.70370766723252
40.311475583908084 10.077549274551025 56.11383185747287 0.0 53.10861994571861 37.29218376775713 77.8968657520748 25.738797199238384 82.53919265544519 39.36753630574733 96.73723451910658 58.19798164973211 74.29523343579498 66.36091553438985 56.1223405031727 59.96979495643941 48.72926685313687 60.17108159555959 40.13514806663151 64.72896186654987 33.51894225340029 58.07642943797969 0.0 60.615658724818225 32.253017053779054 42.43800864310369 14.928104111407784 25.862458539883626 23.255372447520237 11.046966487362091 40.311475583908084 10.077549274551025
0.0 122.0870439079664 130.1947770885473 114.93783880156754 112.2900649511354 0.0 181.62268554167153 48.56133629202567 266.0840806521368 50.7460221160043 267.6223357985595 136.22207663393402 275.0372186461683 229.6353351127319 181.70125836564674 238.959052988196 138.17583792982313 169.0398208860903 51.8278863366168 197.56625187265468 0.0 122.0870439079664
176.30757598355927 130.93212754328772 207.7418484702352 191.41103398768772 129.73524317453519 140.64087334910175 111.83199848799768 185.45568574031304 62.621864404453675 201.3409117978022 82.83242001695783 136.08935547055285 11.818974658092031 115.2727998266432 0.0 49.045679006303416 59.73176994231471 20.10883401267789 112.08494250635647 0.0 139.12537988654884 73.59204343320226 239.73060184958484 15.871803425808324 211.0461838579303 96.10729421832583 176.30757598355927 130.93212754328772
317.1289661896873 55.60154065568216 279.72474099998476 119.46386891772887 204.666131416569 106.55646591742195 195.62797388748558 131.363230884698 138.7973374613756 197.84198777083128 67.01406433457574 163.87296018018475 0.0 79.83967090308845 75.60428425459962 10.867765689736132 157.14217144460042 7.172936765617479 205.58357498543185 0.0 265.5648644032227 2.6325605331058597 317.1289661896873 55.60154065568216
100.8114141354167 37.109097648037505 48.38417359256813 41.49361830066293 47.65576304005603 45.072364830483906 47.00609142787563 54.00671650453502 39.494520160867026 66.70682048059793 31.297260321923332 58.0364589111236 33.19669502135767 44.9842300130958 0.0 48.13605449867795 1.5619008405805914 31.09002602057714 21.716512023825416 24.835093103397625 21.076168917951577 4.299730108594602 37.76674662683054 0.0 51.02196406542055 8.759792396832381 70.29896611695966 5.279001756892214 41.857670288338 38.669174523305756 100.8114141354167 37.109097648037505
231.55930020664766 30.448302609928803 217.12198575325314 101.20752089380821 313.52129996884446 113.64052290061883 284.99622051948853 173.47369629744398 223.09312656691537 187.7039583578654 203.06064336478627 231.11364725539275 157.2572099974249 235.92808150067336 131.6926218340582 191.06494313004762 75.70258418061837 192.62372484119885 74.19362872014581 144.14213140806584 0.0 73.09554125618843 37.674243850800195 0.0 151.48088272251985 84.64927316248571 179.79627126763984 38.644441363235245 231.55930020664766 30.448302609928803
98.34491434657998 214.78198290273474 90.67192333702656 170.18010757287163 0.0 160.29227452980467 29.142925415200537 102.85733768123508 89.48485261049095 91.32802063486568 107.75739067454316 0.0 175.91694595903485 21.490951638580114 205.8116914473995 79.90965031394731 291.49786031916574 116.15356020845009 189.20722270253205 164.0756085947391 207.2320546720462 237.01076881875593 143.96865097106087 245.42173393762408 98.34491434657998 214.78198290273474
208.37479446831492 175.64602730868233 151.20561023135627 141.60867125478222 120.3833370614058 205.65303399184472 120.17257362165202 116.26017689568361 91.32964560890801 119.16277976782199 0.0 110.73345007630131 70.57907826932761 71.04639428429093 60.99133208498485 27.262439514818688 132.86579923870454 80.83996508092764 133.63640116700984 30.78105028878671 170.97043397542092 0.0 219.61616668171283 5.898587873709388 202.05832544595876 63.14440689705431 228.76226109378743 93.84725462238218 218.67815386328863 129.21661970619147 208.37479446831492 175.64602730868233
0.0 1.9652675762409828 50.26599522447915 0.0 62.333783075825686 45.17057471253195 118.63757273042546 34.64375917808864 69.67838669852833 59.470828503987924 79.36376345627318 101.29747879395643 48.46554308158375 83.93457137145583 8.103409302360141 88.09924987884835 5.414519484377593 50.16751854767141 0.0 1.9652675762409828
97.5361125620979 25.18776466837867 115.14252529539175 34.03744422765642 153.8241844905194 30.346871810474752 179.69890883274917 62.66553746486635 120.434336580299 77.0258672950217 147.86986796340454 147.88783961647582 98.09130236449265 143.66880314302608 80.64831239952396 95.52585751487419 8.14054917199401 117.81581855779913 7.3428489502820184 65.67447495313256 0.0 10.91488996121629 58.987253691068354 0.0 97.5361125620979 25.18776466837867
0.0 41.517944235334085 17.281452865116464 12.937482703678512 36.56219116545495 0.0 55.07898562057815 14.924297033356567 51.900213742146235 35.972178829350725 34.40742310222414 38.87842580800198 0.0 41.517944235334085
158.74171096283968 0.0 178.57097117054855 105.44620518942914 129.80274877721408 175.98214998584274 57.88159370084932 141.96473066067313 0.0 85.98278875845543 73.99852839674097 52.98431213731857 158.74171096283968 0.0
44.83934643423968 0.0 74.33323244466538 32.896002557407726 40.051847728511085 47.36848791280892 0.0 26.560609454229947 44.83934643423968 0.0
33.110637675594134 53.8583494541451 0.0 38.12102466439286 23.122470240048983 30.999855261654673 31.448810943002044 0.0 49.37333817134973 30.512108385061623 71.5059000616942 27.149967094837976 60.37956980045229 49.03659221471757 108.53392810217179 77.81544094355885 73.71311041634254 90.70760700068814 46.6493831081267 78.86832443380953 32.87694363946042 76.65388971232247 4.583631636840337 85.69371531183941 33.110637675594134 53.8583494541451
59.69605720063589 67.96170802288663 62.56581721807112 0.0 122.42674602621622 50.70844867728214 141.24807624344442 73.98598024298757 158.49031782282498 85.38057154119252 176.45197788353832 104.89634089566306 201.17904616660852 149.48247379406627 178.34375914155262 200.56952267080834 122.25856521030147 164.64999925421563 78.79539902302224 179.07871149195523 58.66172010513776 142.7446515881137 0.0 105.17311916288882 59.69605720063589 67.96170802288663
147.54497826424512 0.0 270.6343455826442 49.10196573536407 219.8340704331255 176.32403810414206 89.10156891546731 197.85024011081754 0.0 56.13124309020657 147.54497826424512 0.0
64.38008730226315 0.0 96.68713825898402 21.005651820338095 116.54777457415169 62.68042655391631 79.57585261854334 86.75363562676529 52.700370342361424 103.77064499203141 27.285862326041695 88.78069462279069 16.391944632190246 68.96349763948655 8.422592187714883 51.58626053492696 0.0 19.078850454296564 35.894109279668626 30.76293782419919 64.38008730226315 0.0
88.40587456451463 127.71816480017722 79.5141461887838 101.38545680325825 56.47903371047289 97.22957744079157 93.8596581190357 73.71702747975178 0.0 38.97867589031276 27.515423734707184 7.422284263132539 78.96090940389361 24.500927621326255 100.36677816338374 25.842439357624393 130.69555827628034 1.4446765324582316 176.5190060790736 0.0 161.00334788667513 50.61752023836405 222.53933581723038 81.93654748435574 175.1514927717185 114.84169700271863 167.04079705115623 161.644419354033 126.71262337560017 193.4845932958379 88.40587456451463 127.71816480017722
172.6203813524699 101.49382506819343 129.82346702713804 116.68028445815855 107.43198337635292 126.73469861243788 86.86364438418411 117.78831101641379 41.50421156187309 154.20724945591283 0.0 132.03315071395707 20.881562068067126 85.82781508366448 43.087965721295404 60.79432539428139 65.12557706352709 50.02365452787154 76.25494736095253 0.0 106.87697712964041 37.727016587686286 137.18010656575993 41.80430984245358 128.84569814818994 73.17958288383471 172.6203813524699 101.49382506819343
99.82814588418789 158.78677012363545 54.164131346662 161.39151347857472 70.2574874832753 93.63322949653663 80.57725175597878 73.39507016253476 0.0 38.23185299481186 70.85555567959793 35.99950504862076 80.77344679329063 5.288120730280866 109.44502385016104 13.513243067830722 144.7615112042746 0.0 143.18677436749581 42.018589672373494 175.35022014498367 56.920247157073916 219.45412073264248 101.27754585419375 153.33784087183395 111.2585693421491 131.89461297806912 132.06726865758947 99.82814588418789 158.78677012363545
14.073305039228813 81.20327730888128 0.0 22.185951331681842 99.8375183032279 65.63550856828427 109.98520291442527 62.84648246045083 127.5455612582782 39.4898747364931 192.83323393697395 0.0 178.75281706456366 59.105544322010914 213.19748834061272 92.49412060820593 189.34876109441967 126.02240474363857 140.8519236550643 121.29400674168211 134.46381062181916 197.97138521509663 102.57086294039668 127.89155499199519 75.94192737826381 129.3146737215459 15.066853152223132 126.00483693342348 14.073305039228813 81.20327730888128
88.20966933886871 91.33021092559838 68.03582582869646 108.8069823092041 39.740908309218945 100.6570898015847 16.309410061299502 86.35879154434278 33.58477486261548 58.81190853993133 0.0 22.428457333581356 32.46557106861888 4.377473593027581 66.01641682688546 0.0 97.08714731384521 12.620774905101129 107.46542470355004 43.990649783112495 114.23232379114103 74.45309524098721 88.20966933886871 91.33021092559838
15.377063442707922 61.14556451670599 39.20735905278054 46.746341054779435 66.5229705673018 32.718284213480764 170.17530664479094 0.0 195.35367271786023 91.98056337457079 139.52605049141553 167.99484094965123 61.110047009637434 174.137574113018 0.0 155.52752413789295 28.328035821027377 85.28292279579875 15.377063442707922 61.14556451670599
71.93936572966209 216.21311125066393 0.0 153.45138950018566 6.413009290334259 53.33590726777906 79.06580864007636 6.5152744992993945 158.5174899305759 0.0 213.0778122683804 48.84071600829491 237.88864642227293 108.15293429712298 221.39017431331084 183.5479587496643 143.6822910626587 152.52817583921103 71.93936572966209 216.21311125066393
62.144801820719195 45.98452234491013 0.0 41.97060276684874 48.79517012625756 0.0 81.72421845480805 3.647686888563584 109.62772602606123 43.36862696002494 62.144801820719195 45.98452234491013
74.66204174629856 120.3084848526478 146.8846488732016 0.0 217.12306644839725 100.69705871796853 344.06525025726864 189.26547581247917 219.8708631104144 273.36107088857557 145.32198445517534 331.2467418369867 80.65178269092254 259.12582821394597 28.24771808865286 226.4468441895158 0.0 153.9709002999325 74.66204174629856 120.3084848526478
175.73994360333745 64.1796105534275 227.0019211674316 5.739066388065297 396.8515494403067 0.0 267.9422866860291 105.02309829128451 250.51347376764602 178.94396774113312 168.7630941508786 298.6066824388177 96.61424708168268 179.4196278917654 127.02621524663944 88.27804711094547 0.0 14.074007446777067 146.86197588059898 31.56954152963703 175.73994360333745 64.1796105534275
143.2180505658772 70.85006060933293 57.84835233706136 94.1655707237469 0.0 58.147881792801954 41.429953987586316 16.0102469804432 91.65476790843417 0.0 143.2180505658772 70.85006060933293
0.0 37.857988226369784 36.72249094938772 10.02854873684253 84.22166765183113 23.050225915900512 104.22472782420934 18.21420163470806 135.93500096078833 0.0 170.35928778410906 14.219341327963221 130.32033480072067 59.558298988472686 154.02854132448553 77.83150445408901 125.31638278115521 84.78506479645331 121.66634841201045 108.50159702108145 100.55699152676036 134.66813592258796 59.2288738687676 147.8315135931847 15.928032915673697 132.14543590022942 9.145476563719342 83.23410439392937 0.0 37.857988226369784
6.51297226957675 209.7110258904162 100.46069904622081 124.62370229372372 0.0 83.60692977528984 2.812460811446897 11.48544934903228 80.41239718008791 4.215210707697125 135.3899608279589 81.65177496946178 181.0005223060135 0.0 197.89291971293147 53.57428977439392 287.61088760649363 58.64946034164824 192.92396176082656 120.2614701579085 217.85838094316279 157.48947886202072 225.72425358788018 225.1025367002058 166.51701938892103 217.8076685571053 123.41987383711782 218.72616113211404 65.63447748725058 233.31868711632976 6.51297226957675 209.7110258904162
73.78587322369536 155.86656971388697 37.68289672480944 126.15178024071761 0.0 70.55634733947008 11.31203610248744 7.809670422979536 102.05467837131786 31.02548976066599 138.2079141833075 26.09767877658048 174.0800092638801 21.35996848557741 237.65514399543588 0.0 219.16850926963565 75.00624137905146 255.2698124044977 102.90993694787028 292.3375095197581 159.13639182784124 258.3178355051881 206.5385259556798 228.22606931509273 268.0255681351144 151.9240696607543 156.24210839670525 128.0135253407805 180.9550355353137 64.08917853480575 216.66782418623524 73.78587322369536 155.86656971388697
154.81937940319568 210.5792544176577 53.17991194878908 139.55209393593117 0.0 41.80858153301416 106.60082812876445 16.49897849063742 189.76748323755524 0.0 245.6186512772758 105.88856914606286 154.81937940319568 210.5792544176577
34.80798310068654 16.546142342926828 59.80758976492817 0.0 66.64993916009539 20.47688561141821 71.8682008551135 38.22608959353413 63.50391304478342 55.601898757586824 47.90551199582646 63.29434688778872 33.79922424910984 60.1427684120368 30.4182659726807 40.92326181900877 5.733801276470061 60.20025364806558 5.841520994236674 44.01020559063484 15.363804197825516 34.06865494811967 0.0 9.306053053160852 24.661677761650722 18.77446074743125 34.80798310068654 16.546142342926828
284.432540430135 77.15034027802578 333.73521119599945 167.2746523316322 289.40020022785774 294.0348022312761 166.18636050729347 230.4675226506852 138.40460533339177 166.32708657235648 0.0 82.64338138577642 122.91235477184489 24.597627764546687 220.52988764186327 0.0 284.432540430135 77.15034027802578
37.38424297650694 117.43180553662586 34.39164048347868 82.02400273751746 42.321752929618484 62.08934895678016 0.0 28.38482298927346 36.63888043530456 15.724515198471245 67.17090351636773 39.42506028812649 78.4385074626494 34.195702054170425 130.23143381356175 0.0 109.72244727569957 47.80915042809045 139.53180147406744 72.59483343204421 143.44099143195422 115.64764331378538 103.37240903302971 133.40099826929548 66.44601399614804 138.69762192186676 37.38424297650694 117.43180553662586
17.88449902635986 39.58915295739687 0.0 10.628089610937359 37.96533036402677 29.617107270217325 41.28950886632788 0.0 55.68141250740655 19.43630994541089 62.87804249390423 28.6904669096866 92.1299026994494 22.065487230396677 87.94340517864671 41.30306630955243 109.19987970903117 61.984454326579844 93.65855930330835 80.03588965755407 69.61087423914064 82.25054995532409 55.02685310169929 92.40580102345072 41.41379349866061 77.95650437102253 27.11050142018385 76.98960237694871 15.029360506172992 67.63776406837741 11.536324852212147 52.75276542475833 17.88449902635986 39.58915295739687
14.153536594146956 36.781463188651195 7.278993200154247 0.0 42.21465205680494 14.625841516594427 64.24426707653522 21.33546660741606 93.41449029871384 47.54158769744438 68.83733451738058 79.43978536088622 32.22105768359074 90.49232593890369 0.0 70.78972965094454 14.153536594146956 36.781463188651195
208.7114357063656 63.28019332149361 170.41428581632263 127.05480142345895 102.03359790175541 150.65579682995536 47.02789452198866 104.93285677755183 0.0 23.155281036105173 96.36430740826334 0.0 154.1386481144924 10.751115273847262 208.7114357063656 63.28019332149361
4.515686321345299 174.47154669991403 0.0 129.67258409092608 9.02262142001507 93.76149738494425 9.404576280064816 53.010415310037345 29.663922957840157 15.162307393437302 71.61179453395698 0.0 109.75958184558358 33.14180757643254 169.06025814174623 8.197839683973541 210.95354567253543 45.875786223809 174.79912310300014 103.54895454978589 137.10611047320577 126.58210831052462 177.67282102848495 198.43574664264725 120.27174750229722 191.80066697336113 86.36570707532127 142.57518530742078 53.32343857287975 175.5299550888196 4.515686321345299 174.47154669991403
102.38771822423406 79.3391251631875 86.08572581460648 81.13040803255777 75.32903136630438 99.75212689730998 62.1723590751519 86.70884465787515 43.01154867756834 85.32948989028469 6.047552436406292 75.32625470584455 0.0 41.639400920517765 30.31630981513171 23.479597519389564 57.72784688415953 24.944403426204325 74.31211993512935 34.42923582080109 94.31497968396724 14.472136160399415 141.37174993966528 0.0 77.7353853993465 58.18087379686474 112.60113200837584 66.45834893570057 102.38771822423406 79.3391251631875
59.91274073507847 42.57378933628986 56.466819407547234 60.53484623193418 39.46444073846297 59.27425513534902 26.226079790667697 54.41708292621664 0.0 59.58637293836409 14.504905964353327 33.57419030580681 27.635250529035233 26.633199265408805 16.286379451906996 9.530526978747531 31.929702380078595 16.717324674555456 40.477212543748806 3.003314366353976 58.132858584143634 0.0 58.37002196756016 19.072889994047557 67.68873768314853 30.87126801398746 59.91274073507847 42.57378933628986
255.75179337467347 120.04662290313453 145.66121570926725 168.24419340344357 80.70856288930125 137.6627452396024 13.467561699075588 137.43431793983865 0.0 68.89625391324856 38.21890383415061 4.6719213042213426 106.68717227152698 8.586267855853464 215.35961888625963 0.0 255.75179337467347 120.04662290313453
135.35822804745737 58.37289946382757 74.9063931842693 124.03658822441355 0.0 83.57337618611638 8.225777588260371 0.0 63.48280912804725 38.63346149011932 135.35822804745737 58.37289946382757
185.19592004845538 268.02272171716015 114.60696244949298 282.7561792128754 98.53930418930662 205.84601781002917 56.653320232928564 164.3192112907342 0.0 95.12065411109508 125.17549628830886 91.10435383854102 118.47926115675227 10.930433080038767 181.7414997002823 0.0 182.5171688224067 136.03217305230348 270.7358159563692 64.62582129802558 348.1906985405809 95.0271064712123 275.69286820526736 154.89337406264855 223.21009642004324 166.2183219373987 193.42655399317397 157.34469271507575 185.19592004845538 268.02272171716015
125.0652977849678 56.60560532291099 210.86351865266016 0.0 138.3136866765733 140.16655265775938 231.26763622383578 151.43241432032508 258.2414462037086 226.8777493624131 176.4359075054698 240.36134728520582 117.5039134810392 165.3542742996246 102.03266564057681 189.01885596889983 0.0 255.57558279987043 23.98408669600566 174.45428274258484 13.281393742008717 128.49745450058754 67.76358391704676 110.76055527220763 74.20699945148749 43.937374037454745 125.0652977849678 56.60560532291099
260.63775650121903 184.81699199226927 151.68773204029694 174.57734571938616 141.41693328582417 204.4418012704769 110.27793919753671 233.54712713366172 99.73488732841665 171.4368324238188 44.63375891165995 190.78413241987244 0.0 158.87306002008762 80.42459979478684 130.79906387729753 48.221109469868765 81.24613890371766 61.409344975302986 12.413341154908096 126.05014270575133 0.0 157.05484771687557 73.74372958750217 232.78440389573268 64.86861883323334 178.88041340458236 132.48169070360996 260.63775650121903 184.81699199226927
68.3329677041396 0.0 91.6268179169778 19.919207048178826 112.19596375679556 40.74077634510501 103.12764655917418 69.75181322434523 82.21615330079499 93.27936797515957 52.962391905236004 86.34534117445259 51.78412248362882 56.788706258360385 0.0 36.97090392951335 36.229049595380076 10.070346595964544 68.3329677041396 0.0
74.34270269399613 28.520482963275917 85.47573108670676 54.97037849257085 72.65690096336425 82.39141412867662 44.32154049761847 76.91749753420495 23.795203267058824 78.25173769650715 0.0 62.88802627824277 10.897934742491145 37.10786188819902 19.949556426006666 0.0 54.128369440143004 10.897879767527854 74.34270269399613 28.520482963275917
53.9817307076606 12.71475070960092 123.7147871290316 90.4325018205724 164.51007449019033 0.0 195.19288240996218 46.18818330525295 234.83589512715406 90.24904927945626 201.5424778216955 138.1854411376604 154.59978049687837 157.09867854513845 111.26820783508589 178.8000116619623 57.25644252910223 168.28203393545851 73.75233095729249 103.96006885732245 0.0 53.46078879918219 53.9817307076606 12.71475070960092
138.7564218961113 153.2715790065202 0.0 0.0 229.36659617503403 43.56281091181991 250.493204617505 194.97047956139934 138.7564218961113 153.2715790065202
128.77127370410193 2.1410303264233264 154.3036548550544 27.696694045947687 120.68174246363664 55.05295340249766 133.12909289773165 93.7333515698322 100.77567064551131 100.94344190534858 75.66961437707441 69.77435434946426 50.39756347224257 86.43557734468251 21.11303614713561 76.42735946586006 0.0 43.93933337363867 15.585191639321259 10.749280107096148 53.08674914168891 7.752173352709335 73.84684289665013 0.0 93.76977169303883 6.714531886798241 128.77127370410193 2.1410303264233264
16.24335847193022 52.652713721836236 56.706252256643616 12.091257248171068 106.20282340924913 16.724689978708525 158.10170978056195 0.0 201.20054806165075 38.15699591279018 124.77045243756169 79.16975232458852 179.41193626055875 160.28827000569612 112.31753731148325 193.64624166500465 39.4814869145207 179.32620659179707 0.0 116.62597847383977 16.24335847193022 52.652713721836236
156.59774809991714 122.29578562223872 131.05150385816964 214.96946884644208 45.89907740037102 171.77800463397818 22.549752068536392 111.22702732215177 0.0 41.80215315626155 63.570381963005204 0.0 121.42596271510067 32.318540923982624 223.9146967930169 48.17969366426274 156.59774809991714 122.29578562223872
85.20270591979829 22.312322909452114 138.4321512186367 6.290258463366641 227.8269752854743 0.0 279.85729070794605 88.04227922327841 171.482373804172 121.43096599934206 122.74895788439686 209.14182371763798 82.00683960661542 122.51982106045809 0.0 67.00716961695129 85.20270591979829 22.312322909452114
0.0 28.182594567859255 37.02273305246749 9.362526200339744 102.02883385461124 0.0 81.0580369842788 73.86705608831868 25.13414402941119 63.862994493127516 0.0 28.182594567859255
140.9172434385053 48.85836398038954 172.81417844049187 70.1131239629764 286.2309317942278 65.84580198405038 183.694050504038 136.7222651801216 176.07912558895342 165.38931878451456 204.32174104893178 268.67924503689676 122.60027167739692 171.49839600344376 62.27861540110328 258.77785607979115 61.9681959321708 176.71768056221018 36.50747950312626 145.96501861884747 3.2493620453008987 90.67217516297339 0.0 0.0 102.55303116311768 59.688520523851 140.9172434385053 48.85836398038954
11.364747664333947 0.0 56.03259049729573 5.374353492719713 90.3964536935579 4.696151528573772 118.09124295804722 30.318204607091317 112.7052195043999 66.3774092881373 107.95190995737453 108.99003851560462 64.12460718025535 88.69445507027726 38.62698197407774 92.3414805549653 20.37459071196946 71.9587507040207 0.0 41.38819600307326 11.364747664333947 0.0
109.44403334715653 87.39761484680604 96.72859432600112 102.42817685562993 15.665143260732876 118.86861940049768 0.0 67.94586663904379 83.7413697443135 66.12738758678641 91.60328612597577 41.388481006512436 121.27702479556295 6.512173910188224 180.3157717299591 0.0 169.90542034905624 64.0824268282688 144.90148818703904 92.20334702759358 165.48035584180252 130.03570446431695 144.96697262415088 174.18542891891315 109.44403334715653 87.39761484680604
190.8527539597727 216.38044597794925 139.19059148035745 235.905786087151 145.6210527887545 147.38413523164553 0.0 188.04328808997496 91.58494268511781 109.59814567082093 8.683066814463956 37.364450241261466 77.90752554395272 0.0 152.35017586148211 27.68675418747408 185.69140163158636 43.22475527014822 204.13647053784268 65.48534771481042 316.76802883527625 4.391689771872976 217.70025081262202 100.05811130845221 358.77841929340167 143.97417157953402 248.34897267923574 156.41813392487973 242.300367904614 215.2851084180819 190.8527539597727 216.38044597794925
117.3779963504234 40.41268271765118 115.83629889951582 64.85814746614315 105.6532386107461 83.50410036377184 104.88769289457382 114.69663426939289 76.9051833604223 112.38207320571789 62.044442664364425 91.19197108697993 30.288692676958355 102.24888424589125 32.209713168975625 75.55329629181882 0.0 49.20946834386805 60.661656471439954 55.948791609480566 53.29651553001443 21.70186356789064 78.847364054348 0.0 99.20934597910174 25.553757701050017 117.3779963504234 40.41268271765118
0.0 59.719869467869835 135.0540785261847 0.0 258.94011980111713 64.21264156865804 183.14597317958356 182.95761462030134 89.87882382342752 157.9477805115812 0.0 59.719869467869835
31.425802754706666 7.18673909581986 61.78018302380511 0.28473410585402803 95.19163030404391 0.0 122.37101848056886 46.481347811176335 64.87554837337373 36.149404870953276 0.0 64.91816207394427 31.425802754706666 7.18673909581986
37.876004532020815 11.817535284646056 43.707552734206416 26.629104411489806 67.81674645185865 34.687082357889636 69.5050354321061 66.06245117066678 33.378313571126114 35.31377614168062 19.13988676708773 60.12675491063952 19.385898850713076 40.381913261760104 0.0 22.021124447507503 13.149173233260342 0.0 37.876004532020815 11.817535284646056
125.23451892865813 68.77705385891656 127.7539469842777 106.2960564486236 96.50836716022881 75.62699346277182 84.26612132904083 75.45413710123975 57.23328368509178 92.59193949291313 37.061322071313555 79.21914553846989 0.0 61.425584070039044 74.1761945128308 40.33454358065347 43.73727289941408 9.709802865875282 74.68358064335594 16.744781203134075 84.95052828547341 0.0 94.46752481322268 33.51179252926638 105.4099694940399 26.313720764473196 131.5398219687658 20.354634466852694 154.96511697999452 33.90075572902936 156.93712480749667 59.07206438812381 125.23451892865813 68.77705385891656
237.36327876366312 137.5916119052681 204.2747882471493 197.71971071168844 117.5586189400417 110.11596812557163 105.24537768594968 117.82531503053684 70.52439178719155 133.7858112668114 0.0 127.87636704219301 32.81062155016926 77.17459559697804 66.23727459629691 56.029011467610815 83.64371334891618 30.388411921307394 114.79616020703679 0.0 146.904168485205 25.45887353765451 171.23021230362488 50.60123687622279 218.15268936448945 76.52541557466725 237.36327876366312 137.5916119052681
260.12122267395785 0.0 254.572912195109 71.54105186124674 191.97044038158091 116.7657480611142 306.2487500642071 183.95370825735154 203.13676064666726 169.59015662643827 204.6975467373274 276.19738322555537 132.37755794819628 303.8883365819394 104.73316907381997 202.52827826290547 43.431339786241224 197.10186011350788 18.39574363000483 146.50101954393094 66.98524719753449 98.71608638650692 0.0 6.517893161383753 114.56846928556645 48.41708192612903 147.58161814529336 27.564156503745636 189.74225895297195 13.392762598425065 260.12122267395785 0.0
85.37261164533693 98.37832566324384 0.0 83.8824505929793 30.682171641986315 0.0 109.17918097350336 38.54647009277684 165.25445431685512 58.380742814933924 176.70862672116073 131.60079090341782 103.91489055633267 143.57515074668765 85.37261164533693 98.37832566324384
161.76923474770098 14.86186511582487 246.20203945303138 0.0 173.8272989090242 100.66697602170441 313.337318712582 154.94929571613483 260.79040691279204 230.22730549991599 153.32828715555084 179.27378895202884 110.80700676051539 200.5679278929901 5.005071184833952 246.93028965336276 76.28268207232833 129.45047201517548 0.0 78.02124669507863 48.36552223766273 26.907319082307495 134.30608271368112 112.10504629013506 161.76923474770098 14.86186511582487
77.75065038857144 58.02376033071812 51.51217982148009 62.01041153525972 20.366088669213525 63.59810587073258 0.0 32.820141325429205 39.50733665569946 21.67840923238579 47.51082039489084 0.0 69.6504595938347 9.705884510655935 72.09470765846942 30.67600115945649 77.75065038857144 58.02376033071812
190.01121463178907 74.4239763837701 176.85412864881266 138.2293882188193 110.498689288312 141.86306332348968 0.0 137.6086160548532 24.144973199844472 35.759042166866855 113.61249226414114 40.037511919445166 178.02014026546732 0.0 190.01121463178907 74.4239763837701
58.15299389891087 135.78306016853236 16.170235158994643 121.3897233718012 0.0 75.32831121611429 34.784561799401246 42.18332976083732 77.20288388081553 43.000225028935134 100.66606325690078 32.66071582938979 144.46430911359482 5.968963463856909 228.12645982960646 0.0 199.16246197085076 75.54124978867269 203.52234935368227 125.5408042330517 154.488868194144 146.73844006536547 120.56812334965724 161.11714679901195 83.19412840566903 169.56346024018404 58.15299389891087 135.78306016853236
29.35750991701677 0.0 52.666801043458264 13.713838356695774 31.13997386135371 32.06630113031348 0.0 34.12787547823686 14.05728677136841 7.08807678243258 29.35750991701677 0.0
14.018003835600275 12.486842059658215 48.06221323256941 0.0 65.08666944492671 26.27468140528316 76.42386820832917 61.79713934126197 38.581020317051276 54.253556953911385 0.0 51.91447151415622 14.018003835600275 12.486842059658215
25.226235492332677 2.1411240620105616 52.55507680815187 0.0 78.0589296440642 5.054156683921477 84.92819050454057 34.69636752500169 72.33724061233082 69.05043642010546 28.77988130978089 74.6396429248392 0.0 36.815390933171415 25.226235492332677 2.1411240620105616
35.59702851427355 77.55721452750778 31.91152066342135 39.26264554481498 87.43645984773114 80.06775557263123 102.709544147932 0.0 119.92226747043853 46.67990853816927 138.06140149900276 66.7087120922834 119.15074402413077 90.19487894006396 124.47189305214525 112.91484202912349 108.40085851991103 129.77990408035748 85.64427003085278 118.43768115143881 73.30670703799427 108.06891809115271 0.0 123.26422611707589 35.59702851427355 77.55721452750778
0.0 158.16504009354378 66.09041096043453 100.72266043867728 47.01853050262764 21.618995711516476 134.95785828008025 41.26743656704657 176.498801107124 0.0 233.50870673916864 12.325097971772422 312.8756841774821 26.268908773499504 272.4275954098689 110.93320444132289 298.71921992872797 162.89977640001368 250.20284610653633 198.83346552287713 205.78179971235835 216.62285502268514 164.51122707447735 219.4240264439209 153.40893712457452 159.03319597792012 71.04986641150347 196.96049089066318 0.0 158.16504009354378
153.57846544837804 41.84355064339866 231.4707487142095 29.68517322323852 222.71152576551833 105.2824389747581 244.32276605599458 165.7137712891369 171.6749117297237 182.19273177386188 138.94706030041942 229.19940105602012 77.23919275185833 240.179848099403 0.0 224.76091140309788 1.523452434062179 144.7947074211115 19.38473210891081 86.78020357434343 51.43960691932402 37.89714924396945 102.2436077814926 0.0 153.57846544837804 41.84355064339866
152.6758337450621 119.83900041120931 127.85580832356227 169.21494259554066 75.80803558810592 178.37260375284234 44.6565034637573 137.2767625249208 59.393053575084906 86.80098434155795 0.0 26.767151351710254 101.11633456064769 39.6519914531531 119.05511082960587 20.696963032345984 150.2054796893948 0.0 164.0928564536817 41.24362322133798 236.83824570315852 21.488692758660697 239.07340608547204 70.41449352567011 177.67547623083505 95.31954156724585 207.5194645272141 152.9858665678662 152.6758337450621 119.83900041120931
26.57447361495646 34.96381215959744 114.05721289238403 92.26689358090927 131.90451394571141 67.62631818880341 190.76162857822752 0.0 214.3687006502582 56.80338459111891 306.0965890791479 78.45375307689704 356.56081574920455 162.67988197730187 259.30843839460863 207.55390932830932 198.46682978533602 227.5378573916375 162.53949970596142 280.9832719134854 130.7572826121297 132.46707415272903 78.16533693870677 202.7636011486332 0.0 202.8989809790474 48.63481075218098 137.9832877917126 1.7252699599704044 86.78687144010786 26.57447361495646 34.96381215959744
144.9300924647375 0.08156397489956646 206.346442211967 16.729727580856697 218.677034913634 80.02991551264876 165.6571173046297 116.79747625630691 133.64694268272063 147.59628554633215 91.13227115866881 173.2545888898123 45.197813763743675 149.9436501235327 50.86488936491314 93.7269952211079 0.0 63.55052484244962 11.91830099330629 13.461538941840033 66.9685823837882 9.385998426775885 102.77544069354326 0.0 144.9300924647375 0.08156397489956646
0.0 245.77058164598256 61.3663234915974 120.54890684342665 58.82693674295277 68.30048963767143 83.43263754709807 0.15958204587761315 155.34551131304556 4.209561320931087 246.44932233624306 0.0 325.51366270395897 76.36912754127292 245.65041874621116 164.37340064366992 181.2536897964714 200.6636903449197 117.38480636417452 243.67339356349135 0.0 245.77058164598256
111.70444512365586 17.128782278989767 136.09712937432823 66.54656765913408 102.06084290760651 118.41703945601547 43.249742342914885 115.0480948246669 0.0 74.51269060852961 26.083125407535675 24.27919410346719 63.12609402652561 0.0 111.70444512365586 17.128782278989767
119.94550514783307 51.660442605065775 99.90581211586357 67.20868309112487 106.91691602343509 95.87457992409188 67.91707270366688 61.74687176290296 64.42122253618916 62.47810662421474 53.94724541859365 77.53869078411157 37.24053687162774 80.51028829974956 0.0 79.43084210143854 24.878190852619696 53.0740963857997 36.923539784640894 42.25559992171373 27.057742589763222 18.40570314287539 54.214132700265495 31.465319649912594 61.5668133849596 0.0 74.15410302844083 25.96128441252562 83.41429601602067 32.15059277537606 93.49009606692317 39.66325843423078 119.94550514783307 51.660442605065775
124.55077981543624 24.322107437310052 149.04180216351415 22.09102906546491 110.82318295088854 61.833171609142035 145.44729128749935 62.52528461098071 157.47647629726438 82.33316461196236 170.02179110845125 121.46390065154083 134.87069278178112 121.64887459082402 109.55046880480745 107.51275448687346 88.82447475106684 116.17619139136906 66.9316825587631 106.70883181688183 30.005877920991153 98.60901021618812 64.81892777398434 63.90125830555261 0.0 21.792061429203386 43.45573318866023 0.0 82.54749294508397 4.994904099988801 107.64228978004718 3.42558873488705 124.55077981543624 24.322107437310052
46.290057871732245 39.343595302878484 30.035438941462587 67.1335805902595 0.0 48.52509452154261 2.946257503382668 13.387711373168145 30.95636678556751 3.1003226234705608 59.00307587623652 0.0 67.28157212211354 27.51734431630149 46.290057871732245 39.343595302878484
220.84732983700627 47.25004479696533 230.71225604289785 146.07569310083804 135.58377099015254 119.2020120548759 0.0 143.6238911130435 65.86445835905047 27.45385357569257 150.42986754797687 0.0 220.84732983700627 47.25004479696533
78.45973162507134 29.29886909377936 134.94892175426543 0.0 86.06585401508963 58.86969443325239 75.62079178204462 67.92831100437226 104.38940548183263 91.13679180461834 100.90476625772942 118.49162262731369 75.48553905190566 128.97140211261305 50.19467663536656 125.64602130152275 33.410935457822205 105.94604161685012 25.227289720353156 88.58538128039818 6.398955194081623 73.02465772110754 0.0 47.92213271653719 20.936070060105564 31.094642226289096 43.46718447474744 25.83523275598847 61.9033014680123 43.31376260214219 78.45973162507134 29.29886909377936
93.2314901757326 24.313846167237088 53.65004576193542 55.89869137439733 15.939274905259367 50.0639455544016 0.0 0.0 46.72243709847682 11.337364625423064 93.2314901757326 24.313846167237088
270.39717257757104 0.0 266.3987126066156 110.93277240455184 271.9741323201659 158.31649937363886 228.10271479040668 190.74643151804202 308.18551033566564 289.5585991193985 212.5173614313248 260.94270162200985 171.79054701357035 291.74017518384915 139.47023516243726 247.29828923777623 0.0 302.5902971072346 18.450458045442986 203.0125953761248 44.10180881251884 135.57769289809556 125.78534861548496 130.2306528183843 128.5060318520401 55.27475660415652 184.43548201074196 51.933788505710794 270.39717257757104 0.0
58.98697767307228 48.64250990224433 46.400418620138815 43.938603735037205 37.86454026081554 65.22320901778357 25.019206133847 59.166142167295675 24.0188789526268 41.92713450467505 0.0 37.57716558388812 16.910658843283635 23.63949278132057 1.8998653948539328 0.0 33.446568218301856 15.428972682212958 38.58438471793287 3.57395670363627 47.594123116895126 10.122075919677613 51.91301999496347 17.61430490933367 74.51139506760416 14.107050316147081 55.385880337774346 29.061323805774407 64.15403333468501 38.9314933996402 58.98697767307228 48.64250990224433
68.96542842612361 161.80705260390204 0.0 126.61386446906532 16.063395941775752 57.36196402324474 61.44338010438652 22.39778675404399 116.13951154590114 0.0 190.33954979101094 31.185268580625475 106.64593643032046 86.28899653033604 117.51484900795587 130.18900060385306 68.96542842612361 161.80705260390204
25.380112192071337 9.925166414305707 36.354961032160304 0.0 48.178689235208964 14.147617000679105 65.5938139347904 6.607277223508206 66.07919987589145 22.424240799597356 79.59302374999075 41.01417591639789 67.70130269614691 62.34269044647448 45.51789747912977 71.79922563420303 33.4122146883482 44.27365395955452 26.659820826964065 34.547602963506634 0.0 20.28898920223081 25.380112192071337 9.925166414305707
145.84982349764576 16.46046817280414 163.79772317242652 45.29865381435536 140.43482592406366 76.88904037442099 152.75394685914588 112.11131582647089 121.93961007215373 125.95153937877957 92.75231357109517 128.25483246515336 69.81893083236372 118.17559838039308 64.00468674773572 87.29581475667436 31.773025576525093 98.96941988155224 41.77329104880391 74.24957576909436 0.0 52.68424216980378 46.777469758651335 46.06861327838645 29.37571366260766 0.0 63.37782864632419 7.847144097272121 85.63662100329478 14.824782054602807 107.09510092915244 18.331276374477326 145.84982349764576 16.46046817280414
0.0 9.697008872639202 25.738849724208805 0.0 38.83489860026364 17.116948528946978 18.354920996300024 33.13142026312558 0.0 9.697008872639202
135.32522355338688 201.84598035521026 71.68280230898078 195.27304714179726 0.0 128.76356984547158 84.20157651184866 84.85835817843089 122.52293527472048 6.033945764813012 204.13055832040158 0.0 233.3563005032942 96.0235413807039 267.0019621522556 133.55081519264917 309.9045400361895 195.9632289686083 232.18887857338575 222.3748866480607 203.57165837163967 271.011969893573 134.83947950095742 308.0966833994771 135.32522355338688 201.84598035521026
