100
236.12130189135894 66.66272211408854 297.2164059065987 123.04618716337102 209.6601479808785 158.69882653834526 185.78484225921528 198.1710363779721 144.77236269886714 279.5751108617485 82.5890686904404 234.65324801601702 88.95605142549579 149.82966201680313 37.3454162771406 131.21898033894522 0.0 72.87638034801338 93.8733024139811 72.91306320074992 97.95684887253583 0.0 135.52327084310286 113.04592094698138 199.7209602543838 26.186087892875292 236.12130189135894 66.66272211408854
75.56149995985754 20.98170314938597 141.84470372434322 0.0 189.8378693618396 49.06436525334624 296.28561533222717 153.10564040781986 168.0844024645788 216.53818391627638 43.65608717011466 210.56230222928176 0.0 90.22724975633406 75.56149995985754 20.98170314938597
59.51664669292049 93.91436194712153 47.23017381547615 98.41862029498346 13.329921349270535 113.23381044132395 22.37731030786327 79.81761673331373 7.5611505888305715 57.493561572596064 0.0 0.0 49.66812329857092 17.76019246268963 89.27042996621395 10.37448850796168 128.04995616828242 33.46257356208729 135.980678380759 79.74071789461317 90.22487311561787 101.55097104620992 59.51664669292049 93.91436194712153
0.0 83.1593672100289 23.065558708287163 28.951300728722998 54.70333039845884 29.686973290743623 131.57754628649707 0.0 94.99789568508066 67.22744861414617 60.403196362985234 117.6962598950121 0.0 83.1593672100289
0.0 23.547265760104693 62.39980893673926 11.684637425866242 110.80326737095027 0.0 92.48040393281522 44.90927392172782 77.37935739597617 62.905868999097564 23.44938960014747 91.70729093746188 0.0 23.547265760104693
99.87254077728066 98.10174876388855 55.18421696450255 91.40136648376408 40.46651756919255 57.05080749408067 17.231963149789806 82.6535674238862 0.0 67.66247894218608 4.559394632796057 44.45206435063835 30.82195613946415 44.69341334782122 34.37791977716988 0.0 50.64751724989584 37.59213308740115 79.81231366922589 33.6116846629338 89.53339521559585 58.22176363744815 99.87254077728066 98.10174876388855
38.90640956474705 7.045123431265523 67.40365967059725 1.125700882020766 141.9782255226807 0.0 72.29357841363242 41.73676641393635 60.05955288926698 38.89735222679995 20.219738094200004 81.63730755777516 0.0 31.87650776591994 38.90640956474705 7.045123431265523
74.96705127515958 199.38489555624184 0.0 91.63628241177703 109.52417069737217 0.0 230.76965947457097 49.730528724432475 291.552546028448 171.4248853039667 157.42741161436075 185.49532799879285 74.96705127515958 199.38489555624184
0.0 87.76907180530881 67.10565767371772 76.6307808422978 124.54603767911891 0.0 203.10083004872726 70.36350276063234 134.44407024914787 141.67610834083413 84.87394617433378 176.65064358370557 12.498188102511762 160.55028912413138 0.0 87.76907180530881
248.58719309674686 126.27155580736334 145.17150105262243 146.53028659858802 95.9001349547197 112.0399172434694 72.66074346163487 85.75096082559459 0.0 16.7214374034953 89.96135141416767 0.0 132.30723481929715 34.75722484211451 236.38822248367995 20.228401433812294 248.58719309674686 126.27155580736334
73.92432462877304 137.53550743558463 162.64592388171687 167.1073657489059 150.40221481314617 0.0 238.067729728764 17.676085996140216 288.7937567018661 82.50471944650013 234.3660014667678 180.0892514872911 379.88606839183876 208.66935467619714 243.78001782724667 232.28810393415023 244.52750137896345 284.51286015364326 200.21209411163787 274.94244562821086 161.29755641198687 289.9425579917408 136.1274651144584 257.46069357743744 122.90177511475693 228.72461487776948 0.0 192.670279944291 73.92432462877304 137.53550743558463
87.81954024760475 11.243203218146718 77.27958827548323 39.99476790302438 49.83613450863381 60.325623355073986 0.0 60.15547032787424 19.090349775861704 10.82671923170949 41.826405641525504 0.0 54.79439909749754 11.856008904503042 87.81954024760475 11.243203218146718
79.36243996255813 135.3980877468441 65.42832050257313 104.16907455149564 0.0 125.20305908527388 20.24056404147325 77.23340517799134 35.26879915058214 52.22686661537092 49.38699376072353 28.612878301048376 74.12703527135874 12.798503862390376 107.88694835859712 0.0 111.64793831280957 45.86899213920796 140.39201392665552 55.99612546093989 164.29809733106055 88.07540131204627 134.3224994806456 114.26132790446934 99.69085041758872 113.52305865053293 79.36243996255813 135.3980877468441
132.999284027079 31.186212139696366 30.861386195785144 104.91180737230533 0.0 0.0 56.04312226451947 14.541231771511178 132.999284027079 31.186212139696366
104.88559643311083 7.279860080142271 152.79864972335653 0.0 189.31528842202158 33.752741317288574 209.434264466319 86.38935876080276 179.44382930572647 128.83207745304742 152.3568841348192 192.65353822147125 97.17210157313674 145.3785871425934 35.91708284812697 159.62656776925115 0.0 106.6775156808098 11.170355283627273 42.894352717670856 76.21343687869117 32.124256856490206 104.88559643311083 7.279860080142271
0.0 0.0 42.687964049543126 2.868838201591842 74.89013331204922 18.90143871283317 72.63817348063588 63.256518017483145 33.900780337590774 43.931354948903746 11.860424651570042 39.80375705450926 0.0 0.0
17.169963322301243 89.34306651379497 0.0 34.208886455300714 50.81352885516581 0.0 106.97897214749253 1.7021665215686994 146.4282031849596 44.892876725230806 129.85658997196276 94.32655353796908 96.7014820236479 128.80575838138736 64.06706243023022 93.92539635122053 17.169963322301243 89.34306651379497
137.6933136796132 235.27629676158224 82.70938164946057 242.8178752046563 0.0 224.3767918538388 94.28749277528874 152.2619132399895 43.141860742499574 96.54106041101879 75.04037008554411 48.56446346497992 119.57264781654692 0.0 180.84232647205658 51.49613759621853 219.65646783591808 67.68828901578534 346.9092052203191 32.87362210995896 217.6887954407328 147.04012132577986 235.29345906162422 174.71519518806105 276.2040988779563 247.1880086321614 204.33529329898278 230.4184302094381 171.18664086310537 242.90103203609303 137.6933136796132 235.27629676158224
201.66068888397558 133.3384900518709 88.78375798492576 129.05517703581108 0.0 110.08202069447701 27.063319858140886 25.760343416384714 91.95212766020893 16.67299397566459 198.52830398519447 0.0 201.66068888397558 133.3384900518709
177.16062039053367 148.60290447631283 150.43480342583734 171.42244513819054 118.44056515523232 194.05753891295123 92.30831939607569 152.47541220396718 46.55886606049751 165.86551343843686 85.07422053303969 112.22828335216842 0.0 87.28855165975392 21.118181403746604 42.30651712209751 97.87109536326518 78.34775008784543 109.73653279282851 73.13535576417969 154.2556350058005 0.0 184.22102650015051 40.35972487820998 206.92618139954476 77.0484251918547 168.10184377669162 112.57358272633005 177.16062039053367 148.60290447631283
90.74622518548392 0.0 131.5712597047725 28.023670904933866 178.41640440795766 50.509531628941296 169.22907869767346 103.08926906213036 136.57563309025102 132.8405566117587 120.78018900210738 165.63162929201079 85.25012610014275 166.79253149166925 56.73264163176367 158.44003257584023 17.315945040794332 156.00169448404355 33.27272607015415 112.41429151756735 0.0 82.19512644448749 37.202688090358954 63.865929686506206 58.23089796758299 45.80112417252315 90.74622518548392 0.0
0.0 20.512094534864765 21.57522495970909 9.306594323551685 38.48086670439483 0.0 58.16132914329587 6.2901419580743365 73.12802279980791 14.02712126732282 108.33554446314321 15.33760089615307 93.54894326384732 44.32705165072792 59.54259608726113 49.08988086065782 64.92560433065447 63.66927486212034 58.6264612939176 86.08080768695828 40.266463788958646 84.19835980229064 49.558069641070404 44.38845352916706 41.11804104801598 48.23269112576646 18.14032869197436 44.22389362626537 0.0 20.512094534864765
7.31008428549859 0.0 31.761785812336512 11.716292741475144 59.35701108329624 24.120940828326383 31.799717541812782 46.4823953729188 0.0 34.050818645937355 7.31008428549859 0.0
228.0430688478628 191.89510843024448 176.14373237842858 216.25561811929714 121.79370500707786 188.16885456620707 84.63292709396653 196.82142182096095 48.914823907538675 180.7829021452609 0.7359210238285812 153.32744485341414 0.0 102.92261987279166 78.47022048635846 93.31790755310773 46.173250518683744 0.0 105.9969246600309 5.844457945216064 147.05993571321306 35.982193892404325 174.85409773987743 60.580672416792616 163.05909301767417 103.76689861084124 214.714396116996 133.33628226768445 228.0430688478628 191.89510843024448
89.85881662240642 33.38365968703848 116.90394005145266 0.0 156.77880584441854 12.507655396539505 229.92740400881277 7.32962293449269 181.21257529134468 77.41223841578244 243.15834571817314 127.72424632532494 173.7593713840402 142.21435065487407 139.3190482454077 150.6176105074844 100.16613828737616 182.11423550154677 71.08412380749687 148.9076022030903 36.5121531638392 123.39021607686718 46.83464767414564 81.32498215150937 0.0 10.014610713971635 89.85881662240642 33.38365968703848
70.83344991489219 136.3871819188973 18.513903792565117 105.58473302725649 0.0 28.629673582684 80.82300333100386 0.0 107.92915635584171 63.916865292212464 142.88312495720464 123.04700981060023 70.83344991489219 136.3871819188973
158.40260731056952 55.42742155745158 288.4896359088496 0.0 356.2500936962924 123.09458745576939 333.7348692630607 237.19718167477453 251.3983948315586 296.9397237269008 155.52394702856583 297.89678512296314 78.19510031639399 229.89329136714363 0.0 89.64175379835977 158.40260731056952 55.42742155745158
57.78461031481922 129.42278517741875 0.0 131.60709660093107 14.788133719314416 82.62790323005382 51.59627363250497 57.976722781076546 43.73881037740205 24.0541818908779 73.57186797952197 19.89579487299742 92.57302424552317 58.80529186769944 135.38031868859036 0.0 104.15382102101654 62.058814915027526 178.07012398795882 57.56326773916719 137.47472997227655 84.44186672943563 175.66471262849274 147.13915845908429 129.94671200430187 167.8780866806601 85.43714369988622 154.35284957657996 57.78461031481922 129.42278517741875
0.0 49.660418798516005 12.833422294476591 24.670468998657526 7.851674930438861 13.661767226306253 14.680059688151417 3.3693335248605507 26.078389891472995 0.0 32.833227313871646 13.97861193374601 43.769093960223074 8.553063449748052 50.28971856982484 15.625655259631756 70.94981996711296 32.752837120295354 47.21226487401631 37.58706535306429 37.82186950139533 51.407899200119985 26.693360017386652 33.89327309812039 0.0 49.660418798516005
22.81138298888601 157.7532419672075 0.0 119.54415821764735 70.49804896690914 72.76614728565004 23.284366182440166 46.078949745092984 39.79352849693965 22.411880583519405 60.431882618157346 0.0 93.1494378035449 6.5595324820675245 98.74832068737891 55.677331488794735 140.4944670463857 28.703245417087473 171.89420866856483 48.631707610468965 175.1528415861207 85.13071063835608 140.05999030041716 102.73908742868375 114.32867802702236 106.58402109111319 100.10145283798853 123.87149216448424 75.54036336519572 136.78795830476193 22.81138298888601 157.7532419672075
78.41699294637569 145.47855851001037 10.3940650917867 161.01796107394387 19.24326620884429 91.50863289599347 0.0 43.1017583819236 87.32041111809129 71.74951244426214 81.54875660858177 22.062565396688086 121.15054361044136 4.858110746604183 200.47365924775005 0.0 188.1459950716344 70.45226126093046 201.2796746075464 145.41856931565667 120.87511813579789 138.84975686790938 78.41699294637569 145.47855851001037
1.2378686028845465 68.65879282189373 0.0 23.1517811472649 45.17038312180807 0.0 91.63153169440116 42.875812916794345 36.71090625264799 54.377005054204204 1.2378686028845465 68.65879282189373
65.73439831241944 52.65369605256244 111.3310622503542 71.0430808768405 103.86192238880824 100.32615044407714 61.352316489861984 67.05877012161146 50.56567161955122 88.82888322929537 26.33833346134133 93.58898402718725 0.0 81.15508910842735 10.659335514232204 51.37686931673463 30.226767875625974 38.32894088637113 35.39268258250642 18.56889420070516 53.48735679755719 9.58566568507613 80.97959659340822 0.0 82.19673209044731 33.791399384639675 65.73439831241944 52.65369605256244
204.82810594253368 243.6444520421693 122.51577057101606 247.86390351610194 28.42841755147313 233.6373145931862 14.360437408867483 137.42196964536816 0.0 13.121835431721905 121.77665564144672 0.0 157.69027846722165 111.12931071217807 239.27872621244052 103.51745236303898 254.93309734797612 175.8222171311482 204.82810594253368 243.6444520421693
66.88721129797553 131.89703196311427 32.550418425786944 149.0434514478876 15.392391742024273 114.04688360659001 46.31692673571156 75.61205691041364 30.052868285063994 65.01490947587 0.0 25.883895275965735 40.62419932008021 28.965749361853945 61.634317718779016 29.35804820575263 94.67264696864073 0.0 117.31688486189452 23.13181881972055 136.17926874404793 50.91873550378524 182.24555351434913 94.10630150714177 107.26660071934367 103.21511726614683 73.83725098531049 90.50820601476099 66.88721129797553 131.89703196311427
51.82883499336529 61.80791868023934 0.0 81.10142946627333 21.75466670556503 42.458704923593615 31.88647601446175 23.052092409884963 51.132056839044736 21.084293681804382 67.71494006646711 0.0 81.04190554307522 21.111633644632988 87.86803580850979 36.65851125561916 123.87383440615005 63.18021249037555 89.49363357017131 77.99240524502768 62.96289876144429 63.657001317109305 51.82883499336529 61.80791868023934
81.13440402813343 138.58767428741086 0.0 77.99968811230484 83.19612313301029 0.0 156.24254499581951 77.74475796527058 81.13440402813343 138.58767428741086
104.97545830423951 157.61757856856033 49.433278469402865 124.42689308786805 0.0 38.18552777628957 113.35633360934516 0.0 210.02525075070974 96.38462699579995 104.97545830423951 157.61757856856033
0.0 78.070707637972 56.32988211369877 41.798806746843155 49.32966044710244 2.89932239182518 93.06293065272718 0.0 150.06519119974584 42.728349498668564 106.35270252621702 95.02343749715426 46.26998254833045 120.8792678370961 0.0 78.070707637972
67.53969653995406 0.39814307132736815 58.35817342500611 34.27788872072523 45.731112051826706 67.13469130526623 3.3941784923487788 57.330211254241206 0.0 12.514625124083707 32.872556637936235 0.0 67.53969653995406 0.39814307132736815
273.56216758625544 50.54440831060705 228.2980185080373 124.92350585991 201.10729140487544 182.2600389802425 145.42664588857934 228.16334646023728 84.39798093167244 187.8427697425955 56.04011887913326 144.5721340119308 0.0 103.28973857597813 30.318572632032954 43.691554085751754 82.05190987779955 10.497788308022706 134.30789614668885 10.680001927736399 207.0768297949394 0.0 273.56216758625544 50.54440831060705
24.71272340065876 8.95011561389866 33.831427614297 7.989152053073354 48.278722754485074 9.730151731414011 55.042787376325464 23.53216887645239 41.37888059844566 32.76607894418136 37.7940811106164 49.4337586629527 23.626798651224533 33.77525432842664 11.988590679143599 37.07142504256011 6.558483713215608 27.33849519313391 0.0 13.475840239773817 7.842511481592695 0.0 24.71272340065876 8.95011561389866
0.0 19.76046235054956 37.967017737370725 0.0 57.81884012132025 28.504688331027936 93.56054646620677 31.39830212281676 78.00188943554943 61.99310172311435 51.83047710821687 40.751840235290175 4.821386788259133 68.44033709620896 0.0 19.76046235054956
24.04064226439567 66.75955922371453 0.0 0.0 65.05395155318088 13.718175260326547 88.7768547525833 51.3501823590955 101.29687324190184 64.28694305627839 177.2608741081703 82.29416707907232 140.8716711824033 122.14442657565799 90.24814554476046 110.23412618147226 65.26945091257141 165.25814777617325 54.58531401382672 107.34734488610268 12.655165348549701 101.77956311203975 24.04064226439567 66.75955922371453
110.82191204025722 18.99459005617014 149.37121713226105 19.438938939374424 188.27592794671983 0.0 211.19300684709418 39.57832047417676 334.5490682949784 3.2700277314045394 290.48554077590677 91.11271932482914 310.77201382680096 147.53302895611807 298.5957401172824 211.683411188881 262.4334437507862 275.85830634022693 173.26586378667528 179.42944234330042 130.3659742486268 241.82362740113342 82.96826558204475 216.32983580506829 76.96973452734568 160.23021106134138 20.217004296015688 128.95708387111864 0.0 68.01255308922124 119.72907409142715 77.93445199684153 110.82191204025722 18.99459005617014
46.856595198211934 76.68097365910376 0.0 73.38330464598832 0.017867766576301847 28.685580914767243 53.996059907305394 42.913278761483554 77.01342510040098 0.0 115.10994222244634 18.454626232296995 148.2435696029895 63.33188330616949 102.86924833771019 98.94057029922934 65.77171351591124 115.65096875616817 46.856595198211934 76.68097365910376
81.89642614206898 63.536434397068646 42.65258268414486 62.05488672310169 15.171490759752857 65.8298913991563 0.0 41.96936521490464 3.9096725270664194 19.31156910474158 14.946700095430614 0.0 36.52147898744161 3.8230015669051056 50.11435104594591 12.047058404452528 62.90054891802984 25.60363670478128 81.89642614206898 63.536434397068646
52.457069665520194 57.899525656538465 89.28160280931043 0.0 148.34852179183366 31.987574527354568 210.28642327815555 81.07540104701906 149.00992437770847 134.7286743933364 99.41822725137638 108.02134302915077 53.95430965552383 146.41525188947702 0.0 104.22259844795963 52.457069665520194 57.899525656538465
105.2609536497109 115.21721183630603 118.73105299447931 36.59638096839477 204.19281288217064 0.0 209.01057925482047 101.35888430230756 206.96942480915772 152.4763020595615 169.18841185725006 178.3743078696718 140.0758617339527 188.61879807466894 122.08636469058398 165.58949351775382 19.970440256048335 200.56763545546795 0.0 121.99539933003602 105.2609536497109 115.21721183630603
91.3357059170221 72.94228068056717 15.998534196011036 72.28044172666057 0.0 6.084922785852783 51.0330105736211 0.0 62.48772044284715 17.451832488764182 91.3357059170221 72.94228068056717
220.86450742253993 180.0276597499132 86.68189288825141 232.65017172791988 0.0 99.65837927237182 108.670604406477 28.239678082477624 196.61258238221075 0.0 292.3304479670262 79.0266946738653 220.86450742253993 180.0276597499132
41.272689934433345 195.16756509221366 0.0 149.04357615616112 44.46494979993133 104.5102799858883 60.166500680214085 41.67152601169863 125.34194635110515 0.0 150.21864253506664 99.31267415644533 270.7171723069728 99.97195731538305 212.49118412239991 179.9104720630956 208.33040019909734 261.18214021748645 125.12730450613681 247.81388165914174 61.48037206443826 259.3595609437124 41.272689934433345 195.16756509221366
26.2446120648804 0.0 47.223022801228325 3.544171384073124 59.97951599531817 21.267459986718436 54.45307582697565 39.41884122467124 42.03776300845614 51.03772703212701 26.889248157966932 57.141446871368004 23.156445103965183 37.90276272205445 0.0 30.627197911036177 0.15510556021025934 3.4433773472165683 26.2446120648804 0.0
11.131965801472369 95.06670940738104 0.0 33.10136832356727 38.45364044361738 0.0 113.7912266284936 14.32465134488217 77.07666530044443 87.89128408579529 11.131965801472369 95.06670940738104
42.4665498471162 0.0 107.46033141080048 53.16364647407746 131.92145295975794 101.91511561565494 88.39241109260956 129.17826020050143 60.56492873802799 105.91570560015809 0.0 75.63337644598357 42.4665498471162 0.0
0.0 179.9915822744249 19.39981924927747 111.0432626030014 128.94976412089483 106.84215921894327 91.71881505110369 0.0 175.41465844605767 84.11188441066166 204.6805599606344 70.2184843062049 284.82343683828407 4.997670348274028 250.46360645500488 108.88046900351434 340.40729440571164 120.72371072894406 297.55944800525134 174.08938556023838 313.1624304210599 239.3851373479089 253.38065897846369 254.63451179288222 199.2117638807306 209.98047658352118 162.41087564027802 263.2022529570081 134.1083881548642 228.17970442336463 161.14246023360073 166.45962973772495 0.0 179.9915822744249
0.0 10.644457898843918 82.95706238450384 0.0 142.5365258158384 7.832729183132059 172.41070033246632 64.98583786751776 151.99498800932395 141.88676360082366 83.14870403389556 110.82898829915689 2.1505163725901753 100.46525047256486 0.0 10.644457898843918
6.0007521913942625 32.393205110061174 27.12886702461268 19.84302179234622 57.08845501296825 0.0 90.7688249388662 31.63039398133806 81.00949490973497 78.01193564171597 36.615055705709445 87.99866262693844 0.0 66.52700435856123 6.0007521913942625 32.393205110061174
73.61332232619401 197.89183707933526 0.0 119.39326239438105 52.280251733734275 22.464684431957906 153.39824469721253 0.0 231.96456171613437 77.04028777073975 184.2647718161158 184.66227379896546 73.61332232619401 197.89183707933526
103.07749805924269 55.51189506909213 63.018223618083816 88.00883351134789 0.0 67.67354630537693 28.78282220230293 0.0 90.14741827680913 0.7836417562891143 103.07749805924269 55.51189506909213
62.73580781485842 47.033508302122854 124.05128358072483 96.461829255696 160.6714450103494 0.0 199.05084108551415 48.05835110742744 135.61386654570146 123.4918381284647 250.9124342806337 143.72348517852018 185.59760189837797 163.724426529274 180.33459361789855 216.62770293347663 132.58399581761685 184.55930208334314 89.47534877787496 207.41397654620235 55.27763280116292 176.37746784879488 0.0 140.32079937457092 29.002104125568707 85.99908381399251 62.73580781485842 47.033508302122854
3.3377480257177012 130.07317783204024 7.871887261986046 95.70607173585606 0.0 71.07327731225018 1.9861936117994787 40.32479814989884 32.93539843084031 31.51927697695067 56.348607286027416 19.56303719150042 70.57153903558562 58.43814636214687 132.1745320378301 0.0 112.56997284860819 57.894900035518376 145.84053961141254 77.4888661197713 92.183859351866 91.94952040481897 90.4121171490691 107.35556662591054 80.80662476570996 127.2242838789981 60.09362792479948 127.01223712425151 32.756855880316266 140.53657586161387 3.3377480257177012 130.07317783204024
16.253059803493528 106.31328496258266 0.0 30.34780169559773 77.07158840477013 8.173237685835389 128.6630446317298 0.0 158.31754662295043 37.57921309530492 240.99372307767368 45.414920644143336 157.1801176150265 92.77529265905441 126.23577519944253 84.07105023679635 115.59868804349856 168.31609730446678 74.4711592163537 139.05217692687538 16.253059803493528 106.31328496258266
30.506407847683988 0.2073252520787605 59.800880339539304 0.0 52.47909405967357 28.612151484693626 40.902885062826485 48.506225176340266 10.12772522114713 45.27384801415698 0.0 11.127528917869526 30.506407847683988 0.2073252520787605
69.73374072399946 165.08405263673782 5.103711120312852 128.0542882477282 0.0 57.189965109582324 86.00949157476005 45.29431532208592 131.6416122252807 47.79289292158903 179.1077104927096 0.0 219.27073511336593 38.581249756827845 228.60584470612568 89.25706786379516 189.746260945594 125.06477941688189 261.2131616767007 202.07134763452652 198.34715956258046 226.579027937174 142.2949870470594 204.47112806679687 105.76856218007293 186.8489725937368 69.73374072399946 165.08405263673782
159.02474386100084 146.87247264715074 92.11348867931991 133.61097238608988 37.57700308113878 209.0465630736726 0.0 138.35824612732796 44.03306704826592 89.15411134616697 4.386857543514964 0.0 79.94220283098213 82.57719656814662 154.58844192097786 10.658313509541529 219.78108298109714 74.23407862342243 159.02474386100084 146.87247264715074
145.628050900458 68.18002963607093 155.23685007331062 98.42231163041747 129.33692508185368 116.2941164293016 103.06848683169079 124.28158946158052 64.4095261589882 151.1580939097655 66.90775452383875 94.95302860303482 0.0 80.00495861525525 43.312368636000144 47.22492099605034 48.57771418103525 0.0 93.84290236622505 9.916078181893567 119.44335001574191 27.018499224171094 141.0514733682146 42.592870850013696 145.628050900458 68.18002963607093
161.25794642953565 114.56082937445291 243.16892838560477 137.6675684260581 205.11365833759373 175.36281188446858 142.3747806625413 161.90494062508657 142.9451612307455 223.0644808136464 102.81260865405747 222.48819466983247 63.49389328858922 214.86412473070314 25.77288185234903 194.20545379677932 36.95596638710009 146.5891900993774 0.0 104.03570721284004 57.071536512505816 87.47792913233364 52.48787716430289 14.924557383480817 113.88239077503101 89.60309966030931 165.84918407943334 0.0 175.27750678894893 74.19830059409281 161.25794642953565 114.56082937445291
196.35121140242774 0.0 145.30498706623104 194.19331486883016 0.0 136.48604667460864 47.64139197786551 36.21108692410929 196.35121140242774 0.0
187.54628495139133 115.15040051987444 90.2348570135225 174.24013514304085 0.0 159.43100805894733 31.086190002532362 85.18294690870123 106.25373739820655 0.0 187.54628495139133 115.15040051987444
188.35414602446647 0.0 153.93990508082453 133.68542233295452 43.427137240709015 107.66149570832863 0.0 31.479270818301543 74.4738883107102 12.480716773983602 188.35414602446647 0.0
48.277408967703536 152.06155630570203 3.969553354796467 150.11641112520482 0.0 108.03117563931757 25.624864643721054 81.49634191074891 39.075893921646596 63.58871714419112 46.79913453809198 0.0 96.58256357658978 9.084442340602408 164.20300657061046 8.279694232052478 171.85922011850505 73.73872015642114 145.04056535795922 121.80193577196818 98.14217927188473 130.18133556687258 81.11619785671174 168.77286662962183 48.277408967703536 152.06155630570203
25.973715004582807 48.07020998499647 28.437226691174025 32.18330843870538 33.175242637404885 9.131011113640746 55.72722093509031 20.157590621442267 80.97614942914663 0.0 107.49748669478791 14.605258383568128 114.37640645213622 44.50537196588685 92.86305535615153 66.35625093836227 69.16270768028846 67.04040013163669 57.98958385341263 64.65025984404984 47.90990258999128 64.93330003874408 0.0 80.38983922822484 25.973715004582807 48.07020998499647
58.704843541220235 0.0 71.35406928492984 13.994461157431772 94.18227546977226 14.46903923396519 103.80500462102341 34.893721238753955 105.94698467526237 66.05200452736892 72.57362793067105 65.43672231344948 44.83924259345469 103.81419689815041 25.873881682562406 66.00433477212772 0.0 43.92008725052921 8.634101377176364 13.113965248685972 49.2127636895193 18.265628594355107 58.704843541220235 0.0
97.27315643367074 0.0 129.62405860059528 19.48444782461567 142.8192228297147 50.79336337590007 186.29177391982455 77.14123920395797 157.60403661729578 114.27534631533732 97.71921768878063 99.37060134397169 96.165788545772 131.65404533742384 79.05833112199306 105.45015837221504 55.62480409251789 120.28643295374599 4.048027994250276 128.04313063025435 0.0 90.62197895100476 27.20487145948156 61.71573645000082 48.75934603272772 46.153139703685795 78.62225269875661 68.6215858786117 97.27315643367074 0.0
39.228399626059556 10.85553335560276 60.14027160266575 26.675146726918662 92.9754939545962 0.0 106.45453885021175 29.372458391788378 105.91437330641838 55.01220091522256 80.40318432737172 67.37956092535507 67.681023948278 72.82685968248657 53.46692520457415 98.39076011951744 46.527499355250285 68.61617753658078 0.0 79.63174524111824 13.943181901697102 48.631750542488255 57.82150101317259 51.95060088274602 39.228399626059556 10.85553335560276
71.22978530275566 145.5410618045167 0.0 38.410827251773256 127.61605896372123 0.0 159.93145159605763 98.18662601343625 71.22978530275566 145.5410618045167
108.0138275455271 150.81342548668087 50.15632755328234 184.87257154844846 68.02472892261837 125.69262209839115 0.0 105.04486428864192 25.768412040562225 60.82445582881465 45.33702978699813 22.951409429069273 110.82929320267961 71.98968362425916 123.90416948273602 0.0 161.40646798463933 14.577275103865787 200.04060851217173 29.116411755441888 162.97677754087317 85.71376085754882 130.081324416849 99.14373730894148 208.791629167295 153.3345537214646 164.6041045503987 162.20227791889653 139.20897710839026 198.10094419658267 108.0138275455271 150.81342548668087
195.3789226013027 99.22796420667495 241.65433675362095 175.93425801061994 167.65752619858657 201.1368599464929 108.10514645700268 199.24305194067642 32.420568957338304 195.38525505477264 0.0 122.39767316811445 114.5447944813539 102.31790182663585 74.23417138455338 0.0 140.89512934244414 28.05373412197254 211.97225529654935 28.82446612939168 195.3789226013027 99.22796420667495
115.77919513583566 28.615308232254847 178.99607791739984 51.236200889790126 208.80404538792627 131.82990872991067 149.18016556040612 196.31010582311987 63.793395226352516 191.93486661865754 0.0 146.42097410473977 45.57957717509003 80.10197403027766 45.83522049666973 0.0 115.77919513583566 28.615308232254847
68.75921704935494 63.92381144380065 55.72223621670385 64.56788285313814 19.87815183608228 90.33449059811838 0.0 59.71497623282385 21.59836940440968 30.4109177606908 47.341118769273436 28.972790799611765 59.59738020227242 3.5592190180339145 95.25004677442503 0.0 94.74903383421483 34.78098464073398 95.43091677425673 59.394458729470124 68.75921704935494 63.92381144380065
14.361738297446422 38.67823076152527 15.105182045091155 28.4483223990252 0.0 14.239706252972326 16.00920424906441 7.200627768700386 27.44187939939178 5.047850645834018 36.614119097765055 0.0 42.95900493020697 13.386672306121625 52.68157470446677 12.295143629732692 54.763517565384575 20.521665550588565 60.22353770320724 29.2047497882308 55.83993495562211 37.59296238610456 56.2520291998177 54.00800936978776 40.402067635285235 46.40233688559262 29.157347693043818 58.517689330967315 15.557106760497987 54.58780765050881 14.361738297446422 38.67823076152527
91.34081769596888 0.0 133.1745205222157 15.229924992815285 129.47989750612783 63.90028073666639 84.88121208597614 86.18690069212303 112.19396103094833 122.88728690056762 76.29632377820045 116.09779536913366 59.43189698176076 106.95062869492055 35.7605848044343 119.74451487565831 8.51063193373301 111.02319859793484 9.636959888296843 81.49152458737446 0.0 50.567229854337214 30.65249771813609 37.961332934227244 59.990770400527225 67.24067516188661 91.34081769596888 0.0
56.04640525589582 38.46721102441279 89.48936402204065 0.0 108.29712593633525 46.496910522753325 154.33615737664485 87.53449860665378 94.8296200892625 101.10292395135144 53.968838386442386 146.29230445905372 18.970576354531346 102.92835028928681 0.0 50.945900837162625 56.04640525589582 38.46721102441279
69.84113061577801 98.06181869714985 93.747167943831 95.21473489178757 109.46368916997797 71.3637739198173 163.19438803894795 0.0 165.24304679519008 79.73282652555852 251.227052292946 78.29852819732699 247.07623590505693 137.3242329967947 201.38574565661918 174.97300807303324 165.46381049808028 192.50602422263893 143.9027859225552 236.64786821935837 110.04605624852258 160.72557912610483 45.429830400833 242.37754473816264 62.41446506621915 166.91915926925512 20.773151361467598 145.81760961825313 0.0 101.84373575454326 69.84113061577801 98.06181869714985
25.938992165315994 12.340555295107578 81.15424089089686 19.130686231545596 31.546339581985535 48.84696744672809 6.312392880188298 30.858995095153915 0.0 0.0 25.938992165315994 12.340555295107578
1.8415882599703792 132.6089711152752 0.0 82.55659227825669 22.752007851250212 43.30927424155022 92.3023279658398 55.583695836984205 107.0727949203211 50.418451728625385 120.07472474186964 3.880448548700116 154.8082410009607 0.0 155.00614837262705 47.696653164183076 211.7340529772301 42.54994872501037 176.2195238940926 81.21258359471929 228.88118754838533 123.2048400590188 200.2424591410431 158.85101511644842 148.2353040799902 146.23463849632012 121.93631158931143 141.56404302078354 109.81450967007824 112.81406608736557 104.12163193727585 100.98266630039369 1.8415882599703792 132.6089711152752
50.76388187730265 34.487402085100975 73.92197198475733 49.61479223860486 82.34126091342212 65.53545821756552 192.34050627818047 0.0 139.42453359292992 73.66823631109916 129.52574798109555 104.30206740342913 98.59841071323208 112.70779397909048 86.195595098989 146.23358976535906 50.56245320513848 157.01385162815416 31.947071684990277 123.95084462694773 27.414895709347093 96.54489490818541 35.22763863598851 75.37133463807922 0.0 27.537465041672313 50.76388187730265 34.487402085100975
42.33440110235283 11.418357985460858 60.709648106051304 0.0 69.83763966389695 21.05977798714129 100.74045183785759 27.29689825821353 71.38822804223261 46.90138749589926 81.80502117270173 68.36671312705866 71.38455349662968 89.90331172836754 47.54284443485622 64.7369693950739 30.36670260059057 73.84081765365981 15.23555438559302 63.37336778516999 0.0 46.950858302902716 6.215838079513674 23.932237819840324 24.32491237309206 11.452100306020995 42.33440110235283 11.418357985460858
172.91882799147632 206.67078193644 133.91115191936657 238.35883174043119 110.24821641523404 122.35396623246668 39.818859379082966 205.0603972388452 36.102103047876 153.99443766380426 0.0 122.66378635203405 17.717755032070443 82.13452080987297 60.99650477775003 67.90226279297715 93.6520287590695 72.42359894051049 112.85908526490095 84.32629002526052 169.5636037708666 0.0 201.69668943522117 42.324054043640075 240.74932072399952 82.16311995719965 130.13525449821583 118.54078652669502 183.4434852411942 162.8235100794185 172.91882799147632 206.67078193644
73.63776735844482 38.291611925754765 91.41504165689355 67.49814239860244 66.77877978323244 87.33366896440997 34.788282503739765 97.5709389587902 0.0 86.46700691716926 23.593368784235125 43.31667185773048 21.294785937320015 30.364786182893795 11.813914353559525 0.10315479626773794 39.7001625849216 0.0 50.91812407851437 23.72656215766129 98.63524150392072 4.260173509062369 73.63776735844482 38.291611925754765
32.64323465402239 24.15965479049828 45.279910944262554 5.278649059825874 69.26522041001508 0.0 95.77545652489718 2.0055201177217725 117.36210824083554 22.314832836222905 120.33505976698231 53.36426171918198 97.89456451121907 72.14619111125097 73.51089569500711 68.38066924146821 51.33074758487349 88.5086219834808 42.17468954994888 61.50784838571849 0.0 47.43162153699912 32.64323465402239 24.15965479049828
73.5931574306144 64.37132275698785 39.84776172505987 45.7690820250976 0.0 36.78392506336478 16.510103375870187 0.0 49.82457636609102 6.997152961965625 72.16807639871287 1.7183698040458495 92.98554191206493 28.87180088619607 73.5931574306144 64.37132275698785
47.784907979383206 48.565784495241815 22.505797664763648 76.66071283626819 0.0 52.29407726807598 7.06706987876413 23.854612122589742 1.6810391276891892 0.08483304096209565 29.584942007140853 5.5463982346459915 41.16605505826405 0.0 51.40902582300377 8.18508360770194 83.34380336694471 17.298911706012532 79.21776931286618 47.11936248459192 47.784907979383206 48.565784495241815
126.16330650359988 93.65008819148352 233.0009995774073 0.0 199.06184861389724 119.99628457045914 307.9547755660683 205.25306439844178 179.6326515485008 224.23677608103657 119.08987746958933 268.1920424755421 10.22070397421247 288.1434509479268 34.650814318534444 165.21259338238738 0.0 95.42255852247746 50.355505669659195 29.457430305009296 126.16330650359988 93.65008819148352
180.4022485926148 203.2516792510621 124.2546025891242 223.2869771828593 25.256872083735658 258.07374363227666 3.266718609234502 162.48244168226694 0.0 80.70510677142921 43.461040845353736 1.8032414046253251 128.3513615845523 10.8129284703368 217.20391102277927 0.0 268.86112001769885 79.33228449382408 285.88559254674936 179.61559250500028 180.4022485926148 203.2516792510621
16.095529712797244 39.08122793276462 0.0 22.063832351643796 10.904344007993728 0.0 42.98380354183628 15.105060521546761 16.095529712797244 39.08122793276462
49.955695112784426 98.57121240616429 0.0 0.0 146.2244417432513 0.4924617041141204 106.97266105024501 104.90353969016748 49.955695112784426 98.57121240616429
119.38542757567356 69.58281360331439 98.50787621160092 65.01207259401535 91.51977298920028 108.75033084586845 79.08094982843568 62.01643616808133 31.81002296321904 104.32795509239675 28.915525247606723 69.92455484261579 0.0 46.36210775818651 54.21661842126602 29.959020285376084 42.227034069943954 2.6721128799371456 66.71054821184146 0.0 85.32638735756677 23.523284927469476 96.61422658515662 9.557559175554516 103.88535636224454 20.251558427655937 149.19652862069447 10.396315156370079 131.38218835731539 37.32432913807435 94.82197434885708 42.95332921645512 119.38542757567356 69.58281360331439
30.388143002488192 0.0 57.628932456072846 11.401769683619762 44.250555060503615 34.72137523106794 28.992084526754695 43.49460727471643 7.147536644222342 36.59533681143445 0.0 5.341371444852214 30.388143002488192 0.0
