100
24.32138332442031 55.46686266005068 39.04009344746703 33.07148047858644 50.88051434563255 7.139442836352437 78.90436899321723 0.0 106.3653817444999 5.155081889254973 137.23732560256522 9.642885327327214 149.85239478647122 38.86118128787416 115.39894522636212 66.54052893393363 149.78694885429294 91.08924093560171 114.8966417824394 93.77230349165362 119.96424349570643 145.00449485110795 86.6860515979261 129.7724485670924 52.97721660427854 137.42336611798362 38.730505985079844 106.62605061282233 0.0 89.78413318025532 24.32138332442031 55.46686266005068
159.29928926791143 146.9429402949791 100.4306359057738 120.79247546913943 36.105484674474965 105.18719968496984 0.0 0.0 110.31817273338343 16.058351788894377 197.9806917790554 5.261935948005814 229.1781868898097 95.21069293315013 159.29928926791143 146.9429402949791
51.25704672718368 0.0 112.06024449451107 11.786360178191437 126.31684497896687 72.82135450551505 104.71103502055428 124.47308946435516 55.76620963133702 107.36862126560939 26.203784073813466 89.67326463507382 0.0 39.26089183854825 51.25704672718368 0.0
13.194798521220093 67.16112461240469 8.737381318412872 0.0 75.71540093320864 29.154982979754337 102.68769919015544 42.990790373386204 194.90524956547432 51.53271486754488 134.7566462728406 107.88985453586011 113.24861759828109 161.46314931443024 43.902830795912905 179.42087740219623 0.0 123.01868738435988 13.194798521220093 67.16112461240469
187.49651341619295 64.87206230581575 106.3881600634883 88.44160775109933 44.132096800199434 112.41488485951612 0.0 0.0 116.7026288598398 11.529761439473937 187.49651341619295 64.87206230581575
126.44024677775623 126.62715165130315 136.41905585722006 87.02847657020565 0.0 107.80591818320939 43.52043884102228 49.2762713275455 90.99567751584422 24.687790291527733 119.22372854041406 0.5794039538894538 156.11242507494012 0.0 155.19539629884173 69.00458487645128 244.7159208005169 7.507158386657409 279.9251220642559 49.97698140669026 268.0360372890317 104.3707624354763 202.02487672038941 115.42370351351663 183.60851461950872 144.31555546790065 150.23994111622864 193.51987792605496 126.44024677775623 126.62715165130315
172.79044853654185 233.32798226807273 100.25400035337029 254.37086876422404 0.0 230.57831221792344 11.207060643888951 132.26164443788238 75.52259217789523 77.53347223602309 116.89488179467682 50.17765536734609 157.93436091388034 85.66217172134577 252.9889538140546 0.0 255.0725805676535 91.82002715222349 219.0385974887595 139.23045572182232 212.8957337220873 186.5730104005729 172.79044853654185 233.32798226807273
0.0 166.62275010587442 94.93111366340612 121.98080425856855 57.401567409112225 95.88807834845241 78.68597715429185 81.45245304821387 93.02867866786539 58.547605153946265 123.15184290899427 6.234181734967905 178.13888020000365 0.0 189.2290405655092 60.83452987193759 301.4278294319913 60.648992274386764 208.26067213998437 130.4588552438259 140.79117706144248 135.09342918962057 202.40565591085493 218.37910008106527 129.76922702179638 159.30604587225045 115.92291042754914 144.60902364101383 102.94296013140023 153.23451026264186 37.5556912605044 199.61995777288809 0.0 166.62275010587442
67.50759894336787 126.88052942733133 47.44270964182846 117.68653945350981 12.27266608027088 118.28798588523482 27.890972106901444 85.33039356011291 0.0 53.87681730013277 2.1273189351863664 0.0 57.61510902333957 31.210077104340023 87.47743780219736 24.74135769086051 121.36206680935216 39.09289432631636 141.35851918710335 72.03081587799734 98.59338229541821 98.15765613711423 67.16063997971273 89.18724623868677 67.50759894336787 126.88052942733133
75.95428103940361 56.22915351203585 47.82008004289655 63.840741648499375 26.770103839455203 68.17692294554553 0.0 68.65664271861772 13.327676371496949 35.7900560121855 21.882124032041887 26.834679167507943 12.615832239118305 6.661942999522807 27.42260602519353 0.0 41.74349929608417 7.363926798922051 65.04638976125872 8.54872094547143 47.52997682577984 29.430734576220416 75.95428103940361 56.22915351203585
120.6163765464508 15.510673045786575 150.27147018426538 25.843441289921728 225.0759376776879 24.97748600512275 228.379600511369 85.49723292712916 204.03510498321657 134.0778893962971 176.7631352695483 191.58915991113827 115.71572676329465 185.22397529979696 77.32317788522327 153.83209438197878 2.4713769489345623 163.76693413141862 12.46019771461809 96.86167814036297 0.0 46.73656495317816 57.320707703568814 25.65257482783258 83.96794070735226 0.0 120.6163765464508 15.510673045786575
36.64376122730839 2.2717450516890096 42.219987155948516 15.128086061931938 43.72037364927435 21.105683776502403 56.23808710660519 18.230584027244007 48.35801700996923 26.383674451584284 56.537170388096584 33.12639246168433 55.75679891880546 42.229560943564465 39.93091943218927 30.595742262151347 39.06332137368497 43.09985351779653 31.30384906829768 47.683226491696715 24.99713344069815 42.917183471793834 16.683847319755827 38.64939293643306 0.0 31.10854322587649 20.712636141288357 21.862870141725224 18.943740423382337 11.584900706464182 24.24296694887974 0.0 36.64376122730839 2.2717450516890096
86.93270194567812 166.20957585904512 36.36612307553916 199.05370448215612 0.0 162.11708070371444 85.14142390305375 91.38781220879119 70.35890505997932 86.80178025253724 7.154103362928865 36.68831190532402 30.715339952289042 0.0 77.19549148258109 10.29944369052356 102.1202276241464 49.02104716037448 137.26575183584987 33.171303122264156 151.20531929627367 58.30187780355672 195.8015767846586 81.86879256727215 210.89355513691277 133.7453151354717 203.87937949204763 203.61803255561603 123.72146988337455 173.31075400001262 86.93270194567812 166.20957585904512
0.0 70.80142760157389 51.141559963682084 0.0 120.82787531645334 12.883900897489546 143.88712112113947 64.41367100702514 116.93564551389288 100.92827702921862 68.1805486884046 112.94619243972339 0.0 70.80142760157389
16.791781069053485 144.20402640320745 0.0 101.62203791088498 14.529512344984028 68.45021315184565 13.292400492981415 41.9924308405168 30.231704470484715 16.417520748232207 59.83328281648711 0.0 83.94767599650339 29.32252892300709 141.65484455439702 21.375347910629714 167.71521366375032 69.83806099544599 143.4058684954495 115.52962060751472 105.77815335803741 147.7644152181904 60.344672956060876 105.70064064061404 16.791781069053485 144.20402640320745
0.0 43.78013031906464 18.031346725222107 18.64903609408401 39.18061836794705 0.0 62.54678795785131 19.49539884878935 57.41916328488479 51.18070623207416 29.34634016328451 51.81883757220719 0.0 43.78013031906464
17.826082837021296 36.99190331817037 0.0 16.457387805372335 32.80237160771731 17.56016924310525 38.393363120080444 0.0 51.64850426591503 10.752753187730235 65.17311037617372 17.669047940147607 77.72611039316612 36.151041092951004 55.721296157897434 44.51899750168329 42.51975995237472 55.045551092255636 26.06305631351571 51.666126065129674 17.826082837021296 36.99190331817037
105.74797123874723 78.97132606318958 159.89649520258305 0.0 211.44620446220637 60.890302826127325 188.68282076182393 132.67391551497116 127.87428329295896 151.31886793873713 54.27842126787016 189.4764019936145 0.0 117.47181428028968 32.8398513776321 44.22365859420657 105.74797123874723 78.97132606318958
110.2718224128671 187.58035535699977 139.53899097405036 145.0526127356793 0.0 141.95442326764885 95.97461485754081 115.28288208994124 84.06932139491856 65.54181254893689 104.85372689133402 3.982226895766047 165.73110864361104 0.0 210.60478266496892 34.36777205843276 221.82021012120694 86.45481142475123 254.8743087074695 114.06955001413002 256.094802505786 157.17340396828885 277.09586235504526 221.7731356936795 191.99399804168263 199.6304000792108 170.7637598004999 267.04739366919944 114.69043028295786 270.2521198987785 110.2718224128671 187.58035535699977
18.9728405357941 95.54091685187144 0.0 61.741459076857126 7.1883425445312525 17.004673679159218 53.73931864296764 0.0 91.27078157729747 28.74279297252467 97.03788670012304 75.25751543605759 50.57024124067693 73.50444330657065 18.9728405357941 95.54091685187144
95.49410340915576 68.39055327627527 0.0 21.35820167657029 85.70137087521067 0.0 158.4007165679475 6.924874065942717 95.49410340915576 68.39055327627527
190.24033623189942 32.67284688672525 246.4205587026233 65.20125290436476 187.72221707416472 103.89742002785368 191.08146185747538 179.95233578295753 121.86507512465488 181.8786727363538 93.61778271381519 119.8773072658463 0.0 63.567768288755744 73.24101540057576 0.0 146.56389904825028 15.628475498175192 190.24033623189942 32.67284688672525
54.7118536118344 150.7477052707638 44.3199298690118 131.71349255864968 42.5122266303915 112.13078406108427 0.0 74.01051116560868 33.08521632080537 50.35522169156327 61.66208696466022 0.0 100.64539803286166 48.370123652598366 130.8412341169303 61.8622433513619 211.44801483795607 71.64640833744247 150.37997344677052 122.63264158261455 162.87461067252008 175.53718657789062 111.6311278704827 177.89343411213952 78.06835962341277 149.03772130594092 54.7118536118344 150.7477052707638
74.60778280234089 91.72299023695018 4.345051166798953 87.68366000089836 0.0 15.639939729272065 59.7916495260057 0.0 100.15677544571632 34.42018852331055 74.60778280234089 91.72299023695018
226.92409054789366 165.30483715526904 109.8865484717709 106.91622589693618 0.0 110.70151321393838 65.6048087392939 0.0 192.78878254686362 25.86756298516393 226.92409054789366 165.30483715526904
35.341535274457826 70.74354385114127 89.90167716898264 0.0 175.999135833303 22.79180239706963 246.00676468125255 91.66858641815243 253.49000342389598 239.4309506178237 109.03358579944049 234.3985548954086 0.0 180.97520870372287 35.341535274457826 70.74354385114127
15.87598142562858 0.0 32.74699177066506 7.093211394568513 51.24724872495173 29.476581078012828 24.63095565248652 39.419204650298525 10.959211105822888 27.610472392103148 0.0 12.398040112429356 15.87598142562858 0.0
190.03941907671748 0.0 219.02530068538283 77.78317543744954 360.71163612714815 63.196066376362836 250.22685858313145 138.93064697793162 247.13863776604492 204.71090332500788 181.36909349617858 254.94759675523989 170.9950897122323 140.7310683864585 0.0 173.4837155888271 102.32307033138264 88.63232708395604 109.95680500853871 6.931544727075391 190.03941907671748 0.0
131.87675665710753 80.80098571337462 117.09319037861773 104.75420624255614 103.37741978244013 136.21385417576366 69.70995819458011 129.59705034049207 37.62059560015973 124.83809730473459 41.63582171163132 86.00755825113339 0.0 69.84260674786103 65.92069715441804 63.77150596380784 38.28880637652693 15.600745596071015 64.90936712126364 0.0 95.17436531596574 12.103694670752652 140.51052603049487 6.430042271948793 117.9821356677373 56.72128389551585 131.87675665710753 80.80098571337462
193.54633418619665 81.08145508774876 157.6801204081342 118.42499094558366 109.39313356419477 108.47134843344537 45.842492227003675 166.90511776220924 15.473465028258602 99.55674616429485 0.0 39.87509958780178 50.877247597865704 0.0 101.72471560880676 30.235023049139023 119.39633199505924 34.640184802916 164.64868699699434 33.48466742562095 193.54633418619665 81.08145508774876
211.3567084816683 44.59019563727475 157.26508753618677 148.08768407222547 0.0 203.84129069240564 45.68921036239797 0.0 211.3567084816683 44.59019563727475
107.77638050731862 115.21890640549178 101.10834957868128 165.4837187750807 54.81165442003733 138.71103126017454 17.668659828704 140.51491707630032 0.0 109.64104049172602 1.6665095927276283 74.61243326488068 35.417372342340585 63.48261471631096 51.252605260882646 46.4897245590897 95.50761131493205 0.0 160.28919411328275 17.02765272010396 197.79714238945297 81.85359908955022 107.77638050731862 115.21890640549178
7.462642328620319 116.81178930276357 32.85231700485366 84.08697430922473 31.276343234298622 0.0 97.00186938834906 108.56444855065133 147.6946302083331 24.620839278752143 205.90008704226938 46.106028196729454 143.37323234134988 119.29769486297015 243.13855339125726 176.227249049695 159.22716189464245 189.64621601277202 109.83647280290718 170.95224284665102 77.514371231751 219.90198701209226 23.68947043630388 212.31986068535008 0.0 165.47622117145698 7.462642328620319 116.81178930276357
240.93778950365498 112.65253093666384 249.03753277310727 142.26473816953677 202.77628966280565 162.44345026870656 264.45309650468573 218.5021071688016 227.9874053730046 242.70791200662563 180.93598846098723 207.1427548886923 151.89071959551552 246.0043292881765 120.6011479092144 226.11892199480127 107.20080516620754 194.92810543459888 0.0 180.66024113835266 116.4116887332699 141.60812186350913 97.39919108302124 98.2111783380438 80.2679723322654 0.0 161.6909248790032 79.14566811892266 189.18413994113283 86.64235279944978 215.8442611380009 96.57063587323407 240.93778950365498 112.65253093666384
137.77769426125232 71.3616605334644 203.78082691214487 55.99299953641355 249.78464979813543 102.39748198802887 195.68353554270266 154.54232642192744 111.07588774836557 130.45164746671563 142.3013577420229 234.94019505050622 89.87507644052707 246.72717598180515 42.86435995073205 215.70977197327866 35.84840007430199 162.84507276150146 35.844290153618886 123.46002751880907 0.0 57.62545945520067 57.9229097192505 37.34533734650307 104.9537614568691 0.0 137.77769426125232 71.3616605334644
100.57699656326575 0.0 198.51029593635732 61.521604654217285 114.05206689060469 137.92472883402937 42.41532941149829 170.82678440371106 21.310293631948753 102.4563325582704 0.0 16.333036980434088 100.57699656326575 0.0
13.926732810946461 65.69852689811495 58.55907377484273 0.0 122.05245869395435 43.7722790556669 205.7705966815696 117.1384068472675 82.84518351727783 98.4778051372973 0.0 160.25127114907613 13.926732810946461 65.69852689811495
218.59856638256326 186.66467530436336 209.97967671623252 224.98424140856682 183.3270680328622 273.19561239080906 139.88717859042507 220.87851744126033 61.230557630064425 296.57269502197863 54.4169996437397 221.76192313673965 63.86150171469524 171.21933394971103 0.0 122.06240019346794 6.7155739166115325 48.62171163179164 117.74174846678295 99.65540188894421 136.33729783001849 0.0 193.2770875133544 30.9965095938022 233.82214771525537 62.51608183448944 357.886278943168 68.01352590529523 315.49448448084536 158.28507398824888 218.59856638256326 186.66467530436336
0.0 102.95598902103498 0.35259731637844993 68.01748030452703 17.810534351318765 38.87823949482138 31.302682716420676 0.0 70.8658134342909 6.173390374270284 98.37304751382443 21.212834000834043 102.3211002574216 57.19053645475525 153.91627016893995 44.07209430567693 212.5811924863752 74.60219688484919 151.0478404778948 107.30734924314788 156.5835791521281 155.15705863858753 105.16478143953037 136.05750029522616 82.49166907059802 119.7766467170346 40.39033789058188 164.47387422658747 49.19228699990957 108.20610877076902 0.0 102.95598902103498
236.58129690082552 81.55073940625907 172.89429600058799 116.96044777080344 165.5421045902097 153.67728488182524 128.7120495417484 162.92390237829915 94.37173614063737 201.6724336924771 53.905083041316786 176.586610319439 11.970802883573725 151.03567802915296 62.532437704347196 96.2650394079657 0.0 54.694802582924964 57.140381803396295 43.14722417587513 81.25247176998244 24.3217490219303 113.74470257615522 10.768738722454586 165.04927422003408 0.0 174.13275609851803 49.81136958308463 236.58129690082552 81.55073940625907
141.7048278431866 9.631029554272466 165.73917786879258 25.714441441409036 147.50571001534226 52.30664779968194 165.31843457608022 82.25146090222592 135.92944492767356 92.3102116293482 112.15607355590637 92.68231846321902 89.13438314447791 113.312043626778 67.83357747104851 96.91670834502057 57.96113606130507 74.74817828151879 0.0 62.39053959647612 55.96515209996391 34.75402064653049 78.06857414017779 28.141443917029434 91.9290234087207 27.814948437790818 100.81617747553081 0.0 111.49057893228012 25.572393073191947 141.7048278431866 9.631029554272466
109.18292183970212 15.685361497574839 186.88427203962885 0.0 238.00411850645136 76.03879071990467 195.60942662734666 178.40387462423797 95.88643274266364 172.53874518589265 0.0 133.55702470039347 84.68915580437661 54.6686107669063 109.18292183970212 15.685361497574839
49.138179211843166 9.93179333925766 194.67783798392594 0.0 103.75105570748242 115.2140456357113 1.2218102538768818 158.98435971112178 0.0 48.41554967482697 49.138179211843166 9.93179333925766
37.7194186482234 61.630063246934995 20.70322467824854 67.46272402951521 0.0 59.11299860406426 7.764455211398008 37.02587264216483 21.308000251290757 26.761461158339884 13.200579864596428 0.0 34.9954277739837 2.7098483396066655 49.11992414648065 10.892046738639038 47.780654590007934 28.18401029832137 87.09283701182082 22.27916777345108 71.81063339514657 42.83947636028837 93.08674038712965 80.4951343304059 55.077375662435735 71.98377102555614 37.7194186482234 61.630063246934995
193.99092456705208 0.0 187.2046920171748 78.36016303489323 276.78448301195226 145.2993377135765 195.85672244550875 197.0716628093605 126.55486584222001 272.3095695643757 69.09090201195488 181.07470460731523 0.21311111644973835 148.65767183715593 0.0 71.35155462396261 88.36760073396243 59.233514892575094 122.60333224693976 83.38476785844517 193.99092456705208 0.0
42.02103356760621 8.075193052924895 88.39338919418554 0.0 105.61261198798101 50.507207904398136 56.057519363856485 59.496779548895965 38.66828297992801 65.9578520511956 13.414778009966255 57.448630850453334 0.0 16.375334424207374 42.02103356760621 8.075193052924895
136.21042779520786 99.99463306439071 90.45720697189645 113.83511450007873 57.093823180754 121.49956201765616 19.72280057919457 120.44827328625158 11.220357185702227 82.56554711270365 0.0 55.23523288940908 2.700729731604838 24.330523375408994 45.134894579970805 37.38607539526574 55.533523378751056 0.0 79.0320437333218 15.619501042550844 113.23581061951421 22.77789317949037 107.41020272068111 56.55230751487026 136.21042779520786 99.99463306439071
72.23447047219085 207.34520097405175 32.63724459389945 162.84449246144615 53.775294533588266 109.14956352824208 0.0 40.204397268041035 73.06929044127745 31.654348515207474 124.97014787025986 0.0 128.01257917845015 85.0993659783738 174.36800736784318 87.6450894417615 224.71717967481905 135.85644739413888 168.43245060546928 169.70182879250962 116.0615372405558 138.55806951521987 72.23447047219085 207.34520097405175
232.21691031237003 140.2699059318191 179.750054048607 187.3000960015051 110.72545259606267 158.87798822045056 97.42844741426832 206.39890847343872 40.710617732282344 231.98477163711487 24.757514703727153 176.9672063466682 0.0 132.87048668605172 11.24128801354675 82.42545328237333 22.960879422384977 0.0 100.16066753683025 45.09466395288008 168.80293602695485 24.099995573212567 213.88096931492896 75.03672998572281 232.21691031237003 140.2699059318191
28.45189683178174 0.0 64.95218376927825 21.69739899539134 23.508011447734972 43.7756179144007 0.0 15.264926802013363 28.45189683178174 0.0
19.454476284947802 7.353571389682244 48.74181655273621 0.0 89.25705219549569 9.940378979594783 57.94198366928403 39.352303209708666 0.0 71.9605381431224 19.454476284947802 7.353571389682244
0.0 19.097080516358098 60.95458117078293 0.0 118.72872435002571 8.612395798998627 140.50318162395178 66.76912385951283 107.29131204269316 118.73533770181481 48.34516017918516 131.9991508283639 33.62248326398256 74.84375587824846 0.0 19.097080516358098
38.17053429072698 46.92103152447419 71.72598789574765 21.275087230435034 122.98038993055172 0.0 169.4876128644271 37.924004607028266 178.51963897731457 98.06065208692777 161.04969038187488 154.25299387226133 97.37029949949049 134.889102290322 53.82816474032782 168.80344257250556 0.0 138.86342975952712 35.46516094715338 82.61151855647144 38.17053429072698 46.92103152447419
114.01013469759457 28.53340604062724 124.86572387712766 58.042835516282565 95.28421758203308 76.44319594333535 81.29878635911905 89.48466396354121 63.48238727280234 112.22178311903258 46.554024594063506 84.83033409570527 0.0 101.81360686940923 46.32851211459975 56.48054691579499 15.559797174225082 39.71527182207741 32.372451937968435 26.16881101020516 43.227603201552384 0.0 67.49154983227274 18.427183703482427 98.17343226350985 5.0649536963266755 114.01013469759457 28.53340604062724
111.56361587323354 160.93611823815218 76.99241559062774 98.37281927304264 30.150196339166712 149.46701168158214 2.0110384241022246 119.15538659273673 47.270975645995065 70.40338211142915 0.0 44.57000332705926 36.61030530310751 29.750971090693348 45.83655409435201 0.0 78.15558999804452 29.42064247255515 101.45013653126924 3.2170958156116356 111.8371052542063 31.58574715789907 131.95501870749013 43.14047076508614 178.55334829032904 66.32063359489752 132.1576075107672 87.36406665952859 159.41097749498368 153.9373945986242 111.56361587323354 160.93611823815218
64.11393434277375 80.60167287522015 53.41101650697962 92.38544142126054 37.537569368694406 90.37728379015579 11.598148136658722 102.23306898826979 10.052029583320547 74.56711894240965 17.113645065456566 56.65900815409287 0.0 42.34119971999592 13.953097222546873 30.445817122124872 21.22136341385341 15.54356829472409 37.07688238758897 11.770138095718906 55.14999890006412 1.5627165701916823 78.33106735581632 0.0 90.06775719776701 20.021484987248748 116.156994452092 37.13958768448972 68.64600907895624 56.48523005127824 78.53648591892079 74.08189360669436 64.11393434277375 80.60167287522015
34.0819326579132 56.74778883975654 66.56072681285264 0.0 139.9509506639078 27.84564310893783 139.5834870284251 102.02487981114716 73.53542387167383 101.75567702982703 52.26587470820401 107.72445165175326 0.0 96.05337212205383 34.0819326579132 56.74778883975654
0.0 40.07840313208314 98.74671243553722 0.0 148.03666684896092 133.75869970085063 20.757800145371363 128.060082602305 0.0 40.07840313208314
71.55559478290118 14.945299749714088 64.18701971588968 34.203371398411484 76.96541897230688 50.99962623046614 57.94403622567441 57.10023150692137 47.983599064613884 73.19263093347729 41.29726836812512 39.65129407170458 9.453382346728716 62.29299786415975 0.0 41.7068863131583 24.470265172769842 29.426371743774418 15.169069501001786 0.0 39.91974566167271 15.606348525404606 45.321145347013584 30.450591221243805 71.55559478290118 14.945299749714088
7.538787622569345 113.94088639693328 78.23600340615542 68.77519053216496 151.03012658861013 0.0 206.17777471460084 78.7010780448609 252.7929207317095 159.58906440372576 176.41127487442952 219.71150376412203 100.4225632425475 233.49603156364702 0.0 213.89406948197146 7.538787622569345 113.94088639693328
23.970127056554162 0.0 34.581019076369145 6.673934867718415 39.08098372269369 16.353086985592626 58.83906603572545 9.131806358622953 45.882653278555594 26.280212342375634 55.78809420473419 33.65438592569066 40.07082558326735 35.63786879102054 35.29910303470078 36.405890439555876 34.030596231587324 44.709746024689 30.677266046404995 29.954126820873824 26.822014808237782 35.90382230212457 9.930309976384024 44.784362762205575 15.738330447592645 33.13117141415033 0.0 24.53475926239041 11.480791529067275 17.280116588512982 17.126709680090826 10.272621830699762 23.970127056554162 0.0
48.345991421901516 146.73308407185925 0.0 68.5973715393119 116.57936992349781 0.0 172.68564754745879 148.36526499332732 48.345991421901516 146.73308407185925
0.0 47.856223962375466 60.48115598520222 0.0 120.32473709121243 20.612797498465028 110.9461766090848 80.23178431804436 62.11921106584157 86.1363218140188 0.0 47.856223962375466
41.83794088626895 47.09133454767639 50.68462252569327 36.14334755881966 61.15990465466355 0.0 75.86106253684753 35.102076079667945 91.81934082640386 40.85715921740117 120.19481522892193 60.418904020054846 77.42302780432126 65.17157701985704 83.38431784579164 106.71613697931465 51.171282497413856 115.06385040467791 31.808192169046436 86.36610780846979 0.0 68.9079440787894 41.83794088626895 47.09133454767639
91.5386615632523 19.050889112920885 129.2610433601954 20.098657505436165 107.17182577105842 48.17372565451538 140.5437963428887 93.23345934497002 99.82003136567178 102.89235905851757 66.0108473724226 119.90239296191561 39.134406929486346 92.44233872242327 30.252675446526865 64.17275540420577 0.0 36.957205554166194 13.92638879347345 0.06030111365584645 66.59089431957132 27.137245062018422 77.81465260381434 0.0 91.5386615632523 19.050889112920885
15.326732653159453 63.56751962355574 74.46529906396643 0.0 138.4597839269569 49.86894228625345 198.36584760609418 137.411004014799 96.51580210939727 139.51250273323137 0.0 158.7875921935733 15.326732653159453 63.56751962355574
65.87102310184545 74.68575215094128 28.59289850509473 72.96403906504057 0.0 40.89855244956527 19.3775213668932 0.0 58.0069126090413 15.843313839281961 88.90490211673341 16.820295575600284 124.55405132400213 64.72648194189702 65.87102310184545 74.68575215094128
103.0690247617981 143.56293731479096 76.21368090798413 138.49162108203933 5.192588919517263 160.92162920977506 27.400582800968024 102.12268158306611 0.0 49.820908363836885 49.02305197667705 24.15238015784604 97.89354736763232 8.485324855059517 167.8027569620741 0.0 181.29520052307856 64.00323496186701 233.39530037429068 127.7435453612913 143.73095304877035 148.03099200601804 103.0690247617981 143.56293731479096
176.40480851982 0.0 233.13901220932897 62.586825843885265 116.54695521153823 55.792891887971166 116.65469980033664 133.2535529368222 67.86548009278275 103.17538550203346 0.0 54.32598094576274 89.00142670106283 25.939325003469847 117.34209871524001 22.052254382382955 176.40480851982 0.0
75.08296034502884 114.41858428897501 43.80870519686431 127.58974204532961 0.0 110.57669822441252 2.5526639291382764 63.98989276183063 32.05679442585392 35.285553893402316 65.28692108834123 0.0 87.60773734324022 55.97447455370737 103.87956456863122 67.4958119357279 158.34672326265093 101.37208803193265 97.08108677880912 110.11779839030962 75.08296034502884 114.41858428897501
85.76455449640403 93.00330703177976 54.79420337598484 66.54705179288683 40.78683306425679 80.23795106565522 19.403837232576286 83.9577577375466 14.68869342756691 62.40146672015854 45.37003504772648 42.62056365241108 0.0 25.20149735691993 15.517550631265074 9.595581846239583 33.31952058710953 2.9667030822682037 50.185844051082206 0.0 66.11520521162072 8.175463102317238 83.91705654459551 13.633308277044506 89.31564991108544 30.71124618628872 105.88769185635829 48.75844214293437 85.22031733637996 63.07260432306289 85.76455449640403 93.00330703177976
0.0 78.29349355492761 39.29039258273113 0.0 104.04049103713976 22.894321936302333 119.75862392921323 69.61177889422835 77.78157759914642 91.28705691561308 0.0 78.29349355492761
161.6356176619401 0.0 266.79439515153797 226.22230225614797 100.74530053720518 165.46149505066634 0.0 112.39096198824755 161.6356176619401 0.0
149.97826684306676 122.77552037639252 108.56136279404278 138.54929040561188 75.24930553456934 147.7470623700923 42.726733943436 132.61742826349428 64.09289265014075 85.0022018635638 0.0 71.2643769940281 21.345535886460745 37.964293732916445 40.41589207148346 0.0 80.05770178474833 49.3883122685822 126.13452988449608 7.167173839007546 104.92253104590297 64.98119457961894 119.07261388816248 80.53616622539765 149.97826684306676 122.77552037639252
9.90120196626495 34.39735913559505 25.216014582546222 0.0 63.37269280517292 8.390510060208477 93.40208837903018 12.700386701640248 108.74866126328259 37.431943271593795 135.81252129056878 67.13615202713565 140.55740998099867 116.6740103667553 90.43564722529135 131.93161251684256 54.891485615175554 105.38145648372218 50.68383460449647 73.56640803595539 0.0 69.24368306655285 9.90120196626495 34.39735913559505
35.194621610334295 0.0 48.13033635607803 44.77293852420193 0.0 21.148332694596988 20.85371391465692 0.3971250958699102 35.194621610334295 0.0
165.85488260393578 116.09137105973332 197.5891188304808 194.65215073672033 142.55145945413116 226.49439930846302 72.06841105811748 224.59702339268543 22.540600105185376 183.15351848008905 0.0 121.30707773638288 18.44023662076853 62.9886259320605 52.28374380746385 22.029369089763208 98.4810699417117 0.0 132.65875532568697 59.02267687360385 210.01250320729142 23.062620487482803 266.8560392480191 74.36414992316605 165.85488260393578 116.09137105973332
0.0 82.0742635660439 119.96675063197779 0.0 210.36849206374805 46.09057006151381 140.1310501663246 130.4905500320689 0.0 82.0742635660439
158.28035386203123 221.5819904309886 0.0 257.8079916043928 47.72937245019648 101.56582712640929 91.2236269003609 0.0 183.13717626813087 58.28319129408658 262.6045369344632 146.4835005541866 158.28035386203123 221.5819904309886
30.46380051549739 0.0 66.2149051359371 45.68399310531885 104.54102460534972 12.978112903289869 111.79828010806514 49.72528137141629 84.51787014732648 77.70504291561278 166.70948313395408 126.93314186572618 92.32972578751802 118.3353107355598 71.97165802042821 129.1517511897691 35.323173968139834 162.76615227703297 1.8376830016145789 138.32660243300336 16.84298386347939 91.36170794149125 0.0 65.55638264545033 24.129133175946038 46.39704306462724 30.46380051549739 0.0
78.74347330923686 55.317836171452356 110.71965198938486 52.950000559448966 144.51522562105362 8.963302246266082 211.4890189757948 0.0 246.15514278609945 49.16670059448519 223.6227109594402 109.0681671882785 194.27216948041433 143.2173656142412 173.09205737751464 171.85865593308108 142.312895087573 191.57512913645468 111.65702841161207 161.6415848387977 76.3639415914086 170.41634066344704 45.388667823513686 146.20739502026885 33.19491768034456 109.86912715552339 0.0 52.72430105401999 78.74347330923686 55.317836171452356
0.0 21.887761356538064 10.327041281289965 5.877466117155279 25.119494545144235 0.0 42.08945389456677 3.84663332536455 55.633729370382895 20.098022643653223 37.662868858627505 31.248316181238977 27.13942796889711 31.33645504556374 2.6511438725753464 46.18932476336042 0.0 21.887761356538064
62.680292224466626 32.470789353095014 80.24174533303668 0.0 114.79546214880794 7.960018852122914 144.37153610413745 22.635713655249944 197.25876362703397 54.62327249582907 155.42407113872875 95.17395514049262 122.15449412210309 122.11785615558072 71.81815593278482 151.78223576715135 30.53303451865895 110.95657656896206 0.0 58.768453062899155 62.680292224466626 32.470789353095014
268.74828386491146 156.3631305131483 151.31713268472907 171.69244613271698 89.03525452966494 203.3023198664019 0.0 170.3672168848949 80.25297150166173 96.57517182063108 65.49899737771455 0.0 158.12019433071697 1.2687795886994593 140.4682455555362 100.8825499199252 268.74828386491146 156.3631305131483
0.0 0.0 67.32485911862233 11.69842421535558 90.74832410841324 82.11923672392243 2.092477327758182 83.98689708364233 0.0 0.0
77.15807085617496 7.008692001783032 101.2551298428984 10.39506870028535 129.9149376530379 30.324743734972316 159.19269837370342 83.15924869852753 113.9700157787123 126.55055367344775 66.59040946592215 76.81157892702691 35.633116401130394 66.41330246211304 0.0 30.5497982852047 42.422922832056 0.0 77.15807085617496 7.008692001783032
0.0 85.06668767591071 160.60245555298962 0.0 195.4648373148373 40.035740761435164 193.4760643271943 173.88930694178129 0.0 85.06668767591071
98.59376640212605 183.65336450119025 0.0 194.81218245139212 70.85452654494699 139.7795062866039 66.08678217106777 0.0 180.44982099139554 42.14694750874044 285.17945213567737 111.44549344230049 170.77861443410058 193.67860548499897 137.662935799041 242.22605851741025 98.59376640212605 183.65336450119025
256.0998941852537 8.263081758098892 276.1040609149412 100.39544480796647 239.0192306181376 214.93296075039984 165.85267754067098 123.17395249182233 0.0 57.64772615587607 163.52533790246179 0.0 256.0998941852537 8.263081758098892
0.0 41.72995249241409 95.07863691188989 0.0 168.3172172645718 70.97578554592626 124.96236194284695 165.38875064933166 45.57223783816593 121.56233300117528 0.0 41.72995249241409
34.44849551654087 11.138325690326269 42.616487460122116 11.978003654763995 53.278463798076075 17.941416031264183 47.616548834916415 26.241563412962563 48.74659302213273 38.09739358352405 34.482332885236474 34.409735025064975 29.13248605447947 45.43386939642508 18.34513594001264 47.938117101177454 14.691316934950748 34.561621430429454 18.412486274355985 24.353378646587103 0.0 21.801920287161934 6.763742544693329 13.29293807077552 7.029799324613407 3.2556495410462247 20.857829323863953 7.859066517824857 25.775487771197135 5.030271026156257 33.31499144610427 0.0 34.44849551654087 11.138325690326269
103.04598181390543 0.0 237.56577297492964 11.637424180434799 167.0306393037694 176.68063967126844 0.0 94.62313333422176 103.04598181390543 0.0
43.408947858282055 161.54328810618324 0.0 113.52208844071558 38.22542630525355 58.79782845881283 44.42720361863322 0.0 95.11721620590168 59.6355703749808 153.9541765100237 23.41201387413186 175.6548125940395 77.64012043321924 142.67382178797428 123.09565187523648 109.45096922190285 174.7386884638874 43.408947858282055 161.54328810618324
70.6707463287868 24.907286661117467 59.484257029408525 37.239909032966054 54.37352008395705 44.34030193897827 53.80097520085428 58.15387032099042 41.449274238208076 58.83807096034087 29.68954541135615 59.527760912853566 13.337265609404056 61.13942941455949 17.27265514025511 42.65121615765855 10.44126696509423 33.7331826965396 0.0 17.445755915699877 6.189791207521239 0.0 27.885053359832796 6.958220944201713 39.73923659153027 2.0448619542804494 49.49203954002705 10.879068390890268 59.2131324978984 16.83746673246388 70.6707463287868 24.907286661117467
164.09617584813225 47.99837310874253 163.4176223750937 127.42331773007191 86.37746714182998 138.2652071722515 0.0 62.68464648793909 96.5188842839821 0.0 164.09617584813225 47.99837310874253
58.599683521869395 24.502450901760383 78.90575550831096 29.132217459862844 102.17211459110997 41.0382128984666 110.41954159368812 68.02358189394157 97.71606689900803 95.31688930159645 68.56633406146214 98.34359950003348 45.42065286436372 99.56971618372414 31.071458375154535 82.85348641989125 30.601920996012183 63.62818417353897 0.0 30.87278973731405 22.111611127187032 0.0 58.599683521869395 24.502450901760383
31.311941664106982 1.4207086657497499 50.57223127598766 1.0964274487018173 65.79574382455229 10.84624862130216 87.60546059773262 0.0 93.76152064623567 18.567734789036273 118.95058293971714 29.29631947984202 86.28238679720458 47.23836618091408 112.88911474324031 76.76003470854906 85.86477774235806 77.65572229119141 68.49159425514308 76.57737256363683 56.93660562139061 65.58685270833013 29.639777801784348 94.01393918129435 0.0 87.7092102705765 42.75095232238081 47.31970190901735 25.426401411371174 37.378755288252115 56.948340392603114 40.41544544960737 31.311941664106982 1.4207086657497499
110.19668246202221 90.89234860839684 121.84174431232628 18.79677178427528 181.82509131117672 6.506499755024379 195.85614375485738 120.17003185880432 343.8929851474238 0.0 223.84027492282647 137.74691897524588 354.95741781684893 166.42867218541414 288.94180361949884 210.380372293826 218.80219603688718 199.7079819314514 221.93790387599142 300.67820033794357 152.6783694818231 334.787437476504 96.82801151813413 278.61196898152684 88.81967738308691 209.39113308617942 68.30820114642074 167.36829638873274 0.0 100.47254464451188 110.19668246202221 90.89234860839684
114.7150255916232 15.505196677061306 137.0746911264661 21.006286032478073 173.2617370115415 34.300785496766366 162.70964988168635 64.95042102145523 114.31367762197235 68.95667614805936 111.63995595712363 82.83283207847992 102.99412785178066 105.29469579243877 82.6112979617334 104.37421554787565 66.49495515485654 95.07390630072743 29.27997422709764 98.86346938784891 48.30981547563455 65.31757028561259 0.0 40.789141883690206 56.14069748841095 33.675665436501916 63.30520977264712 16.519307551863037 77.7236140206566 0.0 94.2226252447914 36.32897651621229 114.7150255916232 15.505196677061306
99.96507007228125 14.345941937906773 136.81403459896978 49.363632820703145 85.5430064862714 82.96924786592638 0.0 58.268547352990794 64.14442353206118 0.0 99.96507007228125 14.345941937906773
