100
170.23229188400603 4.9080234153408355 194.12087753361055 61.63342464447347 201.52828450443607 109.8345979636829 162.97801048714553 141.37623643369318 135.537340472602 157.36040347442588 111.10289584630638 172.23496613281168 83.95879570098042 166.01296488826677 68.55248523103154 145.2580752154763 19.542691377995936 135.93599281448274 0.0 90.18303546771469 25.309443244772467 49.46407840197713 89.46511872077322 78.05876175200261 112.86078625503043 0.0 170.23229188400603 4.9080234153408355
150.32497264043275 155.309812536208 96.06871526586663 155.59893171764796 70.34047018719635 121.76477925198557 45.258015175159585 116.68114967866363 39.86282850838481 91.92188281909215 0.0 45.060966534524425 41.250034736016744 13.768554306575396 89.4467038390729 0.0 126.19819140093031 29.388266610768234 161.74104952058184 58.196302741975956 169.00905050295964 108.39569007644893 150.32497264043275 155.309812536208
9.687163408336062 90.07886301093075 0.0 62.43926590782881 24.065327521462393 44.84615580563283 27.05705250159032 11.546074298083369 58.27119612114619 0.0 76.6107439553581 30.546426597834255 136.0163302334185 35.422017474637045 96.10677719697141 74.01971481054518 83.53474741295358 97.5259605497985 61.385565583548 116.97606569353022 35.27765403757793 100.61981689530549 9.687163408336062 90.07886301093075
23.473874226211365 75.39572285097482 0.0 57.929058390959156 35.414127514430035 32.45904052862565 34.02665093901321 18.677579329069957 42.78869954516148 5.960417703855043 57.78481176930978 0.0 72.10095279249572 4.634812239673764 81.99033275481789 14.073115863228708 86.45025958985975 25.82812057126361 131.8381039582555 40.40180776725451 86.72895419001392 49.533156495508706 97.45249295609226 87.37650208726909 64.73636259434059 58.519603297559584 45.044065078651144 85.9190564674371 23.473874226211365 75.39572285097482
0.0 9.706619664148562 203.40331276169266 0.0 172.88634814222252 77.77945169786649 153.0057122176221 121.47096098608047 0.0 9.706619664148562
76.61873528577053 178.39255044715662 5.93705308678102 156.9555859558407 23.341943297391026 104.75524672123464 0.0 0.0 93.66544191607255 9.239263921400436 158.95946903923743 14.412816485085642 199.60013696832232 64.94862188770674 271.92947211611613 92.53088471564416 214.5469887425327 158.85389584049915 203.72098032775523 204.5891713635137 160.335926792988 218.5978583391999 122.92512494298522 237.7023083384081 57.330100610304896 270.56655760373917 76.61873528577053 178.39255044715662
180.48236769430943 17.218886756386688 201.56409060984674 78.71603131172358 171.40894979026663 137.24228664311673 110.64143105184067 165.41076248420842 18.303049838357254 199.6060075768909 0.0 107.49827320191292 3.73966110388713 41.88024210278055 63.152019219097895 25.95697082418689 88.87561398515489 9.249043996539989 128.52300128756522 0.0 180.48236769430943 17.218886756386688
253.8906485595272 116.42676465197388 224.57808560268066 212.196704713531 126.30898456338144 212.1605891952122 93.23368790092329 128.8725902194284 0.0 103.37696007214142 3.0292207994619673 0.0 118.40487115999137 23.823086132454506 174.9386287246318 3.8678146136512908 288.2032230946768 19.814992218650048 253.8906485595272 116.42676465197388
36.94534862981361 0.0 68.6471800671966 7.133404007181603 107.27445313292196 33.568800269474785 85.59152898152996 79.39789408997922 40.63298258459049 85.49821983792089 12.629919377504763 56.739309917506695 0.0 17.210439508594554 36.94534862981361 0.0
48.59474638907719 90.45022868487436 27.39848597601815 87.35905387172082 25.70212909757319 64.89274214729303 10.826035085032153 51.093912716105685 0.0 28.538788410865514 28.196293709084642 17.982308985490782 51.698893916416196 25.58475576112972 58.83242656873874 11.863647144855427 75.37608310540594 2.374049326590459 99.9321589945383 0.0 78.17433951945777 36.57578476961495 120.58394980589367 39.54098947472519 112.69371644200626 60.81319584763671 98.11133346024059 74.75401690066309 80.57299101953797 80.34704034510094 66.16706057682633 81.64276778101708 48.59474638907719 90.45022868487436
198.29823578870395 37.79024258178461 217.9209885256526 68.06590842743782 245.35820953295246 104.26782966530132 234.84223757404698 147.32000494105873 191.05648695232813 160.08690906261455 164.47744319438763 185.08396317997833 130.96402574010872 166.40814825118713 83.29182894864519 194.94591439546434 103.20450347042015 128.73392173866793 57.552191440209526 119.95875387068448 3.1739511222324666 71.1635225631435 0.0 1.2744519945858457 78.69317690339054 0.0 134.36877637072382 55.71788110894078 165.98058845544756 19.209703549825562 198.29823578870395 37.79024258178461
157.82960202732062 0.0 208.58311933757975 32.15142200688065 240.5226532917445 68.18024660039974 292.20677305545905 111.73105594689498 246.92124069373094 160.89205300065055 196.9816869707401 169.55985813017972 152.009374108544 260.76049675501673 105.13045197395793 185.3213384136067 63.64768229673827 140.69187241078777 0.0 57.52384765231022 125.5778037650756 56.349496554849225 157.82960202732062 0.0
25.21679974490243 18.374401540905815 42.25424205036251 0.0 72.43752362674648 34.53256004052478 80.9628763805035 28.646323765358225 111.68176906847589 7.383368773133498 84.1054377302189 45.39043874734683 140.47880962802753 47.541225060774444 123.72046019069657 68.6317140406139 94.44213893624004 69.09445474309675 96.9177693077805 103.9376882979594 72.76072389233933 92.5655075578095 50.49858882519062 96.51482053905013 27.18800051409852 89.13737098289698 55.63983006351661 55.42394142668267 0.0 39.06084814021509 25.21679974490243 18.374401540905815
135.8342639665039 34.429766953217396 183.0778753025998 150.10590613689385 63.10972744698026 114.03470314425566 15.51235830969199 83.34741775082641 0.0 7.695642601985256 77.3892611216428 0.0 135.8342639665039 34.429766953217396
52.83395466490087 43.97601627484579 33.732047444467696 61.45569558483521 0.0 43.50733787018747 33.54534372687651 22.108313128405243 45.71703785241188 25.67064258070127 82.99283707511526 0.0 78.68983246640212 38.54926779285233 52.83395466490087 43.97601627484579
85.32618864538071 56.095083783711985 175.10847794459193 0.0 139.11186754382445 48.54739731473619 139.08965891835112 70.60867941671319 119.80508376315517 84.75395567988899 129.89549392802036 146.3335400018575 87.50560954876431 119.18311296303658 80.43951056373164 68.2514093971762 63.17716789173774 77.4113869522738 18.300665678133527 80.78515921413536 0.0 50.70959739500043 38.80723749479469 30.98820686009411 71.30318789644967 38.70653593637269 79.15525020984074 33.82533933370915 93.33805376430925 4.642783713592337 85.32618864538071 56.095083783711985
46.80746341576909 5.5664756010472445 49.00018218482691 15.84053207665795 52.188059715813196 27.812572205558297 38.056023554588535 30.152753596943313 32.93712506956629 38.70218646080693 21.382528964552904 47.028403971652736 23.837562384426533 23.809093356997835 11.66885316195254 25.49830975013569 3.409434577464012 16.84689713888565 0.0 0.17012677249680053 20.795782632700664 5.856867377087937 27.706021930568426 0.0 36.119639395113936 2.842387348559086 46.80746341576909 5.5664756010472445
80.63457070141675 7.100471680918275 54.910267866582956 33.985438942928184 48.73414355643209 45.81968214421913 37.0725142675645 52.72954872746196 19.31363003961802 56.098424050305766 29.68517512682162 31.857855487540846 0.0 23.559338088411067 8.296022058518759 3.7922690457374415 29.50205191876276 0.0 35.868589550275544 26.304874382451374 80.63457070141675 7.100471680918275
315.66897273697504 11.488632013792397 169.7107085081926 77.5749291106332 116.60133483768065 151.27689043212484 0.0 31.689358126346903 155.15014209943718 0.0 315.66897273697504 11.488632013792397
45.39863563217824 19.97988934167924 58.3065607677143 7.646200492102324 70.17661317049912 18.084255730492018 89.59538853192939 23.562829220329135 83.28282580847116 41.95631587277464 97.79783194787714 62.924867048691894 73.85303689181451 68.89406395882745 58.236388464120694 67.15152334396798 46.716041489834296 72.17460732054893 36.88985524925539 63.728104553919806 28.09834783039483 56.44483458567838 0.0 46.2982603447373 18.193023622443235 28.689849968320132 14.133317379013121 0.0 45.39863563217824 19.97988934167924
38.38478002175765 74.08519179554054 0.0 52.719163177221446 21.720351259012347 21.475565104280193 49.90858640515829 0.0 70.92806275623494 41.93601519047522 106.58320027845193 32.24586725539805 107.81891470034782 59.66902677145062 101.063221222745 87.53208174627993 74.01353181203714 90.6596478295644 56.94123577267813 79.4702524620345 38.38478002175765 74.08519179554054
217.21980143857814 29.684836750995984 235.01569513435186 83.46994235770455 184.85014265902373 124.46113841458339 210.00541669659094 177.01678337027133 166.9451439751371 196.02789172392428 124.06728986773629 203.25917605776075 99.1881230731181 162.8910575053675 60.42103645400658 164.27803167783793 22.49013240921616 139.1533514648741 0.0 88.35193450447814 57.24741160190972 61.953548200813124 66.93400322694706 2.502394845791059 121.14990275699836 0.0 160.50470227495947 28.586539440087066 217.21980143857814 29.684836750995984
71.43938874672035 63.76127243111475 71.47246888681089 37.33463609249097 93.32006906117624 7.603172056935605 132.31540344151813 0.0 130.03170538046578 50.78394485369948 195.30538736630075 56.96150454715 190.94566415540285 102.94549963715346 106.53740122625075 91.96890736132602 141.29027680374796 185.43615620066498 91.13972977197822 170.73500585038218 72.04532992040467 121.01327464519193 69.60898904514934 97.46411316434144 14.687756587197185 97.03451047192763 0.0 57.71219307246129 71.43938874672035 63.76127243111475
49.199088225282594 0.0 76.33030043714287 24.08170430970437 102.5534709563172 8.8831496558389 120.83216506962972 28.131102834928406 138.4517457052424 46.58436853305868 147.56531961018533 73.80312083990314 143.76206459208208 105.34049597315462 98.98446120240506 98.85021784972687 85.33615759346306 106.83839393345349 67.97603055917693 140.90199050040954 56.86476397014593 100.1285187811277 32.37172973400692 103.29706600153867 0.0 92.35752058702137 16.739115707766615 64.04104958391758 33.61344983710086 47.974625314277674 39.61545380386406 29.91068356871037 49.199088225282594 0.0
127.32589928245552 0.0 175.8848667380475 71.29731875851891 195.5381360874335 177.03716429854458 97.22715709947938 124.42875597027731 0.0 121.81748370133906 18.550345344909957 8.380571735178421 127.32589928245552 0.0
21.980086346442327 52.00537001571803 0.0 44.02426736652009 1.6865214404488 24.713941228775752 7.758784752088374 6.674182307801516 29.89220386827821 7.415480302339461 42.64300197792297 3.6558222391855537 56.87955614255585 0.0 62.43296344936834 15.85862693245511 92.69896997071729 13.910612499285634 62.33737836246562 33.95645386113054 92.00816515888138 54.365563185335034 76.4860036326134 67.10303990345201 59.34879565972857 71.87483259523142 42.19266277406859 84.99277354549838 36.63590373245386 50.97132523742796 21.980086346442327 52.00537001571803
110.56489206153266 0.0 208.33835513172653 13.020451402154237 166.67190953959158 128.11570123931335 42.82953933345978 138.8091237284237 0.0 2.0596262139990955 110.56489206153266 0.0
0.0 106.93284653922314 61.056005768206546 56.08469242818924 106.54840731770628 1.1430059763364397 177.87149631402238 7.151580324418632 259.4663872999384 0.0 264.52796229399206 91.9533705070227 230.64419610800945 145.80919233221644 324.9513691968233 231.89102894802443 285.6270155675475 318.8986243465271 177.96806814904025 253.02581444963144 162.55578824948432 149.27466511319545 75.94490580303022 224.9034456895746 9.734033243055563 182.4847269628592 0.0 106.93284653922314
105.15651131546066 0.0 184.71112382979882 7.090928441156521 300.9973723341955 36.50619442762002 217.95983528196746 134.3341871524554 220.37460434852903 283.77943204801863 87.41412503363848 236.13728060817445 0.0 160.34354853742786 27.089649932944226 49.22709060766683 105.15651131546066 0.0
90.63146710076413 11.318121262882471 143.1716815615159 43.0547016963871 174.11845832977957 57.62390111234684 274.341532559976 0.0 304.0383860467035 70.28298693644484 178.41232748495634 129.03484566916387 207.2685889615768 158.99593049707704 237.057719154948 239.0823868485993 184.9769093441954 264.61172829345253 129.95874921750288 228.403689733271 107.07347164982178 185.49723513995883 21.7544786926793 207.7370254138832 47.57543414921366 141.98558606231188 61.156261621161036 101.71079367128478 0.0 5.8916148422697034 90.63146710076413 11.318121262882471
231.31198643918043 49.74733241124025 258.92915063978677 66.61263616737601 341.8200590176973 105.74501961947261 224.1076524105147 113.86043641790914 258.4613928112779 196.74137344878523 205.15353766709364 204.07442902813438 127.19107081659615 291.4277258181351 39.31068762275817 255.1931698131619 0.0 164.89972307515575 38.61028882587834 81.10569152509 70.21620741816622 20.641296264516043 148.04799678737726 28.87212301691723 188.1925194258714 86.54083537601043 219.6636308255508 0.0 231.31198643918043 49.74733241124025
92.99949591045049 44.24559359975244 141.5956773864709 46.49545806475622 135.47731668279786 84.14139484762278 93.65253107388003 92.73896807616988 74.97138502576631 91.34147177155134 60.41114832353041 134.41924754960598 38.32100595213306 113.16513754746475 18.00608446261078 98.54011247227149 0.0 72.63577804006096 20.65586830801437 49.49439571862962 34.58081850316253 29.73244789483571 52.76169505281402 0.0 85.29163437184593 6.1479454546299195 92.99949591045049 44.24559359975244
72.67572741069574 118.08390445153418 111.9390829746452 0.0 182.86122720631585 75.40843353502048 235.5328492622445 151.96925749031368 160.17843486786768 215.47240708986737 97.18783543551312 193.46211480474986 70.84280562505629 174.76263361614593 0.0 142.13500422449286 72.67572741069574 118.08390445153418
19.30519163930608 40.09182241590642 0.0 30.74305474622942 24.834714465146156 25.950255210552527 29.718316089386725 21.96764753656403 30.57109597886012 7.155297436758914 42.00318843131041 0.0 53.28440664919295 6.11150682115337 67.53455215808148 8.222904977659567 69.79134667693668 23.09052253798248 62.62212135408259 34.37570945122238 71.20916846936424 48.08125016726618 51.346280496521665 46.000921226491954 50.317755602039746 62.83586998724263 37.695627621065704 66.43660385246264 29.427942075641035 54.29332606852917 14.661323973172195 54.419968342961965 19.30519163930608 40.09182241590642
155.6242861310716 0.0 231.70408822133322 40.13259949972281 239.3141299513643 138.9020405794622 149.5867761317491 171.0940060658632 60.995022084709404 169.10803046582924 0.0 80.95379448814721 75.34180622850872 5.7206365713519745 155.6242861310716 0.0
61.66304695049982 98.64323020497167 0.0 25.458912126202684 112.04682981423613 0.0 182.3093044733208 81.92699241477375 92.21999216864054 111.40620493533493 61.66304695049982 98.64323020497167
40.54573637573243 26.431712342188106 51.401930478892524 30.117067813730714 70.68656486256278 42.823147804079454 46.78633891866136 47.76271987674595 47.73260128910887 67.49265999856942 31.664197836203982 58.1054779778751 25.04640369675721 48.89530226457322 7.892934781122506 61.403247718992986 8.102029688453726 46.545756852181185 9.678715820092094 36.84764355578287 0.0 24.612145359638205 17.330194618445304 24.387353024315914 14.796324075552008 0.6554046922961732 30.486545207746005 0.0 39.53522463465883 15.456626393548106 40.54573637573243 26.431712342188106
19.267749942143652 77.7765089692623 11.134338191703023 58.10736305612347 0.0 29.583676333437488 18.488427602913873 0.0 49.00418576849768 20.53626457875844 68.20074285271978 27.85027443951288 54.15760856088038 50.487629451141366 80.49198014429754 68.95597806867349 58.65848040776898 78.71922920697523 41.859375952113766 72.26436642647883 19.267749942143652 77.7765089692623
111.65581291525946 135.99477437945447 50.8997381239044 122.46661864470434 0.0 63.885424127654346 58.976674696808914 19.749502778670326 108.50009217062683 0.0 149.9723587550748 35.13862610859698 167.35069337881845 94.6965587943238 111.65581291525946 135.99477437945447
86.63614026925801 11.753953624276669 120.83301890062845 0.0 162.65866774513887 12.697755032531887 147.58623308026097 57.14267974519267 203.85527312072423 124.37882736982337 110.40156210025611 73.43709044464435 92.60389732121375 108.03928394711025 62.521876216173176 93.17086116728382 0.0 65.01670383306453 35.898894948048806 16.391856089838818 86.63614026925801 11.753953624276669
29.81256754352316 27.379321944797 0.0 1.7950939368763272 26.384456546385536 4.032142540814235 40.66876929680217 0.0 50.54770714472241 12.111205591516637 67.04614904432226 20.565443996646806 82.48046722642083 44.83696710378544 62.63207610959283 66.16542697934042 35.23024338642141 48.05230306094228 23.732475643989517 46.143229761624696 12.97476825416075 39.16795512695458 29.81256754352316 27.379321944797
56.74579982359273 36.084056848639605 119.71526010177371 0.0 183.04101900004102 39.15568385795369 196.57026386468237 102.00915276527638 295.29168858788296 84.20644302878074 280.87987895032035 149.03646908901106 279.1062621649778 209.13815890595046 175.4155009687511 159.57409936803919 165.22401613664738 160.2287611941249 99.83702036774483 286.64169693533916 0.0 270.03283596404395 36.45380314858079 165.03400761976246 74.88734017658078 115.11611616372383 56.74579982359273 36.084056848639605
21.699882826708063 120.24322485425981 0.0 0.0 109.32886744087536 23.314651692150534 162.68989920289818 20.37405998199648 205.7288259110805 99.06615558887205 114.07956954987371 86.64191623427953 21.699882826708063 120.24322485425981
38.82057120719938 42.48977230258107 28.729902813438557 47.94249990530744 0.0 63.2044257761889 17.273424590885355 30.80203410581771 21.19827949550283 22.121367813370725 25.338227295897155 16.972278039817766 26.24857891210658 5.138667431561672 35.488347431591976 21.548910683401843 49.81641788130021 0.0 61.40305391711455 9.241347394869777 71.41506492849902 22.911892705852196 49.818314203792355 31.0193576790017 55.160322244033 50.5825501219269 38.82057120719938 42.48977230258107
0.0 9.13547691487679 81.71019622100911 0.0 169.85915511342256 113.16201845472746 8.129055461925276 124.7597621586523 0.0 9.13547691487679
74.63289864193521 69.63204584175367 71.20084011256043 89.38016691472822 53.582700822489 116.13052169721169 30.293841221532944 104.23850220561857 36.30043698057524 69.5900079947103 17.752313995227667 64.23082557408009 29.759593233850254 48.792601626937945 0.0 18.505848069939994 41.330424971813386 31.357254024024776 49.5856316665805 15.311619202833128 69.90689248092464 0.0 76.11091034839748 27.67738284914072 119.42287670316315 19.556155787080847 136.81235326904834 46.50183222870246 99.52869053573534 68.51852333862058 74.63289864193521 69.63204584175367
157.31184932955458 129.92249543849454 122.24365213168156 150.0808151801724 84.31916088784797 175.20744987567744 36.275668426041705 164.83935621082247 0.0 123.9961766980166 33.33626621447497 77.41508168891394 30.380282578658296 25.326216016163855 76.2055485799434 0.0 128.35851818099562 0.3158236718926304 128.60993394156085 65.01080785122413 176.5921585051018 89.59606517768938 157.31184932955458 129.92249543849454
0.0 75.2940423636943 27.86256837559148 16.508545700992578 77.76118989767166 0.0 132.58839502340942 7.379209181716206 162.68834165142826 68.15163671221231 97.93660922646849 90.06941098803492 55.00304988076216 108.98862101460011 0.0 75.2940423636943
0.0 14.067800464539033 17.496440946377376 9.799537345513826 30.937869809614895 0.0 42.61911968564189 10.904061465708963 82.07814395985558 9.28290747917481 73.66954503608878 40.60113420535417 50.69160167594383 54.41820013417694 35.21675062737792 65.72255084833321 17.364928847528518 58.23841005166568 10.836409356776258 42.55709315864098 7.138684895205984 30.659509252304176 0.0 14.067800464539033
292.19596974720844 62.12786115824986 375.86668495568097 96.9562824086214 262.78256034502516 147.19184341819818 360.32281853724487 275.4610563948819 252.9485877303802 254.9419596321422 199.72806806444478 200.78234760640646 92.2583172748254 292.2098008642455 0.0 237.37909761225944 30.888039558926778 126.53421971174197 59.9397275358192 49.8940503352606 136.4865840381052 24.80524783034673 200.3687382688845 39.597977164149455 262.6328387682822 0.0 292.19596974720844 62.12786115824986
89.19829378863459 135.49931809116293 62.30511179944553 122.64599695986824 43.69510773573764 105.01046959184386 55.135613649925936 73.63416849734048 0.0 56.92847883544347 57.73689622049338 44.72601689047249 61.75019701580696 26.770946719256287 70.2985778486727 0.0 92.783073469433 49.678136435882806 111.97077753872479 17.43691230683732 112.17350091876303 42.35201662320428 101.45279062632532 57.22004617120521 148.82427281681714 62.89028620379243 141.6716220141065 83.99678307212332 137.58547171567636 111.91735657780238 111.13512475861131 114.42307707100862 89.19829378863459 135.49931809116293
40.786114750168124 83.40511807310016 0.0 14.818911970248166 71.37552894174293 0.0 135.11585989878984 5.423555837824864 130.2932861070762 97.19723026946257 40.786114750168124 83.40511807310016
85.42733536554294 4.033213389357314 71.12430367196944 37.64735511604135 55.50722697066998 55.90164585289067 31.149732131663804 58.040523243375546 0.0 40.21230211593806 8.806269410834545 0.0 47.23738585487602 8.930109171094216 85.42733536554294 4.033213389357314
55.412195980094324 15.034558463831047 71.11189911520361 30.036149374772847 52.959447928434145 42.27441131340494 40.87903781525114 43.8686535858003 19.954831286816727 63.54029869276799 19.22025765199116 37.89446343543315 0.0 18.469740198511516 27.23548738676581 12.669847130174986 42.91170144065161 0.0 55.412195980094324 15.034558463831047
95.10511672372742 122.62844288349665 34.63704768101513 137.29105545406998 11.161243378436637 83.31803718194605 0.0 0.0 87.62982303839078 3.343118778081447 123.73161741370248 51.77251376976493 212.03641323447147 21.10588450202141 176.44410794362713 92.98234563744013 171.78996869183268 142.27670696781513 122.7768251583726 140.02189398134033 95.10511672372742 122.62844288349665
28.876069371249997 18.559001646082457 60.079625918660085 16.93772689545211 88.7610827536918 0.0 79.63186341898573 69.03228761370222 180.85437406440246 21.806073658669725 131.5664149667382 74.45950293397127 123.66599945305768 98.09146905966267 113.10628302039304 122.81646198337447 86.1939587599218 123.91217165400431 65.36726309531876 122.34292328470497 52.004206513693745 106.21606870133553 12.52041765361713 108.7186764705468 14.345979549529204 78.0281940469967 0.0 41.47843726011557 28.876069371249997 18.559001646082457
117.7131976046123 129.58151631620933 71.31106336735394 25.25593279894254 170.88048216509512 14.415683955259126 336.90199582769174 0.0 353.96889217670014 163.9718437545716 217.06003785379283 221.36418858852295 137.74251114604385 253.95710903230776 0.0 251.5113175981694 117.7131976046123 129.58151631620933
65.99045871084564 50.7903689854047 91.26017932432208 0.0 150.86840352635116 18.217387583372947 143.86943491886396 73.40352007900711 162.46252415264192 153.83954115705393 86.93492189267042 126.1414704027 0.0 114.7141406801499 65.99045871084564 50.7903689854047
24.188415590356442 125.85268869735978 2.0221414465510676 96.8119873730947 11.491688783684019 63.901410766850496 0.0 29.282281874235956 22.794574834836567 0.0 57.867388965931156 18.901356204256935 85.68451401295084 13.607781055662024 131.31420156393585 18.918859791785287 97.20852707574586 61.47667813378654 128.65641874128755 98.18228144869127 66.67197550741771 74.31494928140248 59.77769686953897 83.53694352670706 24.188415590356442 125.85268869735978
57.88575795260218 192.647823958986 48.41622323444639 142.01111201540812 0.0 79.19960165276316 62.404374612397476 39.728982827760774 106.61465195143833 0.0 163.24684048128012 36.38642166569602 243.06551075997606 3.2840074083933786 244.83024344200396 81.14121592019872 284.8469079516152 134.9938225710792 245.73429968895294 186.31907189316712 203.38160704486205 218.47927141470308 153.8514845997463 227.34589682062796 87.74847359888363 258.64399665146027 57.88575795260218 192.647823958986
0.0 23.3577543835436 24.20485844523182 0.0 65.48741307878221 28.64195168704824 78.5022098516909 21.049170578235135 88.90609242588951 33.52522003949908 107.18696226875171 32.858390045432905 145.11191356670793 36.21807935011156 110.38696931155438 62.029266539233056 142.4726757336499 89.93825433486273 121.09633214469324 108.19471796560268 93.65864267920894 108.82703317237187 74.32950005735434 95.75766949442138 61.270330377662276 91.77080005449878 38.71420425813446 92.92288483154985 56.724887919370275 67.15743306832371 47.968503229746716 58.494094929194496 0.0 23.3577543835436
254.1730027859008 102.45580402697381 211.3175856207423 169.9655242991006 155.46271026443418 207.26172013610062 89.97556933501474 116.22276949613227 48.80048596342818 167.7206545077537 33.694779351267854 125.38492430356335 0.0 96.87321915666642 12.210343956566348 58.583023527302004 13.237047790164354 1.849612739989439 71.22322636484414 15.441564353786504 104.03262080141057 25.6985408069172 167.92775274825067 0.0 173.12406616556967 54.28109184006978 254.1730027859008 102.45580402697381
30.490842163656424 51.48949256265898 117.30776682209532 53.24583112063817 139.3053601561033 0.0 184.51496795231236 29.1278332058601 233.49044574285915 35.53435142943535 294.5971474857252 64.98851621948384 308.67206394334005 130.74592117153685 220.10679906838317 149.32586561110037 197.23131613654277 176.71106922251104 162.02127060489477 202.89036063775038 116.42965616378643 196.18967231625697 45.31400417317889 186.5057620627723 0.0 122.5405916621775 30.490842163656424 51.48949256265898
58.777597944969344 66.53530816037869 0.0 63.01510334400378 16.54924687284347 0.0 67.20731382501866 22.531807893622805 58.777597944969344 66.53530816037869
33.04722138293617 17.9280514549707 41.07768613350616 6.245600934253176 61.392077204088 0.0 74.34747712027936 14.642051643013588 86.21153898911291 36.98009686675401 55.33413058922457 44.62090711074356 49.066762306654084 64.68420866266901 30.22414977551584 58.53983361308896 15.332079597218254 50.911688287409675 7.875482917648355 36.62946495741586 0.0 20.659147698891957 25.569306016877704 18.24014676277396 33.04722138293617 17.9280514549707
101.470441146508 137.30739584679935 0.0 116.57207189891895 85.37872524365498 61.61325904339374 169.2248750313002 0.0 180.11903302645612 114.62279608926511 101.470441146508 137.30739584679935
14.680536991566242 78.12786685150263 81.12811930992387 70.34331925325448 81.79641629800207 32.45082030020761 110.50546446812763 10.300817449723624 151.1406940478372 0.0 170.69964713996214 40.21480074444475 164.5912889230541 78.81224083077383 221.180742940052 95.21950428583477 250.4530547290254 151.53020729853316 185.13106744351379 163.51441192368023 164.55437460030134 210.4410975088527 113.9843726058319 215.7248277454388 56.16529185339982 224.56870207098763 0.0 195.60841150534486 66.3806165765769 112.7935751832838 14.680536991566242 78.12786685150263
63.12767982208682 0.0 97.20764995874879 1.9403074638362199 70.9830040238011 36.08341679695596 77.93555064148381 53.373387849250875 77.26099550932638 81.43284433918176 52.524587550208565 92.56562383654459 33.06310239285966 67.20275934212306 10.915386881896666 63.21113329623985 0.0 42.02252398115989 24.907311173633786 28.64452830345725 44.72948185757224 36.2108592994025 43.8400360316991 16.243338123319973 63.12767982208682 0.0
13.432056531133895 2.9890105876861384 46.716999017506254 0.0 67.5341602220843 21.706617334510895 124.16263124813125 4.398043270017716 130.44622570564104 49.77905793562917 88.38509546794347 72.38573650405772 74.53203368928442 96.44456887275226 47.059001666663235 106.08932553434946 0.0 111.68652761961187 13.705107243529739 63.174671739898756 2.684784782796811 36.02551303114194 13.432056531133895 2.9890105876861384
115.53883556867694 15.6738004808509 135.96437462065336 56.66666241650924 157.39032123589607 72.69282829315863 145.67483170744063 99.67506644314375 223.18618450609736 143.93571427959063 149.82042191865324 146.80538428727118 143.20227929569808 208.26183714265858 97.98792046547094 198.9706258071896 63.80212046956268 174.235723021833 70.4492651607768 127.70603269395842 60.14654832052889 110.24587032668023 43.26200726362063 82.43092876780655 0.0 0.0 101.76207672170985 89.68187656134678 115.53883556867694 15.6738004808509
84.43174077355016 76.25489796615174 62.01358001858226 104.23499261512919 26.807035027996506 87.22053370229114 0.0 42.19910720601729 58.26040016763426 35.657393772941845 84.527866785479 0.0 115.002583467216 30.830910079056977 117.21939490002194 66.7859826798735 84.43174077355016 76.25489796615174
0.0 111.41672730418475 80.878572809932 0.0 135.1073920483434 124.98952743319757 270.47994563106045 224.11858614380728 116.91768211298903 250.61023219458465 31.03838892118671 206.30408003813636 0.0 111.41672730418475
38.76922815299298 22.111131202135226 26.304757168938337 41.35047884611255 0.0 28.117084872114376 16.344715042348298 7.146724898905077 28.09774311949819 0.0 42.324588472730994 6.528763273718141 38.76922815299298 22.111131202135226
138.34602858633917 8.83422636724461 223.85287869670833 23.511868497366564 102.132315622762 134.30774688056368 193.25189074394657 174.02139675416535 150.84815154109015 211.91023836825775 100.52504620743436 210.48580199250296 62.677986384459004 193.69873980034222 0.0 181.85089247269136 42.93929446913459 127.71569441379826 65.86086937978635 103.6743235727093 65.38543657452209 0.0 138.34602858633917 8.83422636724461
16.82613917023116 84.92639922289759 0.0 26.110708167904875 47.300416304159995 3.8374830003083247 97.08493487756265 0.0 146.2421128438397 7.19492255827754 169.4650379229783 51.85188415295663 266.5849353159376 87.53178613342527 132.43019502669216 118.33399414408419 173.59787824608696 206.5980016594581 105.63399260959096 170.6295513426898 68.27641411018166 174.5503351905979 10.306120656403607 178.1449171564474 11.109860948235593 123.0543086383019 16.82613917023116 84.92639922289759
0.0 2.836504088114552 35.80932428166251 0.0 48.922350635699104 32.20128162591547 23.182435184298384 43.87306206652532 0.11503836812939028 35.558272719748615 0.0 2.836504088114552
21.738281585111494 14.240983917684474 28.001706043184285 6.968112466612283 32.052928408592805 13.843501432094001 35.00020125318903 18.41148489665261 65.51682649843359 22.35218617154092 29.755119550030244 26.212191819074633 41.962441423868796 43.803078663530385 30.546099707195268 47.433334960690814 21.876460909440368 37.35130123309831 9.86928897738963 43.15208405687504 2.286683444856081 35.554986320223534 6.735148599687406 24.297627305326543 0.0 12.902111744938026 4.042826486159953 0.0 21.738281585111494 14.240983917684474
95.64414987831896 64.8420215757638 22.337775421915296 56.828146718189956 31.08591527048678 28.721819710354083 64.06449598785817 24.892250841811098 76.52010409005113 2.5910510685668484 101.72145244048097 8.672829690396945 130.72210404844668 0.0 135.9151869590856 32.533089960945134 158.67036960474945 46.43671751930586 111.24417802652368 65.9367915631442 131.51272670582017 83.92193668422746 153.66034006306415 136.3568729489394 107.9608390409372 106.59600262630514 93.3826179529363 89.67017560444522 69.29399261985695 113.72767501776661 0.0 143.64430592131316 95.64414987831896 64.8420215757638
0.0 22.656324262353493 2.2969105861388357 0.0 24.71440955590346 1.3838495946930323 52.30671585589032 1.46094425570341 22.44018337572851 19.687691357570884 31.992635090975725 46.8645678380214 19.27143254670382 24.911943964029717 0.0 22.656324262353493
42.13047342928229 48.81370420407566 24.033153514507063 6.2169498937858165 59.28476955609152 0.0 86.12725504671337 13.17931468081403 106.98786606281085 25.426154785227254 125.29774458368684 41.35096459453234 114.64545578700726 64.3093504914861 126.42896615680398 95.07516373949613 104.7796921471849 118.02399948347522 76.19559789185735 122.52796125828786 50.26364886684814 112.24914410345286 49.24356301930192 80.4442151510294 0.0 72.09470951365613 42.13047342928229 48.81370420407566
46.985597999721364 46.464073017499054 52.32464556646434 79.41808929185717 25.36573013604564 66.78415460878284 3.8517611546888446 61.8083152567899 15.357600433693719 40.67668809388689 0.0 18.463578294340216 25.17796671538133 21.99577069014422 49.86576242118248 0.0 84.98761158033163 17.604691003620154 46.985597999721364 46.464073017499054
94.32628695292678 206.4593130760641 0.0 65.45056746125121 150.13385991870962 0.0 231.4060880226798 130.7780434524706 94.32628695292678 206.4593130760641
122.13838499416481 54.60315322140595 202.36186858559267 0.0 143.7324768812017 70.3841062830381 257.4253328598325 173.6793907466735 143.3135933080957 161.14966055532554 82.62561483866378 153.77993784857915 44.083027502062734 104.61883137257001 0.0 35.66032412033812 103.71465611839956 46.71563598802676 122.13838499416481 54.60315322140595
23.39191308320143 0.0 32.52731223529861 17.324146225156028 72.22212709313241 56.34776886740484 24.875184152928696 27.93266729944517 0.0 18.64936027679768 23.39191308320143 0.0
42.878375063329344 31.84100081282702 62.268454915422865 10.475706085446006 78.69339564879115 26.137943368699283 89.95987373905363 55.28056889861591 54.31265785835093 55.78179266603347 40.42159817453738 56.82996195849981 29.05202408130812 49.54181424283205 18.289801590773635 39.10230467820982 0.0 15.051641171022865 22.40459268339228 0.0 42.878375063329344 31.84100081282702
62.80378479923657 35.3262772789525 98.9365383460527 24.737767049987568 206.17933286447106 0.0 134.9103057452475 83.40470199681168 88.6812749728268 175.99637711110154 0.0 109.51842104042682 62.80378479923657 35.3262772789525
176.28961830439852 0.0 250.3696677722573 23.798895538591836 339.8783091416134 85.92489628634216 261.5214035647425 168.09328762192456 212.3404077689974 241.18049457066996 121.07693469997534 234.00806491354288 26.772761490135764 189.7774013874864 0.0 72.46120968957479 122.76603281180402 43.142540236715725 176.28961830439852 0.0
21.310155774491307 7.6524758382959135 60.90559103521812 0.0 92.25059950082075 13.552832981311099 117.15126836793449 49.18420446519052 85.76853478659524 83.01824979346169 55.986562784138215 53.02482813848428 0.0 54.49810256703499 21.310155774491307 7.6524758382959135
47.68615947796988 73.07902613656051 0.0 56.4144720447882 21.349848365100726 0.0 53.64839888802567 31.888121906114662 84.34781498097922 52.51236418167646 47.68615947796988 73.07902613656051
0.0 101.85981138131785 37.568052768994065 38.57168984021183 111.4414082813003 0.0 169.86272034126227 93.6729353014917 75.79976317313456 135.60979626601377 0.0 101.85981138131785
16.96098532428843 104.0555787433569 0.0 56.386281557897846 42.01976929295523 27.794690860183863 78.25699283609137 0.0 128.91977622576533 21.68034944992666 158.73553664006516 75.31816106545418 102.80027260956315 103.60447170887491 61.94481256414318 145.59545007933679 16.96098532428843 104.0555787433569
85.34634308403804 83.45238647923381 52.167351785538614 104.24194280360334 33.361595177478875 70.10385455380879 0.0 34.68463380395257 39.88749470595438 4.353614260806147 80.434353667501 0.0 116.09794998858669 23.21105259446646 138.40116024494597 69.5731962536207 85.34634308403804 83.45238647923381
70.74782101037388 31.878082049195214 57.16574114282246 44.75284788880383 51.35914431799582 64.7875507537089 34.48492600124485 55.03399583683775 28.277932469758248 42.75852008791776 0.0 25.235603935134975 16.546418888674175 0.5550259303404346 44.73231828156597 0.0 69.78340978787523 7.958237499126454 70.74782101037388 31.878082049195214
229.76556387488654 213.0200150614126 144.0788466085989 226.53881071129382 86.0239226757308 245.20112035730193 6.275233070803992 243.75475309295288 25.446561574943104 160.7447364667928 0.0 110.23382007381072 5.317139645444854 36.477723714875054 75.6027459085561 0.0 146.94078070527218 26.81680859183858 165.86995610932485 94.29646278535944 313.0820172109012 128.70533363657233 229.76556387488654 213.0200150614126
103.79906667077695 17.637933191881487 157.83345460020473 29.942685166328516 280.30177370666627 66.90801529386913 237.9123133161195 189.68599221139743 132.58441851672146 253.40235647795265 68.01910427639064 144.3273026648007 4.120412929486406 101.23595020625002 0.0 0.0 103.79906667077695 17.637933191881487
149.873054212826 28.011559032522356 195.0426655745186 70.3087957154463 167.15799805319918 126.48826238525893 117.52470978223036 144.04635380891108 78.5781780844984 130.66396839794794 38.35800930720853 122.97102695471443 0.0 86.24534752705378 46.46077751857197 50.43536813966962 57.58198240403456 0.0 105.3675710364557 19.462001723148987 149.873054212826 28.011559032522356
60.42749004674889 50.07884471703835 54.46794608730669 63.78832424405962 41.754394406848355 65.66107650097376 26.831233644691885 63.64239334714006 5.819066611574364 58.739082939958934 0.0 40.94846615515196 33.01952030562207 28.80644201487604 23.52883341109831 14.347202237790341 31.57625280759128 4.193986502258014 45.296831947045185 8.95895087107958 55.83764132837276 5.58521112463697 73.58930104389768 0.0 87.04432798818885 9.435246580103069 89.75066644098911 26.097005081173336 98.27234975147039 43.32226016988456 81.34829766451696 54.46185823547147 60.42749004674889 50.07884471703835
184.9823665259203 200.0371653059251 143.29153053855725 265.2311427798788 118.06411087724243 151.8645150389886 75.02624754276863 159.81746266335625 57.57795469111724 127.2174667176027 14.24622825186239 94.15963264272561 0.0 33.77809543272704 56.760730101219366 5.644375700824526 105.28566683729537 0.0 140.79471166464685 75.50522055157153 140.6034732516617 92.78660764038823 163.68934417884208 69.43126745167683 246.6111320174005 47.63188461756031 192.12520045561166 91.30756317885533 294.46512316396706 153.80400959130873 216.25594580699408 166.39180519348213 184.9823665259203 200.0371653059251
227.00718407694012 296.86172054638973 154.20131556327078 242.45264276038586 128.22595041895642 207.039745833566 79.34868084239042 224.45706074383867 24.6739644366956 204.00020974613474 47.52001003543728 151.2719714214615 0.0 85.26643925371287 68.72674644249665 61.466315380485256 99.48482538338988 0.0 156.58776805987497 72.6640476919906 188.64368594149784 83.35219935748191 224.52591522177767 97.84254050163622 263.72664720749094 130.6263688791617 317.2192440309634 193.2090155638351 256.9655991062219 236.50339191723933 227.00718407694012 296.86172054638973
27.377741705419623 87.33669724001852 0.0 43.025635119317016 57.47377738094917 31.679153857776242 80.88031091188795 0.0 107.91042581623847 26.940084199774645 121.29753670188953 60.340329911697324 117.04105404763143 109.95693884687832 68.29231096150879 98.74283539187049 27.377741705419623 87.33669724001852
