100
62.275180093116404 19.018461484974523 93.95419019954912 55.36163014986428 125.7847721015368 0.0 154.00304947805262 21.935191649983715 207.60290895622245 36.28698795778188 173.81541303704034 85.2106922284436 167.04108434587647 117.34747220572369 153.8409384966567 152.02481184340473 113.10103680124648 147.64668484252962 85.39376443653056 144.3426335276501 86.03895013702513 96.40188701324213 25.651126088575012 129.02704046304592 47.54822368913975 90.83180761311715 0.0 58.83377974853771 0.9619541178917643 8.183543786578213 62.275180093116404 19.018461484974523
5.897686157739599 106.3523520279734 31.011090538828455 41.53518326781335 99.54528703750593 0.0 161.29719279598737 44.858211528295456 136.12106784798726 141.28102124267514 227.34880324894857 151.69604637428858 279.96673806139 237.61186816533933 167.13401339168496 245.17746442584198 106.36027745994258 204.25432242859034 73.496521963673 265.85789046794343 21.78617981025218 251.7965253316771 0.0 206.12325502290696 42.92592742976302 161.11689793954463 5.897686157739599 106.3523520279734
99.97820223691966 168.78533219147033 55.41535828691107 149.57857072942573 0.0 74.71202223330397 42.69854289610413 0.0 126.22731122189265 54.217776518138876 177.14600273827145 54.14869429356 232.63772745002115 80.5554691309578 197.52019074921992 145.8057743946445 311.8747509210982 219.2823655522554 184.4224532766798 211.2246223283746 156.90514150797512 243.48757709716168 99.6743246038071 305.0277650149605 66.39916551549808 233.06947363081613 99.97820223691966 168.78533219147033
58.35482882742468 11.719880618685089 103.43387227704496 0.0 168.0801167806801 3.6281280764253765 151.86517786968722 67.09700394036697 125.96037085952155 111.38307213062758 97.29257952665839 57.82287358729111 0.0 66.10294033423 58.35482882742468 11.719880618685089
7.443240689862336 107.32755210111493 0.0 43.089146272364346 42.11235822043835 0.0 124.48036368881588 52.92751858257318 149.39925054326264 32.25030728520743 185.34137865350314 24.839572145483203 170.12694313947114 83.27454811708752 299.5813950927523 71.32345196755999 301.3029092375889 136.15507342546817 160.9753775186652 117.51003876768182 205.73981592108132 211.3357491389761 151.1683445510606 168.31703337612402 106.85097658668244 221.25402725546616 120.89816048631005 128.02414381603649 133.71447029588134 107.99330565287202 7.443240689862336 107.32755210111493
175.22151441752277 162.2023531801869 84.1478109317294 163.63325669958277 28.16019915374494 170.64712979632847 0.0 120.01651200631142 13.579063976773142 70.7319192526187 36.1269818207536 0.0 90.3211363517351 60.455629484963396 115.1653088381822 87.2296256101159 175.22151441752277 162.2023531801869
162.28018811712383 172.04366989916815 122.71156218702998 202.54644634903036 49.500133401020406 201.43687916290676 0.0 136.09723373274343 53.61526659765221 74.33442669218833 87.23690293633985 11.2089579537231 160.76828542410104 0.0 144.17818254680554 113.91928179864149 255.47652372909138 110.14930504540204 256.5236831844403 188.33646861467545 162.28018811712383 172.04366989916815
131.09804216996372 0.0 132.64742485621866 76.19268087100674 244.0270869230755 85.07819025740045 172.93841175125104 130.3517931434887 127.40648279047626 129.08085495747446 108.38566229465273 113.26725765345337 29.604256810513533 171.49154131765965 64.58335261188932 100.65420891966413 0.0 33.781120128227 83.41427634701839 32.59314115557173 131.09804216996372 0.0
57.39342949117744 214.6686995441681 45.731408973454535 119.00091003420167 0.0 36.55295301010281 94.29462720963298 21.01765374218003 145.07699102000333 15.848364202919655 244.209630703306 0.0 294.290849796995 91.86596169134174 187.13752655115644 140.4888826775514 150.34510937165385 232.6387435155294 57.39342949117744 214.6686995441681
95.21493165529944 154.09556884038463 0.0 99.21574164027379 76.48620652110495 55.147314722226994 136.55092278458758 34.39206679985497 218.77416432704032 0.0 286.78882879518426 69.00515294599454 238.07083079425186 151.6469987879426 237.98513373467858 235.48219750277704 161.53524379221744 285.13502600948993 91.62080763370116 223.1666577199335 95.21493165529944 154.09556884038463
263.7614775731109 0.0 311.88373920968206 117.84677760097817 190.15346078251042 234.14818725132147 0.0 118.6254565222474 164.23186920220508 5.391158875821787 263.7614775731109 0.0
192.6341538347055 277.5211576439078 179.30055502538704 147.58332292424166 135.1719620765523 173.10977172272942 0.0 175.69989174788768 24.252032966025183 99.46351343143829 158.54469058224797 109.23615705055373 149.93031555777836 58.29220366136455 181.04942682326168 0.0 234.5952324448215 19.46056120938958 307.7164639200932 24.421963885568417 272.7311594571994 106.69015240014016 268.20783708749764 144.9895235330673 322.8806799668914 231.73507226301388 218.01427879426996 191.93040803781258 192.6341538347055 277.5211576439078
22.342154263221282 70.22243637149629 0.0 4.827371531297409 109.27734299583105 0.0 69.5581612056695 88.43233974539093 22.342154263221282 70.22243637149629
0.0 31.268678543523535 24.860232005034987 20.439155937178157 47.396728809320095 34.877970934031936 67.81168196185811 0.0 56.78436548499138 46.667373554364346 76.13997228812305 45.30806375456865 122.02553198824138 67.16846189903492 82.68961257046783 77.68523675815317 75.23888305275811 106.84777407967762 46.75489826518124 114.71387161000392 28.4342483789747 89.69071487146284 26.92991409313275 67.47147531201988 35.6813397119725 53.82361925703168 0.0 31.268678543523535
85.572026095171 90.85550636895742 0.0 79.40181609045574 90.18392359721484 70.04877693136052 41.69989704193533 0.0 92.06463636338154 14.7288725466031 116.76702075183952 29.480412320232936 137.50690744991226 34.65503904672071 181.48067187952077 30.155379498081167 178.18578698344183 67.13599832351504 167.5939728455247 93.94927558449155 189.4639429256744 139.93446731645872 144.50965042304188 139.45735955559223 120.27461127839923 179.0584853353255 79.31019220342748 174.16560612599835 60.33818404774947 134.04268262678218 85.572026095171 90.85550636895742
132.08838958446205 261.2603010091908 90.69413225086403 225.59037052549976 79.44860406398706 182.08688471240708 0.0 172.28436161384647 43.845531315974 119.1955287439149 77.30364490104208 94.62135717408637 51.81747546442685 0.0 124.7689256675308 32.893764653176774 165.48040966882408 39.65275550734029 217.04947856008835 40.78222461954205 276.6169389224742 68.26206357681257 248.98019417834087 131.63872781437908 193.67919196043368 157.57639129325287 215.91092813853115 213.54024629655245 152.8344547020928 174.90488188954058 132.08838958446205 261.2603010091908
235.71465743989432 83.20775789421212 308.0514069599843 164.92403480953286 216.36849839664654 222.8422402631475 159.63386636775206 268.1879635187905 110.01318205450056 214.9537199744985 0.0 170.55304691399752 36.42563576702781 59.384580122519594 150.16039059089005 0.0 235.71465743989432 83.20775789421212
105.17898957495575 0.0 180.31705291986046 45.90248830330938 190.19769714947407 114.59412176184308 308.8465240745958 105.39537712906622 221.23004039454193 170.04856629364022 214.26021689677833 209.99106620567048 188.0505419020266 267.1192847394918 123.77125881960976 279.61460384741497 83.53799959419003 228.74918789861485 95.94734743679587 173.54997209165288 0.0 126.32891844448193 76.51093192229668 88.13946218271157 105.17898957495575 0.0
0.0 197.67122158252306 71.64685602383392 141.0056709043751 57.26019437986196 90.35960164384159 77.13040793108853 0.0 135.37060887391704 127.48443051902919 183.7493081462141 86.9252062338602 144.97394668073085 147.91057745297343 271.8659703517835 175.659443968961 250.07570715264416 248.62218626214286 175.6582151750304 269.1070626386981 119.6106617478441 231.61271874722794 57.72516682170826 240.93428336592353 0.0 197.67122158252306
132.2107978688263 168.37652816361594 97.30392532399543 156.692480700589 26.143761313806863 167.64541207485541 0.0 110.73957403058819 65.57691718306927 74.77289593771448 62.13354290007567 0.0 121.0327305287421 71.35119767546814 166.1025857436589 38.18450859442133 182.08544161866246 78.80978595899147 248.5710523114576 129.0465060568531 213.984691026997 198.13586775322727 132.2107978688263 168.37652816361594
64.04798468862455 11.319909358623732 202.32103431717385 50.59468490329294 48.806954252225054 76.94737459241728 0.0 0.0 64.04798468862455 11.319909358623732
98.50647150513177 222.674080429115 0.0 171.0084423332961 26.513308771964788 69.75491296881454 74.92240737754204 8.348599907851337 148.40427832306585 0.0 266.5022564387744 3.1514407722981304 263.70542580219364 128.3931154623357 202.68483372585325 214.50545486231755 98.50647150513177 222.674080429115
8.108511088124587 47.590855420662365 0.0 0.0 55.25781846924262 23.093589077635663 76.7717496064977 5.852808783998185 84.0377409947984 50.4820452333682 154.79444734623644 14.870344642364422 122.73693475667157 61.586495604158614 122.53325528872246 85.24616170240921 113.418384604958 107.87723799706721 77.55424330051295 79.71888413214161 69.05670485474751 114.95182959850489 52.03987909179763 105.53215627393921 38.880820617260895 91.72133761790045 21.558792917050354 76.92132569773577 8.108511088124587 47.590855420662365
126.98337194380522 109.22917475194001 126.51538288379007 64.75897642271526 155.82128759789566 0.0 187.14265812247496 61.419414487252354 214.77489167530038 78.39832840821416 325.47653341890873 70.33369917406412 278.52813290774566 138.3225423944616 273.4992111671395 185.99747973967493 264.91341158365225 244.47057740352696 189.89041995733507 221.6483989249345 156.76254377349537 242.47525078224362 106.60858036310314 256.6478557694855 32.389753386376796 261.3162389597423 67.22396294579433 175.3183373901665 28.32682273447942 136.8242631179374 0.0 68.68929747834437 126.98337194380522 109.22917475194001
36.33584964198502 79.55405420515393 20.724104084301928 67.63530002110352 0.0 53.11994218038158 5.688053926442933 28.491993387634487 19.12649617943896 11.745345264230998 45.62424260849998 25.42501526665999 55.02296686972136 0.0 66.10474583354353 16.770729430939618 94.98889893743018 16.159151674383175 90.18580105911315 39.47795416710638 84.49023900605822 57.22942777851522 76.30792122784412 75.13267225406543 52.14768733666321 45.283981156577234 36.33584964198502 79.55405420515393
70.69363817134615 48.4470539772017 62.198659912056485 59.690669400527916 53.108349672829235 70.03765146910163 39.45723428745343 62.01131523435961 30.153069186967542 59.45742986737363 25.072455364639538 51.961387868847304 0.0 45.50881407563231 22.522336544275035 35.31733318635208 27.476680489210423 26.39527079190696 33.16840601135773 0.0 47.50745948862098 20.26531044608432 65.89788603697858 17.00504042894955 83.7896615993144 29.274150128395753 70.69363817134615 48.4470539772017
231.4901505606785 238.33604064464157 170.33821920402823 216.0114102454987 127.29954916907161 223.0322456572528 94.64333361433583 195.22539691952724 0.0 199.6887420954396 19.173132079526027 128.40641602562854 51.97826119218129 79.02587842615193 98.29784237220855 62.295345179822924 111.95216119719342 7.458990129967873 161.0530075011315 41.82799163498379 218.46133925712672 0.0 275.93828147940076 27.513991002840655 323.6324425716791 75.1579897679369 275.85164327614484 140.8466475268313 243.98656513952608 180.23503044446173 231.4901505606785 238.33604064464157
215.4147302264205 102.398701859237 72.5904905535676 191.26524423665523 0.0 71.54945103812254 98.31861575910736 0.0 215.4147302264205 102.398701859237
18.289306429542044 65.21564228501717 0.0 22.38284942456714 34.04398745650783 0.0 84.55680903530669 9.980935455435514 67.03433726418962 64.68854044794253 18.289306429542044 65.21564228501717
91.05214185211013 100.93092182361185 38.044468579186315 157.9092158643029 54.020762147537646 94.18151847842854 0.0 84.33050205360315 31.691170716739286 51.63722749895287 47.8145042289632 29.803832652382404 86.41736646597688 50.326608532642084 90.88173542190222 11.568427094312767 118.55206064889009 0.0 105.33913079206927 56.31833007642753 163.24589286351608 36.90574782639696 138.43128207406113 67.92504276214873 95.30400952671192 67.33847234040148 125.92731990537112 100.68252209675454 110.21224493874372 113.85309807236466 91.05214185211013 100.93092182361185
144.41851979104888 16.084699871983815 166.43136406522893 88.38343400301285 110.2016630595528 132.44448367130343 44.66031019878304 152.50966456096612 0.0 103.82580517529772 2.481758797506309 51.08932479079684 21.301275329940545 0.0 77.37617888487526 3.26463403937052 144.41851979104888 16.084699871983815
55.102757464269075 32.68137175914213 86.22910858518117 39.165158965845826 74.4190943238693 60.913446087984774 54.64971350293598 67.86322537093503 40.100399034758354 61.79791623544474 30.613307012894154 54.08444558560978 0.0 46.014076873240505 23.710518966147788 30.38841607538921 27.37763881575836 3.593073399974294 54.19108605443574 0.0 55.102757464269075 32.68137175914213
32.948164379173555 50.15453324457917 24.94471939847623 16.748220460568064 57.62430604227003 47.345626359959624 85.89778054695319 0.0 99.88946258530578 30.30627117647913 88.70684521985683 58.11175036291995 124.29012961856702 89.37872665419258 91.3660310302401 105.60857117655387 65.07446954279098 120.05393060172698 31.02384989936818 122.78745384851977 38.89548392845948 76.14965411679988 0.0 68.1602958504299 32.948164379173555 50.15453324457917
148.06932317565457 23.564976568474123 185.3913275878617 29.555032030585238 221.4296713864854 50.98059642410946 225.78941623857597 93.70438799179605 214.1125685037837 131.3617134204083 248.4085126504671 211.86137168530712 164.9145970277945 178.92419371240442 132.61072684130585 138.10013442245776 109.30860714124314 154.55328134452452 91.95373775242588 140.05549386111596 0.0 145.1772636343469 34.24651709532739 90.7084989616334 59.5883284225699 60.17778324122924 84.46972607086882 37.343887098697536 110.53303936991935 0.0 148.06932317565457 23.564976568474123
90.41510967587769 128.2731245229279 49.254412075387464 95.19290741105587 0.0 82.16094789617128 29.14948943708646 38.863426241277175 45.57933720117832 13.404567383894793 75.17971266073336 0.0 101.66869102651592 20.300731823179653 128.13757791352185 45.238436954534045 132.75279562612337 93.78702300083654 90.41510967587769 128.2731245229279
208.24801947043056 218.36601140561743 46.705660171484006 225.73709938667946 0.0 91.96855467796067 37.99405762245502 0.0 124.77569663898926 18.892821132087157 302.98121967486065 51.515163162407944 208.24801947043056 218.36601140561743
0.0 181.8466447184145 50.614623270355054 23.924943043749195 226.6616091629279 0.0 171.12158469085992 176.68369138691259 0.0 181.8466447184145
10.49280505685077 133.71841521863445 0.0 97.15505655257313 35.74630367542497 70.39408203825772 48.7440447765229 52.8555936144145 51.022242034137335 6.509613988476957 86.98372085767248 0.0 111.82938708381509 29.966611764099397 129.0220514095982 50.07029885277756 127.64772434784318 74.04667606019659 164.57401259948688 95.88575608968799 176.7930055278685 140.12502923127755 146.58026793206494 168.398122593888 103.80529625991443 168.88397506959063 75.69106399985202 141.3343369187632 41.7994074229024 153.21051073970398 10.49280505685077 133.71841521863445
50.874074459691954 20.56627288655045 45.11300346755645 32.96578860967577 36.111749039247016 40.9525706811704 23.748283625621866 49.18843818812097 10.513799369489135 43.83904070548033 8.462056638849901 29.54917003857743 2.1463936614032377 20.368721825565586 0.0 6.570703038316552 14.896570507171589 3.6304470677555543 24.280768072076967 11.691821961646312 36.44372654766998 0.0 51.443947573398304 4.810660111705886 50.874074459691954 20.56627288655045
60.186574073588474 8.009316244249561 84.763458219729 0.0 84.89442567179829 23.377721031399233 85.03495407439418 37.8572170837345 89.42122252399106 52.86464043258614 73.65984243561853 60.3311312779107 73.75751503482913 86.48824736937601 53.6472008081756 78.09352362787467 39.72787043047934 73.82807270541042 23.49950904960788 72.23392365311238 7.657395523347446 62.74794647667052 7.925712516780926 44.95787245149215 31.731162977134048 35.566055377712246 0.0 0.08826812651069815 30.96561159509325 6.2285683630695985 47.80464878066904 20.293939109386628 60.186574073588474 8.009316244249561
134.17011812408862 130.83845211239608 82.48900898008331 204.4208787395929 55.842914248062826 152.82951201409134 2.1878207952592845 113.25024220200137 0.0 39.031859183809026 71.26723029194795 14.33147549049805 124.17211362188431 10.084640505075072 152.571680084542 54.24139037917234 285.38862588477195 0.0 213.87359467512954 92.27728365867384 155.64801449779424 109.70682237382258 154.47461268321246 131.5534687309834 134.17011812408862 130.83845211239608
29.345824220317454 113.92368275828139 52.106272187584466 85.11318231821896 59.19737798955366 29.658735133251696 110.96254804295012 45.904862981182305 159.0860678359654 0.0 183.7080193952077 55.56182933654962 195.77826318963088 95.67782332745803 175.43111783164775 131.5509337037921 259.30896278420494 174.10921788985667 178.21902030526329 179.48597548124394 175.35305224415967 227.99033944156665 135.76826146889312 223.642413759951 102.63726754889454 225.99066543103467 119.11492796190056 146.44217344667686 44.60593214917631 186.9825601573529 0.0 157.5298938890706 29.345824220317454 113.92368275828139
46.690033648496645 2.6475914746262106 55.55034608822191 13.304558307298635 87.74181456325053 10.436463957908089 93.25677147716232 36.495588968771784 61.568281043935905 43.59160913223458 51.052810037034455 56.03675939512334 28.927926171841783 66.90979836248647 9.051963389704007 53.052234223023305 0.0 29.032910105001932 7.1193253137213475 4.804733918615099 30.664789789607248 0.0 46.690033648496645 2.6475914746262106
40.62897657793653 3.6677230264696306 52.543726792211515 5.287162806012589 71.77267215618778 14.782764772544198 67.9298072564637 35.512102567811326 58.07536594763344 58.9963234462808 31.59761410462275 57.09876786953649 13.37127381341989 43.334587028550516 3.2569302615665947 24.7338939842044 0.0 0.0 34.00789991103174 10.857542440609024 40.62897657793653 3.6677230264696306
180.6431510188814 18.859891015119636 159.08782696808845 96.14387401713032 76.02009704061427 98.64955423028726 0.0 0.0 115.47683409028623 17.012885480627652 180.6431510188814 18.859891015119636
295.048579020551 220.83337520594708 153.65273180813426 210.44327804606976 73.20403068827031 263.3648626828209 0.0 191.3085103679389 107.42702883691608 129.21142901219775 79.32931395263826 12.486206554370568 191.68564859715582 0.0 237.65486476408893 99.7768867049945 295.048579020551 220.83337520594708
0.0 29.392436531947453 22.178672639233923 14.68903356324455 29.38243263840991 8.357053258734268 40.27272225942363 0.0 55.507576051515926 5.061645368091689 55.429325072601415 22.48777387709717 58.32621412758539 45.08258142012184 36.9098036736664 41.81928472044878 20.60304235429888 41.09181205229601 0.0 29.392436531947453
98.7191986266319 4.9703288716233445 120.03373544622616 31.354829093706662 141.15347874088997 85.9365266368329 84.01660246065765 111.06449864954584 36.098817257768616 80.45929071393073 0.0 23.908878093828484 64.10271379773484 0.0 98.7191986266319 4.9703288716233445
77.0945152928405 236.23108110082964 70.90121038257202 174.41046242100057 0.0 139.17296742117045 100.82728498965696 100.26454602399053 146.8676565354017 103.01364855023931 116.71621861214041 5.279556204161622 169.2392308741404 6.751721848720848 223.68193920976424 0.0 219.39971362255233 77.26353279488197 241.38782960097203 99.21815130669616 293.7715130667497 138.6599489975049 279.1203558275366 190.6773297068834 217.03308631889252 196.04760068907774 181.73297663538438 210.07151400524063 151.34595491282766 183.39261816326731 77.0945152928405 236.23108110082964
0.0 148.0085925667383 40.57719242480354 0.0 228.06886956518707 49.48542521084971 101.03181427110151 137.62900598177345 0.0 148.0085925667383
0.0 166.06911392591917 35.40036798184427 97.21799103820086 45.14769576547636 0.0 125.86029919222571 71.8908293902449 203.6616182742383 53.13900820541947 237.06248147132885 125.43377699215976 246.17748582323233 229.02725419663676 140.15789440975098 238.69719021327555 57.9071982977003 231.5755334748118 0.0 166.06911392591917
16.909417183388967 151.88717113112924 55.84348830158862 106.39010414015904 0.0 47.90168371958544 58.527817343744545 28.481668132252494 106.23544370533384 39.71333741701318 142.80630348939206 0.0 159.67131634733718 57.82512206813843 238.5245838065403 38.37058745399966 220.13777627774317 97.69046644902113 177.33968530479345 125.29804738505521 171.61825915556102 149.12433294507605 158.55531182573603 181.00571083660503 126.31135110112207 142.6996163234162 111.25785903947822 144.2409022252502 2.6750169481408363 230.2999697996188 16.909417183388967 151.88717113112924
239.57587295244252 226.84457942303806 70.75531327483841 235.21842917274193 0.0 105.52219486999722 44.40562412594085 0.0 138.34735574783556 24.3421195681075 231.33207551725278 67.10854758476034 239.57587295244252 226.84457942303806
117.5606975206898 16.429837852416412 147.3919424382082 4.321359004254617 184.901291974261 12.49693201686842 201.11439053072286 49.367701489004546 234.1323706744866 99.29745834480532 185.8696387204477 128.8407571844018 152.26769833083884 165.40303147888415 113.47403489771814 112.200851504617 26.642452541136393 157.66181390924413 0.0 92.07170404121626 24.816135933493314 33.105804243320065 70.31160902865656 0.0 117.5606975206898 16.429837852416412
21.502801862645683 28.910358218035142 0.1714566306625187 30.724568878616935 0.0 5.604175195569397 21.474418993247127 0.0 50.2043730277592 1.4749206762087397 41.258622072871304 30.052412041766317 21.502801862645683 28.910358218035142
106.62558142431631 0.24815572583679568 146.2873269170118 15.323758347384 133.20897740113054 56.21737373112836 108.21021500275602 76.4664369863298 106.38903678220733 117.69655434295007 69.3522681372741 102.35413619154667 22.63589808389095 126.407475505548 0.0 86.39286627106665 18.12184457986507 48.71357763795885 23.296188593499963 20.34491825753841 47.228611751365236 0.0 75.68156213345634 15.385959721362603 106.62558142431631 0.24815572583679568
60.69709034813054 0.0 79.94794766432096 1.46970466261061 85.59767580266191 21.63857671524174 123.83496098177605 38.98675080333588 90.35738407367967 54.83745222810282 77.03814762307601 71.78094768626576 51.79751953523478 87.09813358620318 30.03669859439271 68.91549123623454 0.0 48.71638455216777 30.669101287286217 22.268753755866413 46.985917091494336 13.66906250433128 60.69709034813054 0.0
113.49761659125723 75.45797015277051 28.887773059920917 76.18303053774207 0.0 40.76063397299249 55.96871055412136 0.0 113.49761659125723 75.45797015277051
56.69774894318109 28.11704771328438 70.25728148622261 37.55434848988942 89.96028195019386 61.43461925038133 48.518255647402334 56.98937590082896 47.74962637156302 83.40670256582582 32.735944430377764 66.55399778298167 13.730133046961278 69.81294962764157 16.940594261336564 50.845508368793105 0.0 34.408919488047005 6.451995905117009 11.051443727944147 36.37426798690051 38.825364074981906 51.16947503398257 0.0 56.69774894318109 28.11704771328438
59.65582295959308 110.72374698549189 33.889691313130676 109.84788793590334 0.0 98.17335050283364 1.187398541939956 67.0037678354629 11.10255619787521 40.49702960328467 14.061707364773717 7.894708476977613 50.9670929687737 14.186332255866951 70.3253811661799 0.0 84.43603416026437 30.563751969947646 126.85817615601135 0.7973586066146083 182.61929606487752 5.509680105976635 109.18930513542668 57.916352115037796 146.773914997551 83.45065222063421 183.1497902920138 150.86746932181782 133.52432332991668 168.98539284656442 85.22733688855942 149.19997396568704 59.65582295959308 110.72374698549189
17.669372307694204 74.34543894333791 0.0 0.0 40.40129566618806 14.15515586640808 97.60786585711789 38.50324002471467 17.669372307694204 74.34543894333791
127.42669315248551 171.93084221517114 86.06125646810793 204.04701827251705 45.918361912115984 179.64188753189893 37.977849933304924 131.90050840415785 0.0 77.84371540352366 74.81712450725803 66.69268729575985 96.38546972003168 26.37764591502402 144.5420537512923 0.0 172.45529686095506 51.19176841247122 217.0510784107612 73.22472172639257 188.90292071921078 118.08466740831288 180.64253691348765 149.4654849549563 162.99868795282464 178.8888713088523 127.42669315248551 171.93084221517114
0.0 105.41726934773139 58.967133532317206 43.637675100973595 130.16307705335885 63.465856783523755 182.02630717923745 0.0 235.75800994981572 42.26938638951256 279.6210964409837 113.82231879764423 224.54488187807092 171.59763928852928 153.33606974948185 145.04888983556992 99.05292352773156 231.08714844664985 45.692496700302 177.53219330313095 0.0 105.41726934773139
30.025321008657883 69.20304742021922 0.32953877963696954 44.26369875914858 0.0 0.0 42.92260788305887 13.536947354303294 74.08028873418061 22.224133646207562 53.33318559828507 45.581897094951 30.025321008657883 69.20304742021922
46.65071025507413 138.97980660379187 67.01150064843488 85.70361857742814 0.0 19.81362883168672 99.61017040983506 43.852701487662756 122.10790606548538 22.766055546635037 172.39699774583423 0.0 208.07259360989417 42.31338485248392 209.15626190086218 95.60607771383468 191.1249954707472 145.04906802022785 135.07183831831708 130.88216735842076 99.17589108819823 150.61103527642592 46.65071025507413 138.97980660379187
87.80484038732665 167.17819616955273 46.00643371391325 186.23938185416716 0.0 165.32230165899603 13.72561806074475 112.65911731701289 30.57038325867822 82.235249737381 29.36056579519999 37.901164149354756 76.76942933550964 60.896792381759774 113.30170347581685 0.0 130.11869627892315 56.084833779599194 146.4013706143001 80.4463133535354 193.43069549086886 114.07572188423329 138.770066573601 136.36723512835187 112.35484395765013 145.95603457153447 87.80484038732665 167.17819616955273
85.57312233087713 174.76286347305347 0.0 141.20277385752695 15.268237730737013 25.26564276222463 145.54679191678542 0.0 215.78302439076197 100.8048841908656 162.12518986583564 196.5450217993627 85.57312233087713 174.76286347305347
242.79958691484185 87.19502996255119 335.2257695287183 138.77531930564635 217.29566608673835 176.682407381293 233.1017512736131 261.7583091201672 139.94723237183632 145.37991498556573 113.189756849276 257.85238222459367 93.68863797517204 196.23874369225783 80.43847633222916 167.05501461829405 0.0 139.2367443168906 96.90478612566099 118.18643608130844 108.74977600960628 100.2800393981891 125.96201010550116 82.5523312801312 168.94135073519567 0.0 180.3130656790058 85.86780524384804 242.79958691484185 87.19502996255119
35.63525408675457 163.6252079116075 0.0 139.87484490889295 22.571607933720912 99.50137230833448 7.721826995301029 56.35953673695139 75.03489659282103 81.27107352183528 70.4004952342696 0.0 112.1326735862983 7.75613671754536 139.74853572876657 41.23343597700105 116.59931241101893 92.0302423037768 111.59070514445463 103.43056047631137 135.24339431633624 117.32801414994721 187.49172901617516 183.56324371948324 132.84839357780376 181.73338250664034 94.73711086567629 138.46243701570512 78.81625363929723 144.34788673601503 35.63525408675457 163.6252079116075
160.1381683975984 43.88152859914915 290.7918820151951 102.77136752407897 172.3552985254371 193.35062370977417 106.42550440732026 226.02836779214874 0.0 214.85080301198255 23.12815614957509 114.47139972036182 56.031437350674025 0.0 160.1381683975984 43.88152859914915
56.94482715808372 53.481550967239244 33.5324677472014 57.78334737521247 0.0 35.15203410673048 54.87146547889346 36.54506163278546 52.452651019123145 0.0 66.164977788534 33.23604729090417 98.9906252280204 22.60588810007154 94.4453621557576 46.632239027676135 97.50075151236143 75.8337630054516 66.65844689053341 65.18593746243768 56.94482715808372 53.481550967239244
73.45200857159668 24.054424780414806 114.12593776888356 19.295388495974365 158.89788427534117 0.0 212.61727713923818 23.623082923234087 131.6969928066411 75.91400242531378 187.2452163990609 136.59754521170515 142.12113032058932 193.45489957925417 80.59621354539604 160.41066389892143 0.0 140.00359557123176 37.47379800441746 60.45792735430618 73.45200857159668 24.054424780414806
164.99499267971015 53.86870010833664 265.04667519012196 106.82177286298838 158.33036861638914 123.45731949384059 121.66940698240602 120.97505482774524 42.013274084115096 176.78465631738823 24.534632702083115 96.55466325949938 0.0 6.5806487573205175 95.07423393865199 0.0 140.44326481057138 31.397088686593904 164.99499267971015 53.86870010833664
31.461790985245692 25.19694134024705 44.31810895990302 13.325194859107086 61.01573743123881 10.490626424782093 88.58975448652785 0.0 99.37742719780195 25.363653208725992 79.06011118795988 44.74909826432568 94.75440448274108 76.40601820766608 63.3842160995901 65.17854107906015 45.59151264692954 73.42462388249027 0.0 83.21000746402186 17.942388109565442 42.90955449645904 31.461790985245692 25.19694134024705
70.72869190065954 189.87869723734678 48.785285117833354 162.4414901061673 49.94326294427276 131.68645245789287 0.0 117.16314002768523 15.268980611274628 84.67779341132253 41.01670835909786 63.433214657802104 55.52713949769753 25.815800183854122 93.57513267102235 0.0 111.87218720614618 63.21295739374851 141.50129412582982 65.42999082069082 207.61761096352603 71.94406696441426 98.63535820179874 110.40470966688261 188.77645000860645 168.73534613429507 127.19381231721252 163.06955280986216 100.55005854995252 162.88763036330545 70.72869190065954 189.87869723734678
18.997964810706492 150.0717896130642 0.0 0.0 146.95010893148756 39.757026885406106 226.5717840632448 128.52682323666238 120.06732219065557 167.83713511348776 18.997964810706492 150.0717896130642
0.0 90.97389329095544 5.953430925141589 35.55288121122332 14.811205451338779 8.161694798702129 43.65515940938725 0.0 96.10549716761457 0.5096317894622757 136.7999687974418 72.32131678999254 57.46408253833478 90.81800987301894 0.0 90.97389329095544
39.93723918123122 15.60847795119875 63.20464433509771 0.0 77.24630585034512 17.85233748630553 78.34244229211029 42.539435389682154 58.06600678298881 58.922594355995614 37.50780954805198 44.43826456948291 8.339921631779617 61.043707631623136 0.0 35.38997606306103 6.218181537219806 11.820131525742 24.690817049552493 2.377376971128996 39.93723918123122 15.60847795119875
1.1429837951632038 32.84243850483196 0.0 18.32807422397849 4.444298404748764 0.0 23.017913319883306 3.8233686961283695 30.031070207441545 16.70618388511366 55.22431096449556 25.055197006664102 44.10270751814275 45.76034165543463 24.71606568360744 53.57328880405636 17.241740735773888 30.664268977122745 1.1429837951632038 32.84243850483196
157.31852453023555 257.5442905367753 113.51280165682536 193.92461203392594 49.223817007190604 194.18120235534872 56.218556091625516 129.07156035425933 0.0 74.07836716824468 116.64982520836364 78.47490583015967 110.17155230205896 28.94264255596066 145.0593945989359 0.0 184.44213292406837 22.59076006272288 230.32345011232456 33.848753660735056 266.9206919313335 69.31345523013434 269.88033428438007 122.19562545560622 224.82724273760573 154.2303937592444 188.1608995466073 171.87365534659625 157.31852453023555 257.5442905367753
26.737390089116168 104.34701295100044 47.27794609859048 70.8871536339168 8.365355597521301 65.46643245574626 0.0 37.559502786067654 25.773778497028353 24.51434130617347 43.1481770588531 0.0 67.40151024725284 26.732555606806997 73.92005128334753 46.86785317935127 102.75464260697785 43.53410190313545 123.87663545191438 66.0177245172634 94.26514822014082 82.04611719533133 86.50808526788774 99.7070164069728 66.36751672608833 95.3504552923697 50.19028738256869 102.06740119162285 26.737390089116168 104.34701295100044
76.49197360340386 26.931296449733615 95.38400289028641 53.544473630737464 76.64250654728932 86.88632240324489 32.65068862948756 92.98458807908099 0.0 58.12228705585371 31.176718318560148 28.240492268617366 52.15744365681921 0.0 76.49197360340386 26.931296449733615
116.74037320788318 148.25656552278087 65.22453242667132 164.05605888846813 56.55561100135601 131.35638744935488 0.0 82.64961164518036 89.51485222389745 79.84624058855793 109.21194279747739 63.77061367123358 131.78838843042388 0.0 140.82477670236392 105.4947961264698 183.1372486830978 69.74969091632575 220.62523968164956 85.6947359778019 245.8986845040365 125.18290977139218 213.85410278908859 159.86099757206833 214.85246349257173 215.8773235081874 155.2743214447571 190.16763939049324 128.39704616007072 166.65141595901972 116.74037320788318 148.25656552278087
57.45619357943565 92.20153871901019 0.0 0.0 112.5630958258622 11.213257905204316 173.24213893303926 88.70760439265565 189.70538983602054 52.49314449890811 251.0458465341296 16.536200735260138 194.77455602173833 93.56866473630956 326.73180412062413 115.64579189319412 275.8609630730381 163.53709596209495 228.4500068925784 182.6932585324356 190.34596588055115 200.91333281130107 140.98010600263254 208.51345837114553 141.0517533670464 138.31385849900101 134.4985456885077 116.55353920838401 57.45619357943565 92.20153871901019
20.645449643424655 0.0 50.33662988905715 9.147312141717137 56.11280665607235 51.380164797504094 0.0 45.798497906842684 20.645449643424655 0.0
105.34629245123749 51.92440377788318 76.45950089020052 79.91140077944797 48.144344379982186 68.53244719207532 30.869196001250074 66.50738956654169 0.0 49.056636498329205 2.1913486212213797 0.0 49.87764455155548 24.144192205019188 59.074767011474066 40.06951249894367 105.34629245123749 51.92440377788318
40.48523377878405 3.2237954574669345 52.254158404669695 0.0 63.4746213704188 5.36110264594484 66.87500662802536 17.596341669867314 81.19863133980172 25.637582370730783 89.15144471491521 42.96630443342086 55.89095612728519 36.02220946870959 57.39885667922266 54.35712142807523 45.05298935651108 61.62566255845948 31.490556656624037 55.93486593366248 43.99992984406691 32.258231760186305 3.772432364509058 33.18316376056265 0.0 10.58045753314795 31.56813851792556 10.596371903471379 40.48523377878405 3.2237954574669345
50.416186614980646 6.969902584150319 67.38154963863879 3.9148319563529697 109.70757566307937 1.2658782311296761 101.15995216937527 37.632360055102296 87.4120091439311 62.780530916289635 62.9792610539418 91.40815564938877 18.532544004575897 99.57897246484372 0.0 57.40045894026905 34.360711061166896 26.365026546285108 25.977027828468167 0.0 50.416186614980646 6.969902584150319
0.0 146.85525691294185 14.291659470398216 90.46043815750177 12.635724625381684 55.41070911361835 42.24913934466949 34.44236301314949 66.64749603540456 22.104848104859606 90.31656521891357 27.618326205421937 115.85140543213103 0.0 134.06301318640712 24.907920206132083 144.64134984867098 45.431786212703415 127.92890828988618 68.08509614830008 255.3311706525232 132.57309870215312 137.06453823299915 110.31649857515801 142.95946105116525 193.3310647399556 91.41355029934446 165.80579693006013 78.014388487691 106.71931461948155 0.0 146.85525691294185
0.2086971583638615 30.553576768925325 0.0 12.410747453123662 11.4453413692991 0.0 28.490803744753762 4.777884127694321 36.5883162423918 11.33555823426073 51.57758022871859 5.342652171878797 64.25770214959768 15.84897298283768 56.62727857942453 29.464427361383045 51.991388945621864 42.26137643264491 40.653020010277444 57.14577753096344 25.002059806330436 48.36953033309351 19.786114366423277 35.17957085530986 0.2086971583638615 30.553576768925325
75.65297510662542 8.139935874288525 85.29176840125035 62.99270319401903 111.6248362527605 61.62427990512518 192.00776197675188 94.08355590463643 112.53420495931533 112.14627582018474 85.60585377433391 119.96610017991719 48.6120963399819 163.77364235093518 12.93936479971071 131.19960212413432 0.0 91.15232882940502 5.307804338442551 47.225437256327524 22.660234146483972 0.0 75.65297510662542 8.139935874288525
54.24232723369206 83.38632503786631 39.47963234848648 52.17641368926361 0.0 52.13305530279307 17.14478439859414 21.642675093453448 29.674247206238327 0.0 53.12304927095132 14.870744053227426 71.12457213091457 6.849970368039038 92.26826855390843 18.922907664673872 86.412595056025 41.575233631513726 62.23584051127751 43.18796119729521 54.24232723369206 83.38632503786631
71.00742306759366 143.4404900346955 52.07109663137402 109.38715079873106 36.34091093265843 87.90551623307388 0.0 50.10389585412233 67.01867388417818 56.892462512195024 73.56861987036399 0.0 100.68027457888667 40.28427073868713 110.99505951296142 59.3418487493948 143.62646433052092 77.64325460883819 144.5710621760719 116.64350233765143 95.82926441005698 105.14994204918881 71.00742306759366 143.4404900346955
89.79070238598202 183.39785905842 20.10391502456595 204.89602123055488 0.0 158.25218537578405 34.637286898453 114.59413926647998 56.703828646225276 88.90634899586951 117.36535222003376 124.89210052202738 111.30021939917125 72.98432961707701 147.89126356229264 0.0 187.98347793447897 30.779667594022612 168.57887802659445 102.06947724285345 210.7590044443466 115.89637440759854 251.4710163116843 159.33346665189623 195.89281328031893 180.743190272664 150.97484030865166 176.03489932789597 141.72516594604258 230.57746335168653 104.31583276805323 224.78502595698095 89.79070238598202 183.39785905842
60.96466860396317 71.65443013903854 43.618357885959234 90.45434082316285 22.39097511820595 79.9824206098545 31.507810888062146 49.70398818125956 0.0 40.42227767801245 29.122724680967487 31.66065924837328 24.025539634121678 0.0 45.71011654962394 42.05992927864821 65.67560550382083 10.098606347865143 80.25566715002478 24.11076152723875 70.24427934471424 43.0260595379537 95.39214719625002 74.62836156251171 60.96466860396317 71.65443013903854
3.71337303068988 88.4517315984161 41.29435393024838 58.40523592956917 51.455783424931994 16.905441318289064 93.64636933367358 0.0 138.6910210411915 16.014387012693817 187.36759244057453 47.277980748847796 202.78965767872296 112.51860987332486 167.5478545234858 168.9203413345045 105.28829949545089 174.68364678240744 53.492354400785956 165.53932122332418 0.0 143.03038665120673 3.71337303068988 88.4517315984161
88.95527123804706 71.09848991934103 74.74054338347719 90.96832664023776 50.18853647076068 95.75017241319105 28.132181493843603 93.94600297705554 9.50371763264873 83.08513813141869 1.1307501478472446 62.799296449521414 16.511137469951436 45.878965821985894 0.0 19.950902156810535 17.642176569486836 0.0 41.51720970367357 41.771017648916036 62.032348207519405 15.137814912472429 70.93352634594498 32.727030366136084 99.41128731194652 47.01606978586748 88.95527123804706 71.09848991934103
81.48662562838635 52.720020608289374 102.00509600982087 75.04256578223661 95.82294595035056 101.74115092725641 64.85676167617582 101.07383114744549 44.5949278170139 97.93344031941409 40.81665449725445 69.94068597180436 11.863260689660393 84.61398980464467 15.736872912827948 64.98555795510462 0.0 45.728938660101605 5.170642341873361 22.448819013802918 23.22437884474462 5.297184752215443 47.9310482614746 39.131740499828624 79.53668504538396 0.0 97.71201358137353 22.565838542695303 81.48662562838635 52.720020608289374
98.88420653033899 4.82755544332705 143.74986201559742 0.0 192.11334245091268 34.94024712080639 174.08110029982214 93.22418689321702 151.05414232573554 146.65073077237747 88.69508268378488 121.28334301285162 49.85268009825333 120.99427888256892 40.01471007710515 79.15322982919147 0.0 46.373774950780515 66.85075981140898 40.919978435379406 82.5852388899346 46.0556124464314 98.88420653033899 4.82755544332705
47.53564175098578 77.75988235583719 14.103817581816209 95.79602676892887 0.0 61.39083372383893 27.836383310701173 41.59025339884507 25.719643027049976 0.0 47.255856139784306 46.04517031558152 72.21265318021969 33.47686699335359 99.2150571627995 55.74779790776713 86.16039743235686 92.04419994427485 47.53564175098578 77.75988235583719
