100
30.733821726237366 8.29709353699316 48.49947956971498 1.7973595132331326 59.215172913390234 15.460467097101471 42.89303549451881 28.319611174182825 44.37462967242409 42.509485128024636 32.6207045800314 46.81441622117396 22.760851500425858 38.42503774910294 11.48329388911769 39.34109290364252 13.668376912298953 27.52483372532957 0.0 17.52372319569932 2.3102692373136193 0.0 20.403427955633262 2.261251343406286 30.733821726237366 8.29709353699316
0.0 47.74084515599999 28.67714456635104 0.0 86.72569658729802 2.7099202554765753 65.70930993547424 75.22490262966635 0.0 47.74084515599999
31.421516958862746 129.0258290005678 38.04459071864856 90.11442575602966 0.0 77.4716430215498 43.300536748039065 57.81900372574651 22.98837209127079 22.645780025247824 49.22489672299061 8.922291585977064 76.68043101774485 0.0 91.06450700848262 34.01390635421342 127.18160685546798 22.768760139923124 120.99252434575047 54.16875242609554 160.308637906207 77.70877647247701 120.42336767275754 92.80696104790393 117.751293033243 124.44140849223896 87.38592003772929 124.43763565718479 62.120100425085155 131.07535916696594 31.421516958862746 129.0258290005678
34.068146170318045 0.0 79.89771943786752 5.414412006251176 121.04594946367206 43.63218489443138 68.61903195343055 68.63175550169666 49.44427116591113 65.11202909402812 20.775145262465657 68.37933011512726 0.0 31.255119057452468 34.068146170318045 0.0
152.6879492764889 105.07888957718136 103.08851934603273 139.2994218051611 28.903337587986314 147.90842139841794 0.0 63.05492430800318 64.71073063757936 0.0 155.9489481178627 17.514123535858715 152.6879492764889 105.07888957718136
48.58574978769181 36.750244846996345 80.75475833453271 0.0 147.07438202597686 14.487747620038675 193.57148857329773 89.24601504608177 121.67246265894286 149.02378037165033 59.55317448386596 105.97660996988219 0.0 82.54069438167113 48.58574978769181 36.750244846996345
62.52481133556384 42.81077262762484 150.97943151065107 0.0 140.0004248507122 96.95994908840792 95.22568829106021 147.72834603689847 43.06576260788978 117.24395842085964 0.0 65.65016127517036 62.52481133556384 42.81077262762484
56.31815830573518 24.52249921332603 98.94471497161494 0.0 165.51181952232264 8.985318397473918 159.2391974588666 73.0623421524769 149.37760918850185 126.27250068862386 93.82176254913507 130.1192800227316 48.226852929868926 134.73089501092085 0.0 103.71167255683932 39.05110475688744 57.788895489683696 56.31815830573518 24.52249921332603
58.60502845643872 67.03000405476396 78.5013093727743 93.54354004520303 65.95453213332613 102.16141727997436 50.64716122240961 99.94002997635982 45.57199080771446 78.52950764212218 28.725885652304157 85.31697942799678 21.71497378525433 75.1858426381933 0.0 60.661389138621594 1.2860453805696466 38.090969921750705 25.987329873907356 33.831389993068846 39.07246200249163 25.0269920344058 55.66117764025219 0.0 71.9934108820657 21.594850238923506 80.10858756917722 39.261250421937 104.4712896886519 46.35126127974521 96.87942628584182 67.17077750750511 58.60502845643872 67.03000405476396
177.24322323030862 244.36211543624972 115.46920212823544 204.83566428732144 103.84518319355973 131.63118203923824 57.75211973887642 156.13719557789705 0.0 143.00190194727185 16.5893523594941 92.53269735452513 113.44892669952529 92.89436130674237 45.24969053130097 15.015199142972662 85.38553229923308 0.16583167231422635 121.89462112893327 37.820681382596895 164.889262599142 0.0 126.66553438581093 89.1514645858795 265.9170648512327 42.26320925884048 314.1665093149152 103.23973288682804 268.5710618574993 165.61922759325626 150.53733843359157 128.74476119172266 177.24322323030862 244.36211543624972
36.922695077391666 19.744333990028665 80.19908759635899 0.0 122.81353581104278 3.2064858383255057 159.71687771068545 6.263117062894963 183.11867798154415 35.49199054563866 204.38607745765603 62.562493327737585 264.00845759028107 96.64216379266144 188.11988368331984 120.89688892202292 164.76233450137076 137.45493323668933 135.92304578796063 122.88586742229967 117.98993322059822 148.89078466293157 51.446423183573415 205.45485968716625 0.0 176.61778271002487 74.86788266863525 100.7632968628646 36.99474725004819 68.08946342617782 36.922695077391666 19.744333990028665
20.843297468623973 62.96930948712361 0.0 51.416056987375185 7.739657935031971 31.309739161600916 25.90202610243955 20.442058050062414 34.48711075596938 8.845653884759813 48.78455059425188 5.771573775955133 64.00710340712214 0.0 79.9662348674141 4.019167414595792 88.04310371054773 19.9772180120616 73.04722529686128 38.42168874715297 85.53601570058652 47.91409972493145 91.40935973118016 66.31437544358356 71.06819820335464 65.63551744471292 61.61196833077642 73.70099988825315 53.438757750107186 51.33547027791096 52.62467007209443 45.76473040588802 20.843297468623973 62.96930948712361
71.02048352238353 49.067827597198495 75.7414261254095 0.0 109.82614052522136 26.373210876315788 133.13782013478655 33.8175234366617 197.74658884412742 11.59921405955491 139.9628383957858 78.4510628366607 169.915955452522 94.64832935413868 160.13667709969056 116.54279041932973 120.44562976130096 106.80418496304951 143.1558286798054 196.3603345454373 104.39986418131582 110.69040388381019 60.96843755915438 183.2012697161938 74.43836193173007 117.15031098205068 0.0 124.72454062509415 32.4991230616541 84.64431062906958 73.41709220919574 73.49488859401701 71.02048352238353 49.067827597198495
0.0 97.9415071194726 74.02631639821385 0.0 166.6769905125764 35.648907269943265 206.70647070646396 75.1533654053956 285.69307486422474 165.57475251772064 165.02130823427714 170.82008838888208 78.08088521985206 186.10098188413497 0.0 97.9415071194726
64.71300135319525 0.0 139.3503426082895 26.90287329537179 82.69647595063402 74.90972804369915 0.0 66.91149090820443 64.71300135319525 0.0
67.16685882716706 28.19669995668137 111.16373002086839 20.495677724262265 150.96419835254392 15.160617162496862 239.1285271612556 0.0 183.65256194310695 80.21592225867735 195.9721096420963 121.48862394513014 145.54961395550913 117.29887323433886 124.12217557977526 156.73094020972718 74.95889417498643 155.99245379810847 0.0 136.62071301348507 94.36431273281235 79.12231626823609 67.16685882716706 28.19669995668137
205.39936722074154 32.22727158310232 330.58774861218774 12.492964355988931 345.37599689377555 132.27281430814875 256.99852517176043 195.94430098253133 184.0637975403112 260.3472259013154 118.78852513394679 181.08465337704462 0.0 134.9917681279348 44.77236210212541 27.564995776039325 140.33865519908966 0.0 205.39936722074154 32.22727158310232
20.526765606547258 49.415557032836695 25.888732933351037 42.30680478699549 4.905932004668557 26.55241372676182 20.814104670333307 23.10992039856665 23.134076353872672 0.0 39.70983337149093 11.80615724802039 47.43757083857744 24.534223397517927 66.36016793378381 18.62833322433803 75.55285690873907 29.62420479506995 77.9050167748477 45.40283021624453 77.6963724864354 62.64077989754441 53.905520577927376 60.63844057510337 49.367280725989644 75.1186807482749 36.50530995741501 74.62654229525938 26.398279361053923 68.62597585995326 0.0 77.62216509488186 20.526765606547258 49.415557032836695
100.01026424972078 0.0 141.1422582640894 80.85559898960001 77.07145446261563 105.08494587260297 0.0 48.990295953181814 100.01026424972078 0.0
39.946267458111436 0.0 68.6611083969165 18.379337938506794 71.86291034157456 52.73191179527288 40.50457647338389 70.1716144556853 0.0 58.82549737634142 26.267398737041503 27.669624593390253 39.946267458111436 0.0
223.55587059264718 42.20691489457913 214.01168875350942 94.55348806647062 158.87119337371854 109.11337464973799 133.986734399107 122.85081933961818 79.26622528712397 176.79164040450047 59.5739613740549 113.71719181015793 0.0 71.0870114894837 77.33871563845409 41.9411014104775 88.99360142842013 0.0 126.11307668318858 66.06105268834852 159.18308597736797 30.553635175000494 223.55587059264718 42.20691489457913
152.16866109704202 198.3632540845025 103.40573218918212 189.4603040644772 43.769947625915194 212.60049413353124 0.0 168.24868597877565 3.9148101632662815 106.63817683715214 69.06226870074624 84.82453762402933 65.84611205849225 26.290270963221133 114.51615413255024 15.967582169895252 184.26861210420128 0.0 240.81674021108424 43.006596446688675 205.02582147435317 115.32144264925533 206.0793606150958 174.94234102005385 152.16866109704202 198.3632540845025
184.49393146353344 240.92986616362495 166.10464548134001 182.2659540100146 80.82625509303887 283.22572471045885 20.417350500803252 249.2426996649604 0.0 185.85982654354157 134.98765739605403 151.3539415817428 64.37712518351788 85.03288457902158 104.89779264883225 51.593732363509304 159.154293468371 87.31640041952227 208.94728419143647 0.0 194.61009510239384 126.86783220464946 242.98104291878445 115.6030194947886 305.448004184567 138.49549225101893 307.00791105065923 192.28056714701236 324.41999332062835 270.1982698306334 204.82622838679703 213.2094831023406 184.49393146353344 240.92986616362495
125.66884891431555 113.37123482520921 126.10850795261614 181.06426019938567 90.7470986265805 169.56694330348796 76.05875050364514 136.6005543165055 0.0 149.22829323296753 44.26173000768493 96.37682443698505 40.58004713948125 67.358434845844 88.78706250888773 70.48946834836774 71.18636919583102 0.0 110.6509880357912 19.592802593375907 148.4768928011423 7.64684516980445 163.20545916848158 45.3967578545057 152.47779523421832 78.555543878591 192.66515593875278 103.10666555708815 194.17080391083516 144.08800736176732 125.66884891431555 113.37123482520921
30.123512574633907 102.73563546981524 0.0 49.199325586065186 56.19303580906785 37.05520398846592 103.44375576396686 0.0 126.24265938793272 59.69944551894642 89.26471238729958 109.3534081012327 30.123512574633907 102.73563546981524
39.29141498357093 30.609485876525937 65.27309175144191 0.0 98.16983554875493 70.75373169767258 140.4697724884773 13.973845764298375 181.12970370393413 32.13212698155122 219.8888554852537 67.52493974790133 153.8365542233754 106.94892416928873 145.6427766369302 131.70881488182343 136.41635953866228 164.65160468908726 102.68879810333146 158.2735345029836 63.48014860258051 195.85080034738874 42.13513113351591 152.92255410391692 65.21921994721106 107.21146523440316 35.92340676606256 92.93069420550066 0.0 49.18634810958048 39.29141498357093 30.609485876525937
31.670743676522278 0.0 46.79765799674719 0.13768929978635924 61.925472471128685 1.9195474240063675 86.54325194831796 5.555501822704272 85.0389515278216 27.949162346639483 70.8899434388987 42.377287872710056 58.19669398645054 47.58809609569606 48.03028914146175 52.71918736547025 32.2935559233329 62.50599362603491 21.15111239082296 51.41458592738992 6.228750727138362 39.387221264757244 0.0 19.462706520905414 31.704717437671448 18.57407818102645 31.670743676522278 0.0
152.92266368227126 212.9085798080991 0.0 124.07295144798263 151.93707312276493 0.0 288.8415640441575 97.95632443120962 255.7156366675333 231.96876038592376 152.92266368227126 212.9085798080991
167.6534139092002 222.96956403670046 118.79235141483917 227.02934220607625 124.38370333243907 151.1221185917912 0.0 182.44806732427077 99.7848133644263 116.51205131960118 127.68783551603092 106.16412836929919 108.60979336303797 59.50067983475931 142.0687042688096 58.26013026286294 184.76351427109216 0.0 221.33616647580146 38.41425289962426 248.96014750986103 78.07967327450251 289.67504491389786 127.88271825608183 246.68593901242647 173.5068836059571 184.3030478279277 167.123012589421 167.6534139092002 222.96956403670046
15.448985263648922 104.38341735596188 0.0 37.75381307129865 64.47157317901005 7.490977913480037 143.3834854678763 108.84869442845421 166.15830892826446 0.0 205.3492023023939 30.12941822421 221.51622381721324 69.49977178462413 228.8508616926185 108.50674952260552 227.10682762250207 150.0551604876399 222.43513208342478 210.62834354295308 160.47431622287783 184.3157945521953 118.041914382506 211.33992177272563 91.23448595051889 169.55994303378066 8.49895381886077 165.25961223578355 15.448985263648922 104.38341735596188
25.231254212727734 6.988655846550088 33.13987913411832 11.51708797358883 48.24482615897075 0.0 46.114566401575686 17.269292431660162 67.26013948185448 20.02858980439693 40.38607027371924 29.99951095641245 33.92969685080128 30.760335797811976 35.0801723147474 35.41177934022508 34.23690263817582 47.43343113559796 26.707077823804283 48.180433343442374 18.55535653279499 45.977783922704546 19.374556528679705 35.92275861258146 0.0 35.31526417351412 17.039933102801015 26.00046338401249 14.6017867079522 18.245720146941792 22.124627805633594 16.88990741031742 25.231254212727734 6.988655846550088
79.2246845756062 132.58584993857394 39.18353981048338 75.53067816184718 81.3166646539768 60.90202069008312 112.3052149838311 0.0 156.88532940800474 50.72547193751153 159.437028205854 111.65277587307467 257.231594631741 71.31545997410639 289.20632784108676 122.92394582345347 224.703589147049 171.11319405103256 196.0446134768656 195.22220709474496 179.68033715895595 225.59276466591967 142.9946635296551 224.88224640968625 115.86196699125024 208.17656728403975 63.07851623138805 237.15326612022326 132.83747144813725 148.2544477302791 0.0 162.5731285490355 79.2246845756062 132.58584993857394
73.44160336205414 62.972272916579385 50.08002083964246 73.47363699445509 19.53756186014023 67.00627087420983 0.0 39.31274313704583 16.504433077249764 8.815399644585938 43.42396043905134 0.0 67.55516747430188 1.427809501536501 100.42335188486491 9.355020430061558 62.49235763013657 35.797292768293275 73.44160336205414 62.972272916579385
151.31942361044082 16.524043527652857 134.4384252379121 78.31870435035503 80.9924517844167 57.87403995290533 30.542798472186007 98.71011396877779 0.0 40.77844569901941 53.16195917628545 9.175234650088953 90.86849163465466 0.0 151.31942361044082 16.524043527652857
90.85430550361258 71.26592233263361 75.6903961194007 81.92096214436987 57.08393915726923 77.09304248290888 38.91807633718943 97.78680289569337 37.191363685076865 61.48480286327945 8.728582659939576 67.9265432994637 0.0 50.09454456342075 29.535510583636906 36.5921392034325 36.41024457134921 31.31860602834424 34.08194141307257 15.20382024062227 43.75186086567368 0.0 57.87748225158677 9.542857788561228 74.38601120364328 6.766376027789086 61.30176793506813 34.55787082665022 109.90194776098642 31.27455433338205 77.90139970010075 48.142163345624446 90.85430550361258 71.26592233263361
0.0 34.57899861461063 101.13756504794478 0.20774019612450445 174.403488297411 0.0 252.16338769486993 84.82729757763917 155.14086872980852 166.50294067781812 81.45268531334182 103.40684183191243 0.0 34.57899861461063
33.3860311410489 120.71034150643513 0.0 82.74562491588438 5.706469750631072 28.904084714188542 75.6136584894025 71.91941555434798 105.75877542841752 0.0 144.0400104618461 38.34238695508634 153.07766319833536 90.94460245211769 114.7450799010059 121.35989523716111 74.62626893446588 110.91479241108723 33.3860311410489 120.71034150643513
58.001045308162446 173.6681556805789 0.0 104.38724659638193 52.32101718611544 29.912177079251776 197.21834766839865 0.0 130.66986706142052 136.33245737441896 58.001045308162446 173.6681556805789
31.665668008977534 0.0 41.9059262140011 19.122560634373528 82.54925303642304 18.276026626626575 61.715622933525424 45.20309134016408 41.129494947537964 48.116551849312884 20.030019183791865 73.80522202484366 0.0 51.39870406067902 25.974274110989782 29.24212143198345 33.546834557549005 30.109524979626542 31.665668008977534 0.0
208.6795750236619 57.454688274978324 110.50598817506328 102.15263453208229 100.94210369418903 156.81652075553342 0.0 189.2736961821446 94.9463285094862 91.87756741257523 39.52263344623123 0.0 133.97155259796077 0.2359682561809251 208.6795750236619 57.454688274978324
54.60933451678005 70.32625069734404 86.0090885699932 40.413758768779275 141.89954779647775 132.5298376189256 180.86322796102957 0.0 208.1266163551781 54.921985649050285 186.5531079083571 110.07364590702592 208.14879499831795 129.71783849862453 158.8467646906247 139.36577889202994 228.77116600533003 223.02759606783857 168.09615335731712 203.15497709638097 135.2682079391054 224.20841058771612 126.70139570391876 160.20397616441284 49.115683340495025 204.80519618292794 80.11224792176344 146.62714875044367 0.0 103.93509728386275 54.60933451678005 70.32625069734404
76.93964779315986 186.39411403656499 0.0 149.60713569386036 59.153072679665875 90.53226695897396 99.40297919014995 0.0 133.2636075879539 113.44120032684597 225.10933685325637 120.91984217308816 144.35730246364494 158.29065687341745 124.27795964866881 206.33190201467625 76.93964779315986 186.39411403656499
35.44948788904438 31.468120709733903 68.63182920558394 0.0 97.74218155815076 35.245416004087495 82.6984775892876 70.21143606567682 55.970814629135404 81.94764829897636 32.34789061867724 83.04316575995759 0.0 71.22671200780908 14.862405888692479 40.68210264636297 35.44948788904438 31.468120709733903
133.64373102876792 61.999151914235526 106.25481458047135 79.47316137607949 79.47672227638786 66.29014087125883 58.00943476691057 105.88300902051019 24.79631277425449 93.97345724059029 0.0 58.9832132837837 11.975672101351591 19.472290950252884 44.49909727982882 0.0 77.22272245739411 4.469419475039658 105.20440758107127 9.745627720399575 114.9775292915385 35.59965288844285 133.64373102876792 61.999151914235526
108.13103227004986 47.071327045128754 159.36788227075638 52.575038804498945 194.43305566145887 0.0 224.4624717526275 52.70096966078079 259.74562757651057 71.16746891841463 333.43281051915847 110.75366166084754 335.4847362095517 190.2112420104687 278.19635019062866 249.90139527195635 193.4346546764445 189.2562603530654 127.47075943015136 261.5773057052464 87.32893108155407 198.82704033309994 0.0 161.5610386353734 68.36599486010103 88.24477595322392 108.13103227004986 47.071327045128754
101.2056330957078 52.828097033798784 102.91809282660896 101.58008994706812 51.51854615342556 100.18956548785603 0.0 85.53917795416176 8.894239110827328 29.867093179921923 50.95858893377125 0.0 93.76582903107182 12.217699454828093 101.2056330957078 52.828097033798784
149.08785166309906 111.9089990152783 182.63110482218926 0.0 215.05926643258556 130.57471809419408 282.28004421200956 123.1468331874493 350.51041209675736 173.6167179584913 358.00070615586685 272.6571140176819 235.33316930296422 254.61295832504976 193.21792896708564 319.7727613953362 108.5977746601509 327.4875434222855 99.19165004667627 230.57625791427745 0.0 179.07710138269624 91.4845029393064 123.66477060574826 149.08785166309906 111.9089990152783
0.0 143.1891503081728 39.02428280092806 92.16637765750454 144.37323941582704 131.1789249166756 133.96641231601137 83.15349383744066 160.66617911220644 0.0 200.75099940579275 42.04655781173966 254.5288602153181 51.60055214466952 178.41801751507356 137.49761589124913 343.18149808342184 153.7018114508214 280.4729774115931 204.83709215764534 286.2239129483128 289.04924138480027 185.90880225735194 228.70429838189426 154.9870616105955 207.70494530528032 145.7012588849206 171.55828813047606 44.57684879864138 252.9316778108314 82.70346403642839 175.52133762900905 0.0 143.1891503081728
230.13513505863398 201.6401760019359 117.62025825775483 187.34165584942917 77.25016187994373 193.79342950633998 33.34203429565602 185.09043179302398 0.0 145.2709279737669 14.114735086391363 93.48253006235257 28.05458233549777 16.981556573396873 105.68353209101934 0.0 147.66325077638345 66.2430634513122 197.60050579585197 112.0056604828407 230.13513505863398 201.6401760019359
0.0 75.09282661835212 14.49386338860569 31.059679766188182 43.35653073714849 22.929025313581874 63.01159940324928 0.0 58.74707003996551 37.978450451340805 97.30194558779883 49.32955293520786 66.44469993185908 59.667916526993594 48.60808524169707 67.95028004011752 0.0 75.09282661835212
32.886997654575765 35.55971029867165 24.29421771437802 42.95845632494611 3.573808103854816 50.999025975098206 0.0 30.71577150218866 8.86634592775654 17.77582751752381 18.703711901522965 0.0 26.40086570234854 22.38874161945978 51.2651888645445 23.571494040103588 32.886997654575765 35.55971029867165
153.56167600024824 78.1021546157021 256.6732974194956 86.75366697637874 202.41349016327328 117.21348361604878 160.1310763361456 114.69660666824801 142.37985262396325 106.54026255950636 113.5684561628745 185.09921429984792 52.72438737239966 188.73671928884346 0.0 144.48277871943935 20.008451218698156 80.17166790529025 24.89589466812022 26.85551921818164 79.63609890189849 9.675592616106726 120.35326919643126 0.0 158.30005654810765 3.5257798922937837 166.27345444273297 49.987331715009134 153.56167600024824 78.1021546157021
128.25516556115895 78.5228825183574 125.94413973023894 93.69042131971509 207.61590509161198 138.4616223678628 153.75786372927473 164.15113179448764 108.47793696485562 136.44804231140859 58.94485821114604 179.05195250606863 43.94919875763703 127.3328416347238 0.0 81.63589510812989 96.37458494588522 87.62785656144945 77.91776830137368 0.0 129.7741745204985 11.196119406019193 128.25516556115895 78.5228825183574
81.46368752984921 39.81746831521885 137.78952768659173 0.0 187.82180482723226 54.37218788872659 174.75457872173723 108.5607115455389 145.70643138372037 134.46885994930977 108.91098963836035 149.99317009536173 93.04522673976147 114.5991733720864 0.0 71.61484394054126 81.46368752984921 39.81746831521885
153.64197114315525 101.52906617666258 122.87798882158987 168.26130110897785 42.91663384429836 153.28396727817625 0.0 65.73228464198141 80.96403213239398 22.70441818431388 185.8162094284163 0.0 153.64197114315525 101.52906617666258
77.98452833972397 0.0 103.41566585736925 5.399252683106454 132.70315656696533 27.24142856543193 120.64789124209524 59.749629148437634 98.21827591310574 80.51214260304575 70.67760948366671 94.75647813557966 34.00783536743455 110.0535697030184 14.88726826051618 74.83327211557942 4.671886336398018 45.72827660173073 0.0 12.67730241118997 39.26685031058253 8.082633990447533 58.786419233754856 6.084624251949563 77.98452833972397 0.0
0.0 110.33559370403515 56.883564153678634 0.0 178.07294774764324 36.02887503876683 164.41537506128884 150.34476626820594 73.61107058944006 174.55275920281719 0.0 110.33559370403515
86.76079258210017 65.98862630994839 152.06764679204176 0.0 217.81997974762555 42.01928082000089 153.2791702395674 118.32843912644786 168.4335708416944 169.99635057682457 118.16841624033499 182.5130988686218 75.04083794749755 195.11530494551724 16.18552662294249 195.60199610484355 0.0 138.6473942201461 24.447979227689387 92.19818877861597 46.390334846625 60.58230345194244 86.76079258210017 65.98862630994839
70.61206112497736 60.385193938524814 27.238177888596802 95.8710438723102 0.0 51.33914697914455 24.735990428290933 10.809487228970632 60.09319566549769 8.503093290059745 91.12571863281313 0.0 132.2523508527731 23.623153520778096 108.69014416977433 66.37306313258287 70.61206112497736 60.385193938524814
116.74553556133387 52.875648543824575 66.18530220590128 77.11930014595006 39.148224265687816 111.4338895078215 31.243612649756614 67.86211363889046 0.0 40.566494940752456 29.630024071818994 0.0 78.10408683373842 12.27402526491192 116.74553556133387 52.875648543824575
95.83905179085917 165.30627658480918 53.03414237825058 166.71338403813584 0.0 150.61730752608216 48.0958812229141 88.82204017406278 44.76750204324432 60.749859189971076 39.526236352981215 17.456372776207857 95.98419113365202 47.97166615796738 108.43377440651201 14.306818329639881 143.30108791521616 0.0 162.14455520578002 31.34079821827907 186.2083190453789 51.96280235494626 210.49802216844347 87.82853308313223 158.69397011903203 105.80935182681299 151.22011799702224 132.9413330895007 135.73105067512853 191.60147510154675 95.83905179085917 165.30627658480918
0.0 52.85878116965936 116.1859652330965 5.190288270996447 170.33002991566207 0.0 196.8048475602325 27.46006179931647 256.348133421194 7.14606913416911 257.84153082188334 57.24168178068357 220.2340691727426 82.33893660998086 212.45491150873968 150.385035386943 125.27975129305761 214.4379521949769 109.4616102397364 108.4227589166533 0.0 52.85878116965936
19.525995614816523 0.0 39.26345138476201 10.292147814787029 49.46008163086768 4.405608309978987 56.85452512360409 13.221438577847678 74.15102287281125 15.196457562023753 74.10846175589948 29.62632381872909 67.91801410875516 41.715847312719205 59.30456059742389 49.742901659105456 49.166169637556735 54.38141538749031 41.08623775285673 41.50231625686075 34.12460191540673 41.95917675356587 9.652248136139818 47.239893010568096 26.901329619348218 30.040363183613366 0.0 8.067977236121024 19.525995614816523 0.0
313.4115239312659 198.21963067214529 246.63073896497713 196.2674191046825 243.0314690052316 256.80533016491887 197.92465746957498 267.3105236692296 126.87507941925071 306.1783147219757 123.71688887943506 219.87345959273685 90.90931808388183 190.2135916538657 0.0 144.16254123389535 190.71540366263122 143.37145553722814 115.20199991501528 58.1502076137229 152.33784189625135 12.911414987887468 208.8502873853926 0.0 234.20977909134334 78.38909254071267 302.2985687232587 52.58530050543226 310.31404510795096 107.09355751236996 254.74215602574833 149.56130971734808 313.4115239312659 198.21963067214529
145.35906371612379 23.591399019281255 193.33832162872872 112.86581131940838 70.94635879886366 180.10968220086124 0.0 60.26730762488532 81.71132809870319 0.0 145.35906371612379 23.591399019281255
39.97418401393449 29.516158433905957 20.629652823983264 58.78926032592645 13.55672103962496 43.434758915948365 20.599687658913638 28.444437735431322 0.0 2.8947335892835184 24.891936114090186 0.0 41.9479961104509 3.9162055679842496 52.151694499772475 12.384811466451737 61.55371795568938 19.595693067566444 60.91048254290499 31.109235390433042 46.55416827312918 33.82494054755156 46.024026981183596 41.554602644914596 39.97418401393449 29.516158433905957
0.0 54.02900764462991 45.710038444167736 44.31308854006786 57.225337297203495 38.314894692340566 60.33869983381541 0.0 84.57970502249337 7.658221551712536 95.63417062715855 29.680722692745555 132.3903493344116 27.29959862569742 118.63800861396969 55.35970092168977 116.22183072491573 73.6036285751097 107.57288936200145 89.4859635664377 93.7564844744522 104.57044389758394 73.31193356427914 93.38853999995689 54.84223964126892 101.12129321484159 51.98963919600574 79.83727218478532 50.02372307032833 67.84822119066516 0.0 54.02900764462991
173.4554443944832 210.14746277903998 54.68751933946436 188.57663494606953 0.0 54.31878961801479 132.57793579498042 44.80158344606608 246.74952673184112 0.0 326.88055006717383 151.07327675099856 173.4554443944832 210.14746277903998
130.36963550585173 199.39058919381367 67.73823612825888 186.41869784246504 0.0 144.80910567582717 21.68517067494477 69.72102823105052 78.34305695355283 37.63476179649139 134.73141577462573 0.0 217.20704368931638 20.595934425793743 217.7152037009712 107.90314114942974 178.82003130587222 157.20099030995203 130.36963550585173 199.39058919381367
0.0 82.70879844470664 55.5161526854621 0.0 101.88209238417187 41.680164826333055 97.20820881506346 101.51136031852144 0.0 82.70879844470664
238.88245473639762 0.0 226.06994937373636 153.75744797571542 121.88107477660151 184.56809456911967 0.0 121.34392338673374 95.91410109605368 19.604877350493666 238.88245473639762 0.0
182.63867550663744 2.5819870240077876 174.8864832129214 99.68148103778123 91.49861119402132 95.42474968216632 0.0 39.085523947914744 96.84007270925147 0.0 182.63867550663744 2.5819870240077876
194.61355658833912 105.1865574190647 197.66316518978854 143.4532873663093 196.58838417029352 219.0626531883564 132.16095381298456 180.21015209606497 74.1189810900893 202.130099365554 0.6997472087979588 174.89597882497836 0.0 102.18143561649325 55.863043741201835 56.58189472544852 101.88585624751505 47.113664282178725 134.840023325233 49.666168006117466 197.01305751233625 0.0 234.4315366876497 48.06190267077375 194.61355658833912 105.1865574190647
80.04595655998523 89.04243438599076 34.197673176330284 102.46904188544877 0.0 64.79583387146977 40.084346982752436 34.851543611406164 53.20470271457154 0.0 57.982985806382985 43.08181095142043 105.58660371220617 53.76224265587681 80.04595655998523 89.04243438599076
220.5281648099869 122.16135209547664 98.01486310723858 128.06486194594459 0.0 77.87329361018959 130.7612146670038 0.0 220.5281648099869 122.16135209547664
50.17595367327721 2.9705229083357807 80.99236506032864 24.25127079308625 64.96250671602539 75.96331602115086 17.98949797920917 49.59974596503341 0.0 0.0 50.17595367327721 2.9705229083357807
179.3867676616013 0.0 247.96031547341528 69.458150676807 173.16174448810585 129.39789847882614 126.09802346192232 213.77348337042517 61.638028011052924 148.0644340640693 0.0 67.41930253237595 103.40942591273183 41.08340218043543 179.3867676616013 0.0
25.693486728289372 27.2625254119491 67.74810889498832 6.898413825844457 129.67493176299917 0.0 154.84012401563615 62.300002753882865 137.1222913499467 150.00017698938717 60.068138984018844 104.24815045177695 0.0 87.93128276439643 25.693486728289372 27.2625254119491
0.0 79.50358255300848 48.32088639122648 43.00006773543767 69.77536843140528 32.145821394317565 77.15123564823664 0.0 98.2746982130531 28.943350623755308 126.8864164744663 18.35969681737639 128.84107225233706 43.95201883879267 179.7414443116861 80.10253960456365 152.9913393093715 121.23405714441405 104.4929392557231 109.7786808427701 83.82938668870777 80.69703454346958 66.96807262489477 77.96190406105471 0.0 79.50358255300848
296.20864901351445 105.74153719755972 198.12765939462898 251.3337058809082 83.88461179124889 184.45521692750063 0.0 61.351451797577795 156.19719919178397 0.0 296.20864901351445 105.74153719755972
0.0 50.2975939707172 163.3655529486442 0.0 252.34300528235713 110.45958189035619 182.4300005537202 231.03380957984064 88.25085625902861 166.0282106965167 0.0 50.2975939707172
43.03679425332939 81.63024399826125 23.285506934293252 76.71530296938855 12.997330548865563 61.42715293110206 0.0 47.66329672630198 1.6452992552101477 27.354150561558995 10.62652820173787 0.0 36.537786504482085 18.731986272876938 68.13726607381508 1.8828230852664376 83.87134958518527 27.500396381298486 63.67624025214806 51.32867793084239 60.02097472842115 68.83278014636974 43.03679425332939 81.63024399826125
95.15108840340307 59.907986777141865 136.88354517577778 82.43515487765868 227.57046634349615 0.0 255.92230821298915 80.54499188083861 248.49566085690333 153.33221362695753 176.5533736307279 171.28923043785318 135.488830935029 232.83573424820423 71.86229981037089 200.90484499812175 43.655764457075506 144.05739300514006 0.0 70.03370580512845 95.15108840340307 59.907986777141865
161.83080503088019 205.54879850867877 49.50425114040809 207.2403898835956 0.0 76.33166299775266 124.88680936482729 0.0 229.0385674465043 60.966457478016096 293.8562706581958 121.9861161025807 286.54038138217095 214.68663609403643 195.70372250162907 200.39658250920945 161.83080503088019 205.54879850867877
64.60619357097295 128.4364253799937 12.407800185972121 138.46461034751007 28.713189702335256 90.3981782712532 0.0 58.022624729281205 49.67447057452347 45.20486529618766 72.67118781479542 41.781101383779585 81.2131443283305 9.415319228548448 110.26905269414935 0.0 148.71877908667335 1.80553375663726 107.74156625074966 64.11005051784109 147.51997377756888 68.80338004301342 193.6820403116243 112.54875851208742 162.13376749804087 142.90373884249084 100.16109772747566 92.0623614801379 89.84195468633253 119.12152839303549 64.60619357097295 128.4364253799937
0.0 148.57006397718982 72.01882548401046 74.48304667108584 86.51788240143429 0.0 174.8833666906113 6.168906316477191 187.50805994302488 86.7754252814455 193.1478657531419 184.40738436122794 102.22831340403553 151.12686520323774 0.0 148.57006397718982
215.39585584972005 0.0 228.60479493344806 75.94099505713287 243.30132120385815 176.20812201617503 141.09353038543014 135.43194118289748 0.0 223.051971361321 50.5257098610807 80.78419834056382 62.470517397622245 2.1867436075790607 138.950417010441 46.279182449949644 215.39585584972005 0.0
98.01802593008506 91.34145665787949 56.55587090206893 93.15788314664653 5.809191544606215 120.30891601150896 29.008457385444416 66.67322961738061 0.0 0.0 65.35970968473875 12.33430938477305 133.77117909753449 32.96340734179641 98.01802593008506 91.34145665787949
185.7008250557222 112.29883671274948 176.04959471235688 159.61515356006663 113.37292885153937 213.31565331043873 0.0 192.870491866798 94.8711646963074 93.31330470635723 64.91121287145842 0.0 152.71696653852166 15.04955299680725 272.34439514332746 11.361217925315302 185.7008250557222 112.29883671274948
218.9368168235514 46.86071746115002 247.03798319042573 1.484488997467139 315.44558384414415 0.0 441.69439142629926 58.4739346072234 339.0979722412322 146.165426201885 268.75826446590827 176.97039265987894 172.5846709384479 263.3773237278946 85.34518474812012 184.92461296829356 0.0 85.0745920153323 126.86049805775667 10.168160510948141 218.9368168235514 46.86071746115002
36.685578549172526 90.68324027587414 27.709580159331658 70.80461584572333 17.787708639861755 66.0902067347385 23.618557092966533 52.242338865151225 39.30305580636416 47.115773396787006 0.0 27.96303127669603 23.40432035866187 28.837613312774266 25.842627446511152 7.0015315539032486 42.03760967351703 0.0 56.89179387514894 9.083436794013338 46.65841036904947 40.06321013682462 94.64378369968344 25.655463793288305 79.42139669208814 48.32457301284494 49.680663743120114 51.937501618307806 60.41257021526635 70.14144861473133 50.94898012432916 79.5660635817143 36.685578549172526 90.68324027587414
122.08396784416325 138.76793387264536 86.33551870480566 145.00698643604716 58.25417229988314 120.44209829589958 5.645987080690588 138.72893613659397 14.92474452772393 89.20613442056026 41.35692659918209 62.886194339764 0.0 28.911590594931724 65.99702250000544 51.21263961275692 60.21580886936579 13.776041960594299 82.48955935330373 3.196059337976017 111.37791304062094 0.0 133.16057610793646 19.096275095655656 143.14086351167597 47.11660992106128 166.86898177777073 80.22543697622302 163.95691600386837 122.35459362926919 122.08396784416325 138.76793387264536
23.721044331586 49.93773068081624 0.0 28.506405443558116 30.635602745079836 20.303111427353663 46.817294736490254 0.0 67.91065348762575 13.123368983366412 80.04800296779644 33.80745226591235 75.35389435920695 57.03779774956032 47.33779095151418 45.95180799366954 33.86960396979228 68.01502579557953 23.721044331586 49.93773068081624
111.1305333302312 221.32519040434735 0.0 290.02901707935314 17.473855368436517 180.38320921893435 12.013580342200228 123.17303961151394 10.898513160351598 57.588412481108804 56.05646547311311 10.667979975749475 120.34766086374212 0.0 166.51212577320376 46.341119115739176 286.84347361460885 2.504154274218422 296.7630291723367 95.16886319732528 323.3769173209236 188.34364113639336 263.9845846947518 264.2751002997628 175.27105574036585 281.70384576460594 111.1305333302312 221.32519040434735
121.19431626814604 151.34760460603812 0.0 145.44059547740744 28.424874554191348 35.331226302100035 130.15702746218886 35.18899860079762 211.31319001117208 0.0 237.7189929712442 81.54215092066761 254.398780962608 168.75682530433536 186.23301881161117 247.4427730225296 121.19431626814604 151.34760460603812
89.11826668353282 0.0 102.21628255412628 35.64766143439745 128.22704736389545 61.35745644668445 94.36808333125617 83.26756094128694 82.14132714720125 102.37987211107435 57.30870896035152 108.82553365135203 22.487004608448537 112.07480942071541 0.0 83.01653900424981 19.092328511118453 51.25542608830263 31.96473034760775 30.972180928058037 51.927820559804765 1.7602487819247514 89.11826668353282 0.0
65.27135740898376 39.96677704842078 41.48670880230535 48.970531174290116 1.4630564861841222 49.58956404657009 0.0 8.613647579181276 39.1364854333248 10.467576172750242 54.25591656369995 0.0 50.248964639559524 19.16436788957985 65.27135740898376 39.96677704842078
55.36888828591792 55.953674742081084 48.123594950022536 50.545986063167824 33.76791163626983 55.63493546752701 24.02833741054029 44.23987738155484 0.0 16.76486022854565 24.829538733604778 0.0 50.43281158450128 8.007756318841963 69.44637873674799 12.65344462952573 74.10594483254818 30.996590970640632 85.66903320620477 46.387938949801075 71.62024917621436 59.57794243771594 55.36888828591792 55.953674742081084
24.789532053960798 0.0 33.965692835877036 3.409158073053135 33.89778266147253 16.624312878159103 56.9341262361573 3.275622049986339 69.02006071370154 16.032270602358437 61.28264514463656 30.763740941643363 44.062063507933914 32.609546644776245 36.95871153813708 39.63302991468133 23.157374806545718 48.244427913987096 29.673373648557174 21.342512127266048 0.0 28.83560218912639 16.241864375042738 15.309961010326646 11.32849705858932 1.148319349809526 24.789532053960798 0.0
62.60453544967581 190.14991083661826 0.0 158.39866838947736 46.76386266500995 105.5314756970401 118.84955355281035 126.15056468908456 121.96665261939562 93.40166583630719 184.81673826612794 0.0 209.40275527452624 76.44043819206672 278.42681480243334 114.2476510896969 215.51417177227106 173.53555316602026 161.52738463891794 180.5676276510324 142.2184395908768 224.36577067268144 92.87821664842826 231.08530466386352 62.60453544967581 190.14991083661826
