100
52.61804995570827 47.24390724559716 71.43363239836755 68.84580938029806 49.36974523879593 62.370382358219004 41.05860148425748 66.55592903746982 34.73281858546092 56.21953000376038 10.482641411408764 77.95779179165594 0.0 63.53158973412344 4.522735083791048 46.976747171301255 7.478611222855818 33.73954441193743 17.07220862563952 26.13592090897008 17.629965822841598 4.538333003986793 33.690662852382374 0.0 46.87935539391704 14.445528336455268 53.991219864796136 23.93186498249439 77.11092878982089 21.596200170284035 94.10058665060441 37.53746558657291 52.61804995570827 47.24390724559716
0.0 128.38156230319834 47.571348766626215 16.793120165186274 133.19790509161754 0.0 261.1560368560573 3.7465691425767886 234.57061907079003 147.25844634927813 119.14175783433456 160.95501406491195 0.0 128.38156230319834
169.16977288080267 98.3787055089424 78.30675404264234 88.20295433970622 0.0 56.34573261706943 66.59438787660164 0.0 104.45323359770764 38.931558999912426 169.16977288080267 98.3787055089424
39.056903092523726 69.944444449585 0.0 44.82293206221166 40.74535550612532 0.0 71.02586586383842 47.5856779457026 39.056903092523726 69.944444449585
0.0 76.8468879405906 15.36642889352062 39.89746538529995 40.040169378614706 0.0 70.7690438531704 38.79613695907632 101.89681689585986 92.12028598709985 40.286005936586704 85.445887080085 0.0 76.8468879405906
13.392059624021165 0.0 51.96207381527567 14.39502504704437 66.23172714466808 1.556992255958889 94.01197775241259 8.213053708681585 103.2703311267761 38.23954749982765 76.98296843619447 54.074103978844946 53.69804340284625 61.817855386222945 15.796617970770797 69.08011725872983 0.0 34.08608605720421 13.392059624021165 0.0
22.09879259299531 39.95597063389911 0.0 36.41281119146879 6.830228494054381 0.0 56.75695730022771 12.343411692915268 22.09879259299531 39.95597063389911
262.359223392783 60.41423705171919 200.19324856538293 174.16096585132658 106.50218270712908 170.03233173118366 0.0 188.34007103906578 12.907494539546406 79.5095828984109 60.61501206753804 17.392722800788974 150.15190908223093 0.0 262.359223392783 60.41423705171919
0.6678856378311195 70.31633326948267 0.0 43.46656872232825 31.64165897963855 35.3843151765989 51.03705399007619 43.62190005200712 55.88913448027634 20.433781134746766 81.12847922574774 0.0 84.94331512089428 32.01289209157541 108.80379756844286 41.926748819229346 110.8209438226834 65.94751966915456 107.29946804158473 93.59769711144457 81.86546448313459 104.71701472127381 57.632120542648906 110.08663803374543 39.16559387699999 96.05203541082855 26.00263654194316 81.23899367325026 0.6678856378311195 70.31633326948267
40.749058804722424 62.51917134090907 32.602564681865616 51.162293388868434 17.355223246965735 51.91250318415983 0.0 39.966813863975986 22.8731306471132 29.754122222474265 14.081132674715363 0.0 37.242517012678604 16.881862004861688 50.16888846971102 14.461532829245243 63.4486943953078 21.76625087007477 63.56490902670248 35.81866403947372 67.4622357625983 52.36716672951913 52.50970132990604 58.31292332091472 40.749058804722424 62.51917134090907
20.644687428765018 5.38581567668578 36.38533803508387 1.7309640527358567 55.74732162521763 0.0 67.3618019109633 15.359830875223949 60.91623275351858 31.731242435419944 68.69090090005469 53.00164745491956 51.92483233235378 64.90855576610976 37.53877260483579 36.02584490602709 20.13869937739873 47.882590372271025 0.0 37.0725698861787 13.972084742387956 20.265183718506194 20.644687428765018 5.38581567668578
120.07909498538332 7.921451490521434 167.11895523896058 0.0 205.7688640440336 32.61021853799583 226.3631177205643 80.72872909942622 234.8314119110918 142.60612366318543 128.6434624427877 105.66593568250988 130.9832841039993 190.9007589735761 92.12387673098908 141.99697248808195 49.128036102855106 144.74630092584812 0.0 118.66171354067357 111.1278230406542 83.48016121323909 29.30807534523487 15.845545914915917 101.16085936258025 55.79270121880781 120.07909498538332 7.921451490521434
106.35616823413959 79.13084314078185 103.41302884801982 109.80313328134366 72.67876989228492 110.26552558119943 45.685356860084696 106.52763487431196 0.0 94.9880157672602 9.650580534086004 52.44463885035425 56.044153999120695 49.472095024358595 69.53889586952683 22.363230064158365 117.07847114690205 0.0 131.54943826025902 47.3306850643646 106.35616823413959 79.13084314078185
73.8673110647382 32.83416489636468 81.82105726816206 52.15618217132658 56.07915146030209 50.13379308508546 46.40855358771824 57.4609033514497 36.19445864366559 48.72493649778289 0.0 74.69685125131542 6.280580113138022 43.17042384027529 25.049735040232484 28.520815666961994 6.013608124121006 7.894361702875102 23.45185340101647 1.1390491882312972 39.131662197612805 9.127768945274568 52.100293993280665 0.0 64.9451195247288 6.092995490293333 67.54343353570064 20.094492919520675 73.8673110647382 32.83416489636468
32.74720733426415 79.75048700230965 0.0 50.19660223391738 37.568800486772886 20.746542830098086 62.255354257583676 9.868610551058374 87.64599154742349 1.0292415004761608 131.77973295994713 0.0 154.32272357297245 42.25219246544831 141.60776975203888 92.68060306099014 90.83118241021015 88.1532402413533 63.19670058887391 87.96256110191084 32.74720733426415 79.75048700230965
190.97511102886094 201.28403958825305 177.53500673187625 190.5613506836634 155.78614108213316 182.12327417482052 130.59946965923027 159.88130814348492 0.0 70.57513129018626 84.74085550666734 37.61600550218607 167.10468538518313 61.19861459915535 207.38874590739113 0.0 264.8610101916122 13.536572064203 300.02561307532847 61.48136599455751 233.89608754190544 147.7560764468607 360.97408828509464 154.90570791663635 302.1120328018975 194.25820596262014 359.29990621632396 300.2881668840939 264.5681044395535 287.6813098043594 209.95270202707405 335.9686402590529 190.97511102886094 201.28403958825305
46.732721184046184 101.31070251384537 18.965753344070066 90.52811905729922 28.905860939088413 60.55432054849549 0.0 29.293966558135544 28.020644833450262 0.0 58.48830134083602 27.305109514613243 104.48508740766056 26.145358331155542 84.43205099503304 65.15922412006799 61.367110146776085 74.92591518407932 46.732721184046184 101.31070251384537
36.38561738850916 72.15865192259247 0.0 60.315677237791654 28.166644722606463 0.0 91.12642118808124 43.49689336042109 36.38561738850916 72.15865192259247
31.071526424172376 17.042548641661924 60.53431574795475 14.553337898231206 48.182411753753115 34.95361830290459 33.24080368122122 40.02963700119359 22.46500536656619 39.54614661756983 7.461511234614051 39.54320803996177 0.0 23.97449079136726 0.005029391233890124 0.0 24.616341551336816 14.87863527473877 31.071526424172376 17.042548641661924
14.376290635347758 12.20198526854304 25.80650213076605 8.554677364879254 29.226348598980692 0.0 37.848626992765475 2.4035333403565886 39.53975992247871 10.59773347856644 48.68099529549676 20.949117959519725 43.90328130258541 38.86814243745749 26.64721219890653 30.12744707185412 0.0 36.151174390047686 14.376290635347758 12.20198526854304
182.0201583698049 120.87696520702966 132.02869822045054 121.81995987051968 117.03958021747393 143.24119549649154 90.59065574036207 146.4239967016081 64.94681081164646 138.9887348186895 34.49373430955748 130.69032816808382 0.0 106.55877541920121 21.83989296940041 69.94324194216202 38.62317466448937 44.886033346473326 66.786129058075 34.80620055730967 85.85431166793336 0.0 106.19849536719474 54.560162057633775 107.13507909234607 72.83805819559244 149.95376623101052 59.025289807107356 135.67114755951334 84.06075508873873 182.0201583698049 120.87696520702966
29.329995121637864 0.0 79.25209423834215 3.449390335781011 111.1446924142708 9.557838431262603 206.50389592532323 14.835243951936448 124.55902129412132 67.95722672775449 89.45060631158749 59.79878433701307 71.52070431569123 103.62486555792006 42.06221580061123 81.14535441436166 0.0 44.78448271399889 29.329995121637864 0.0
30.919848856546253 26.489123788110383 49.36677981485977 25.167018965291312 61.217630740153425 13.896494508023203 83.47712262971632 0.0 96.37446263877305 19.51063415452331 118.05698964394935 28.81573225816347 93.19388745840534 52.795864837399655 120.29910447762245 73.84615911892928 107.72002023287712 93.61034488985212 77.80545345954839 81.75082446885423 66.41843912525322 90.06668598746873 50.7772664589168 93.70651122591559 26.181698689075006 98.40018386510982 4.239671449636205 85.22156016547282 0.0 60.08643689782759 28.35678431757654 42.84270988477852 30.919848856546253 26.489123788110383
78.81953039161488 29.655860382754483 81.22812026107016 53.67409290485257 60.07088013971485 63.48689878030946 37.406369370207095 67.47997098366535 29.854449672741175 43.69450847467243 0.0 31.200319562116647 22.43235166198732 13.116076202304967 37.59405219550444 0.0 50.072608335686574 23.283597543166593 82.0943500869777 4.117340825956191 78.81953039161488 29.655860382754483
0.0 73.07826808509132 34.1207479092849 0.0 104.4523162252041 49.5915752205253 156.94831164202986 43.20781677532109 156.3151602497951 95.71034238983835 148.16955096150662 153.71674978991507 92.91130946904678 137.26736658214514 18.363903210420176 150.88636823546364 0.0 73.07826808509132
90.41638410202995 48.293388713036904 134.88392326495244 0.0 210.7275834121367 41.1745685881603 189.18457033514863 131.18995714343936 105.79214496393749 86.35349044460065 62.760626995287225 110.59767638700384 0.0 53.07576947677482 90.41638410202995 48.293388713036904
9.33445174939584 92.78134725810362 0.0 52.29047444886832 7.303394437505517 19.41247155749018 32.73026813709967 0.0 64.06768798271965 0.3956295367753597 83.26247302628673 21.14592001527484 127.07643019700153 50.807894748952734 87.18466683533819 83.0479483968984 50.93558989819354 92.3329309161695 9.33445174939584 92.78134725810362
95.65047029032135 73.651065722449 110.32011433484078 108.87632426793485 78.366716890965 101.30721265422613 61.75097774729332 119.76594136794225 47.42636680255981 93.68569251963811 56.75703575522519 64.35606209538182 27.433739412809885 73.102801904339 11.424651875444766 58.434598000647604 0.0 33.81685893027129 2.223465473030849 0.0 41.433777446923216 9.05136553604035 62.85617114287403 19.49101641826458 84.53977674927891 6.1461441049941 105.12438443528919 16.047726180937673 109.51324095272716 40.36022852738353 127.82705800630194 60.44688185229571 95.65047029032135 73.651065722449
0.0 57.03760998414219 110.32731372363102 0.0 262.4388258089232 31.99141019732032 161.9598599116872 147.23275131191076 74.3792859333287 152.94793875094587 0.0 57.03760998414219
0.0 27.237875316498247 38.043624473706615 2.146917610348723 76.66341411024544 0.0 54.03386982310215 49.34802405418107 0.0 27.237875316498247
183.08395314782763 0.0 269.59162522587604 24.191870336921767 258.70283818204683 122.13300813432298 236.51556288736256 167.8859932162141 212.40156901031548 194.68694800965173 177.594289691084 258.47911863056373 130.32138241343677 212.7463671087662 73.20246802306131 177.85698751535654 0.0 78.98645781752168 127.74012397659388 68.3682516910476 183.08395314782763 0.0
7.534617320365967 197.08273977635952 34.80849459612675 139.5117760110775 0.0 83.55122397238051 33.10573306337807 36.36946398594304 78.35549213697081 0.0 134.0174957852677 87.45102961512333 153.33022621116402 96.50890366144907 180.74600921033374 98.74710111657886 289.45986442173324 93.34191482467523 340.33913048977575 171.885428125819 250.16015138595625 217.9136260847831 238.5579156608169 313.3138804653626 149.61035513514932 299.8420475812706 94.47050749764723 256.6921189300187 44.36635573687593 240.04295156651358 7.534617320365967 197.08273977635952
67.61312159716813 116.4395134129662 20.751199257504197 71.36898726765376 0.0 33.7330165824326 25.200057710082007 0.0 58.14087542598341 9.87545844721545 134.89973170683822 2.0318924356568147 102.07808847467365 64.7330032879071 67.61312159716813 116.4395134129662
229.1721019772472 58.31464190493186 192.96291843252897 104.57364977934834 181.03822665764 139.1647672986935 169.37550188788595 193.82481755055193 117.2986815021693 143.02479393752816 84.19453748480873 163.15020065590573 44.95537247687244 151.862244163071 0.0 120.25575151669692 41.85454076827915 76.67910198980711 33.424502209731656 29.905499871111438 72.44041947405552 5.692792419333699 113.94058336151377 6.087579945523601 157.0260962740432 0.0 217.13891222952907 3.823171890140941 229.1721019772472 58.31464190493186
92.62884129446557 106.14084475485014 61.749921625542086 81.3187011554809 0.0 84.30068980602955 20.19558834857387 35.749494319656264 39.80911571519369 0.0 78.6044668000177 28.5850071372072 107.87684404213094 15.888558448724936 152.09141342544302 41.0662677693622 129.95336092799772 83.85539837963809 92.62884129446557 106.14084475485014
118.65168001009434 258.69952165063535 81.92494096087509 235.3028518560387 0.0 197.6112444664041 136.83014619844874 173.0969788221198 29.636261283098435 43.4466731189041 142.1391088214278 93.55051925605623 187.36949420392483 0.0 218.28099129045097 105.15393680055136 345.70610024256405 52.126700932512534 204.04900979072545 181.5203391270234 386.8524475430253 225.89217158154204 247.98814521801123 236.12901281511918 214.56062360394225 245.85543114232203 193.73915408517178 287.3017830180645 133.58601221314197 356.2416910182694 118.65168001009434 258.69952165063535
164.23659916471064 98.57162058658037 136.96181771935136 157.73907562871074 45.941603793259645 163.5557554663045 0.0 76.55779292101393 47.22415219659132 0.0 121.34881025987612 19.42816093190269 124.55217985712461 67.9574068890393 164.23659916471064 98.57162058658037
17.79272996647711 37.53367393687155 0.0 22.82717567462923 10.565923286388283 0.18049544798817863 35.20004041600912 0.0 64.07965464304797 0.40446675580811586 70.17501728864002 29.55606049319651 48.96544630937177 45.31188671388756 37.66519331040202 60.752189453605936 20.415433689973923 52.164436661219426 17.79272996647711 37.53367393687155
106.81598423968126 14.775555564562566 60.17154768714778 46.64079315578357 0.0 80.9066701282308 28.22119417920196 0.0 106.81598423968126 14.775555564562566
133.71765604494627 54.21636737011464 209.8112490159316 0.0 281.5428442554829 55.54815992579917 315.45595263516293 145.10340842173213 259.5289988505314 221.40346832208348 183.1906622431999 263.3492120453618 121.46277797891871 213.32082436540134 0.0 185.36911545141908 57.647930582286264 84.94960125957756 133.71765604494627 54.21636737011464
73.99564405447727 0.0 182.80113168018346 49.731097056812345 130.0681370860433 152.33754465865695 44.97143656425854 164.02730412849138 40.58449886535074 99.57179745017478 0.0 48.12094638961677 73.99564405447727 0.0
142.25295221579444 172.92316207517396 99.28023764382118 212.03394791709565 76.56842502567721 118.98921434877667 29.25407776527797 135.20875754888363 0.0 106.25511332970771 34.204652211633174 67.68099355086626 72.61634536870933 59.81553210109594 67.82918325123705 33.87593003938738 96.37363438860191 73.32554557548985 112.47847906368543 0.0 146.7495355033468 6.213632335151161 230.0203357930674 0.9096536021138775 96.37363438860191 73.32554557548985 207.63577096551535 111.2363922866831 141.7530635452067 114.44352134774263 142.25295221579444 172.92316207517396
0.0 51.29932897451384 3.2440856525161053 15.076067511976717 43.90252172902794 23.934641846599916 74.96372816498197 0.0 125.86871741652067 19.070352568742408 105.96341403949431 67.41390258737009 74.24449045051857 88.20310075602855 43.84159589094675 94.39649508036455 23.478573102655545 72.36192399504374 0.0 51.29932897451384
60.12065988723904 14.897240906738702 46.54426365217249 33.366830819773455 33.372813630432404 42.170493323351366 6.459786600829659 37.4673477308139 0.0 0.0 37.46956557235026 6.051853021299948 60.12065988723904 14.897240906738702
61.77863366456782 1.7030155654024242 70.1477692210096 19.83734654705053 73.44907122911327 37.37823981923927 62.58342287281732 52.75293915628059 46.048795615632784 67.37364069695708 35.04066349244877 44.80023501596003 0.0 49.5551327981691 3.123860156540644 21.421703178207906 15.546366517417908 0.0 43.672806017971126 27.906981024186834 61.77863366456782 1.7030155654024242
83.34524848350904 106.54678793420554 70.57845413489285 137.49945155646122 44.014522984129485 135.52930030593097 19.903364547190705 125.0442269616009 59.49617138812465 73.86963127550811 18.24848504633175 75.8304820332655 0.0 50.44331283414601 25.672929877303375 38.76277332196328 44.24130508443105 32.84478339192267 60.405270944157394 25.019433411599465 87.81300301393836 0.0 74.97031248085125 58.96680468577195 149.75869048328354 27.806850251794017 139.4111693714492 64.53453840587581 115.75101450166626 87.14011688599085 89.4366472273512 91.41644109225906 83.34524848350904 106.54678793420554
23.836147391352668 0.0 52.09670075641294 9.614209773632183 59.752606740609195 42.19651919778288 28.797969909314276 41.181016849463276 0.0 27.753462968136176 23.836147391352668 0.0
165.4426986545149 186.13172190208417 105.19765349608042 218.69692476288213 150.47736303714595 119.06441011006295 0.0 120.52283818276996 94.06323975562691 73.76761824055882 106.0736374475739 30.08038482815634 144.0746117556661 10.099161708153915 186.123999976354 0.0 227.46818699809944 21.354235639838876 254.2673070289323 53.75111603643232 322.2254678559992 86.18982875906288 288.5728165259007 144.67069173236382 234.2657566399851 163.55222606207815 201.57441667395045 184.36326223747335 165.4426986545149 186.13172190208417
166.8662705338035 179.12060394347375 118.37275223946237 168.43674438907254 92.17736805411214 156.41764568994728 74.96588547533034 140.82739479151738 55.06553942871605 131.79670649256497 4.022163552180174 117.01090091476813 41.41281170808931 86.3186377824396 0.0 21.418466647445385 91.77774195152242 85.68799041385164 96.20775222874714 61.06469470090992 134.6372041226728 0.0 132.46416785131632 65.79832499060421 143.88234027262385 82.68544881236517 185.35639181115744 103.90999318906916 162.10337517174892 130.8678733792579 166.8662705338035 179.12060394347375
77.07868156838185 145.88008136561353 80.22696993094141 103.69467734885636 0.0 114.26028527550791 99.75617055101675 73.78470772613395 98.83882457269439 67.49605920731372 85.12919855575632 43.52750143413745 90.60538615799356 11.679771906403161 115.98539395782232 8.775358082326449 148.4291652428064 0.0 167.49783366493202 26.534460809845825 177.6695043290778 52.91990779413155 178.23762491031653 78.08410204660348 120.44910078352507 77.67943833356223 151.1783371834178 117.43815589911138 133.93664686443464 137.38045358508384 104.59976901336728 173.6014583409031 77.07868156838185 145.88008136561353
62.56530934263253 41.1306039081696 65.27600617800131 0.0 88.61503137878076 15.481878033304412 89.96904253682882 41.76442462303678 142.95115761764612 37.81611835328362 130.61901621580415 68.66971088829379 128.0339463423495 103.51159470495733 83.47250681847453 79.67604476621236 69.76030808158329 95.6404820171609 36.527954964683715 112.68986977267826 41.94685256067697 74.3999085518403 44.825656443540595 57.81521435723587 0.0 22.371474867317396 62.56530934263253 41.1306039081696
83.20535704316416 109.00825729911637 0.0 121.48953679639857 20.212280554928725 45.04592331303637 46.04412824968685 0.0 92.58437351484848 17.78170290919337 160.8489872172113 29.20350395970945 141.90537272166392 96.04354985313387 83.20535704316416 109.00825729911637
84.45936810623058 21.09660659629084 91.99400207034103 47.13536691455826 73.85553640645912 66.19791250392262 52.72548762142538 60.38647545412181 17.613189951967513 65.23001338264655 0.0 25.414637119528606 31.679274466193696 0.0 57.31678708333458 38.890248551884326 84.45936810623058 21.09660659629084
92.01831141694593 167.1740059519845 57.54700929465969 153.16075530914856 42.41909399153457 124.17476811835867 16.55893158198908 110.84349276367526 51.98520272107724 80.65143671307305 0.0 49.763432098226545 18.257142991008756 21.809241736963713 48.635401474062604 9.845771166332767 78.9971799059693 24.04311897650806 115.67713846625585 0.0 98.67492427226989 61.01774356966513 120.02542834957697 66.3437342535362 138.43015254397642 87.6515463103823 172.30999783497586 137.85177124282484 119.97590725013396 141.57917849585203 92.01831141694593 167.1740059519845
169.26033658018537 104.87996030333922 207.1630105435235 132.68440426924371 216.08577248696258 182.0758409842792 135.4104590563682 165.8879566761222 113.59829258165955 159.46203924772624 95.45345089963422 216.52704006569965 48.88014165403441 224.25689898902593 5.565157787689046 198.27082168736345 0.0 149.06871291350453 32.06209720979159 112.70831285741949 45.43573533444053 83.16717991926915 59.46702952208206 46.28083853288358 96.0582832236661 12.726513394231887 130.68360717374247 56.05833308761393 225.96268211675414 0.0 169.26033658018537 104.87996030333922
3.925595327057266 220.32793290384126 13.041867214246878 109.12133851895592 0.0 31.041183104611235 80.74522846037124 48.2424800334933 153.35701549450752 0.0 244.82868590910275 70.3140453004438 125.14677330279187 120.82985593939722 114.3911985503986 236.50382883921674 3.925595327057266 220.32793290384126
15.648985371860064 5.127324034614716 31.651599598211092 2.196871488274283 52.31138998107902 0.0 54.895441401055166 21.163525651608495 52.75770505842392 38.389536434162224 38.01310690411263 52.57679893997472 22.046983787153323 42.07759431983169 0.0 39.20389154309356 5.275776346153748 18.453736046294694 15.648985371860064 5.127324034614716
0.0 0.0 214.53253199592606 5.241310076347304 276.9485998840846 200.5528491593755 65.02356912746325 211.11297536622578 0.0 0.0
114.87880557229401 96.93589579667733 32.21689063724317 210.04049976760638 50.05633498981014 134.0278698701212 58.44001821999984 102.48143975216156 0.0 66.03209953260728 24.145885940327233 27.43633451041091 71.38889147214893 22.622325557292783 98.24948856325392 0.0 132.64131335760476 13.208365490143933 176.30514361468227 2.939703428734731 163.04644757971624 59.42195985828698 221.1527063468249 70.16663491621908 202.40027972638313 107.9273253772989 142.05547886177914 108.45987855611969 195.9369170308558 215.0785414682883 134.3985827080125 187.61367212510078 114.87880557229401 96.93589579667733
103.83990292168245 24.418716875645764 187.37959897362384 8.342785624478608 110.51289342130254 80.34422499638904 141.13995784482475 129.19351976360574 97.57469926916629 165.14229676156086 59.13484110014983 119.64132879472464 0.0 100.53601304577595 88.2244299285021 79.10725512688006 52.81239012936615 0.0 103.83990292168245 24.418716875645764
16.16910975941488 159.54841410668064 7.863135811067053 100.82241158346392 0.0 29.267133123752075 65.53366728108902 0.0 110.4886342018918 56.13735719452839 195.28605593860632 56.75317165614833 158.43939674152637 122.43959091749319 145.45257337176102 191.30010872441773 81.40955963407755 144.17987148095995 16.16910975941488 159.54841410668064
178.59105600441455 51.01688525283504 170.7273870613912 112.5653809306157 111.83829142498753 173.64007266663546 71.16872164787037 102.19020362066678 0.0 0.0 127.21888889190761 11.26105178789588 178.59105600441455 51.01688525283504
246.72824079734318 182.09796486451626 166.6407102073138 286.16235822209194 0.0 148.0200058458276 160.5641125900709 0.0 331.6972821679361 64.65098119574566 246.72824079734318 182.09796486451626
40.357483423111574 17.132024269007175 58.68209193550419 0.0 56.514733175279744 27.555079142525244 70.16095391717221 34.05421417809242 88.19719504804364 52.63862416569006 65.06499812941617 61.91780229962322 53.352910362554525 72.65721844617117 38.28957123987085 60.45182039166468 26.978996371138265 58.95780786350288 0.0 59.339152832414854 13.428860272888585 38.2560816296447 12.458847253005331 22.48780439068058 36.14521306984952 30.5504628951268 40.357483423111574 17.132024269007175
67.35154566166517 200.35614276463167 27.395516449986673 139.6010351961836 0.0 79.03667495895436 47.68188142956697 32.44705593897849 88.76165534390128 0.0 144.87783758027615 2.614666259512731 132.97078664873015 71.79989428258058 232.16149355580004 95.2387085580208 177.3862047210534 140.17177573372783 142.75317970873135 198.41963244287155 67.35154566166517 200.35614276463167
29.33431850673557 49.36152206718326 3.5991551542762323 57.4020429142963 0.0 41.46449469394443 3.2991148620147897 26.55434643781821 4.920830174880024 8.369335308491088 32.29735359655325 26.962796071258992 39.38372055043921 0.0 49.558270523078406 13.92583239867217 52.90142094162175 26.35194462248809 77.18840841165206 27.906248749703934 56.82326960872204 41.72323583883913 66.35859187943461 56.73546612007475 54.614503050793545 64.03441884765299 39.41090075549985 52.74293874971569 32.93126440473439 55.92694452428388 29.33431850673557 49.36152206718326
0.0 134.50208440105519 2.976276087139766 81.62264710474915 71.73493550792084 80.98549793872283 83.09737008763437 0.0 140.1030563672305 24.428909857456105 152.64097300008387 91.51254028046193 184.04790593819416 99.78195728952615 240.17980169104845 120.1793032373226 142.79501489236338 145.02158171229408 209.1775908146572 209.40446572045468 170.70906133486432 233.0499795334598 129.20664460213166 237.94816097052518 113.49171956808961 161.1344733260217 84.19265759720565 177.04573348038272 32.709192854617555 174.36125346662948 0.0 134.50208440105519
0.028280292191340095 5.808957199071472 56.74836502448095 0.0 75.3423664154693 58.15286399439621 130.26087528802825 29.235598159671092 145.46239330827416 68.93245924566291 111.5193644246277 95.82891126719855 82.68877781427771 104.76859888505174 53.53525624011613 111.77308161830277 0.0 110.08085038951387 43.384839515674 63.31960543328256 0.028280292191340095 5.808957199071472
128.1192250833709 139.470684646805 203.04814953285074 40.30119918624955 332.4256732486688 48.56267816665677 244.222122191793 156.62159038804708 297.7639295730977 246.88148691369892 158.97788754296045 203.04028012881514 142.91553379938097 276.24583560781025 98.0539393041723 235.93131879384683 0.0 276.6157550108675 49.85929224194386 179.1047741695949 3.8137189436804704 131.54122912810837 51.51304073077672 92.9173952064997 66.3810704340044 0.0 128.1192250833709 139.470684646805
242.06733009421632 67.78802053687495 192.82190846115617 180.29267670552656 92.6977389725329 167.87023247973883 68.17400374537014 103.77649947208816 0.0 49.47788687871005 74.26286820834477 0.0 133.55680128517014 29.921822760444023 242.06733009421632 67.78802053687495
5.744482950760698 125.68399823379902 0.0 68.4530469545086 24.75623915915338 27.85044945972264 55.429693448779716 5.8296185176211 90.75052391781213 12.046820415291869 152.71658166140108 0.0 160.70368607561517 56.99978914709686 111.53763428321038 84.5236176910969 101.0029720436009 119.99853101381417 57.26481896713392 147.71425812020834 5.744482950760698 125.68399823379902
0.0 99.70497641350579 85.00163511708459 8.615228451095618 212.3932282607644 0.0 124.63223585915205 95.45987707174936 0.0 99.70497641350579
51.42747233885367 176.29935050385615 9.662447260540901 153.3991451620641 22.777516740043012 112.83833081209119 0.0 47.143244843916065 84.99558638237473 82.71243647622092 108.14416652682422 0.0 139.70575289196813 64.34891262145139 178.5866398649502 74.24564255745469 190.66961421260453 111.00132302552618 262.7047886993958 164.19962619420994 160.3816961827156 171.10448466293767 159.81568859348937 232.73742792193917 109.87247273770978 208.69070629558007 87.23026149703078 176.27515540913566 51.42747233885367 176.29935050385615
85.656244190151 0.0 60.308813685793126 37.031435017559915 36.150590351595724 38.186921969373145 3.8087513389407945 59.21207341752127 0.0 21.901740006441017 20.56527496435544 7.007115100266219 36.85414030098532 4.955874023550436 85.656244190151 0.0
107.58211649912114 89.02681069933973 44.78547769876988 97.03450909309686 13.870980333670502 85.6300845848379 0.0 61.17918993105886 7.701250321283865 33.13211712750632 41.79843310522942 0.0 91.01534617372765 27.02237459568265 107.58211649912114 89.02681069933973
38.1854550907302 14.897800918045917 49.073873224417696 0.0 61.64376493611681 4.767607019475136 60.01581750249851 20.055251283337952 70.07933185233011 27.785705029011226 64.30877007269176 38.48406534908638 48.3741396968243 38.327720387288295 39.54889367999385 30.81744040123901 42.52744966911813 66.10743987326707 34.78688457541253 45.751097332237876 32.32290716234267 39.61349858692765 0.0 52.07649824567805 31.130271839615418 31.53110133512395 20.686562352921683 24.750947231945247 12.110581184791869 7.263725336135991 30.056325303319298 12.500038109884201 38.1854550907302 14.897800918045917
0.0 71.35621939933775 29.33478952694584 0.0 109.21676499234397 78.62747089561609 134.7565321185239 78.2256381236357 231.92099510836073 73.50368123987218 188.84955980395586 140.34957019153472 137.7578821757571 154.88713583962914 107.79608742232207 196.18193677959414 38.65303827865141 204.43299868379006 70.98810705519585 122.795268903431 0.0 71.35621939933775
0.0 0.0 84.49555961724225 12.943436544292958 107.5155503959374 78.58912823617072 47.71904636468841 63.989566773728065 0.0 0.0
85.6993278137276 159.20856773578092 25.105513861348726 185.2977739784673 94.24633670460757 105.02130282687615 10.634710648182732 98.97497230357273 0.0 53.75294622582132 70.4354250679745 57.26447251211408 72.31649374341478 0.0 112.22258476962598 28.811162314707843 119.40860423766995 79.61122933536276 154.0211812913148 56.00238236464772 195.57044974637944 63.206574554158664 179.2898901565116 97.46221467808613 149.1550696940149 113.6222852513862 133.08124479391938 119.52682292024292 138.41765993306632 163.79243482411084 110.95469649040965 141.9994294527631 85.6993278137276 159.20856773578092
86.23287772817282 0.0 125.729549195846 38.43550131804239 174.51006746116485 85.7916785162723 109.829808620112 115.9829712616321 68.31275781836507 161.9881854526417 18.310524251525692 125.91159665939388 0.0 67.9354859352984 31.836037561057246 21.48704251267911 86.23287772817282 0.0
116.79940689272958 43.245393497418576 106.16691549123799 64.94391620921155 76.96764442037495 56.698373464126476 64.32153538693854 75.58369737579952 59.789230760900935 49.97620879963296 46.47343188334608 47.361229066831626 0.0 27.95013290207733 34.86973765211751 12.179248856672572 58.40409111523253 12.936507007577134 73.2834194858506 0.9227614954157417 96.55056404631482 0.0 121.42969428559162 13.961740326967686 116.79940689272958 43.245393497418576
69.64048168726359 43.31518759814573 50.07117622137101 44.41678256506461 34.86657483984073 43.6840273041297 0.0 31.712032407584232 23.8620984406571 7.708662058933967 45.06783076347258 0.0 64.07127055941342 5.924645502118011 87.3604145173644 22.452169855531594 69.64048168726359 43.31518759814573
58.10705066672759 17.71243023492852 107.94540886611581 26.883550326087587 160.31618909091665 0.0 175.4182611798384 63.53785485034808 220.74545750630722 85.3280476620435 143.69511176418047 127.73899776601917 273.72786162721735 207.00312834656626 194.32429686244245 225.06758694715887 136.5395992585136 207.60211789815506 101.50060442308309 209.12736931804636 54.01247007953508 220.01890278776835 52.539738482080466 166.82929944200401 32.7382156981307 140.42480071083244 40.79074833602603 106.84614670231385 0.0 37.54588477094286 58.10705066672759 17.71243023492852
134.13419167304258 27.559383824918 164.40472727552918 67.77666335109089 100.14450708641962 71.58998848411865 86.32580138808109 104.7803354458467 42.81676997850374 113.81457026433324 9.881146712303533 80.99545300795049 0.0 29.98132004265446 53.96100489776083 17.393204496551945 76.39819094840114 0.0 109.22398502348835 5.297772395142786 134.13419167304258 27.559383824918
198.5925837030029 141.420404809868 156.38211972875803 157.70307490643023 114.82466425224224 126.29784578191969 92.93060548157837 134.87301850718984 61.71537950173879 138.42952867025383 0.0 136.22841451998022 88.10988995315883 83.3032121569155 26.678414451355508 49.861773754982096 56.33368407984428 30.258299324668023 88.68914170842113 29.682070255157754 110.00409599994687 45.69077742852202 148.85946605467302 0.0 193.62963601464844 14.455700573596971 176.02040063216617 64.52756367187548 215.58195496871167 99.52438963120277 198.5925837030029 141.420404809868
106.51943603366853 16.91910067407349 142.42258182247957 21.250412990109346 155.9071351212183 55.69910870224582 136.30625204405854 84.33399574667509 106.90430878770142 90.49093041199606 98.9103067924262 100.6334722269036 85.72653175800215 104.50793406566997 65.47163895127314 110.70469726236708 32.30746948930934 106.19984886165854 0.0 76.84764023518522 52.39635577611904 57.89368028373464 32.08160658791891 0.0 79.33486342385544 27.048515891332514 106.51943603366853 16.91910067407349
192.16238079529 102.15707467309957 156.64788123656163 148.1948621628256 106.86919140232887 87.04450111437814 32.438725382686386 145.65853423202728 0.0 86.17130115756478 27.772813694266247 27.76396822814811 67.32969136736648 0.3808405658054994 102.93094035753704 0.0 133.5411394224671 1.1382924553892053 173.08686474066076 8.625301365814082 192.21097951720128 49.160110193337125 192.16238079529 102.15707467309957
135.57547993965153 255.06910239460535 107.23137102772802 165.56286149597514 0.0 146.089911001415 158.4844511820362 70.49093005694692 75.85596917439031 5.634214059026192 165.38888663006378 33.760783655267964 191.49957051873662 72.77191337745819 210.93160699162593 8.897219458198208 255.85523706101372 0.0 338.7376762250749 11.902769526632262 264.7361331103767 75.93755513536784 258.9006911848415 108.446619719794 241.98827911613586 141.74706174863437 210.31945535993432 184.07456091769745 135.57547993965153 255.06910239460535
55.45557450852394 17.16917432451401 84.07046565903445 0.0 107.91512884571827 26.884786714890915 132.298084798066 64.94351539697001 97.46239895773937 101.56902989032216 48.311713764620634 113.73488652588429 16.571682796417605 73.39066389144529 0.0 23.041253382589026 55.45557450852394 17.16917432451401
0.0 208.83565037467474 44.447480639985216 92.96519716788387 13.516399250069597 2.4102225679058904 109.01076881725722 0.0 168.07131561794654 28.872163836461247 202.31538664764048 84.23524326975436 225.88667397780642 191.7578047847169 112.6097977514191 141.21283728489016 0.0 208.83565037467474
283.7814461896772 254.2146989498574 227.5189912683477 248.2972068138361 182.33445342157603 259.58252332119037 121.44338264581614 253.4748912742533 17.707223930744476 210.09342953588623 0.0 104.90691000615952 150.3175834841477 107.74049781424296 204.66721628337842 149.26578466106832 261.3284318831762 0.0 318.49219709147303 74.77473973646191 324.2124337305985 148.3918023517714 271.06835763322806 194.2524850994339 283.7814461896772 254.2146989498574
93.74898559518674 86.1223460881852 2.3290939184803534 89.22775952664855 0.0 0.0 67.56458050830824 15.149806086480943 93.74898559518674 86.1223460881852
52.40795820043976 52.92826157915947 71.66419791503162 89.62284978363877 44.33428176830102 81.32845075510258 16.718868053392022 71.71497748287715 0.0 37.31152474654134 29.751038549844786 14.54177353782098 67.0498150599642 0.0 107.78685160783502 22.596688272075014 52.40795820043976 52.92826157915947
228.89006118875818 135.27152510307144 217.02440605826988 176.07699363384108 161.90094179681475 219.39949905497082 0.0 179.45029467433986 69.02647406245576 0.0 222.3840774109384 51.38462029567961 228.89006118875818 135.27152510307144
0.0 68.49879848382734 16.525712123741812 27.795163065222766 29.02127155472232 0.0 57.74983204013233 21.056336938007505 67.4882919910367 23.653798074421402 64.00027801325453 34.482811033922545 161.72177372074106 101.12965032734606 75.28852671048537 96.18363201197685 57.11873323337937 35.616778557888566 0.0 68.49879848382734
287.4498362827453 0.0 203.84617683148528 115.16575402831644 326.0434191599469 113.30516574902926 255.7765781983892 147.69074828459026 259.872769432836 189.71672623947688 265.55749270187215 276.54661862226044 197.97763710863796 239.36292391022795 158.5858434781855 218.09340465023678 92.0164739158113 242.17507366156985 0.0 228.32828226693022 59.89643798101491 138.95282955949835 67.00371327420848 89.98324784708092 115.46870194446399 69.02704576043058 121.20024967877808 10.822833455758513 171.8721747333197 5.245326642166418 211.5671286286902 31.467758532039 287.4498362827453 0.0
166.7460087329803 44.41915213804165 100.40717660850834 76.64702871942306 114.37056665668254 123.05659462264533 77.03255814935756 125.91978266034506 30.028616654226163 144.68501563572124 25.48922038201436 93.05376722471996 11.79305329304399 62.70541694565982 0.0 12.955507523515351 46.18490538957852 0.0 83.84920900807074 3.5394623545944057 119.42812574760916 16.934477696577105 166.7460087329803 44.41915213804165
156.23912011673247 64.7590650511541 87.87189374542997 109.75477926674617 0.0 111.24940780392157 23.90108072558108 26.68533894744761 61.84361582317125 6.640986073313719 110.28196113716314 0.0 156.23912011673247 64.7590650511541
94.31910085900918 19.879692007893212 126.44805884361168 39.9053316404732 119.64593440342142 75.07260816289502 89.20453241222961 89.40170422196238 77.61561178683286 123.65378441608155 50.844418530745635 97.75022107974638 7.0460996403176495 118.52495659996646 17.230699345477014 76.13587541696566 0.0 51.58900947751014 7.706013877662272 19.150994843442994 35.17286480767476 0.0 63.30759571400538 30.86282552243349 94.31910085900918 19.879692007893212
114.97752852421509 111.23167528282208 57.68408567795956 127.69407388191341 0.0 82.13898833643437 17.175723081235844 6.712323894275251 84.05750777360339 0.0 111.558076515028 31.994666988249662 233.66476999406754 19.723025620995188 173.28578903824283 95.23653281504836 114.97752852421509 111.23167528282208
