100
225.07730032564356 57.935085338247674 219.5162942002881 111.2228528672998 138.656248671434 116.60143337429575 166.3065380808756 185.41982484944708 117.67520502318733 176.3457785902379 86.50542894959095 155.52552835524432 66.44960398372473 141.16261458643544 38.3325855187455 133.64234823235677 0.0 113.51127200009405 11.019736998356052 76.40683393788764 26.15513144432896 47.02429486324046 65.67506348613506 48.46712966637139 80.96842251271907 27.282040818316048 100.53242564833462 66.81018512075144 149.80369748670404 0.0 101.88056179002083 87.67612964724208 225.07730032564356 57.935085338247674
0.0 0.0 150.23183561335932 46.25011109479337 34.599546101965274 85.25796267428332 16.982444741895605 91.9768974658689 0.0 0.0
181.66178046369612 49.913196325203764 304.2592809693773 56.79298144570847 219.95492443583777 132.45691148962936 159.6408468711467 136.53604477006422 138.91989553750668 145.226806763041 120.5313717484247 134.75609077526013 118.19613566484118 115.86320498046257 0.0 106.94530070244839 47.74510318084124 52.7375484940991 93.8996924344392 22.163295313154805 150.71018219561526 0.0 181.66178046369612 49.913196325203764
195.59157709211243 68.8617877091594 269.53023315861697 124.64552002062446 216.54663148808316 180.1312028082575 148.63238969659602 151.44034823683137 104.9505459905819 142.42694310048284 47.07589817295488 109.96253150815078 0.0 19.66931933007477 100.50194920844032 3.266602734063568 153.13024847374703 8.840566342657226 213.2199042718067 0.0 195.59157709211243 68.8617877091594
240.59882478151673 277.81183373573833 191.72888105385073 258.99756874293445 114.69184559626304 315.96081650808117 38.62675180773215 281.62693851926633 0.0 198.82439069887704 105.84037189122029 147.67492111489685 112.21667266296276 82.36366349347638 187.48765826762792 139.51683185953607 252.03274150928547 0.0 309.4790438124109 66.32457031119452 319.6896298756991 142.6126032258878 311.6825031894693 203.37000216832703 288.35771166800544 252.3907183294649 240.59882478151673 277.81183373573833
44.14639650997748 52.43098364059422 49.43094972810488 10.370178880216699 85.49660726689405 0.0 114.4924602468213 45.67625360291991 155.09729422467032 16.90460230010399 160.44744622164262 55.40937430296577 190.06761211111908 78.52778662961892 195.7002074991608 116.00956646967852 192.6946267857793 166.3891736646432 138.1541766841221 163.1545533040241 105.20488583507493 193.35211982361105 91.423530988503 118.55862102428424 66.06224728040186 122.14415935674768 0.0 119.98318141863942 4.815523125364507 76.75280948098047 44.14639650997748 52.43098364059422
124.4703945077853 76.10766600549772 182.37934576229185 0.0 252.455549009183 47.248410503576224 307.9222590101617 113.26758738175556 363.7470321613728 222.2962073003204 254.40303039801907 285.77866757106995 160.4615431596872 266.1264659828819 47.82056724137453 286.90368037444273 0.0 187.99540703069053 95.2521859738011 117.12432853999148 124.4703945077853 76.10766600549772
340.4310847713026 156.54702686940232 238.2410659940092 205.80034661930318 158.10575252872158 211.90197341785688 109.30999228443201 161.65463631999347 10.873242764432831 137.528778620219 0.0 32.680675539853254 132.4643444250044 53.548753916584715 166.1337876790761 0.0 184.92894943705465 66.55938317649134 263.34402955555254 66.70540163025494 340.4310847713026 156.54702686940232
14.526872114379785 83.58683885174145 51.67909126406508 0.0 144.7814938233585 24.674595593112386 273.9674798072904 125.22586343342766 144.8361311578638 246.94798657637443 0.0 206.85243702079504 14.526872114379785 83.58683885174145
31.015442077239882 68.22807666157053 12.263313588733226 60.424962007645185 0.0 40.26479355017269 10.119965150895922 18.53445879530934 30.076074259559135 6.757286909710281 55.77725201285001 0.0 86.86959547815991 11.397489218152991 85.86736661555847 43.01942500530338 53.2065063386066 50.88331449586831 44.37499347556886 53.947471571775885 31.015442077239882 68.22807666157053
1.2134141583974838 79.02425830465164 52.08994937811805 57.3388065639477 31.59778756486847 32.01048397206648 43.829551341326194 7.657442193103385 68.9866885108854 0.9774666769131031 98.67148594623467 0.0 103.58387677609039 34.4610704280403 136.51442126191313 44.44707362894589 131.13166073879 74.20091545812024 115.24542189585537 94.58276763996538 95.03287798809585 109.87330751749029 71.67161890030641 87.76970185388727 65.01622779133054 74.49408561938812 0.0 121.4532500216075 1.2134141583974838 79.02425830465164
17.055077566593937 14.815046821518422 38.3535291583506 0.0 71.65771875293252 21.063043676092846 48.535116876079385 53.68412587310172 15.710161326306576 54.17237868302388 0.0 30.44313706204815 17.055077566593937 14.815046821518422
111.07078054687852 78.2053717305728 162.34808632308625 0.0 249.1501797608665 29.025627346408726 270.8927255288422 114.6640278774432 259.4923552190313 188.5613006461296 152.06987948700655 160.10026416809228 149.13105702446256 211.71633816256264 102.48801402427489 230.29162071954175 0.0 235.6062804468681 46.5445620895223 148.88652255154375 91.2659360925179 116.34929689725696 111.07078054687852 78.2053717305728
15.83094768943927 19.922281221778945 22.895934746047658 0.0 39.1894429442292 14.701889855460536 49.90133533743261 22.372938552338553 58.139051723080854 40.344003190060604 41.17074107980156 53.05770111833692 29.27895703931624 35.235106100617685 0.0 39.32301619469028 15.83094768943927 19.922281221778945
194.7999513418818 170.87059504404016 141.74643335033454 145.48214959962854 121.80413020741504 186.80262007181534 109.61999594083944 122.05276297724205 69.54511228886412 147.19757695635735 0.0 148.58504545804425 46.021699703304876 96.30365600976623 51.98058805740607 67.00710577923338 42.11735044531332 19.66868270265553 99.79397632562006 47.305025995796676 120.65571422572147 6.858943542281338 158.6323813799309 0.0 134.86502268385058 80.78617040565487 139.87996440165048 87.67348686335811 226.9765966174673 96.41548219812694 232.77937823704573 141.26687682254908 194.7999513418818 170.87059504404016
121.89133692702922 123.34778272260654 98.97687130600278 170.98463956895495 53.95838237970335 158.4956801823372 1.6193206493267667 138.08590877102586 0.0 83.37693037993093 11.895771557025597 40.53905598864458 35.38375037672287 0.0 84.06731458949187 6.274068236187915 114.53049671143135 26.899089600679865 196.31945946487525 5.856751615914092 195.80742213584313 69.92413235025606 110.5093300130768 87.87710840020979 121.89133692702922 123.34778272260654
28.82500291629742 76.85379374643905 0.0 32.646958956829025 28.238102098148204 0.0 56.91843852770258 15.344885828147298 85.04655815465455 57.735693617638006 28.82500291629742 76.85379374643905
0.0 57.28342531028906 39.349449361549304 17.218397823240664 86.13744331382416 0.0 125.41434473852864 10.065336520923182 133.9810848057874 50.46342137243144 211.33746026762824 58.089482510893475 165.50095798107603 103.06927956812618 139.40471970771412 126.93598548428469 104.7087906259398 118.75698188028423 70.4802238502318 129.0107788318534 20.721978510199776 111.83086614247523 0.0 57.28342531028906
2.0898062395043837 15.223255843050588 20.37590033629217 0.0 44.962769028905505 7.236928203407437 59.182653132072936 4.720539993309444 75.49844226814037 6.308570319019644 93.44241164727569 15.020675769012904 99.98053674386492 34.1222304145595 64.7701653075973 44.101321494891444 68.19748316708106 52.251369171715915 54.42265502343505 41.25051312071334 57.58262909941592 83.11736354258184 37.43390191363721 91.41229743841666 28.96099305989842 68.32345707509569 8.993251773416489 60.496859024825135 0.0 39.54918456747138 2.0898062395043837 15.223255843050588
0.0 89.62530077865773 23.492970901958913 42.416889647535776 71.78516954881522 38.99988265361154 79.54968376376709 0.0 112.19842600059827 3.8035417916945136 138.66213632358532 22.75440029595159 166.75798303807338 54.221566176196454 138.2904503195215 86.39821119639583 103.57153063896462 85.74355490190777 81.57555621798862 136.09903774577586 44.37799533009394 116.38948658360599 0.0 89.62530077865773
102.47426625623211 113.15905805057524 0.0 26.52541743973501 130.64544910245525 0.0 192.12449538928968 35.05042760025429 284.50260486714 128.56477305465847 152.60558239415099 124.43857723044827 102.47426625623211 113.15905805057524
114.40144445725531 47.41867282432442 143.29196210131602 0.0 182.249543557249 15.4584820816481 194.47351711882723 56.12518359152352 153.34980845210765 93.69511210860279 178.6473913709369 112.14271215673209 212.3538787047045 167.59438623695985 184.94811650426905 211.91919309622597 130.59517191687064 165.15777102863666 90.46969128013377 193.48146004439263 73.09664091166763 150.02991042453158 0.0 144.90605724197616 61.38659693166012 91.79353734460213 46.412396736747795 53.83303853125745 68.14621188832584 21.289989757994093 114.40144445725531 47.41867282432442
229.06425510774284 209.4667706045514 132.40866980435194 197.66301365290025 97.32190213950788 124.2708942145299 0.0 77.20660313207502 127.87855356624986 57.444985629936795 135.35372098930748 0.0 186.882671524499 13.622540661175528 245.68442569119009 44.919924046309745 260.44250193489916 119.34219840150587 229.06425510774284 209.4667706045514
68.54661500193842 73.24667275468724 0.0 28.649754600254923 44.46979865898325 7.401313916683904 89.26943626840485 1.137134731256495 157.76049571073798 0.0 101.0585429555571 70.64293441982551 123.52808661548336 106.91621739969875 101.38953289638835 154.46377395556405 59.65479513317625 117.41385882624016 48.515146288237474 91.68548980739222 68.54661500193842 73.24667275468724
0.0 22.436755284285255 20.00619099021077 0.0 71.2905875572676 25.177766741950308 17.83883576213121 56.646521143198754 0.0 22.436755284285255
169.78435136501133 86.13067777018888 197.13141310599224 140.53227281140684 139.9739614925866 116.8795867028474 118.90843178276558 111.77190031910064 91.43202192620872 121.93257354658161 55.20542827245659 114.83072357879203 31.426869636986822 81.53597509354336 0.0 30.822850648495177 93.24076476116893 43.40909941944331 103.59974646617066 20.383037636054055 129.45395229011217 0.0 159.8386468981917 9.94923715371577 192.19124551183899 24.259127684882422 222.23290122955422 57.094603921019285 169.78435136501133 86.13067777018888
141.43219367550785 284.8365613851305 70.76024472470655 292.9220613885372 0.0 258.5395715036525 86.87427454390505 164.18066410439812 104.10622205797745 140.27585648364737 6.175954638203251 22.001099400200474 85.92335479506056 0.0 152.96154074302592 81.50240822129116 215.80667481234283 36.535546450811935 305.87787425096326 44.917681151000565 280.4268646447208 133.6299384847914 212.5702888834118 174.67543244985242 244.41506232800936 242.90753125264536 205.58902331530055 293.2510119671589 141.43219367550785 284.8365613851305
186.89862198362997 12.70816693657035 182.25628260840466 89.14758706984996 94.88000650252896 62.74861779362759 51.9864891975397 123.403122250517 9.963837844813014 76.37077607151214 0.0 3.1769051316826946 76.05383307868792 12.829418874064174 110.62203789678546 0.0 186.89862198362997 12.70816693657035
64.50661352461668 122.40527418099694 0.0 86.23310486065117 30.468118276320915 29.44395372624451 87.46747245275898 0.0 158.98638969231138 70.38758637993948 64.50661352461668 122.40527418099694
241.52437309762425 255.7544102130306 113.74067882979695 298.06022701746116 187.74051990459702 145.01422785909213 0.0 28.925259450960667 188.67203880080987 81.24057349239366 275.95768422794526 0.0 326.14152622912707 101.8394726575112 291.80468647378524 188.29218053829678 241.52437309762425 255.7544102130306
12.164005150612411 0.0 29.26586286510478 0.6716509953597978 32.289212276453824 17.605899536006987 70.39766817171422 17.889172595942227 57.519000046697556 42.8099432710156 39.67302959945306 54.29228294953168 19.344985718286352 57.82586841666162 9.169553999491981 40.534350671930994 0.0 28.37177518432695 5.087875614876282 14.48223329678413 12.164005150612411 0.0
0.0 15.10417184044038 48.24321234229974 0.0 87.48545083362384 33.41109875799605 89.11257149579039 88.72862417508094 35.30160262838892 78.37621106127537 15.935464034373894 57.975099253258726 0.0 15.10417184044038
7.257404780745716 43.36780325269248 0.0 8.546001248045485 34.196202154892404 0.0 57.821039610627565 15.985489278261497 64.48925437155259 47.45330602084829 34.616017639948694 53.57349183048021 7.257404780745716 43.36780325269248
75.69169984516647 0.0 117.39400179474191 45.3782175708988 94.72170454671829 100.71581623208394 49.87315703903765 102.56690933448323 25.052843320730673 87.54153140596611 0.0 59.40387951383036 29.32748455397828 33.35079273297063 75.69169984516647 0.0
226.44156735727287 23.132450163029276 148.66624178840937 92.57709162655021 96.36256451154873 111.79006720705516 0.0 83.56344117751283 71.53779967291206 13.657547796119573 128.17194802752954 0.0 226.44156735727287 23.132450163029276
106.69190060876272 137.95418129597488 0.0 49.84946499003921 116.32792824065208 0.0 190.09206890951015 0.9318195993214715 196.82916507242695 98.52453111922081 251.59332106984303 75.83677843779367 298.2458255335166 120.35525027688186 295.39930358398453 209.51978041395898 212.34760099768573 269.5746966761168 146.25629168442435 185.99856598999293 106.69190060876272 137.95418129597488
85.2779349455683 0.0 122.43873661872587 16.86948652399016 155.00328761200933 38.324937005838976 166.93670999422528 77.82711957345538 134.220330419663 104.77398548169043 92.0927882811254 82.65367050651479 94.56142464873471 150.32095420320513 67.42864993191543 131.17532440861743 25.11671047284753 127.55292351869603 0.0 86.76608993468291 57.02488673801966 65.08860957940495 39.194663089005196 5.980021999364467 85.2779349455683 0.0
0.0 31.698914632919056 149.9971963525786 115.92191562569246 141.16049416366593 11.507533851854646 178.5341421955116 87.96215206126666 263.54277586427395 0.0 270.58046908957647 72.53942688163707 202.07461967586886 135.4863482540503 226.03124272746106 152.05794058792497 220.72789373280912 175.83795061443135 212.13839845893276 206.15776086110972 194.26108795764753 267.7935355391768 156.56939315871796 208.87205836419426 114.48846758972886 224.80516067702044 19.527303960565007 243.31190215752244 73.0831708801204 162.18321005359007 81.26676220577897 125.62366143534277 0.0 31.698914632919056
46.684865725368724 135.85532753270303 18.397848984893358 120.69477348018694 0.0 91.26631379247235 59.89507805674516 65.69698033360982 13.21506267648374 24.427085208495825 58.4420635897817 32.56208438149293 71.92408548057774 0.0 90.32604750527855 35.74971167539216 128.54881953455617 9.898632983773496 186.8727855540676 14.147417180995625 154.56601318990243 65.64951373110506 130.502131248975 87.59193055979657 142.19559977965454 128.6685554797324 113.12971369765182 152.06517225942878 77.51555836990532 148.3861580234706 46.684865725368724 135.85532753270303
77.20240640084197 113.55445130729082 0.0 80.59039073419936 32.21500120640917 2.457058573002257 110.78366229724553 0.0 181.02278786719 11.442653789764108 131.83183327816818 83.20142074148035 148.14162747434958 124.39612031829138 108.65622221294191 146.5002887179039 77.20240640084197 113.55445130729082
58.36926621596345 48.06845960150432 55.453866570896224 63.57743892498507 38.95069709681027 59.3537697128077 23.932766103082173 69.86605978675934 19.893689679547947 51.42950191418014 0.0 43.71371462041086 16.98909141558707 30.489257133428957 7.79138043430919 0.0 33.81254690739023 16.564170890135763 43.40472910322596 22.763039200042392 54.82284038754922 25.036234329368988 97.7107799784007 30.265064394504414 58.36926621596345 48.06845960150432
37.47072453535262 8.351853315140517 124.74414536400107 29.42881535142301 8.898469303938732 113.39911376418794 0.0 0.0 37.47072453535262 8.351853315140517
159.7632589402101 222.18186241056443 68.71448610036825 246.05653816582705 49.61111298722426 148.88643416797603 0.0 58.809156489815116 99.35029154236327 40.372483078976956 162.93271249024752 0.0 212.66253910616624 58.207680619639596 249.61781708699723 116.87402364325489 177.0650442510278 146.95155575981553 159.7632589402101 222.18186241056443
125.68096246864246 58.80546081672442 87.83115833882076 76.35350315530621 54.66863988783728 102.01524664226449 25.04837471483806 72.18518505019583 0.0 41.05881992958079 32.470129387826326 15.497750391997386 53.912693862312814 0.0 75.42674482611599 12.052737564398 107.38028853720826 19.045492961574553 125.68096246864246 58.80546081672442
36.61559618051634 22.59274107333784 87.34087321958793 0.0 109.67209964608091 59.424373355229626 56.1776206273635 74.2909964531772 0.0 106.23336337414116 22.45751300027684 43.55378656990113 36.61559618051634 22.59274107333784
256.1429947010968 197.69033065936148 67.22384923605804 96.34172107019229 0.0 0.0 132.92152199943513 16.648567689729326 256.1429947010968 197.69033065936148
115.11186118637592 142.88638050451982 93.05133164155774 85.83022220933113 43.03677734427644 111.88017620556703 0.0 84.6707891124136 55.90558566169572 45.55789677382687 46.35678256116941 8.896311212613618 92.64582914420916 30.625658203092613 107.634479824404 9.037274537683622 139.46828407415993 0.0 178.08046839573774 14.465995330198815 203.3129872268943 53.36616076912338 156.27517632127893 83.39295031105034 138.62710632585834 105.24466173264106 115.11186118637592 142.88638050451982
49.9677394469048 10.388815903102227 67.37093976982332 31.15808953350502 47.670061503863735 49.89139506934559 27.791968169090083 38.721861651764655 0.0 50.01158646259884 4.346146928676077 24.85513994970667 11.449386308196537 5.936184812825857 31.25110739362256 0.0 49.9677394469048 10.388815903102227
15.117162490790413 71.43979813220602 34.62308693576592 36.87924691480357 0.0 24.771741087468882 22.361885644884232 13.054598828179593 38.33505218893483 16.655549571034143 63.348470840347 0.0 65.92086879443349 25.52032025670377 77.9121631552114 45.52322267079461 46.634085979510665 45.17744455216963 39.644087306537834 59.31627021267437 15.117162490790413 71.43979813220602
66.59005780390294 59.03578108830223 33.93514684379877 65.75766285392618 21.507215245444435 41.18434208437205 0.0 11.825560617916992 33.98934722664996 0.0 56.744893683160136 11.216578771003853 106.39763895582189 26.529855086417925 66.59005780390294 59.03578108830223
0.0 134.15250518627352 24.04913434524883 70.83281924944758 24.95490901623114 13.18919311340315 80.66191607180858 0.0 124.04737195203906 28.149689935996925 181.14056641046795 59.49136760513396 173.72695355084534 128.33281432009596 116.67085860142399 161.93843548403936 61.054284853376345 150.19867310506208 0.0 134.15250518627352
103.28366285376339 86.23761702133814 0.0 96.73105900486539 11.20140817600739 0.0 65.14095709132215 7.5270113217679295 134.01730151457707 2.984035111883003 103.28366285376339 86.23761702133814
0.0 10.092122286244532 45.1831502565978 0.0 64.33309085574689 13.155855053632038 85.64406016558725 15.59767041128795 100.93601740521473 42.43530618802359 74.09881081537512 60.2981555796044 43.938907642820524 70.32118542238841 21.765862607392336 47.21017175668092 0.0 10.092122286244532
109.67414192903584 0.0 204.29390648602214 18.216774930376907 197.10747695353083 170.34355208531122 0.0 130.22182400259538 109.67414192903584 0.0
39.846176946889116 7.75702580082627 48.92480540927218 20.928055478408197 34.807016802674184 30.80604845519764 27.0770195123729 42.65765930556239 15.261652530005023 35.229450025678574 2.591172409673149 28.940646470852258 0.0 13.17980421385883 15.37155739697306 7.005205888987533 27.282359679631554 0.0 39.846176946889116 7.75702580082627
0.0 142.5273166969876 76.98367785324405 112.9174809742256 70.07775772429252 78.92367589916398 98.40089763635886 70.06992265518343 122.98908255496713 0.0 162.56578125918145 37.476417347249665 169.15790723388392 84.48791898123017 219.8439320118116 90.82270526413035 223.39563285111072 134.31442097086307 191.22946727780712 163.64288261012743 184.2366967740744 204.5804558327773 136.82522470754057 177.7597137766581 111.7615567549 199.71181061873722 85.01516116096198 184.49983336384676 61.634987098416644 164.2875578109146 0.0 142.5273166969876
96.77027077987485 9.212114895204905 127.95633847430298 0.0 165.1672949375032 6.188023634220144 183.9575088203303 39.14414809462865 227.9666011158144 74.89978009003026 214.42225013405528 122.80835293425493 176.4324525833357 155.24422745692402 129.34755475452914 156.17147492591857 97.47020658913905 133.5970176104048 69.3443723825215 141.77847703927512 32.62287591663846 140.5734857928872 42.92461317852775 97.46689046255968 0.0 74.04174156378322 14.586208823636866 39.3034476827774 51.79543318337309 27.20972412280627 98.04349883466341 73.3167259591403 96.77027077987485 9.212114895204905
71.85449105578012 26.75769032705884 50.69675568342477 27.26009999327856 46.70625558185671 54.46355960105406 37.464167653489994 33.88594882734647 0.0 33.233817979949364 9.298811488764628 3.381179748025062 37.198044049420346 0.0 51.804117756930964 6.9741058013594 61.709690102916994 13.015368238283699 71.85449105578012 26.75769032705884
17.518815262651742 54.760865004318134 0.0 48.57216669803705 21.739763899781792 31.24779688298311 7.773586821855417 19.490151002531036 18.766371537688812 11.677258301955987 25.726373458560047 0.0 38.598745896981995 4.330054526378632 50.44742573394393 2.1781566009697 47.375993076700695 22.37144692157449 69.03681849169303 17.9404114844137 63.38176532423758 30.081814363754958 64.02253544827147 40.16283798635294 57.03942097556633 47.325270881931544 43.47639984538668 39.77074848003778 40.29418112664219 68.1877765271951 26.753290257735074 64.38356979318397 17.518815262651742 54.760865004318134
58.494636362162765 101.7394574678356 0.0 90.98081187129304 9.582865018835086 23.81370725168273 78.73708330896113 0.0 126.89419142389517 44.57666086515469 92.41961513309536 91.23586776180635 58.494636362162765 101.7394574678356
0.0 54.32816991765964 11.977488226610632 16.9696571730506 50.919747222366155 0.0 91.59906119902882 25.633563611552553 80.24242074720398 74.64892357750244 33.20545855149139 78.27654270656475 0.0 54.32816991765964
15.163728638744274 43.74873123906076 2.6055353794695577 37.91387842402291 7.525661202571698 24.173960682623957 0.0 11.576402977201226 13.367988149855506 9.130367907043407 21.848832563653914 4.995408176772727 36.40114397477434 0.0 37.23583170368232 16.169127657395833 52.375332250584165 28.72662973577758 39.565911832429975 39.286533990466225 27.714215174508738 45.749218498384806 15.163728638744274 43.74873123906076
67.88669561466801 0.0 117.31873729944529 70.58277404955709 39.92410082937232 80.49346603816372 0.0 63.03119405288651 21.412613106919466 30.397466719530506 67.88669561466801 0.0
212.01407390892783 134.7865750099587 126.3691919697927 187.5300168344112 58.641567263747035 182.77922422422066 7.316203013437928 149.55887127999395 0.2650628843802565 91.15525511092518 0.0 0.0 89.57501610512004 10.95184437314623 139.25178187440792 61.8931759938632 212.01407390892783 134.7865750099587
77.42416459759187 84.59044587950753 49.13513763684101 65.00007012180713 36.43770697913965 59.994590134471636 22.6410664189047 56.88175482137248 0.0 50.84625356991644 5.064539002562469 30.685392826556424 28.42491878179642 23.950578292527027 21.61017083050608 4.310621785147404 40.87263516478349 18.058771240026374 48.80632405546484 0.0 63.75272343673575 1.6981773536846276 62.13542110679012 20.818383895475094 79.6687919820944 25.698960275206673 85.24977202198815 40.68492392283338 69.33501778964022 48.97505380744717 77.42416459759187 84.59044587950753
38.180441912606284 199.26793002916375 29.72332655994623 136.05638508914257 0.0 61.115925466033104 61.56657312862711 0.0 138.30661137988068 39.811400092795154 197.52388023086215 62.69479637766598 319.25254774566315 111.41712884651155 169.299460032251 160.64916056007544 146.98830701266837 195.00085751537245 89.67730357147651 250.00436572578005 38.180441912606284 199.26793002916375
68.79819637646386 8.788073265988771 102.55794120699008 30.93082536625427 73.27389723783371 66.01210189285283 27.155339688793248 62.69981487455706 0.0 17.715243247193115 45.82718427611198 0.0 68.79819637646386 8.788073265988771
167.65780248823327 61.88940655151799 231.12091774279924 112.99401575752191 164.6606027473963 143.038498581898 114.17069003354071 103.0115368328901 74.60252711740296 148.2420510874977 35.16848947502319 115.89246589872181 0.0 60.33248980767249 46.92529795976935 12.40595128154284 104.12505763993026 0.0 156.88414487224338 10.610833279267666 167.65780248823327 61.88940655151799
216.16505651895898 174.74918168633377 152.49183160991936 211.04559065261267 141.97663791420305 101.55590784136245 77.69557593354554 107.9101814105164 0.0 41.8678146587356 95.01744428476132 7.875993949252134 149.59880002804306 19.497000136080636 191.0821394261606 0.0 186.60494866196373 57.6925693262811 230.14097605013984 72.0604675759911 230.38442275283575 114.50927095515203 216.16505651895898 174.74918168633377
69.02138448858793 14.81925601135437 137.5569901612204 0.0 197.26975397197288 2.5906720974175528 221.4694663718772 54.24769648671654 285.7430459913769 76.00793415091903 350.1719552593104 154.37121432159356 247.19231514693112 190.01407105596084 195.9267752262075 218.31403772902283 126.90244699820948 257.3289179093853 120.40041331704586 153.99032295402276 0.0 155.4563741761428 37.71536050268904 78.5320285031222 69.02138448858793 14.81925601135437
93.4039154320369 76.53031370083525 128.06306178316808 80.12086759963366 160.80631972749654 121.98810946909092 136.48840248347247 154.43530154010662 91.40634673572549 77.40379923048297 71.16231053870764 124.41978162790133 60.84903093474625 101.26228443642617 18.608099543551987 91.27227967109943 0.0 50.21080856979478 42.38381184342015 28.605089815908848 67.92538313550332 0.0 104.78522504766755 8.8519224082672 142.21365724197378 13.100797056873901 93.4039154320369 76.53031370083525
298.1203012914341 177.54112513647277 289.3857041733242 255.05689669916796 202.83459676491987 221.35685669425607 147.1136882246575 259.54949240303716 157.31944145133633 146.39015744639067 0.0 208.49696502175158 67.42440065348694 119.49197120627784 37.680446520821306 47.78288391733531 166.28247182801448 105.21282725718218 159.45283928898397 38.44002245957557 205.91666656150494 0.0 254.76957057035014 23.766130226557692 284.08221337944974 70.1975691195315 265.67443510276945 119.309809749343 298.1203012914341 177.54112513647277
112.34719782017065 84.39365245798528 147.83023757069788 41.66582584509998 240.29743091929734 21.85939729413826 266.8082278976792 93.01500496092527 291.4307022350381 183.3182332317855 228.2637606072557 244.39138492681985 139.90045182084316 249.63624042876054 98.33493701497372 146.98299311034302 53.67045183788176 162.1574435375829 0.0 136.86055445349388 67.85747497495367 94.07955790459341 50.89646238151991 55.12414413351637 64.1419505534414 0.0 112.34719782017065 84.39365245798528
63.178578685537516 46.80661137027515 56.997878558494875 64.33351734291341 37.81974764274845 64.83556207157244 27.242357423829873 45.794993890130286 13.183814376043571 54.55986900287779 0.0 48.00429584531993 7.381439678507775 33.6202331199481 7.848219161125158 22.910169443269055 11.885332720540632 11.873833331882523 23.99206570060504 11.338407769879367 36.02848767167045 0.0 46.740877770926076 9.562873409613687 57.337767147657146 18.06529083066623 72.2807627885531 30.411298120130354 63.178578685537516 46.80661137027515
50.94102268707907 31.041359624884265 80.77840737818467 22.415298366279757 93.32656407311465 46.608123810817546 64.27039817611046 53.61732670060556 49.877445677329945 71.30201576355512 26.16949381962688 66.93909048879453 0.0 52.23116169659217 11.58301710918348 22.985981905123964 25.651350138699115 4.283607358481987 47.5968429228859 0.0 50.94102268707907 31.041359624884265
0.0 40.51638087970066 104.45485506707809 50.65406870424804 133.22476383232848 0.0 177.9462226371125 29.32368410232405 181.2622155789889 78.35166729750604 212.55972624840206 99.68866182359854 303.06781385828356 178.3601118550386 204.6321238355864 192.79700275171467 152.85774703380497 214.773507114724 102.48797629468007 193.91316452998296 35.15566686481077 184.66715785558847 82.22785788633755 112.60908066893417 0.0 40.51638087970066
0.0 94.5985434550239 15.131505617071625 59.90371664205902 49.04951305017336 50.2167407189772 58.85495685471267 45.048064148172834 64.98249987428113 0.0 89.92278307679382 13.447427371792159 96.11175608834202 39.48045382618543 136.73144904525753 46.41240198300208 113.79630468001805 74.72734311345522 108.69922699619865 98.80650740043859 82.6164934644242 98.6757653670621 61.819573766129395 114.20869405226946 60.07736231426318 74.08342076613118 0.0 94.5985434550239
87.30339091587877 72.01646829129001 64.43037906685103 106.69324494430387 48.14603427542861 61.055262910338136 1.6763427398819672 57.8450973005472 0.0 14.453367452278492 41.100024308831514 0.0 73.6741411280542 3.316355356265433 111.51874782917633 9.439629883188722 100.29137722914368 48.92034967971619 87.30339091587877 72.01646829129001
125.42772997479906 174.0210065971122 57.549751849378566 204.37996612633492 0.0 166.84198130748734 84.54373098342091 124.30443748833662 66.07071355512284 72.71200043961694 82.88794099511975 0.0 146.43873823785822 30.536338399779837 209.72622834195957 4.955046673598673 197.6140657017438 96.28333791265507 256.04516817237135 113.55004084097875 362.86237080668593 187.1074659299867 245.1625317359042 218.59537171016558 142.1347860122099 138.83507988397687 142.81279548670878 235.65747028834113 125.42772997479906 174.0210065971122
52.03816024596085 12.432184204538132 91.78407879641978 0.0 112.17134942889277 45.75711489648482 73.93586567130765 60.84892886078276 24.187555886240588 90.44015010622559 0.0 33.10718208168541 52.03816024596085 12.432184204538132
144.52453949699267 0.0 139.28542391620536 50.04889363330237 170.24682031668343 59.98729811713871 187.7586130795713 90.68950708896408 145.29698994163994 106.41991369105585 130.2345986527537 118.10995870789596 122.65822518510019 153.4075859191754 96.40111329908163 134.28257036062627 75.84482861317295 132.104812731084 40.16474590268663 134.6885538635671 59.81888136937627 96.98375970398668 22.032951606025364 78.00755202927508 0.0 33.932240076693915 65.00159566033287 42.35459591961001 86.0546311735063 39.41749043438338 105.74172920704773 24.716154216942932 144.52453949699267 0.0
0.0 130.53930646663943 105.86560556277065 0.0 243.11880728076042 61.24459529997358 156.21343062011695 176.39122858049467 0.0 130.53930646663943
115.32659278711239 25.363378551529784 144.53524606447803 62.4474269695815 175.29816534424674 119.71267882511127 117.26518460757883 145.52161618528845 67.49287007910581 145.5049230975696 46.93940053726806 104.38382240363288 0.0 50.90864294786131 54.42819004212343 0.0 115.32659278711239 25.363378551529784
29.50609750807086 0.18354484095752355 82.0631518551318 16.123933493702978 114.45152890450494 0.0 163.9032295475563 14.503164816662824 109.09104253427533 57.96268029450854 106.17369975478012 70.06001506940046 108.07361891095019 148.72706829511543 56.095250673091144 127.78075626756345 0.0 103.80624230499313 21.346254140600124 46.338505695749284 29.50609750807086 0.18354484095752355
44.3658533948626 14.952932679524189 71.09363618062656 0.0 81.59330749216758 29.820224615583776 111.635954581844 56.383283881299526 87.3561402973803 89.91602646593827 52.13998889476683 84.54620419883233 14.426398086364706 86.95540645170837 16.051358122072664 49.4654354305894 0.0 10.239273759709967 44.3658533948626 14.952932679524189
15.864848105932737 0.0 33.46251113649704 4.266566864682261 59.289876860518184 26.547669176407283 28.403794963220335 39.69148795531588 1.21052537297426 39.873145834163026 0.0 12.691384672354559 15.864848105932737 0.0
74.60093967895901 39.62009360414597 105.29918077712409 0.0 142.21971566026647 31.305748582939245 162.22844553303398 63.06036091433067 267.26410701605846 90.47900417689027 210.64813447495087 151.61347631143235 191.9619756005987 234.13819364850383 111.11500192502723 162.59647577597121 83.24457353693994 144.42879665347846 0.0 164.1296882647863 46.81293856204645 96.5519185571887 12.917420559407162 43.132296749306896 74.60093967895901 39.62009360414597
80.58736029520037 89.27946582606995 56.42022158695451 110.01872747303767 0.0 101.35614734499882 1.196722998859883 43.86071849281261 38.734837850755014 0.0 99.75898049483821 1.5915660679155934 133.96898820146342 43.75079260863009 160.11032822139623 104.53099761537646 80.58736029520037 89.27946582606995
120.59078518215459 102.04103903513499 65.33400466935348 91.42205924727534 25.141141744089545 64.8698825135593 0.0 0.0 73.10434598167454 13.92025019315492 109.53350961503246 9.657470124142485 158.3193924585354 48.930602304690375 120.59078518215459 102.04103903513499
1.6605298983502195 25.9574634808814 5.619274941269126 14.051923159855363 16.64330491114886 6.3223172888173735 34.46486260539716 0.0 62.63215959915301 4.902513201453928 78.60142996663592 31.916283476469957 55.95075019211072 55.409831097465684 30.031622229505814 53.18382350982955 15.121464038548936 71.10159587366667 0.0 55.83880377953143 18.342037733727025 32.194029111415745 1.6605298983502195 25.9574634808814
56.0608335792303 59.88583903952441 35.62991787788669 67.61972220362674 16.212118693124445 54.19435244979623 0.0 21.49614623449567 32.379017942669115 0.0 52.82343784022506 27.898703524003295 93.96718258237777 42.45090760333841 56.0608335792303 59.88583903952441
130.11487906068706 22.42323293326367 119.56666017099091 68.35949856124735 137.75830691145538 114.0485947743181 87.45627320025717 132.28882409870664 43.02473248838862 100.38330747894199 0.0 32.88735023950291 73.42392290297094 0.0 130.11487906068706 22.42323293326367
109.78231046501584 12.724767643235452 166.57508640261312 0.0 178.8167678262356 53.256762063470106 206.4548819917093 100.89043392973512 101.7526315202051 84.58292687581394 120.75318316551781 138.57692164135284 84.48273610209382 169.94440598598675 43.093055970079575 146.78988108628107 29.79395041819967 107.8266652435012 0.0 66.58993188649957 73.8436298014393 61.94150736789295 74.7296600790776 16.995185970705236 109.78231046501584 12.724767643235452
0.0 94.75838053051146 27.351353953289944 24.221278831934562 79.22531823478194 0.0 139.00823785502757 0.8178800022551869 160.56147824829463 61.09511890653062 151.89446192896406 143.9495118816507 64.61436894442734 132.37913197446164 0.0 94.75838053051146
195.51203728213665 92.9481831362802 230.91744688179546 169.5577412719045 149.0691543863487 201.71411235507946 110.84632751945027 142.15129684642739 0.0 99.37291948380312 83.46324163741807 32.89000245343972 176.83948381959286 0.0 195.51203728213665 92.9481831362802
135.03478824140626 5.785258372844645 72.27661321312807 74.36990710695395 0.0 62.061048031122986 38.247206965023125 0.0 135.03478824140626 5.785258372844645
92.59357527200697 104.22464868330503 74.92618907108982 115.4196913519091 57.46503707775247 105.14150740276638 69.2799631630544 81.11526421242596 0.0 60.41366979391002 23.77461924695092 26.245566090166577 60.84291834275018 16.761065774875497 90.24404913790988 0.0 112.75402556167504 32.571332614379195 113.79457492971221 59.07423219336795 92.63815449760854 75.40252952375664 127.76461238860222 93.1480575329878 132.47236723532103 130.24477787555884 92.59357527200697 104.22464868330503
50.353573751038844 63.82699707956115 0.0 16.306574823153966 70.81183596657067 7.357597859481693 104.32150944954847 0.0 155.2728341574892 12.554345829456935 172.65444194871824 72.23533425138089 105.22679172647159 76.69794344457284 73.58207826759985 95.81395896865669 50.353573751038844 63.82699707956115
20.426887727292808 25.445306231388017 0.0 1.4047054635211964 28.20109399621697 0.0 35.112536843381605 18.1236790122599 66.98886318021465 28.194363641270343 49.334004076943586 59.6392964973069 10.498644320757492 63.615811481335385 20.426887727292808 25.445306231388017
78.36290926416295 111.30402116805821 53.14364180044713 128.5866008483378 15.860391692493003 126.45142116098056 0.0 93.9081739426021 18.18529287443379 60.86174260243722 7.64109735836967 24.18682206204246 34.78793985220025 0.0 70.32495487510094 1.5640620926141366 95.39472739203823 21.575466301460153 167.06827188075442 5.877137613923502 148.86307136679488 61.59000499285547 94.41389303892633 79.32044229277619 104.61899215183715 109.37508596364542 78.36290926416295 111.30402116805821
