100
42.45881129934349 24.982169053789818 59.1146255014771 0.0 59.18596778878601 17.83716069276693 47.16599294973674 30.593095407014914 65.70153060743198 34.53287699897896 73.46039085655858 49.85474297509795 55.73001808733046 50.23346800824906 43.849864273238175 40.41111619001043 39.8124688214756 46.60984090325189 27.055004466689134 58.030265232587766 27.881089829848797 43.36852268788438 40.81892439002825 32.55380753569587 3.137657667586957 27.793475882884806 0.0 9.607832036102096 21.383453217070716 7.4456411137220755 39.258593624499134 24.022540308765443 42.45881129934349 24.982169053789818
129.38250283222766 12.707577876307276 124.14205255151842 39.618790755379415 123.26224484636958 62.78777206704208 69.06350130089808 45.36975704420437 77.32908631515166 63.06354375655804 72.84774408618979 102.12403346022617 50.99058770878929 95.17179509632015 45.01641666924506 71.195518758503 39.82442538140262 58.2615933524935 30.315583501995853 47.33767468332119 0.0 23.30677123503171 40.98567064933518 21.983876940089125 53.57561061017256 16.891701281478255 64.41685070076437 9.749366518551163 80.96901989149394 0.0 91.54605987787969 15.935571112891274 129.38250283222766 12.707577876307276
0.0 83.84597786394546 40.49987808157516 23.963177531894353 94.63603129649303 0.0 151.32148736798973 11.261953162744732 175.2570607924244 64.21552232507564 141.02626058831132 101.49280365577802 110.6204357394177 132.10871600484876 68.96927834909303 112.96318642359707 0.0 83.84597786394546
64.00211215672 102.15034817053291 0.0 122.41577349511263 3.474599941355507 58.91710230395768 2.0486236093915693 7.6490847187695366 52.83549246878462 0.0 75.04587491956802 35.04362716303359 121.95119757031112 24.118290745941195 144.20098613594 69.59046501900427 110.498651457535 111.60531621560156 64.00211215672 102.15034817053291
28.07833093860392 86.04428986529314 0.0 53.866763350780474 33.98247364409011 26.64138284850938 48.05963626767163 0.0 79.47977923759356 0.9370648733907672 74.02371555407237 38.482940269801105 113.7575836700041 52.629386673554905 108.02464641783541 97.04729258519666 63.619750195990285 82.30956310649427 28.07833093860392 86.04428986529314
221.25690374234208 160.5621459568669 118.42787169041655 154.43372757008126 48.53159810032918 156.19343091337538 0.0 79.67471858071389 54.50943250468035 0.0 132.04898536550175 32.87544305800968 283.7613272952169 33.11885953254527 221.25690374234208 160.5621459568669
16.21070140242439 0.0 42.21082574392068 8.61469949833591 67.39242881601129 30.570395747776274 40.351045195682616 48.56181622038693 27.939904472362315 30.05234619709475 0.0 26.103295098985484 16.21070140242439 0.0
98.12081389942222 46.7651825319745 88.91601086698978 62.459259876172936 121.79330117659592 97.31003053215609 94.86180316319913 109.07502846467726 62.47583105126897 77.76505089401093 52.742137996688214 94.98999487550505 47.44793602060413 75.58707144827578 29.39084309873968 79.88057648439822 9.307422196777082 71.56555432773067 0.0 51.180553653872835 10.737100068436291 32.38427983249595 34.622457258127454 28.89682329354052 43.41911851241417 4.739806007526475 62.9989650140262 19.88711105507037 90.62676472261109 0.0 75.13117415326423 44.8175667164532 98.12081389942222 46.7651825319745
99.05150863780761 25.606830587062227 184.18901360232707 0.0 129.53790835006657 84.34637307324368 141.4077222711727 124.22375734307408 102.91269741217414 143.8781598435222 41.343802440689025 177.6408451219546 72.53418448331149 92.43508003000886 0.0 54.229360722181596 76.68329193514678 60.40164299033671 99.05150863780761 25.606830587062227
244.83342107727626 144.3115414115783 165.32450608593751 234.34755039100764 0.0 236.40502199237343 15.45377530951177 48.97835280870481 191.65234301491407 0.0 244.83342107727626 144.3115414115783
80.82444173855946 2.8781900207079048 110.87606144659874 27.17056704815772 134.0407898134492 53.258979502014625 145.56356069233308 96.40125529398844 110.4521995269456 136.2308898246045 61.54844884373517 129.31458411708581 0.0 116.90176456344926 70.36870741361543 62.907895574702636 22.44430958677856 0.0 80.82444173855946 2.8781900207079048
20.15082672877665 79.77400644010935 0.0 40.28695709002041 7.302019970999723 0.0 43.762881256711964 12.380110164815022 113.98943569501583 72.91076273239351 20.15082672877665 79.77400644010935
0.0 58.460933486441334 8.985790964775248 0.0 72.98337451243412 0.903714506294456 94.98366318572606 49.27970275750961 154.08045920301285 6.952807479947857 150.9388860988005 52.82275421797476 174.84442988615822 107.23608815754662 137.26099135052846 166.57333768634086 78.61064861024707 113.47294591470393 9.342970909491811 124.74839856619911 0.0 58.460933486441334
0.0 13.504023456949184 88.62679387355995 32.35654955145639 157.20184978282748 0.0 135.78549190224405 78.94026479945605 186.90670872631938 155.72275114899065 102.0506209849292 128.8800162157961 59.32724684104005 133.99292186104884 67.340868656597 88.92047725331544 0.0 13.504023456949184
0.0 160.96209711003166 22.643788970026364 91.06551473540992 50.69899602847327 47.54725641356611 96.55632355832051 0.0 122.9539929004404 74.45302228654148 213.66405842686655 83.06233171417333 264.9478133915519 205.3689969913948 125.30102075184487 189.52156173313853 44.49017769819762 255.46581301103186 0.0 160.96209711003166
9.05687710770286 18.98889823894089 52.32349307235012 0.0 87.1137118587095 38.17190645284106 140.40165522052735 1.982286968724253 186.60952649996125 35.28483851738343 189.2563785980825 92.10370252661954 128.11902384158384 115.3706166565309 101.5986384060785 121.08937582724988 85.17944990688483 157.02310803691492 55.15161103444494 144.74097309034497 46.794610126554375 114.02212869630378 0.0 103.81503658699178 16.51415755208194 69.01721820172384 9.05687710770286 18.98889823894089
0.0 57.81370339696113 33.57776780080957 34.07783199721564 51.21197139140634 0.0 85.20786996298494 24.74522450852843 124.497818157839 18.794965721500347 161.88001736775877 50.85444657017558 76.21779148843497 67.15315896708921 107.79259487532252 115.21122380316493 76.67832499314954 141.39387891768465 42.230728188730126 122.97000775648416 39.2993816179322 84.9204806065975 0.0 57.81370339696113
47.19870823265161 0.0 67.18110176255014 39.761842951856984 87.01121652113886 24.742935825465082 117.33431994913119 26.946762158791067 64.00077512174482 61.071030335518394 167.9934135830626 91.53649000362282 96.61011084812102 87.73479208268768 75.52943202800692 83.84016700818296 66.33449466811689 104.96747368279952 35.41507577114413 137.98932317058413 35.57256788394503 90.52434058458653 27.802257152593 76.26413904320586 0.0 58.40881381446062 12.832689882871819 36.08800123037809 35.091242667523915 27.007604388746067 47.19870823265161 0.0
70.52844569663758 90.92077206208 84.67397089869385 84.99402693931148 0.0 51.406426989885674 37.758491342285964 38.18090504898817 51.44932627534243 0.0 85.87031767345418 9.730874663035749 88.82254170900691 74.930810754355 84.67397089869385 84.99402693931148 167.50193141735636 49.37995108152781 127.32638596308018 84.14884876033115 172.7701570154536 118.78823626211505 166.33854638259498 159.92044022399992 123.52595295608876 166.22481097364007 87.50061887712829 171.76313090206978 67.57956901920585 129.59582619105603 66.24171967217865 104.12395696786375 70.52844569663758 90.92077206208
0.8248013181533196 27.56286181925391 1.9557264542984711 16.173715539943657 0.0 3.549879955285178 11.881848320248608 0.3983941664976953 23.57960517273844 0.0 39.31537196359503 2.251077321515595 46.80034740947657 18.174776629957734 30.014285032617764 28.19529160390536 24.054521057355615 46.211554611844974 5.9640247976064416 44.256226410453166 0.8248013181533196 27.56286181925391
14.809141173641628 65.77019666744343 0.0 4.57850751581239 59.299607172232 0.0 89.43478951255453 3.8558989901616485 143.61257336002447 26.928662677455748 147.74749048174286 114.47591671775135 60.19770724496942 102.7453532181139 14.809141173641628 65.77019666744343
27.370062857328065 3.003997314840774 65.37347691459422 0.0 84.1417811643478 20.691644909790085 124.47655868055244 14.763213698856362 142.7816681472591 53.04564229279414 110.43399017311994 86.37916513894743 72.4141994510886 85.52556549670982 7.7740475450546285 105.32687182260116 0.0 44.4463327669327 27.370062857328065 3.003997314840774
28.096278793447745 17.442551350657013 70.74146893887885 30.636583314398266 109.3418290295288 0.0 138.19218084375234 36.40807219562389 131.2118905291507 80.36819018710895 98.28836142478947 96.75607557663163 65.7567800839015 116.67342407646238 32.981111007140164 94.46205849855819 0.0 60.05632830954448 28.096278793447745 17.442551350657013
32.409935291241936 3.5075618416904177 83.78362135144441 0.0 110.80673332580037 38.248631484647426 87.70850346968321 69.57462892900068 68.52183279666605 46.615733255494796 0.0 57.152835849743845 32.409935291241936 3.5075618416904177
22.242207570946363 50.506388901110896 0.0 23.807529773919157 18.379030386908795 0.0 42.1338181631053 6.8520866200153705 52.57891638268838 33.03627273794832 22.242207570946363 50.506388901110896
25.94477044742672 44.08169769113272 11.91343470570176 17.25198677041766 39.56904743770043 0.0 88.44562240886606 1.1799165716615505 63.536718966877146 46.550073191118045 51.30903741130773 62.16931990505876 32.42769663971487 80.5982240070498 0.0 75.50303393532903 25.94477044742672 44.08169769113272
86.04297382456737 12.928262076216754 117.27737881839631 0.0 166.57393344858232 1.4824631691522896 237.16234008567258 45.520176962592544 205.6073564568276 123.7588345130812 144.42377154197044 194.52386783850704 56.04341558107234 162.12762239776697 72.71948010453494 69.87508669732489 0.0 20.797521886280947 86.04297382456737 12.928262076216754
99.25277833862901 77.69662152692942 50.414983839829844 86.6044601759892 7.247334575799528 78.01503622584252 0.0 37.67494395134004 22.397679382029196 15.185860588817604 31.48139410432762 0.0 49.14524227965025 4.065280720142994 63.58522686625605 10.065365036771212 91.98663294951072 29.074524808911647 99.25277833862901 77.69662152692942
72.55861317937521 43.39270781075618 54.463647611924884 56.53174157278919 44.24810907242683 64.23908572072703 32.4077976847301 68.38561683077297 16.430895547824832 68.32521404446382 0.0 58.21166587066918 26.520722553520358 43.68800527888125 5.343060292634789 17.723795826051543 24.50891970774161 0.0 35.371498279917375 42.25948088947425 43.806112880046484 38.20796079674106 72.55861317937521 43.39270781075618
197.91414633216047 198.47771610196634 172.45305690256254 118.28510576224392 146.3167396715508 133.1276561060596 92.08196670569198 138.469439696013 0.0 105.6508184742971 131.8422871875087 76.19872837297862 88.49155384582845 6.591754511759177 143.6630062634907 11.206835189534246 178.90324732926481 34.27037484860906 221.70310865973775 0.0 244.9226698434077 32.88047841592267 182.2221048982524 92.27246781344695 348.61626767391897 110.43438745916593 211.03901973945003 111.96692468518049 234.78482935875041 172.68495133980895 197.91414633216047 198.47771610196634
193.85544454826538 297.27124817929894 119.25825473495767 246.04816876943923 61.83076510412751 225.5531861072781 0.0 179.16729899742754 40.735081964681825 107.4340372110913 27.757621622666974 0.0 132.05145136388356 4.389624301123973 191.23476721950445 54.81473360896521 207.811492531358 109.35256692081165 301.92999131508896 158.28970315089398 190.29151583867375 181.1779474259337 193.85544454826538 297.27124817929894
17.61017138799599 0.0 51.02395031742262 10.386847958175352 67.32195572012756 8.692690512590062 78.75616479082059 20.44210585313317 123.79038173659058 7.223341076219739 86.97413950387103 41.40219499637419 118.82320357859274 62.01733546071793 88.3315243864512 67.29375048813166 73.52661741473531 70.45878325275389 62.55321231298238 56.84110615793442 52.8452635337179 62.77165392895783 0.0 86.58913879335039 8.117568012021877 52.685584706340464 24.087677861934992 31.883216584771105 17.61017138799599 0.0
19.466870464833818 27.081879081360356 0.8117395356354962 8.622878694728996 17.243292434569753 0.0 32.64540267691078 9.40260509406447 44.900649955690184 13.422073488010128 65.09141609010477 25.579328832972394 44.87670447107959 38.12222043349922 41.11380455664407 61.86825060910819 23.201797144922352 45.83757212322517 0.0 48.97540851982389 19.466870464833818 27.081879081360356
63.23294627210101 10.152247161467912 73.08428470118565 19.93860573182718 79.03869877482254 38.71483165516565 73.69790418094044 67.98497430755766 44.380949864190505 61.81368696162353 29.83837932608177 46.426631361288216 1.9648876801911541 35.52880702536888 0.0 4.605737839655291 34.34272895472754 0.0 51.81707764952602 2.6267606361329285 63.23294627210101 10.152247161467912
0.0 21.534375951869606 122.43262171345458 0.0 202.55834330448323 19.85607972464247 120.43164070806813 93.0445772654624 0.0 21.534375951869606
164.41024049457883 0.2524481031567518 234.2942988813215 0.0 247.98711532124835 67.86145795455191 252.22440206018092 112.03974991090898 265.78547438173086 186.6987653227398 180.42398195307018 102.13227023472639 144.47613240617636 175.22728409160084 42.01012928297365 175.84440053172318 0.0 74.85314822025171 120.64748131357197 44.88819140917454 164.41024049457883 0.2524481031567518
188.7645035827643 182.17581844947546 164.11743510055788 171.77407259669843 138.72854292359045 173.91346942305086 147.17960974922948 137.19088184226717 0.0 154.38653038015303 122.77439318517372 111.01250988706228 144.2903951783627 102.92781633399113 113.15166907274178 20.33587104951421 157.11470117643944 0.0 191.0904026170184 54.759628721088475 242.95714347770436 38.443139695388936 343.63116535980555 40.906706508309085 313.75178928277415 122.51968078305119 358.79833523244804 204.70965321151834 262.0278093332886 224.03704402038926 188.7645035827643 182.17581844947546
326.87870818956213 105.21247376733899 178.07770449557898 182.62898207514124 0.0 255.23502625711768 94.51416897286525 0.0 326.87870818956213 105.21247376733899
14.410211195785166 24.023459293897375 31.15352461216216 10.469587891994038 55.62622755699246 17.00896977723859 64.90302382912064 18.221595853543604 71.70815703871295 19.329816775041152 93.3097116044171 0.0 107.35274735354591 10.357231671206108 87.64915851020959 32.79931065855969 87.86378718070948 41.21280879775283 89.7022390188805 52.39341697373246 76.87447217557943 52.149625886381955 74.61038702739822 82.22214760490884 56.21125878066216 85.57073616477588 34.22756438253566 84.55050088423489 26.90234855403446 62.305989500107785 0.0 47.41382474652049 14.410211195785166 24.023459293897375
196.41024014050456 0.0 208.6707243048233 74.65209088220159 240.12437206855424 113.2803406726874 246.7134373119333 193.5140221128383 160.97283116890162 104.94052957019771 93.57166939336497 198.04968756999392 0.0 140.85571162009154 56.598161409366355 48.089103088063304 122.62584509092397 12.381519481232814 196.41024014050456 0.0
0.0 52.879777608904064 42.150920929108466 0.0 113.20443720421687 13.298559535951995 63.76771210768425 64.33001854740789 0.0 52.879777608904064
117.82987099074879 154.26981624508466 84.16303828381646 145.95090216074482 31.081380425346566 144.6005980441672 0.0 94.56989766534527 9.137498976174754 35.75080491348053 79.7239478000451 36.55143439425944 117.95682315938208 0.0 122.70021580345569 73.48364277457812 199.7326720238488 60.608014850719044 200.6957244085852 116.55706214432347 145.50867411466052 131.77620230758572 117.82987099074879 154.26981624508466
159.44964350420474 200.86433498446766 91.10939384267843 170.68165305631638 105.95966578855933 108.29489823616277 0.0 11.115081934573467 119.95774528712006 25.083869431011806 201.17079002824173 0.0 250.23793318741193 76.86977075309193 242.50302952414728 169.16564688374012 159.44964350420474 200.86433498446766
0.0 58.000837943871 50.15216288746575 11.104139583941318 96.02341473023054 0.0 133.69631026925782 1.1530086701046542 153.0888118785083 32.8003772551752 200.71586012147486 64.24677791599109 212.0572487765089 138.18469754245888 150.04644530264653 202.01485289989432 88.86873076092871 117.62776467717143 27.106182832021204 117.30259128853072 0.0 58.000837943871
138.55722166010918 86.61074852550348 197.3689241024915 143.54301551691105 140.14208942116554 154.46621561941728 101.16585271034998 161.3339683913189 92.1322342343032 98.14581795972174 26.82247467585259 135.83328627887775 0.0 100.09058963586105 47.79273794559529 68.0397906800774 50.36948273561151 33.091273790134174 78.53904736605327 14.809845279311531 117.76906989502397 0.0 138.83203507665093 35.483738600028175 160.80200625242128 57.41509136756399 138.55722166010918 86.61074852550348
23.597991722040682 14.938494005429554 45.17111802413705 6.846761611852614 75.8989601791047 0.0 77.74489461864377 33.405566221568655 114.36500808794989 54.91932676489299 105.3256447334112 89.80646551156678 67.01478865833539 97.38952855663135 41.464388763302374 83.38280387225632 25.795063487422304 79.85267882958507 26.652236455074693 61.55954571526801 0.0 51.743074746982394 4.144859572946054 28.26448716227093 23.597991722040682 14.938494005429554
156.6585835161892 158.2740252063437 115.0924231695513 135.69309052244782 0.0 40.47830660998905 183.29324032740772 113.12909641140969 202.64488295489852 18.320315061720095 328.0257784359383 0.0 289.8036916505208 117.61157864338544 288.48773749676144 208.1024231993345 203.415098207054 264.90532420791016 156.6585835161892 158.2740252063437
33.30462905076419 110.42722736641134 31.61016846693039 68.71189454773301 32.16542729455003 0.0 99.38315273462189 31.997703607226384 137.56700341925614 35.37398567585045 147.9276491852706 80.59288829640583 236.6266294477298 60.52919298818738 200.00076858902347 117.20785775234265 254.23931890555562 179.46688624979265 201.54234678278925 211.22362041718577 145.71938019210893 202.53555813561076 110.71529324237652 225.25351046446212 54.480383434793765 249.39076777916648 0.0 220.3940654564679 36.69147853127822 144.55173108743435 33.30462905076419 110.42722736641134
173.0958873078693 280.8379350689731 90.9085511024451 153.7499113605619 0.0 3.6493735888830656 169.35043280229087 0.0 296.5079626200555 22.07013418046631 266.9175950281533 152.48423757981362 173.0958873078693 280.8379350689731
45.81327760498526 49.682031071074476 30.681025596019154 65.92541114311845 7.973006644493793 58.85599934055864 0.0 37.34777560499195 0.5600572470530665 11.79877514083367 24.84806364422616 0.0 50.44046336321867 8.933438433217532 69.78611147881377 31.45797199762262 45.81327760498526 49.682031071074476
136.0307119835919 0.0 192.07931506726197 68.40243095743574 79.2361227919375 78.50611658673073 68.66012892916771 187.12794843051898 49.68910280771003 90.66038545553515 0.0 67.87065049619683 50.4288303116647 48.211970872626566 71.31192196806307 0.5819236687757865 136.0307119835919 0.0
0.0 31.498716192194678 26.2464126704119 20.450562740735492 46.70630523305246 34.03400161732763 59.886476787586815 0.0 67.89472365052998 22.715480824954028 77.10033542165236 33.78654122252533 77.19655906577333 48.97694685404838 72.78372917679684 65.19106051509334 58.53515663713546 72.0404766231365 46.023099198313474 55.89288383423971 32.43031430773837 60.053380361368454 7.014803029519669 55.68307729865407 0.0 31.498716192194678
0.0 2.7624534600862063 21.886889419937205 13.779687536013327 28.53523995710087 7.843259767436308 40.07628912335247 0.0 46.58539871718192 10.199656527678101 71.72787604122693 9.36396916069414 53.45664191340822 27.962692039941274 37.12210616823566 32.00676100705137 50.04053204927797 47.09941259791181 36.645126109170704 44.241761984624006 30.962551394918123 56.22792936126247 22.68816582550859 48.24288321600771 7.0764168194362895 54.053398290038956 6.389813050419519 40.645833785214776 8.126619421356224 30.910859707063224 8.318037307846836 22.110306092605754 0.0 2.7624534600862063
80.11186551893174 28.121716445920647 93.31598213413196 49.456220157804516 85.75311651235796 77.55495068094527 52.88621383694843 64.43174010489224 35.27834284375888 75.58098626644914 17.563967362949768 64.14716930807822 0.0 49.32953863354647 7.7309907718532145 26.472035917810736 11.387381299516079 2.4681713028734364 36.82357382828626 4.560356298427969 56.39572600759949 0.0 83.96470523107388 0.3668079835092186 80.11186551893174 28.121716445920647
99.53016486583401 73.3424011128245 85.85851011612665 84.97494778766891 68.58573743615248 82.09220729910213 45.221281965721175 123.25603904298553 31.427856712549286 89.47175213338527 0.0 82.36284064774456 6.900516239574031 52.48606454446811 11.801445637161436 29.018551374891288 47.66209062468293 34.26466185960449 50.48132803766309 17.575359030716996 64.96680235884273 2.2616529467611883 78.28383435419039 18.292674056407478 123.74070672784713 0.0 70.77093749539794 47.12972304781684 105.93818593371834 55.929414070650026 99.53016486583401 73.3424011128245
102.70936168508776 133.5567841621596 50.23609784577522 107.10110137719836 0.0 10.908890140632451 107.20976584807318 0.0 187.99984571916468 36.15177945212974 180.95663958304903 126.0621592149714 102.70936168508776 133.5567841621596
136.5881164862344 63.5339250171949 150.09764830950274 111.50213651986356 97.02183969023814 90.83920256567247 61.40287630750208 127.24145089193208 40.19911090338479 90.5181848172896 0.0 55.25328668392925 42.983339594410545 22.692262174562458 83.08807495720917 36.09317998668806 113.61362190241091 0.0 157.0376033553091 18.442017313212567 136.5881164862344 63.5339250171949
123.39460967985084 118.17932882309644 93.08972034147607 22.414824573245753 139.08287212005774 76.13471450156104 227.97457083283132 0.0 163.57427092380544 111.85466721306733 238.68692736156243 138.05612577378247 166.93190997165217 151.5028183875249 165.69326804301267 209.5963304341839 122.30221048802711 185.89774622247398 90.79270130010707 176.09401513409915 0.0 172.54075519220555 27.813404369783683 107.37098556983702 123.39460967985084 118.17932882309644
161.43734240645816 139.7518315297366 128.28216140214394 160.7008705445159 85.08086847560858 172.92002971299837 46.27164970041696 144.60154619115144 52.039740854120964 95.72362253745139 0.0 50.66941888607899 45.925341899322575 17.78650177594111 89.62540785476784 13.804415834258592 123.23981401069464 18.84497357871794 170.9728205740122 0.0 194.1491309455135 37.29113008769331 210.20690798609132 76.51265650678491 166.4491345527802 103.81613503718893 161.43734240645816 139.7518315297366
43.99050728235309 95.31115568710274 0.0 41.19522714885485 59.46108386355044 0.0 106.6546668057 25.5017431018888 256.0543594715476 23.04111308714692 134.02120418082177 97.44272558746655 86.38477467565092 166.45305160702924 43.99050728235309 95.31115568710274
7.51605217504224 42.353920922573614 0.0 0.0 49.42150749080666 22.882763963641985 78.13283175983653 0.702865827075513 108.60520026442302 25.332467650581556 90.03401277157667 57.81920503376991 63.523864336528845 61.90319234030492 48.63638570103197 64.75076937018932 20.288109680929637 71.1448713131154 7.51605217504224 42.353920922573614
274.1937708179626 62.38185165794863 275.45122343519745 136.0936439366916 146.54559535736084 140.9759145319435 164.8820224625218 186.76680619437542 140.28471635042365 253.99710151150987 76.7471251871724 264.10626147524283 38.1843971630218 205.127575597019 23.802345642261002 151.89797885450116 0.0 90.12898224840298 62.68745906470673 62.84751270050096 89.70175277313257 0.0 149.63120749782223 18.63097812739889 224.790085242487 6.059604921175762 274.1937708179626 62.38185165794863
17.18225408994185 85.48254738557111 20.639358755817774 64.45024864486777 13.591786744532577 50.02122825596365 0.0 24.166062711187806 9.761104684643236 0.0 44.063678774390304 17.637503247416475 59.97225594968847 7.305044227498001 72.57944177145578 21.23172094107305 85.11755306768725 28.332389455354175 90.36777003061056 41.40268441062247 84.70841736826736 54.943632185686255 116.50486816831898 82.46619148095567 82.28599840845027 82.99533396016685 75.17539492783266 111.32229334069689 51.632274276979935 102.38635096284327 24.76163007250849 111.25570832001594 17.18225408994185 85.48254738557111
147.28388540661643 32.26790667974756 134.0216857962327 132.17342895231616 28.66372096615769 145.27408365135625 0.0 48.92140178335199 69.52287756296766 0.0 147.28388540661643 32.26790667974756
156.3343209489454 116.31302604845827 80.23837542087487 175.213464090621 116.59539582827628 101.5022848069656 0.0 16.006903263918716 113.83632004878376 0.0 173.42914110840397 9.734758440755414 253.47654008026487 3.6888652651310707 213.44770341209667 88.4284641011177 209.17066522919228 121.54654371253673 169.3351170424978 114.76677421225548 156.3343209489454 116.31302604845827
69.26561198625465 193.3944272856453 19.708580292898432 132.7564388721658 0.0 45.75343656006865 81.00843135242502 0.0 144.23902898780696 82.77101780062063 201.17392701899806 18.079617984959356 293.24231886745144 49.80034985622227 241.4477686272231 129.03030934969485 236.0306325630549 221.02184693596064 138.90138534617304 258.804081083725 69.26561198625465 193.3944272856453
40.470335769460476 67.8013975199751 27.069421455768804 68.04483902570433 8.80502064407034 70.49356277113864 0.0 55.90346204930124 16.863694887505304 38.311739996636916 28.28738293538437 33.873557090266445 25.09493367137884 27.75551672677308 19.948125628561783 9.718974338183273 29.951769261958404 2.894782881502934 43.97671076777429 0.0 56.16294601012375 7.202924297167542 53.44613489530526 24.150341791519352 69.22406039571645 29.000242097255423 46.3348318811632 38.012498542212356 74.5592693057112 63.65672586986558 52.897130119048896 64.01992914666644 40.470335769460476 67.8013975199751
0.0 150.3395850485211 90.7056712025257 103.88672753178659 75.38578228451718 47.70620392175083 114.72820200528022 13.021306222692502 164.4485245826993 18.458086601687654 218.8401471460895 0.0 240.7621874308996 52.36091771798334 301.9752245760889 72.31113351071718 350.2100145393092 131.78241415429258 242.77648472369643 159.29473160592426 260.7867790584994 227.0679353351527 202.90873351724792 229.66899731588097 154.44502594584162 255.51017873554852 67.33810000857108 294.00158745741584 66.33186222957164 194.68378178994658 0.0 150.3395850485211
101.58011599284228 1.0175203972709 162.24274127400088 21.367190604001934 187.46289265355094 80.77604898899826 160.55793332892694 163.19643099040366 62.73674560323795 177.00413016739643 0.0 106.31404145070252 5.813289164982024 0.0 101.58011599284228 1.0175203972709
47.425961924576995 19.93536931267542 58.77083273875007 0.0 72.49949330277639 25.689839033274296 101.04387409394525 10.810636490594788 110.10116644363195 31.49222023460422 104.18756661315862 51.26176847078483 86.12205134802569 59.50104538166292 86.27074031764157 87.64273231626578 65.40474502030561 58.00737603321424 42.89055633660095 81.2519544658362 61.43842494535545 47.18787307554048 0.0 45.61401150465953 20.396157679308715 22.47483017866037 47.425961924576995 19.93536931267542
173.15375625263576 78.94136848306007 99.78557867359815 129.39900379728633 0.0 87.83738027789434 67.57749545192317 0.0 143.55256756507802 6.129721368671277 173.15375625263576 78.94136848306007
270.81372147416664 0.0 335.58947095245685 54.65093768810328 239.00909747265055 114.44886157990884 218.6889955700733 130.0478405246012 215.2380127729774 215.94876127714087 184.99192717374396 118.68113954344535 87.86950429765163 176.8612509125307 0.0 116.22107679046817 119.34963111561919 63.94708555961536 155.36149671595678 35.133126160854076 196.90098801069027 34.83259809378582 270.81372147416664 0.0
223.38035974179425 100.408274582093 246.90463357186667 179.51411495551844 171.86837680929807 174.80109140572205 130.1065172772851 143.6767533246325 97.50601800196605 132.39700470527583 0.0 125.49636128282104 31.218368895098962 57.22058651581945 104.42922849434913 45.457925226097075 124.78556243967012 21.816604743559196 159.38223329322187 7.480394315562634 221.00641128854258 0.0 196.2726248974075 64.95611871489068 223.38035974179425 100.408274582093
38.81694434458059 4.682211548352328 32.96225302538818 33.14759472056866 40.47537726396787 28.57088254064641 51.20178859039257 30.98835811335144 60.5741829906421 41.1736624074193 47.97630457978154 46.26577485746536 44.80625809590465 58.82162535588449 33.45174572229253 60.46290202354055 27.38226481184435 45.77086416435344 29.564391709852288 36.27293993378041 14.303794945435953 39.012094976201595 0.0 29.87165907304602 5.657840840515007 17.675641127168007 7.909136988819469 0.0 26.91035564814767 4.759924401558806 38.81694434458059 4.682211548352328
111.59640137634597 0.0 220.75087390952734 0.3478256832738964 253.95841743424128 98.68990913210237 243.2389942548573 222.81309103583217 132.53700179751416 134.6171336575397 4.147923921714664 173.8070158370422 0.0 46.88662464150417 111.59640137634597 0.0
6.714439379191589 45.231564201455505 16.770433241593395 0.0 56.26605550508336 19.857180630047885 115.3024755128762 33.30623900067139 94.50405123295045 88.96592540678083 43.96164138628873 92.90435551187585 0.0 90.96202798263334 6.714439379191589 45.231564201455505
340.45699356691705 0.0 176.13848440131648 200.0120432548942 0.0 248.05333049686567 63.97606284490095 53.25909945546498 340.45699356691705 0.0
179.75600173647382 0.0 198.9473686064815 76.27788310741059 262.91157786704457 82.21164858877856 232.64460831089914 136.3908136966554 308.5111508297694 211.43566028356048 210.56923840074904 208.47179286660514 181.80272153590818 245.5638391024101 134.58010142915984 231.80223577759122 105.81959756283746 200.57611420298124 0.0 216.07078254204714 96.28102584657084 139.87386894648125 70.35514479297495 101.65247509340014 62.267076827668504 32.90534985412549 130.91491811238944 52.639123322743814 179.75600173647382 0.0
21.673687847590415 121.64872369063198 0.0 48.2021577576583 98.43129670539835 75.39424502935576 122.73675579231382 80.8919083939003 217.02561522481832 0.0 177.00523524628943 97.3892751192947 168.75707958962047 128.9189979114085 202.8334504987434 208.82310348910823 131.86061300979438 193.28955091419266 82.44851079188467 207.8074675440693 37.45768425983158 175.0616612365951 21.673687847590415 121.64872369063198
64.3149597106551 0.0 109.68455598110768 52.27578846197365 50.803760673349764 72.25260348092768 0.0 71.56007825703713 14.45568557745407 14.533977436464156 64.3149597106551 0.0
0.0 76.56084735549824 39.63430966912314 68.91168470148949 23.628038168803428 48.78279122246232 17.181878413969926 0.0 49.177498445118985 15.099977091353274 76.88923908640864 12.095335762552452 69.4074163093112 54.669985117452825 121.99588296345405 51.059208172795024 154.34865290467908 85.59771682924294 88.95458196785964 97.17488928761256 87.67835822147401 131.23728490215456 53.84379748961909 101.14261470058332 32.142595523036505 141.21242989935547 4.426689354117904 130.5321262294429 0.14767373130526806 99.67067968157897 0.0 76.56084735549824
7.07794085499512 67.48195301584967 0.0 51.81436853625665 21.25649520237735 44.21537292303765 14.247740332184748 19.74768875510955 35.85529194090046 30.071823838123635 52.16894287497571 0.0 55.71891957871031 35.451355867403606 47.248031016326706 51.97582094046503 88.04882216808134 48.72799362024496 103.64877181180168 72.53273111662963 86.92697598429888 92.79572355492263 54.16135199495098 78.88787154262862 42.95536263358484 78.2399187895017 36.2787703267166 69.53309738534338 1.7104770914350524 92.02131399325035 7.07794085499512 67.48195301584967
0.0 119.47972783572703 62.58080684694778 59.99353916251373 75.13894605692224 0.0 134.38279023772736 7.4789693560445585 160.3102775738717 54.068165329976864 183.63004384919424 111.73863511342606 126.66357813431446 133.53917354302632 69.5544099834226 161.69674302238107 0.0 119.47972783572703
204.22418008654128 134.90978254810796 190.6534790641777 189.66888379069474 135.84235799074946 198.6595458430941 91.61354707750927 204.0677515771474 57.98283423953863 172.06369501454532 76.51698596455037 112.61473199224983 42.29759676292257 112.11427246967017 10.67475715949864 86.32949343442299 0.0 38.00351093326131 32.375392017621344 5.87088729550824 78.41736577320003 0.0 114.49115744255423 20.723497382635756 132.69737331982577 49.22864433241945 161.69460665253084 62.010235598448574 170.843536857141 91.71487936900866 204.22418008654128 134.90978254810796
120.73851572999838 14.416016044717693 203.65601768241362 2.8140359939375514 267.62979147984043 85.38971744605927 163.19331882221536 128.05094964094573 107.02465131080959 193.65719417616202 0.0 170.98271214363314 24.177863772696014 67.25302078035996 54.79772546871579 0.0 120.73851572999838 14.416016044717693
0.0 107.83720911242263 1.0247655143064378 44.09842228434932 58.210049629747814 4.6380465868193 160.62349162225317 0.0 148.07935666635288 102.09435754946256 100.21171243244996 156.04184777405595 45.70611483599262 132.46813365123148 0.0 107.83720911242263
84.9763436212969 56.61570150302839 186.45456037097708 0.0 259.48994368799606 123.68078726260465 159.95373460842586 214.3321509256022 46.04975117938646 196.84445381706297 0.0 96.59096013320067 84.9763436212969 56.61570150302839
0.0 26.05314563155683 16.335562136398778 16.77790320520387 24.98337201480352 0.0 36.07764099181314 15.327059434249392 53.213515244568626 26.293609718840514 45.003661866838186 47.56696318469473 24.059480248679094 42.34413051346121 3.6851122439855004 45.79492041988149 0.0 26.05314563155683
4.059632691383541 136.910972454458 0.0 57.40658465000561 58.72688148796408 16.578484755809633 108.41792907171073 0.0 155.9932336827777 13.255036860939612 195.45708835182012 52.81842979121356 188.97433975626507 112.34080935997812 127.07395115154212 114.83666239603971 83.12076089760738 157.79988363144437 4.059632691383541 136.910972454458
0.0 60.619823489406826 6.309276104658011 0.0 75.45532811911276 22.161629988464007 89.18769864550832 57.15939909396839 147.44192953460427 14.817587624947137 178.67120223053004 59.151529487340184 207.84441688478722 144.34269426762708 105.80151270152746 107.53921290731472 67.10446630138446 136.20526398681645 48.90076512019749 90.77363463372936 0.0 60.619823489406826
89.36693421329335 125.1190975784845 62.298397522363985 112.84988564618298 44.80270414937394 95.65987389259114 7.942048136858432 75.93957502756919 0.0 29.407244737236688 50.524099993708106 21.03659692840435 82.74402138676996 0.0 124.57207264117312 9.705351222494748 131.32459132636345 54.02417088510428 94.26513375640383 76.19303935772405 148.93189294875998 144.17896136229052 89.36693421329335 125.1190975784845
86.90119482483698 0.0 104.77440587243905 51.45336067054417 126.19563924310751 118.26701803250694 47.88078537659537 104.93012737336488 0.0 29.176821035529287 86.90119482483698 0.0
59.50593312724395 22.679746293976095 115.58034409706154 0.0 179.12071545123422 56.76611774397799 95.43346230516592 90.50876796798642 66.80073342088994 129.9331723155224 20.25757007903627 104.80053468969732 17.706926871290193 62.95317417716466 0.0 4.513625338519674 59.50593312724395 22.679746293976095
125.63715505736329 0.0 288.77470398506523 101.44434737191276 139.48322786991153 224.2265916194065 0.0 200.63205837119042 2.950368576875732 55.78469522501585 125.63715505736329 0.0
181.41449918562964 152.2719204452107 101.02918699475867 207.2463649179263 0.0 122.6342109259545 90.88738369830256 7.0652970842470495 266.0789621207001 0.0 181.41449918562964 152.2719204452107
48.47931761232263 39.58235544032243 86.41024213410306 0.0 126.89679808394352 33.190442687262546 151.9720317973031 85.38429316270118 117.65720740912845 135.367404664707 44.251596901799935 147.09705772275453 0.0 87.68823758450847 48.47931761232263 39.58235544032243
59.53786210921791 55.84398386758298 50.959675366047236 0.0 87.8822026491107 1.5217693622110176 124.63631287687534 11.803155323067067 93.0601384223697 61.339152193297224 194.42956936692804 94.71979153885974 113.01118365080595 106.29863627504443 90.72340731044048 135.51455545625726 66.03488927656632 92.26160985502212 59.95141521935817 80.26577229685068 35.07576668459001 78.85744622355698 0.0 51.52450278656869 59.53786210921791 55.84398386758298
81.12425688659394 126.50188343970495 0.0 109.08325194521734 41.02697629193837 30.285353997999934 138.16718869750525 0.0 126.35710083608863 95.52523446147764 81.12425688659394 126.50188343970495
70.21052591873128 76.71831348379958 146.0485766392117 0.0 270.98277229039115 115.26384243130981 97.77532928705635 150.4110495768071 0.0 187.61753796079864 28.721909963535666 82.34890420051387 70.21052591873128 76.71831348379958
11.459231383334426 11.879652889011865 26.389645387932163 0.0 45.87608351401633 3.5214300894100603 68.43775668975584 11.470638707992961 84.24696072495408 41.902700796489285 67.98197617497806 76.8668410968053 29.704760142038523 80.94123761586033 7.979080828975583 54.50170581037243 0.0 30.452593694720022 11.459231383334426 11.879652889011865
