100
99.96373745667894 64.15555430216867 114.33629472418632 72.03860898245452 155.9159271945329 84.88546910855058 124.96632210650135 107.26738125810834 137.11607095438018 141.48322539156337 94.61029353218244 125.35764496612242 81.28063445790802 146.98238437412084 62.175610770934995 135.7367625206795 66.91231021329655 103.2558374939637 19.080548200549856 119.63466849981836 23.53071176983483 95.35696467754494 0.0 66.84201239156512 41.22476582337124 60.60709339876409 75.98536746742032 88.46366777826074 72.7854430591084 45.226555200925205 104.21269514205436 0.0 99.96373745667894 64.15555430216867
37.636512592826215 136.16764983913015 14.29592684592167 106.08483376725438 0.0 69.15493112617602 40.252968143667246 44.0206210871322 35.50893587061406 0.0 79.74007210976308 43.95490823900717 100.68666569428005 11.83875089683999 106.96183172191543 41.46880980588769 141.37842056759507 46.252384907641755 158.489052827099 78.4387864811825 126.98709464742778 99.5108384336139 102.16830093405464 110.03519863538692 77.0979409188178 157.11098163622592 37.636512592826215 136.16764983913015
25.022263401485347 10.068826583278607 33.94734311886678 10.999463605104822 41.839841241533236 18.958157268294016 49.393623781543496 35.52869234183021 31.517713486432413 39.38105883293882 20.170060799772315 41.09884067506435 8.411430129918628 37.62597016469741 0.0 27.928710328156654 0.4160590993020179 15.848332477819923 0.925805391395599 0.0 17.11389912961603 1.3799778273169352 25.022263401485347 10.068826583278607
44.80870968859989 125.67904055778577 18.670067582821844 87.9087194179351 0.0 0.0 85.94135110515764 10.264642135306588 141.77925557560496 27.560620736070234 196.917394635623 75.15897615671871 141.25444018238272 123.62733812031662 102.3979822391318 130.8457630345447 68.78104889137502 157.27841306177936 44.80870968859989 125.67904055778577
126.24170779314198 1.2668974577041396 156.33947828176855 10.801324812012169 114.44463190890126 47.78481047710434 125.17434450917452 60.850595519562624 142.44146967457834 94.84795288087997 128.36102563933102 126.51111633625382 91.41933872925863 84.61467970357552 64.19729070643531 111.88042732614517 35.29467673647757 102.72011351953344 59.33737027628813 61.106290755550454 0.0 42.73675402390095 63.32977956076044 35.926455740368944 60.39771726726741 10.736067138674606 80.17745864756739 7.307051045165913 100.69905867588115 0.0 126.24170779314198 1.2668974577041396
23.090615728780918 12.926930339756993 50.09423693652896 0.0 77.63355880278718 28.222275809056853 43.59343560369277 47.42303390797203 22.20479916032599 73.89387778531949 11.619171352846934 41.43797210697504 0.0 19.541038480783683 23.090615728780918 12.926930339756993
132.6476200056165 124.37549177825257 105.11046020775701 90.64288004022553 91.67597022339423 104.00687163630239 37.40846646405305 139.62216070089897 50.52874514612674 92.93112593061686 0.0 66.63830470331499 52.34656490997352 45.289614663947674 55.747334289316655 12.61606929265102 84.64224537223095 0.0 109.1901354415006 35.36109587760252 143.9502645371411 6.274461506857989 140.588398200495 46.87042730335814 150.99802563586834 63.084422163199676 140.99292807893303 80.4320027950395 148.58811851319703 106.16408529494875 132.6476200056165 124.37549177825257
0.0 76.04528083967558 14.452900090154117 48.41031796799366 3.509284503462908 2.0018471192590113 47.667704560027886 4.798412958156732 76.47227808852594 0.0 99.15616273387789 14.556106709100654 140.29964932002474 2.1023900031358806 185.63535200913668 20.276113270328175 114.27944365119555 68.52953295722583 188.76976093470023 106.42094667491197 107.14865543209311 95.07793998047791 104.01157241038669 119.44201668503287 87.07252109717037 160.81076423327727 78.66401302232538 70.78281812716845 61.47637295697538 91.96885531344245 14.66886737439836 103.94384910100204 0.0 76.04528083967558
0.0 69.34971396948616 78.07877070154785 0.0 145.29612903872973 37.26289040548073 176.118335795919 125.99227722873022 79.3174322781167 129.84792732003112 0.0 69.34971396948616
139.14009020677975 3.561069704694134 163.95259676748182 44.1593584476673 169.82496822128087 82.86509006317104 122.21338010343462 108.59257237089307 206.94783268673515 197.2612299960075 125.67908583897224 176.20344567061443 89.31986916670668 146.302880072753 52.86581398125918 173.4533834841269 5.11527439405404 167.3150299724398 7.747275758225555 119.22717379443644 0.0 80.53270089879905 19.750852857941737 44.45946556549975 43.81287777997602 0.0 91.81878099426247 43.02477513876518 139.14009020677975 3.561069704694134
100.01553843021995 9.464905369854641 87.39552356329875 64.35463501638412 48.487181876623474 63.4244838033757 0.0 41.83197481973048 41.75857948463207 0.0 100.01553843021995 9.464905369854641
0.0 0.0 121.44849144140602 5.981370662052328 186.3818115429798 116.79658660238675 72.8733059381546 87.78078024395577 0.0 0.0
166.904506894904 137.22069810854225 90.35651214110156 160.27016300153446 0.0 114.12968732436374 81.40511081382716 45.56205377294552 111.21081751356553 2.904475361773308 183.26471057900022 0.0 208.58234251461562 74.83008870129825 166.904506894904 137.22069810854225
34.15695106782535 84.36275537439968 40.35509680606424 60.47655780968524 65.70896854147928 49.69673560753791 0.0 11.909991961878077 39.386252655113296 10.35241300177286 59.063219589614704 0.0 73.3522470937231 26.925909631079897 94.52442116066818 19.611478690416725 110.11657957428362 32.99151777137363 107.12513767268665 52.86668022882434 152.26558830837246 100.32021256596323 93.66406538074101 89.24480169007506 69.64407204175768 73.51310710921175 57.24436592365966 78.1923477391918 34.15695106782535 84.36275537439968
33.07002029794549 41.577517944821594 67.68547041279072 0.0 123.67432065334484 67.37875370263856 165.367826535011 27.143492364654605 130.50408925284142 129.49190715192765 272.1348352369955 66.69887867329275 196.07953619966784 132.086068012262 300.399442519634 200.74426319979506 165.42158677378407 171.98210554400956 193.81211597687087 289.3586448641463 126.19978520534778 173.08794466102225 71.93736020726013 265.5602844328341 74.74512992293316 185.18425292511316 5.403090272245706 182.31841158635874 0.0 135.5801821329793 76.17414479987016 114.5641614406552 33.07002029794549 41.577517944821594
0.0 53.045818758892324 3.1782337041943407 22.367061533987453 31.705994356192207 0.0 67.79178891937545 13.44607576964458 95.0273028979428 52.16451799733497 48.795796293939574 71.59112459402593 16.256563690408896 85.07980394312031 0.0 53.045818758892324
81.44454894129291 31.40709544264695 72.16302677521156 46.35119659340417 79.80742115154209 84.069403077864 50.724451382142995 78.22710701175961 38.67623277885277 50.81402841272602 11.379244910657057 57.23649332438781 6.222500657858113 35.84796144576265 0.0 11.03238502109788 29.45024635173902 7.370067433705046 46.236653609502675 19.488551741821396 64.18018191274356 0.0 90.98357198452317 5.203602531672431 81.44454894129291 31.40709544264695
95.04472813296954 8.046386518074229 81.12369986021531 66.37419698605899 0.0 71.89941324876773 34.593070875454735 0.0 95.04472813296954 8.046386518074229
220.42687580066755 132.15160544259547 122.2256809463946 211.02644065374741 0.0 137.40261801239458 127.6526487904046 94.85314921988169 212.0118974219212 0.0 220.42687580066755 132.15160544259547
36.948810149774914 97.12407890468502 0.0 57.68024285682701 22.493963793691222 5.7553050301271895 78.16795518260051 0.0 148.71214316173777 40.03651861273268 96.16054602354444 110.24347156803655 36.948810149774914 97.12407890468502
155.97935882626746 171.1871804180723 94.26205523346442 183.09032024824901 0.0 165.44612439227495 20.19417953321461 72.43427490054455 69.72258552087135 18.896642042801588 133.23740948588707 0.0 215.42582715903924 2.2428956640822264 246.86021154543445 75.40712738897363 239.19128791366998 164.47654008225274 155.97935882626746 171.1871804180723
94.85186715012267 19.451771569930614 84.25998972557738 44.836056116570035 73.9376575980022 85.05080626093121 54.63397899033045 39.70588153960115 0.0 46.80513739750768 19.636217393807613 9.826370187155376 50.46864977777278 0.0 69.53703290627024 11.984651236923469 94.85186715012267 19.451771569930614
73.19435191615736 85.79203294823049 213.74621414918283 0.0 322.8363122261794 175.51767667434063 168.69280869403013 249.50700686658394 0.0 237.25798321048848 73.19435191615736 85.79203294823049
188.2512638457421 140.2201140073326 214.9080535215692 248.96301293936025 114.30875828102889 208.24052364733913 29.94571085153453 234.0287546965326 34.356021701839694 145.63619622234802 0.0 88.74302581072234 14.905798028001556 0.0 108.6145876715081 115.10011610291737 173.8456039544383 16.64068304956642 269.9766630934277 53.91387249628342 188.2512638457421 140.2201140073326
161.02494120209488 195.4548440909658 95.43743849064424 241.4279331088379 45.24071591070546 188.15646679583998 0.0 107.43008202930493 17.414785242875013 0.0 126.27739949112362 10.718867729137685 201.2258874482134 5.913274986367611 290.2907811538862 28.976948416825536 317.4836809427677 113.38987979185036 238.27147935906893 171.2753117531861 223.18679910289902 236.33763602211582 161.02494120209488 195.4548440909658
0.0 140.06446192704254 62.8757722716166 0.0 244.4710381293191 45.63925766903013 121.62721321037108 157.33904872524903 0.0 140.06446192704254
206.8709331559508 214.81284439521284 149.74788828613808 267.9818142108018 107.6295419480212 221.47805256611514 0.0 203.7959368920517 162.5476423745493 123.1976379282469 117.12064630074224 80.73195231213128 159.77424223420485 73.95266383822528 184.91129144475966 64.88633137321435 219.66783626942924 0.0 278.8887666884292 3.8070934440117696 296.12868179598127 62.11439366289292 340.9232659757665 102.16791909288894 321.32316767082216 155.6349531493625 334.6431887916615 231.94251143907957 260.50171028989604 234.2608529359017 206.8709331559508 214.81284439521284
261.90493053911115 80.6258814684456 315.99486022738455 152.7843089346591 267.5672067941455 228.86045233115226 171.44151666574618 206.92177318178366 134.4812518160782 184.51315054743299 82.86116991587839 219.62573439666585 82.10414669669694 164.48178983846597 67.38142963864034 131.575830010365 0.0 45.15721598490647 112.6904366324475 84.63949866857698 149.81943450160185 0.0 207.45408906367828 41.62607390017055 261.90493053911115 80.6258814684456
43.1443798402114 26.092018633425297 56.85940321584124 16.107258139457947 79.90507583464117 0.0 116.17346372633574 2.957114995688322 87.71925109382741 46.11696291865613 103.60578172788706 64.67876475217665 79.8679982527951 70.49787807379907 69.64037730181903 80.59153791333071 54.11942778188218 87.9180095027319 28.96362962551376 93.76150603686975 0.0 82.51156160376388 8.059851760151162 50.117136978368166 30.006642928637035 35.2909956400419 43.1443798402114 26.092018633425297
0.0 118.24986001542857 72.25754118667294 0.0 237.88439109174533 17.64405469286804 209.76195270003296 168.6251339659044 120.03922180426808 114.8658164035824 0.0 118.24986001542857
205.39747712493764 219.3667172669126 116.08796381145179 194.74286518947446 58.67963394311613 198.4938806000647 63.41707607092775 140.91318025009306 0.0 79.92586250827904 67.92853446540855 51.47756438678336 133.7927200511048 0.0 219.7137361795401 39.21424261173166 184.6420324694043 132.02024040205453 205.39747712493764 219.3667172669126
58.263870090303634 0.0 82.86881773799743 2.3171979052073084 87.06990781293896 24.01349926664797 58.35912714019617 38.23000410410155 73.67524187302658 58.73514944735392 52.73260239157566 55.69054806350803 43.111889195545395 72.74639687193361 19.177624244500073 86.316104710229 0.0 71.31383898271444 9.795274823084746 42.83101562489195 3.3784062266039783 26.945675003215754 11.113927741196072 11.079311733023275 32.803441658137935 16.612188912982248 41.49885400470672 0.8152618461620591 58.263870090303634 0.0
11.705462532113245 20.642749399961986 37.02454275911654 0.0 47.07883301098008 27.095720751105347 135.6838039113136 39.31677097544025 58.86547364058791 60.29450265414121 0.0 78.49708937605297 11.705462532113245 20.642749399961986
208.71722530996163 1.6409140545531216 225.78484821957838 65.562525563641 255.2799900150693 152.80228486772342 162.14364482268803 143.67888301233944 89.61593207245096 158.10711760871618 0.0 96.80135757956636 49.466297424978734 0.0 143.86030038828773 18.619804642989024 208.71722530996163 1.6409140545531216
0.0 20.858276731153254 14.20527150379084 7.44385158775539 28.43484891978443 0.0 41.465897504603205 9.911504568743894 43.63783621950685 22.05414802114207 44.757310597224986 33.233309376130435 29.513500482354445 25.87586357851893 27.82915852375052 29.86014513892053 7.9977365017762025 38.368640444180954 0.0 20.858276731153254
96.6315697455433 105.64626353622556 17.60735972313968 118.27054386941613 0.0 56.08248485635619 40.2698698353625 7.707320371057541 111.13394932110275 36.540543572319464 130.9659743876771 0.0 167.69180609606872 3.6830893345741202 229.9375852736373 17.735676745169926 207.67239515191346 75.15958783650638 172.33694648642648 100.08168300797281 153.39434362767503 127.89078253609982 114.76231840025301 178.5897049215278 96.6315697455433 105.64626353622556
42.158322909759335 46.06959638704571 0.0 42.23122819655524 22.293787386790697 13.561696148580516 49.33128526954482 0.0 89.54312241543595 6.685279968318561 91.33919550143192 49.981238655442844 63.826620184102595 77.35664446618756 42.158322909759335 46.06959638704571
49.080848465644195 107.48718133418589 0.0 89.23612058401494 53.07628220754877 40.66666558759786 29.190484694056067 5.752918259596498 61.74022632592232 0.0 91.17351064433632 3.868961812056817 66.51864112677055 41.70180570285066 111.15294965874008 59.53366791088433 74.56658069884732 57.42082672365072 49.080848465644195 107.48718133418589
63.273311695320515 160.16449214329634 3.2763165898514046 198.59457859429574 0.0 138.22581645296628 13.985301614750384 97.81313995189643 46.71369580495771 78.7134317657947 2.1584442045093937 30.902701147542594 26.011807365019706 0.0 78.29685669040248 77.38954759143981 94.31537172818777 24.42030141170237 121.92111921639929 27.422782343674356 114.70909350368044 63.85950042110845 212.38395473607693 64.92680249637095 141.5926830771644 101.72543580578669 152.89472936057092 142.0614798378382 101.04925434827189 122.8897792084674 99.58586594811278 211.8510716564776 63.273311695320515 160.16449214329634
136.85928121168394 49.57700261876079 132.61568094460597 97.94106653928132 228.81542071771474 133.6172743738578 183.8575184614728 188.6355669850146 134.98379306704112 221.40889139903334 79.16445907058414 214.1387478995958 50.25484642889232 177.13635264724638 16.58597192744113 165.21109340192652 16.856440725376146 130.10057703658347 33.458799970822234 105.15963746719834 0.0 40.082378375632544 58.43510968746004 53.998240770889225 106.02603470866079 0.0 136.85928121168394 49.57700261876079
32.38828364773015 0.0 62.82367917353797 4.65080550529008 60.02772240595317 49.484767197494236 26.61607663803298 27.66567943608557 0.0 9.465914643030956 32.38828364773015 0.0
27.42491290351706 51.29394356673329 50.027859148003515 30.58248666591262 74.18055727107479 0.0 115.42690923728124 5.520977880865658 163.34247146298702 27.378613019906325 196.75360320377212 81.1658059016048 144.46223751870065 118.6227755393813 103.93772586477334 136.517719715716 64.09427376083165 145.49427968161046 65.3466331161127 86.68975417221118 0.0 88.66497727723346 27.42491290351706 51.29394356673329
0.33789428036216407 10.748971434643565 90.5857814152389 0.0 114.49855793894028 82.09459558635196 52.76824704723624 87.19618295165647 0.0 91.27601151217341 0.33789428036216407 10.748971434643565
201.05641457944512 25.824129076587305 173.49755366852776 60.0148658990508 0.0 111.53333788724618 151.67149408605314 0.0 201.05641457944512 25.824129076587305
103.6405094859439 3.5293924192510673 177.01251133126038 54.313101849028655 112.88798947374391 147.49059930500056 0.0 120.11020888997912 9.166898136573167 23.425409483335088 62.6073598611482 0.0 103.6405094859439 3.5293924192510673
205.72504995332756 33.58257279993362 173.67553841812665 99.14909470288258 102.81395844976797 105.80146400487892 97.7418004020825 132.11838670625298 69.18258644682551 192.4517020993468 9.93365665154198 183.15233954324606 25.943485799379857 110.47730305160921 0.0 76.39726377218405 26.2492846232808 48.47990095390307 40.42686723272388 0.0 88.16661403703223 11.418833295052877 112.54937480640876 43.138920110475354 205.72504995332756 33.58257279993362
180.2920836909782 28.796002751291297 230.25300178709526 38.42807375355977 257.14739368909756 82.05443261825285 230.3367090455905 129.25109936334462 218.97993812645697 172.9768244960507 181.7614658416828 199.44725456677952 136.38464284955637 185.24559385117462 91.0151551012446 198.6070561493007 0.0 208.57063060717093 97.95389309807211 114.62200198702182 23.2611020004246 75.55806013558404 43.736794436277506 26.94561262727848 91.98009587037835 0.0 144.40060031474863 2.006010349379679 180.2920836909782 28.796002751291297
165.92548101618527 13.161542858488595 236.21381779358583 0.0 266.9125430490193 59.017646685257546 209.844204383127 105.54848795282822 169.55993524062262 117.41469868586918 141.55188126538405 106.8112431478047 55.81714126962501 198.79316327187053 0.0 129.49505757060126 58.088422940625364 53.55505553196497 85.72784919193656 17.16607094775047 131.10220217809604 17.930848828967385 165.92548101618527 13.161542858488595
126.94407497390918 144.98192319688818 116.09610131182095 135.51479309902032 0.0 130.82288627079066 57.4900649447531 85.57824062003226 47.017521397197925 19.184994121242667 105.62348798235625 9.142217562832911 152.40616675859613 0.0 167.9856295154301 74.16056631073276 247.61662665138957 33.14395659098271 307.03269749285664 69.66155805753542 229.12330248261603 126.72905783371459 170.90998992704368 132.06642183019818 204.42367359846455 199.34646954002082 171.78187713997062 234.8470234594535 127.16977976484733 214.81013409056914 126.94407497390918 144.98192319688818
47.83885900755635 48.21291981410856 67.96443115507728 0.0 112.33926060153057 12.613671759799345 136.71884268871858 52.30870355761135 188.57965406184243 43.97081906068557 267.317760289223 61.85174822452937 217.2381600762995 126.06824995420858 236.59171372465528 185.96630234997184 178.13889000915458 203.64871011858352 145.43215584451661 252.31985138034383 101.17386634734993 155.2615883807391 78.32693415819452 164.63479430143425 77.72548420565629 138.74917588730534 0.0 147.38532579944138 80.15075800811258 113.33680083419033 36.39054228412901 79.4859351850873 47.83885900755635 48.21291981410856
196.9699556670408 34.81078789073679 110.26865307212833 109.42683576277176 62.929205064199664 80.80843982290133 0.0 146.01685005563624 0.013299739144343903 74.42410421763667 31.75294015983434 35.066481274677194 88.4035310003416 0.0 196.9699556670408 34.81078789073679
49.69392504405205 25.94277360248813 75.89162859292205 44.02112213934028 47.30055310569993 56.0092603740013 18.67967579092617 57.058657413980626 0.0 22.284328009888597 33.50453200601494 0.0 49.69392504405205 25.94277360248813
126.36236999458472 30.37840069583943 76.76014574274578 56.457795108195484 47.78563533621483 51.422100627567545 0.0 67.84914950257749 15.389268229095983 22.239598829461144 33.93310878338742 7.088343331462511 50.23917845784762 13.629643544826791 79.74294910576316 0.0 126.36236999458472 30.37840069583943
25.80222635948401 20.55589920243311 75.51837675449367 23.2226572757763 36.64635581892347 63.520911047581976 4.106536776431312 34.88031542867621 0.0 0.0 25.80222635948401 20.55589920243311
149.37258473979608 116.1113148041138 87.83584041613756 68.4416137595224 74.29622533759677 113.06908607236555 40.55222087720935 112.4625323587335 7.762972422486769 91.4480217824268 9.528381480362214 53.98033498526158 0.0 9.347062404366014 47.81749671616811 0.0 81.45714465898432 35.240134473012574 100.21654738056552 11.646520447657124 99.45978675457727 41.46663048303351 154.60330109716736 40.06519173884837 176.50662896329425 78.98053506869925 149.37258473979608 116.1113148041138
108.86160984987467 0.0 129.93881612778588 31.279428438539703 93.6867348433899 56.290376737310915 95.79413212328987 88.17192129163107 69.37889540210128 103.14295011083047 48.72437479033111 70.22576314769066 44.71583917239316 53.94525911817201 18.580451442931704 50.97402663805189 0.0 22.827365617988242 57.883534037950255 42.748450854183396 53.439208739515465 15.91910667101208 61.93983536887728 32.51410614142221 108.86160984987467 0.0
92.20861739490164 33.2024226783022 101.95669378561001 51.18083450938586 103.26811269366925 70.37929774722252 129.06193263358753 96.03988027786717 87.75085120107366 98.63655189342496 73.9054291247439 103.62976091915009 60.561931726711414 107.05784118833382 46.36293427503613 107.42142537635827 44.19426894181972 88.74479722132212 0.0 102.18412181771062 21.122309550714483 76.35601708179591 48.95543123850599 70.71554600848297 19.502877906947234 40.14945626989895 24.12537251102878 8.105731283239663 53.493739875754095 18.02312326059735 82.16571720575871 0.0 92.20861739490164 33.2024226783022
181.3451010786201 63.46459396594023 120.7587987182534 71.56943033324143 129.02513397152885 97.85058284254575 115.98308490732694 123.9463158889422 91.54375249255405 93.3593473507105 77.89280386913688 90.65304567067321 40.25674198660324 105.98890090332276 48.03314210298178 73.87294342603346 52.22925638522567 56.101744496953195 0.0 13.866575468779814 56.187589570487894 16.806334068517053 73.85947354837523 0.0 97.46043573686043 0.16117172620671738 118.26257027671188 8.425492511822554 115.58199443483014 38.757985782388026 117.09839351677417 49.91196959560637 181.3451010786201 63.46459396594023
0.0 46.31714310514811 43.34899595229445 0.0 104.41534339772275 43.65554377689508 44.76567343680974 71.27336176378893 0.0 46.31714310514811
58.24282189588253 75.55628617386739 0.0 90.94858390151248 31.67252020680516 54.90691522451535 42.00701828667097 36.98345901346379 51.155688472505574 0.0 81.95990689444824 12.95795644722714 91.10125745316499 40.19550200334752 110.13619407214263 53.29112195630474 100.01867984618646 74.81330988865653 90.88871501222937 95.98123570256806 67.81550823527702 67.83176217530726 58.24282189588253 75.55628617386739
38.92774991936148 55.16207910019038 36.9133522174884 47.36968650422044 0.0 39.94435435103952 33.26470927322382 32.76799973755746 31.405076370581718 14.698528657181953 46.19232255282258 11.653186156471747 65.50616079764043 0.0 90.75821911817928 5.888825284926199 91.3828059753474 31.42552859555545 102.51620204354612 56.410434396533134 95.35090480710289 84.17798936188962 58.12155553247211 68.96889349569086 48.46822736225325 42.732582738215626 38.92774991936148 55.16207910019038
96.78739072099046 88.32554834393272 85.56973907466318 112.99076151838594 61.71855069496267 114.67289479177614 43.91204040221578 100.58777693357337 8.259118196679879 101.65929282364172 0.0 73.87218698577406 43.45585515872243 51.30221663119275 13.354125283402027 23.01659428549914 32.97517260209224 7.422651321137103 56.188301234605674 0.14934613278830255 78.28155610477822 0.0 84.50241426451214 32.06448415211639 128.01841924015073 10.073632239457432 113.47279018059405 43.08788927065898 105.99997740231215 58.37652363683864 158.820254980948 104.04631640939007 96.78739072099046 88.32554834393272
0.0 38.634202105264905 50.8970798140485 16.19022460639779 90.26860141799831 0.0 133.00865094719381 3.619138345786382 131.07073319453724 57.72204620918566 157.2439819642292 72.9757684398793 144.67126229959484 96.6577590923532 138.36787324719967 122.46466332530805 113.7784189000409 150.0643525932029 85.95159796802018 127.36569922276614 21.501129264056587 148.99369937110657 43.4179813421873 89.78656315020694 0.0 38.634202105264905
109.39850032547666 208.2026756711276 61.88138626109799 195.1236621954664 0.0 162.77623274749382 99.1198303643705 127.37935804854345 86.42275480398784 96.36665789237304 115.19540983989815 0.0 192.32608743139832 30.096712394201887 185.99194103058755 109.48869278578547 241.067583774817 174.63782523002618 160.00983189461857 201.0428984373738 109.39850032547666 208.2026756711276
37.51375363305786 125.52597114009319 0.0 83.8644058751565 48.5548000120782 58.11645543272903 101.54515739662166 82.28893791418677 107.36872222056692 0.0 139.10960771004824 47.07234799317011 210.67610771964672 16.672329782065688 215.1127744072825 77.11568281258967 145.64446743190246 111.9062851664504 187.54038762801838 159.14396546327742 153.4554488889401 178.39259413467727 119.67220719675093 209.08810159472728 76.30140852150839 198.0751670098656 65.55668028346734 148.54871918169755 37.51375363305786 125.52597114009319
52.02603557084611 0.0 82.86842633177844 30.79522179384437 91.63393321066124 64.38054316551631 59.68025634517601 74.85141772732896 16.78386880821546 75.58823353584415 0.0 20.592115200959846 52.02603557084611 0.0
119.70343530346705 104.40514193800956 137.17272718944878 143.31472155781609 89.72023786519593 132.4703670679766 68.83185953276725 113.14343468678382 50.985364234203715 137.82937691129763 27.05605587187395 136.250828234234 19.268154841498756 113.15256350113238 0.0 91.1260540709611 27.62334158696771 74.35381654890821 17.503652366934602 37.056040279401564 40.36652079850859 13.535490366996513 77.01807171268545 0.0 69.93993899923152 88.04851370924172 109.4063032988075 62.35428585335036 144.6171630208592 76.04013167863793 119.70343530346705 104.40514193800956
258.41505902273013 5.366750175918128 322.6062221636529 57.49925252932279 301.48856057212583 136.7352517318434 278.090612770696 180.85143307537933 259.3564701620889 284.5271176232254 196.72809177523004 191.6426984876561 142.11120920532113 188.8409224594533 0.0 133.8375292457415 87.37605625726238 42.96439355957115 170.98359159323297 0.0 258.41505902273013 5.366750175918128
125.26912685803867 29.969029162563075 176.42151024550313 38.25512922688114 134.69159169381746 76.2559488775422 152.81702568984622 113.0174893991402 148.2503977675213 165.17838080454365 97.56402164722515 158.72661991944656 67.14647016175242 129.50632522225422 16.81105998071053 155.7723194406835 24.844869717410866 101.65019578855322 0.0 80.40595792547505 15.025679597334886 50.38167564157783 38.655956379078596 35.50634757818831 62.767446069414774 36.824411700107476 77.73702883702167 3.5862175068561584 110.00883585405956 0.0 125.26912685803867 29.969029162563075
170.51439353035897 152.6134074688892 89.40450995999876 140.2483883527999 0.0 71.67026416563905 94.17603448151735 0.0 178.0755883924153 4.079743359682894 235.9875385353691 83.00621607572458 170.51439353035897 152.6134074688892
137.82503295185882 34.70012101443332 319.7418688469992 0.0 297.95792960872757 179.55573975657873 230.28620463075157 291.86682041330596 130.30839689046786 223.27202430299727 0.0 129.29888178849714 137.82503295185882 34.70012101443332
93.1393573491134 26.680524462279728 86.78473727251296 46.22964396224396 84.5218870488217 68.94753395324454 60.140158434151566 66.40213737154366 42.60600623399069 71.19750257506743 46.844397197224275 42.717686095353976 24.472169951959565 44.086053202718055 0.0 22.42815286092442 39.774587426183636 23.65250050467521 43.33414658672819 2.563871642697798 62.197542126167 0.0 66.78597071708856 23.076059818334677 93.1393573491134 26.680524462279728
39.37043456272315 106.97083479864784 0.0 66.65333389394229 38.149969265253986 31.088814207185244 92.2111920736223 47.439660948888886 108.23596047746061 47.17099402121988 148.3810104713923 0.0 167.7080560209851 36.61344791999218 218.68034861093423 60.956692804460346 145.7909495447745 91.51680517745038 135.75644402757183 105.50523672187936 123.17199161279277 126.76606423201079 103.7735234776966 108.62253250288342 74.6535564295705 120.8284369204766 39.37043456272315 106.97083479864784
66.97048020335224 0.0 89.07827217181041 12.3038701792279 34.47983449109374 35.93026121125119 50.67604425483286 43.725007328953026 66.43820275628592 72.41545093935376 45.5251181513127 69.79797847181827 34.146092224674504 39.05534136148593 11.3406966527985 77.4830614147189 24.48974557271204 43.60603731142764 0.0 44.44868575655373 31.64511611546692 35.38924444814073 29.07261850161892 31.98513873575672 21.16416864555717 12.066075335828359 32.022176071628124 7.626026510557921 43.94433962591012 7.218757142824799 66.97048020335224 0.0
87.92766318585483 241.02318564685083 0.0 102.14816473128646 93.60393348594964 0.0 261.9897564380581 108.09064772596749 87.92766318585483 241.02318564685083
0.0 18.18081423639847 80.01146204517347 0.0 131.84817480342411 39.45698242910778 299.72604265990617 118.69885097282726 146.57370296901513 185.3568794313838 34.64844281767458 189.52229296647295 17.188346579086755 96.87342462081303 0.0 18.18081423639847
206.64613746003852 122.13673163858573 177.28685866626472 159.46424752769457 140.37557395286638 177.3619688332168 108.7323158818793 195.9026613759362 78.98919294524532 167.12991238502562 38.63708904058873 174.67556263193558 53.762591042083955 129.75735441685256 19.427527677668493 107.53224076053021 0.0 56.65601109073956 18.718645044045488 0.0 85.92567749716466 53.29467787330447 109.75881443356263 64.22526559644359 181.6588970750514 20.772350753582003 150.37073957066355 90.43642451947241 206.64613746003852 122.13673163858573
116.85696685713815 73.4626611823748 106.90118072863302 88.6599501189954 86.07800659305522 110.22891414380075 53.096506417994114 106.29560633062002 46.83138999376701 72.93833398629974 0.0 31.7292428672529 69.09659554634399 34.78323039399283 82.47360593156283 3.6753144571373895 115.87468886428292 0.0 143.15923630470388 21.58950266270748 172.40543916440816 55.543520437601295 116.85696685713815 73.4626611823748
66.01008236691712 28.5172902109652 72.90473935694219 49.33165576301775 47.2921563378072 41.25199846666399 37.44215544718291 54.02947662481802 16.57066151511806 61.2722556221573 17.336539975234615 36.945948968312635 0.0 26.154268210773722 20.353928822875105 15.237153483234309 27.81623886261397 9.049907123822578 35.63130509416108 0.0 46.70514585159211 2.159319688466951 49.440000308242844 14.223223506137217 69.10410839499035 14.69107642696656 66.01008236691712 28.5172902109652
0.0 96.2272630298086 65.89079520739745 73.14839500652775 76.3605755643539 36.17372064074556 116.52701517886369 16.70026273485614 178.35795393098658 0.0 207.87754653810015 51.86422298516453 185.39040745086112 104.14133442866854 150.85148583997335 125.70823094638271 159.5217500961993 186.55148972914054 110.35406654697567 168.13372757616833 71.0863826247809 169.57102469256762 46.21525794805257 138.1534377409971 0.0 96.2272630298086
0.0 27.11770219386942 80.73014697906595 0.0 118.31383187099998 116.14143348716371 26.669138882699826 66.88363755520066 0.0 27.11770219386942
2.6665237000715365 105.55843188420245 70.65962536459287 83.82929752982633 102.9266643453659 89.88298237401959 118.41725530821627 19.92506629085058 184.13631413871005 0.0 171.4660824367325 79.20093361500439 166.41539289036714 113.01275255658938 302.5982228054455 228.66598207205567 184.3183596207455 248.52664567763736 109.07278615537696 254.83028160650164 57.80911377795009 198.73566363757328 0.0 171.56437609612243 2.6665237000715365 105.55843188420245
97.41761381212578 46.84342771561495 110.42665530508333 0.0 129.30944830931628 15.457230872917648 179.70785394872956 6.2772824328888746 165.71311237580437 45.83854282780359 222.41797901373394 80.82009336924624 139.8336314810848 85.95682726366866 169.76691741357237 161.5553503379831 102.13576248584296 68.5552875857594 83.83865588486134 153.36896611653214 53.64616609966657 132.85837035359623 30.74187650788278 109.48763225757826 0.0 81.76999718399533 54.26967423296236 51.7602039953525 12.63452122132378 1.6768814593937478 73.15680093054203 21.00702579521173 97.41761381212578 46.84342771561495
190.18266707485373 0.0 189.54703512492608 140.46824509753247 77.13954176734546 139.98994926616007 0.0 82.1622687123297 77.08187130620223 28.665242944971567 190.18266707485373 0.0
36.91926722695402 196.52270866499686 61.45380246471248 110.11012973998764 0.0 15.893754606299282 103.30379460082008 11.416953202871014 165.74556218210563 0.0 201.05395055337328 51.87233567629231 257.52620135565843 91.27618803344835 197.31334706267936 135.2868308985493 163.3314900298247 154.49946470530043 112.0876085063326 222.873208437821 36.91926722695402 196.52270866499686
256.15941876217596 15.645476599489143 252.4196518607514 92.84084196452011 323.02340106941745 183.58998016741654 193.4438088351006 174.42215056578323 150.70430319520756 257.3585189552066 111.71945617094116 166.984922736482 93.25501893634694 133.30137034736242 0.0 86.94189563648423 47.56649618624117 23.235999032006205 124.06731941240565 23.914228271393924 181.9846466366638 0.0 256.15941876217596 15.645476599489143
58.46942786780849 155.1386573989947 19.678923345110356 129.01232415039004 0.0 87.12595282356467 37.00939937022818 53.44563813988508 34.29001819895952 0.0 83.86362060600557 22.223383552158744 112.43709067765602 31.251372638171595 82.83154230108136 75.92895515837273 106.90802511986554 79.15771850243118 156.42862075037291 137.33342309102846 101.8620203495373 138.77896923281583 58.46942786780849 155.1386573989947
0.0 22.181775567214018 120.61974882082833 0.0 206.1663078964491 71.48199458860981 130.12020942905013 138.78887851602906 102.26386504697355 85.91520315530614 0.0 22.181775567214018
69.02317101462737 0.0 127.42110937022069 34.18333912785763 68.92511299051951 67.41017270695676 0.0 88.90882136794471 23.8722634352996 20.290844046470617 69.02317101462737 0.0
54.189655560233106 73.43406783747884 39.58568427247846 69.69771346536322 22.621040892392756 64.33221761090907 0.0 49.03101654980024 22.350100945369647 31.66889541915731 34.443472642894875 22.294047191801866 43.66204851854357 0.0 65.34835732759343 2.2020224833944297 66.2595974674259 29.805555987647566 85.52508772568538 37.77773814839951 66.22467496313081 49.16861739976575 61.39248158439142 57.11057388219052 54.189655560233106 73.43406783747884
77.3395504291264 123.20336001575912 44.53018620051782 130.75615151668597 0.0 112.06001076933036 36.760925378841335 71.6737800724111 10.625146014344722 12.229400600927008 66.91699868458208 32.37492966277569 106.78626254400412 0.0 145.23700346635493 25.092403483523242 166.87134434696932 69.96019745395598 143.91867897210454 112.4937322717226 96.77709602613675 109.60835879120084 77.3395504291264 123.20336001575912
54.63697060551155 65.80460376426831 91.68874693370664 0.0 189.31046005505388 2.029469353402874 197.4722618212627 100.29377593964931 149.15663143679947 162.0382372387799 68.56992789539733 191.83840919675765 0.0 131.27507418271307 54.63697060551155 65.80460376426831
188.86551578383848 99.91871607177261 287.86952885441104 152.66562755387184 220.73000972997872 240.03642833097757 134.03365414936124 211.41214709561706 0.0 254.71911672532121 14.264127570048728 131.07111825291202 60.813727873772834 45.62692848442347 152.87557124234706 0.0 188.86551578383848 99.91871607177261
0.0 110.93202344071327 3.751880597709757 72.09064007525077 78.33344374109413 74.14876151136323 51.30364013155449 32.972340932921455 70.1284280283119 0.0 86.42013309270206 66.50321268563135 141.2274024183317 9.729076970990434 129.96891226199637 56.83381611183103 165.41412144956908 79.40792659768373 143.0148767036336 109.04562000356529 126.12248599322089 136.27542578453287 91.67305762878486 120.3824063206902 70.7461119348569 124.38075382847458 32.02340597173535 135.52664640139173 0.0 110.93202344071327
106.5078101891713 21.714534602536503 75.00903542393633 94.63961193697185 0.0 65.57915431951749 33.11905493507899 0.0 106.5078101891713 21.714534602536503
0.0 39.93823928992621 91.5069665711912 30.736530640398186 189.9402856437408 0.0 137.65520950977887 101.83091527565807 137.40966766648899 147.63775863616945 85.29756056679433 160.1050809078389 28.51729564691216 131.60524691371648 0.0 39.93823928992621
138.91502323968348 73.31087386982558 130.79337247849293 106.02044406026833 102.43204061341628 128.04153452339114 70.29442156353049 119.4167018297616 36.395782925154535 135.0686946940158 48.20195790307895 81.81309506171908 0.0 79.73475938172164 14.688424847162885 50.89729092946742 7.70728857978915 7.291461137934064 47.992232788172586 2.6346216521005346 80.0462895098536 0.0 99.70363580025513 26.31716362860172 102.26281929604902 52.04154695885566 138.91502323968348 73.31087386982558
79.68377278256213 96.63695144501338 2.9167979505800474 134.2263848838066 0.0 72.52670613239684 87.7840787636538 71.30728930974118 61.639520645479365 0.0 92.72845759074639 55.722465282469926 166.87224745811903 16.338349231163185 186.02157900207283 70.5763659906957 175.85213810787474 132.76017517752223 92.14946198714544 83.67373119606579 79.68377278256213 96.63695144501338
187.1596133846831 137.607009096031 136.57592467264257 142.97798534434918 94.71585304513772 171.7934792739817 0.0 165.76967029682834 102.49254561695015 97.18905194779563 63.99576031336689 35.383130597950725 120.46666434419083 10.226259462467553 208.3599106041798 0.0 214.25513664315514 85.71778318706883 187.1596133846831 137.607009096031
185.74278861092503 68.17203554243176 141.6471649228344 93.2248742840339 134.6009448084975 139.14841795983182 94.56390524321284 122.09293554897717 0.0 136.44265907328042 38.74837333487132 62.62651262953244 56.8001116558826 2.8180020797017704 118.07376424458803 0.0 116.5924690628585 74.2258152125726 185.74278861092503 68.17203554243176
