100
65.69058531293629 5.9763946216743875 81.5861533096757 38.25517841350373 45.47487886399651 50.90773060357985 31.135398925378624 71.10910930947436 7.4688282040272185 60.84004510724597 0.0 36.183804879133646 16.142994387602286 19.57338837551731 33.01838607963347 0.0 65.69058531293629 5.9763946216743875
48.53575626936966 88.82009645975039 48.98062927009278 61.97465890034813 17.178496632289857 59.53628426873614 0.0 34.65044635186567 38.3957089859189 22.67535330223869 52.84780049549063 15.210858364604434 66.51821320047817 17.302893302837887 77.56869640398384 0.0 79.70202454123975 31.413613242520285 111.05534823020831 11.917571801936006 120.75444216981326 27.74097483014124 124.87758675431571 46.97098073916804 100.79751177302077 56.6558064058495 117.39400557324508 97.41224977053689 86.97579236764214 86.20514876567945 71.60374078387412 65.87388016365357 48.53575626936966 88.82009645975039
24.28542242871096 13.654625646625547 54.339382580738565 18.23656212936737 27.630642270630474 25.866390554824434 22.444439028081277 33.92258756813803 13.57690583519583 31.51753002489835 0.0 31.91360048104248 2.415347665859059 19.300790575973735 5.120153061444469 10.480748474649587 10.603458754207082 0.0 22.61900638432418 2.433136306999387 24.28542242871096 13.654625646625547
36.619336381970626 41.34858531279929 35.15450495479564 42.757126893639196 29.791075218916077 49.348043771167966 1.0473183665817487 67.19279011274566 19.58038257362547 42.50046736768178 0.0 33.19955217831334 0.8769288325261186 16.993402451863048 8.603212280090105 0.23458657658669324 27.355801496729768 0.0 42.539040586155934 2.4493687580281005 60.148649268614534 4.319274524636455 49.82766320775201 29.61937700043667 79.36013068743583 33.01327171792876 75.93450682037263 51.23862089075757 64.26998810822698 64.69801825611887 36.619336381970626 41.34858531279929
21.25304681591154 114.16064042159618 0.0 36.51591335443507 67.58383162503598 0.0 141.93442579237922 37.88885062097762 92.04209056375421 100.02106969113069 21.25304681591154 114.16064042159618
49.853148452343405 11.924062606750638 64.22039402820327 14.510362223990455 62.30548930954889 28.12082519339009 53.922971309007465 47.960563483896664 39.94054950098386 28.459941872849882 0.0 37.835595779618075 20.439078598097055 10.078077779911212 36.166782445949025 2.5499500629948955 47.130730416171204 0.0 49.853148452343405 11.924062606750638
186.7541657013915 46.88538562097308 232.66506407003675 170.12588792690127 110.61734861196852 155.37746884510358 0.0 136.15404191959246 59.86060683736247 0.0 186.7541657013915 46.88538562097308
119.06486781087065 150.5602958086078 68.28798962869581 201.86065087881542 107.85054311512 98.63751134499425 0.0 114.75789003601146 32.705882518907 68.32423936666702 19.535616446846575 0.0 90.52996798601436 19.586900856400376 127.20456870298321 23.797351020779843 185.74240563182528 0.8001888975681481 210.82125696491374 47.62472727867892 180.1903467480759 96.22082960963826 202.0279968699435 147.2146883976642 142.14384676627043 137.68124994567324 119.06486781087065 150.5602958086078
59.34729113247781 80.00813139054469 0.0 35.32891925245804 61.97870872072522 0.0 104.48048711850487 38.62341345927725 59.34729113247781 80.00813139054469
128.22046940303784 24.40082437814442 249.96090379325693 0.0 336.7476316833862 100.68168308040995 308.3851475187669 231.30909666571506 194.0479899564744 334.5185033674802 71.3297329889179 235.8737333098901 0.0 94.45959773695867 128.22046940303784 24.40082437814442
129.84741347713708 115.45194909387915 90.52245287628472 175.1377575484762 37.90736167706439 163.21700776088102 93.34278793709913 92.63528962714352 0.0 55.66407911837702 101.72833910934244 65.14718958859477 91.08434223449859 0.0 131.45519401650702 12.147888675009114 175.2151200070913 3.240766678872305 193.8909533421977 44.31354153419693 154.1901797014811 83.35607415913589 198.18212362875778 118.66320198923741 188.74517800374127 170.92222343638383 129.84741347713708 115.45194909387915
49.118464082371744 40.02488293698373 32.58601336737061 51.671061942130805 18.28873412066804 39.538742127012966 0.0 37.60084145762083 4.661923135115401 20.633951233832065 18.291377245403112 14.160536807995015 36.6232212645924 0.0 70.83602548430055 11.727606471078332 49.118464082371744 40.02488293698373
135.49550991157585 194.37159914040097 89.94956871877321 159.06999036317018 42.267667511220196 196.35475511007604 6.312899589693615 165.74409572966158 36.47760476352264 111.17365868128549 73.21115027107027 92.8171599426069 0.0 42.94182777874134 33.043305801372355 19.772660235605585 71.73556728484543 13.599094006043941 106.0806815383718 14.39188688295286 156.8148431924114 0.0 213.72995786265056 20.15903762765376 215.50548257911052 80.26084135544583 200.8901292987009 128.6933368853514 181.14214404454412 175.77722125570318 135.49550991157585 194.37159914040097
59.544456830415626 6.91322822237607 114.878677551688 8.515824680213406 126.72182880048109 67.56342341206485 48.53932787130391 39.873104199445216 23.68145801911264 98.63243328812723 0.0 60.70327728523616 1.9313984902784114 21.057176964095113 28.77338730312445 0.0 59.544456830415626 6.91322822237607
104.41180629435787 0.0 132.07615107877734 13.964242654817198 159.2163518502458 34.14543913082035 136.9893439392892 60.899070001297176 148.11899779857796 131.2327902115689 100.00806302724828 81.7413284459653 7.891857380835262 121.57570716573785 0.0 39.0158842461435 66.21427492001814 8.156969232251662 104.41180629435787 0.0
124.35080381522998 0.0 95.48995519663599 108.23158108800696 123.56412042172961 108.52482710803574 186.9173171436259 158.48790250182873 116.23033092960239 154.94444663708492 89.82341450747857 175.98610323676672 70.33519672813547 142.04916360299802 0.0 153.93641522087145 37.76846918338052 104.72007352809078 10.877970244493298 45.03263012193881 75.04309637799031 61.57589747812489 124.35080381522998 0.0
202.55207827350642 288.568334424986 114.38206491454099 287.2461373064317 68.00310493233582 221.99260401381235 0.0 157.67639621265675 111.08613827401695 114.9577338950296 116.21583447878137 56.56232004030264 174.82691492693687 45.03001336592801 278.6368245656472 0.0 265.50616095897533 108.84408644366854 400.77101828786556 190.38216847063507 328.4244821319721 292.38123936973125 202.55207827350642 288.568334424986
107.87145584732127 79.56783877647885 85.23731323726844 91.43779381698705 65.66014693226958 98.2922625621001 48.48641830040452 91.91528002901906 37.29570079344562 83.99179842290593 19.172453220839287 84.34077857450114 23.053550087092304 65.5042304771323 0.0 51.04700246223989 22.14175456388398 40.566711573863 24.13511304882438 19.89536686295694 38.44785106408635 0.0 58.43374305769922 17.17444755406241 70.72936994960747 28.668935792969833 87.66256386156039 36.53607603490191 80.61852301358894 55.33087327571687 107.87145584732127 79.56783877647885
78.87382564864511 63.50033468780542 51.30038524156049 46.71820785041582 47.808495670591654 40.929533368866316 37.75706768052858 74.99240914092414 20.365685950383423 71.71295036285662 0.0 63.404522464291716 0.0025451326793586304 42.78259958412491 17.973784395077487 28.5583180418418 34.113456047542456 26.27237491205277 37.05833776112999 9.956089670970442 48.69007219181876 27.69098256881152 70.06759645775949 0.0 69.41354732637372 24.717438947149972 112.96991171212748 26.268175960230224 56.465165267989065 42.757351727463785 78.87382564864511 63.50033468780542
261.4150323167907 125.45049373351584 179.4814410449199 149.05788137022415 165.6698037518927 221.3184686453405 101.1872587054401 160.34267179718205 53.954195726759174 184.11620420514623 0.0 166.46457574097207 15.13250093608211 104.29166705149733 8.56460855677338 63.433118906749 2.2581594468801427 5.664579875444119 60.93846932173895 0.0 101.71586662621306 50.10253047140027 140.63607597464926 0.8661613595306079 185.9870768930163 17.380475276552374 143.10940145155672 75.39412608025198 261.4150323167907 125.45049373351584
136.53739467985298 237.23139202751292 83.24717056785515 264.31177094940676 107.21304906048661 159.01980802751766 31.078534403227692 174.44988367552378 36.52047631975 130.08407765713537 0.0 70.30300190572169 13.230225932113427 0.0 108.80196000327992 61.75369640400693 142.6521672608239 51.13845853178479 167.70251673235717 76.34989177519978 219.1735557145626 76.26544949739485 206.9427247778544 123.31360233702549 268.2515883522879 172.34136673083808 256.3893143212631 233.70551033690123 169.5061638692042 208.22204100147948 136.53739467985298 237.23139202751292
95.36007966241449 0.0 142.11683768901742 27.699348196133528 210.25377674736123 63.81520704921216 124.22861676353821 105.69333644627487 102.33459974716905 113.29473591954797 85.01776176664539 159.03962700805513 49.58788112985067 141.65389093793664 0.0 114.90732571389813 53.0992102143494 78.08058105388274 47.8902723762435 29.85071258662365 95.36007966241449 0.0
40.37697914927391 0.0 46.25059565238597 12.61917063268767 41.134825727420775 25.22532708696292 37.846153890012715 31.176979135157254 50.315082765075815 44.42530568161688 32.8240336760082 39.59443513422339 29.157469877948287 48.69802370161197 24.28127812830124 35.63000519263346 12.154857478624493 45.86718020999599 4.885099920391269 40.06627037619181 6.2665394580245675 30.15108621218856 0.0 19.504302189962843 16.79245665225413 20.148277832743872 17.88334396413336 8.334246377962103 26.402665674227777 17.540950569169084 40.37697914927391 0.0
22.11233430939062 42.64985392169494 10.482181214900379 26.795102767715875 0.0 17.123997902136082 5.590643915283678 0.0 21.446984147130564 6.430421780598536 41.48272037917424 9.661240183725226 42.80711864304725 32.54887236431013 22.11233430939062 42.64985392169494
10.461926424470846 123.3253114570963 0.0 70.26053670831753 36.0188105209393 31.0623693363424 79.09130269303776 22.371336354589317 122.1625004994658 0.0 157.29377740510728 35.212531326741136 182.3923863330711 75.1460132905092 130.63930403779258 104.32050215971542 131.10568251275296 149.54272203160514 91.96327050991452 146.30213781832094 64.42739314389243 129.52751079736436 10.461926424470846 123.3253114570963
77.88006356624624 33.428390147318325 67.92818005917437 57.90266259499019 45.16378310460652 74.41936609841686 21.05295711575191 67.02504663228721 17.63117310512378 43.86276092735807 0.0 24.113962728743303 27.34844247085968 20.46738077195087 40.65763490878568 0.0 66.53050326565408 6.8584646518498715 77.88006356624624 33.428390147318325
96.54297011706487 41.06881573590205 66.48239218997202 47.04093797992945 70.78714015338784 71.52373782197445 51.536723078316506 66.58013825568882 26.879201608804117 94.6655779379907 17.188505619350273 65.46576367028571 17.42576201952064 45.09925397100592 6.900118156531825 30.17936710047441 0.0 4.41615078702246 27.82382078237955 3.1401955761144364 44.30225901645161 2.190733604643711 60.589184221903416 0.0 82.22917267711583 1.9080407416379757 111.56261642293347 13.576293658293551 96.54297011706487 41.06881573590205
63.512742247705226 27.88996076390447 90.35641188449694 5.574883407226295 92.18523965925036 24.19961975248286 106.20075049317671 37.9495161762121 98.00301516752643 55.33015664540649 92.67515235150228 75.90206974115863 72.24714845945675 77.66759436593786 56.234951181510844 66.57150163458213 46.22383103568429 60.86197427181487 51.21204209880653 43.9034343671469 0.0 50.13565382198537 9.709592903296112 25.936799923069103 40.84344543241014 23.224871492853197 42.98419364099856 7.42409834010769 56.39172875565168 0.0 63.512742247705226 27.88996076390447
109.5774023324741 45.62290532423391 175.70832905001544 90.11398035078393 113.76723567354746 142.53866614611906 57.2201622774724 117.97353483304032 0.0 72.6435132580693 46.24436811869345 0.0 109.5774023324741 45.62290532423391
87.17538881420558 196.37532008770415 60.961735487656824 179.29857873207368 88.3202401515407 133.41800868212297 0.0 127.01176210276984 47.66020805666892 99.19527383415088 36.4812690357837 52.09622533171816 80.51972094770542 52.50041448237789 113.5914612646458 0.0 122.28859525948573 95.8023273060872 142.691845513715 95.84430522796514 164.37296394625076 109.90445509808575 212.92305963986564 141.64934433138524 162.08692724949154 159.94630296954318 150.0366712065173 189.0047913134419 111.40622954951965 148.3923183238034 87.17538881420558 196.37532008770415
248.27226074096077 0.0 184.80025828478725 130.16581803527276 343.7603230481976 118.58280891547048 229.13024992121964 170.804039573333 252.1394624024704 222.47044132372932 232.33718375976324 275.32257047899355 148.5689529921227 154.7339208640581 136.19448519849453 220.81300236354795 86.78851514714886 250.80869572272897 0.0 261.18576880396256 11.606727598244817 184.311087083974 73.87580537963076 139.6728487987745 23.531085199064265 72.61791392195006 125.30818495037892 121.23031118746331 140.21478331822456 116.99910673485468 167.6736028230859 57.64885710693029 248.27226074096077 0.0
82.2036180428799 36.763751783732204 101.8613981972866 66.85878521926101 60.78547414669748 52.728934507399146 50.64868422284988 62.71486446745689 23.14048676181416 76.04771060208894 3.520008405388218 54.92443026144183 0.0 24.618097109900575 19.84558944674731 0.6785747722426123 47.67702898968214 6.6603627266716785 68.98562226540172 0.0 76.7878359605464 20.956303579820187 82.2036180428799 36.763751783732204
188.314772634402 128.97143817573084 149.1921590384611 135.3223304482309 135.71564555711245 178.31298060923626 88.26824654696787 190.05767688355542 40.06882857104563 162.7563184708261 0.0 104.9236083893763 47.3008882211474 52.69060086707931 83.578610621634 0.0 142.84560974454257 31.152336888405614 197.1259952208739 38.14166302688584 167.88892882146467 98.47702361180839 188.314772634402 128.97143817573084
0.0 88.92684193264206 97.35932259335794 24.306262347926136 154.1977627227247 42.445015034870735 223.46373522423815 0.0 376.12672621490776 68.62201053474588 225.53928111831326 136.77574358971088 175.00436715343943 268.3608033912205 73.63874171779327 177.43317906930469 0.0 88.92684193264206
85.56347633192566 181.41348352738163 0.0 39.69165264666756 126.0253325580911 0.0 208.25520370469212 91.06801007886142 85.56347633192566 181.41348352738163
31.36063969001792 57.055247532591764 18.82547940168722 52.55371703587022 0.0 45.35778924152096 3.120845374054454 25.779898624538532 27.73761440349577 27.51292334806689 29.029173205034184 14.662140044177079 44.36799901204722 0.0 43.82580638416033 24.709655723780898 57.11781897186707 30.4219865629927 39.219322999521026 35.94807912939318 45.04867952362575 53.742698072184155 31.36063969001792 57.055247532591764
43.3751524971112 35.441096092490824 58.225030589148304 0.0 91.91877286156738 14.862952453463699 123.57531465855418 21.79405995959847 114.42690118618641 54.90618877084114 129.09269221451888 76.7146348661297 114.75390739535497 100.98770190849314 89.19664820849741 124.55840850365811 66.95714085742564 94.40354337300897 0.0 112.32115654342579 28.971351763217058 61.764647910317265 43.3751524971112 35.441096092490824
0.0 60.40019585526434 29.365432411063438 30.961771442038867 58.40637109897098 0.0 96.79427002013779 20.148947134163514 112.23221546102926 58.46754220298078 111.984274384081 109.43903761708185 59.37117760343608 81.8196227645758 23.486232513831283 93.84829853433001 0.0 60.40019585526434
13.710309619764942 71.66305020217254 6.328576006845424 49.103550462650546 0.0 25.29410800216739 16.5967627293859 7.161573590346379 36.834197870883685 0.0 46.79566351225451 36.37059484237386 75.0607504863804 6.051059731419528 98.31119611421137 21.096362310675786 83.96975085371047 44.98646644661696 88.17715696588733 76.02962601613132 57.287689933461095 74.65901572883229 32.33699758402037 91.71644748333478 13.710309619764942 71.66305020217254
5.4112251420366135 29.990674961538858 0.0 15.50590955194744 13.237843327393676 8.041806215273454 21.596358601417293 0.0 28.480022142048156 9.793270382824744 25.419563827256752 16.942676916776932 51.1136154048294 30.934616937078772 29.135373568693936 31.68112489931329 16.7377146895994 39.76430046033842 5.4112251420366135 29.990674961538858
257.6798363172625 110.6000409617114 331.8098710663832 191.66880738405453 279.0085315368872 280.69467573292775 181.51806014217374 185.37195415899347 103.87965549155041 220.9459721815314 0.0 169.7079178648301 16.922713818832563 55.26901488060797 120.71636368188763 21.150058047625322 195.87213986180478 33.09584456959938 301.10891878099386 0.0 257.6798363172625 110.6000409617114
199.20943266450277 224.92036987865214 112.42923883135434 287.9089671273761 101.23535007622066 217.158417894413 68.19884687393827 169.18344841232468 0.0 87.91866002837949 143.22189356885804 90.4919855750598 183.69691016834815 84.54285295187081 204.5616203781322 0.0 241.1786658135282 83.18183382626347 321.0728929467881 26.81203953808415 367.41400402649583 71.34174254759431 385.4608518619567 137.26084385339584 304.11377939237593 178.1102521226838 286.2241255700882 206.65813309845547 242.41452098925362 196.26892538760035 226.15767224036694 219.4857653558331 199.20943266450277 224.92036987865214
180.24969162531127 28.56863925897897 156.07055938065585 85.29351200752315 138.01929455124022 113.3727527994355 115.47097497678304 174.63234064559066 52.1098917620443 163.46462360344827 0.0 112.24832243314547 14.247802288414107 44.12758130568461 64.27940261499793 0.0 122.99655886803794 15.941163886924741 180.24969162531127 28.56863925897897
36.27150625663711 144.94743640969227 0.0 66.61985778719392 84.42411404878459 57.98115430396422 149.0243765192758 0.0 246.3146598105759 28.166122378087508 294.22862107353336 124.04568534826804 156.3215934509517 163.40482029163655 176.60278151358864 270.0935983350963 88.98405345777726 262.8742724080851 9.403526357160786 232.6966383661487 36.27150625663711 144.94743640969227
117.31579511403424 144.20510136581316 105.40562606169254 123.74282216410033 90.63422515764074 104.52060534587358 0.0 51.97831651203054 34.02332919236956 0.0 118.46735899249056 34.18834294575091 144.08782177598334 11.270310176356404 171.27054721143665 38.743908717332005 214.58574597522096 29.996984268200194 280.7674046457419 48.263445222041305 216.81502106909716 99.77491111333916 213.70063046483335 129.2839638051288 200.88086426478066 161.81984971124922 157.8651335386113 130.01128144232808 148.73898314573017 95.52683793915891 117.31579511403424 144.20510136581316
0.0 83.19602411155645 49.06246578506411 54.71514704527793 103.02789698641381 79.28159561255178 166.9092147151169 0.0 185.59732193594212 82.95694578251873 231.69162153913092 120.17661249591049 247.3283633172033 186.07942513293872 184.6622723054302 215.92201330258226 142.4646245829331 243.33941986260078 97.63589206391288 231.42198512761294 41.15719330878427 237.08903926703314 93.93383914146331 153.6008119904969 73.96860829857867 144.70643256457504 0.0 83.19602411155645
118.07854302388265 8.858371885198608 151.0092765767207 0.0 154.14667331892673 44.309930903173196 187.4514199929282 51.78545346716375 205.27354739114014 81.0841345474819 203.84580590488906 119.03258542022586 187.8022427037833 161.97792835107794 135.7704573445866 133.11164562883 101.76434092013814 178.73347271972773 80.72634581801108 135.32479365870387 64.7725442629449 111.57769893892724 81.11061653770909 82.0157191888147 0.0 42.58578291436041 56.81825801520603 22.403410794159583 87.92902098509316 9.976722542084559 118.07854302388265 8.858371885198608
167.17630715274225 56.239521100326 194.67082169090273 54.16810882394428 299.33929967553865 15.715843501682443 265.4509425449198 91.835820123906 288.0707218799786 141.07012814456115 267.1003946148884 191.96783504859576 191.99967604711262 168.88267771175109 173.15103079856635 196.39735426499843 128.01138569570986 271.46279986882234 80.81354702230783 236.2250311846278 14.102868988911979 216.85397749113574 0.0 148.46270184316907 41.1415969924921 94.35745488708592 36.023536579330724 37.54937095013325 75.9981680543527 0.0 133.94440398658938 11.677823471564494 167.17630715274225 56.239521100326
99.90733705616938 39.488943723791415 105.37949044670214 54.42813655509884 96.98262519107705 69.54520453872104 102.9207234922391 92.74943569112199 79.42600653184411 91.0105556999456 64.89717433640492 86.51685969904389 54.73272258705197 83.47049406780403 27.900527455440624 100.82467482722495 25.745339886973568 78.80445139038508 22.297879450480906 62.12284397448514 0.0 39.418177939587885 10.964004650705192 14.780282245568863 35.161388658416115 4.6550107181828935 60.37287423707794 27.03316926196147 81.9342928565204 0.0 92.99300516671033 21.973389246050132 99.90733705616938 39.488943723791415
0.0 0.0 146.04195009756654 29.78190780574125 194.8268294234353 148.54108069674174 57.2033655771116 148.73260889914246 0.0 0.0
149.2614258238919 312.62635185422806 119.31865505260012 190.7562283658699 0.0 155.88182783179136 88.42222330763651 83.2025563257196 131.32668577635462 0.0 208.5866264430133 64.18004426596715 267.0436609578891 98.7092586658641 319.74805351280907 188.05189472895367 234.31470891400784 245.969903433058 149.2614258238919 312.62635185422806
183.58792821047567 0.0 105.55113672174556 54.05251633855165 136.0684065452906 82.02951793281656 77.03483349581174 60.94822499725567 96.5323096384563 130.03693234512187 61.781885277044324 151.42264096124683 42.19784200325955 107.416557476402 20.31935715703858 92.86082252930748 0.0 71.7331659252618 17.29508171302058 44.80428409066936 34.70234532654305 29.71207119883315 41.5723820484838 7.722210946323372 65.43363269594141 11.768633424275464 77.45155378722914 32.5600448338509 103.9592808923735 15.624781666648133 183.58792821047567 0.0
107.84541174050842 129.51567468888777 77.6165282922984 121.05612572377305 53.76838079738654 128.58412280950185 8.77797536684271 148.23813067062295 14.272046275749759 98.50040531636353 0.0 72.91777705931526 8.465081385285636 46.148645934872434 24.650717369810287 26.804368146060128 55.492538622093846 34.64865004520294 72.91394723621896 0.0 92.57544493332487 20.530334961294017 98.28599526541946 44.907235564630426 141.68185405772482 47.41273017281431 175.33082956058934 84.72802406410023 133.5919174877223 110.6748442848621 107.84541174050842 129.51567468888777
26.211514513001234 21.755515581037443 63.58378144362523 0.0 87.94557807175953 30.553906638509872 171.52610307961805 63.4054222360154 95.76954434958017 95.55382076475532 63.84302189148207 57.21863278693412 0.0 73.29831351101267 26.211514513001234 21.755515581037443
152.78654883101146 260.3577208724257 130.6967055419102 234.9013500105811 0.0 183.7837259628946 98.3373920856565 134.3076124342009 159.46610897574533 121.90069690412928 247.5837375565653 0.0 287.8176201417632 119.57331071040464 363.2231600461067 186.66786486382648 284.90386863780043 256.7573584556935 244.07043058898452 299.3296844150909 183.97889807550104 349.91569753124827 152.78654883101146 260.3577208724257
5.035029477257268 67.70620016652224 10.213627129757455 46.78390059652028 0.0 34.724930630284575 14.789190788862498 26.130569828965818 15.20063658850384 12.82526939370183 24.608943233376166 0.0 36.85599754512975 26.056512723731643 54.298408306921374 4.878311763377056 76.82010002194208 8.234204223339376 39.09305742549466 35.69382114303153 55.20682613551155 41.493327617322706 64.21001577800175 58.58194295147345 56.85449354867177 74.87565042654013 37.95898604727728 71.99388938855209 26.63919806137143 60.80780275766597 5.035029477257268 67.70620016652224
48.39867645575728 102.38092037711004 0.0 70.16180974257806 39.525578606933635 36.81465071904192 89.34728751695278 76.2175658592832 93.59120661886332 71.16884778042346 181.02556556647153 0.0 154.76646823731926 69.09382701069332 151.92584799158251 106.79536603537024 98.79130834985915 93.11269381677609 92.94708916298342 151.7929540417877 39.10938430308107 169.93996731930355 48.39867645575728 102.38092037711004
87.2003056848103 0.0 54.91017414474814 62.163383591879004 0.0 68.72031890711358 8.763568512531663 0.1883669557890002 87.2003056848103 0.0
127.02752352854071 102.01266661007719 173.91122548959623 59.65681641450121 231.72888662176626 66.25316256890542 216.2037402810118 114.61571421424078 209.78900301045974 152.2135891273336 154.5289540265052 149.75064685227568 145.73897877999065 185.625050767262 111.40737988679972 214.69737571798404 96.07910704113814 159.0652582974658 49.1697516798605 167.4516478492377 21.299679225217034 135.41988220037499 0.0 86.89982985752974 72.75330704027385 78.70697930944912 54.214135954625974 0.0 113.06676046221352 20.531690621365897 127.02752352854071 102.01266661007719
27.302924510007244 58.70812471098775 0.0 48.94531380308793 3.663107055669677 30.750299773125874 12.193788748807734 13.121050503320085 32.0906215192648 6.954377626483421 51.314219292413085 0.0 67.3063787939897 12.340055860089315 72.2557151401102 30.008035885774433 100.48381413308131 33.9758822989225 91.55274753487681 55.73304049451522 92.65826653954356 75.46345527844309 79.47131236674842 89.41807362129833 54.43068645243511 73.52491152766638 45.18499159140403 80.24101226862885 25.197421005649318 95.66025214537987 7.041543649887608 87.38892865652119 27.302924510007244 58.70812471098775
149.7434123437723 47.8611653099875 180.54889479476117 0.0 220.76327879275783 2.3250000578699 232.5744524838093 40.30016895519387 174.48444190259374 79.91494161268515 221.94417848345057 104.58019398084096 221.46313457086245 141.6856763699567 190.3242223694313 155.4860552939429 155.07986964779744 128.00987717063663 147.93160890030373 93.41763406045217 83.18991296150219 161.73399655972963 37.79787111034 138.1902171963916 25.440796365020844 91.40138517038348 0.0 29.3731381084258 105.81018812629506 39.908644840126705 115.30156731264725 3.1809696124279014 149.7434123437723 47.8611653099875
38.53141350118457 0.0 125.87535879113658 15.233007344300205 217.08868561361123 105.90793028367571 96.63242017796888 166.68000367532468 0.0 100.7970254819385 38.53141350118457 0.0
183.0475782459045 198.77441859702387 116.54752588608923 273.19861974026395 47.562027552275225 205.05735563727686 0.0 109.71360133593657 85.24435081110875 51.60673061366245 173.08563955005945 0.0 227.65118565503326 87.11083081262512 288.19845083648227 171.31549583724575 183.0475782459045 198.77441859702387
183.62447227377203 187.4864247793894 119.69532115115177 139.61088213318678 64.9878788491727 131.346841590762 0.0 82.72817959452713 22.51758702654091 0.0 116.08389339283123 16.640309533830532 144.94814935016348 44.97120102860215 225.84818050697407 4.5222941549899645 212.42574165276204 71.19972384034487 200.81432666581816 115.77745048812625 183.62447227377203 187.4864247793894
22.600083722438022 74.14913905171287 0.0 38.941236126604814 18.923449772366283 0.0 60.222094154850744 8.608546976153967 86.22031742536376 9.502098793882816 64.5771172748108 43.71921947172192 114.11734770662761 65.31376361905996 84.97308820897624 87.3011569486209 49.4449561328096 109.90050192395356 22.600083722438022 74.14913905171287
87.10731869620756 102.71392594144028 53.59647258433267 95.51291730618446 41.82984339292372 66.8068205863398 37.18677076266337 50.653669619012305 0.0 30.21421196785475 53.31574293583418 32.45346596672029 48.854413956765384 0.0 64.4726192182845 36.237130152714144 73.60492042795335 29.706483887035944 123.4628286300301 18.49785462370825 98.37923938967052 46.686642875905775 101.97739575794307 71.32060982322444 87.10731869620756 102.71392594144028
84.94845385406036 70.51521098274252 47.84719966808112 89.49063285695821 0.0 55.870716799476426 24.699094255829174 0.0 71.01942135626818 25.041514733255227 142.8167573607716 29.819345403825352 84.94845385406036 70.51521098274252
3.528533753570855 134.94247590745817 0.0 91.48705050142125 27.722931938006752 65.07306007931189 28.57987516822604 30.544271862028893 61.19326524518871 24.810317249638203 107.58523414339503 0.0 170.14949312640599 23.876221047064398 101.28888851983997 83.83882150472368 101.57053130370713 111.13593769345258 75.34169606659123 119.05624702029723 53.154906614261165 119.21355055745386 3.528533753570855 134.94247590745817
107.39856056131455 101.07216263880035 124.27319220839807 145.1741395105625 93.09706038925462 135.83792402418817 73.21473973210014 132.53146384386616 38.1223191654347 147.37155197625611 75.84505091672781 92.38431725969242 0.0 94.92036446474923 22.98698823604957 65.77632610735093 49.377794273318926 52.312907970431155 54.720022720699774 13.924892961971565 86.938502527759 0.0 95.66030702439691 65.17994993425123 117.38775739027369 59.76686539307248 112.29560371876654 79.50812131281984 178.2943299124466 102.43029803654997 107.39856056131455 101.07216263880035
89.7698548980191 0.0 182.52010662895134 144.0225969310277 16.724138503865305 154.43319787637324 0.0 60.44396602722742 89.7698548980191 0.0
130.95925490192337 101.98502701648162 62.40558869197871 95.74573187869929 0.0 84.24378564880992 16.629345237625465 19.61053054165913 70.17125366465136 0.0 136.37803808616314 25.38707084970528 130.95925490192337 101.98502701648162
31.872259444615324 0.0 66.25533219872256 25.04082804671684 38.60111478008011 56.1734797521779 18.616147918545522 53.13261299746253 0.0 62.30330117473696 2.477795445891246 42.111596226515005 0.9868644193558112 18.062500288317395 31.872259444615324 0.0
5.824200158210772 51.4944434814543 38.51814167671175 18.98638630863274 92.76489540032435 47.85960257812246 101.92529576377311 15.062189241542342 141.55475196652426 0.0 194.6494835104788 14.967346732177738 169.1554119530514 65.78123159297877 150.21972777497194 97.6801308826323 128.31817247991967 129.89915047166113 92.87227250908947 113.16269554937442 72.20244257024481 96.47428806813555 0.0 105.30970741398103 5.824200158210772 51.4944434814543
121.65317028495507 63.96439472831271 178.22538172854814 54.29649007942653 117.26809758192591 89.58959898849962 172.73455341810893 122.33530710329337 121.69528209421726 117.17562977670603 115.48379939320456 146.57443205736035 97.72006891551786 89.79336307322244 76.12752880509042 126.29178564946322 25.36009667984979 142.66774361122668 21.78262487689834 106.10066656544694 44.12996288400911 78.23754147142843 0.0 16.61195472610558 62.98416204546342 25.14109440818855 91.2177692710922 0.0 114.91725500009198 41.82146020893916 121.65317028495507 63.96439472831271
46.238491416222644 55.94454256682728 15.76848470186303 0.0 58.011025596965695 18.752868320117933 82.51711083979552 11.941127455157044 126.9658102943927 4.11950705330284 148.08185198279702 39.18134656805931 102.60514876267787 71.81154267069293 107.8150585366217 97.0367385385769 82.497212794653 99.46377907451075 63.82420809340796 108.33246476073519 30.148882563442243 127.30882674635613 6.665854092369983 103.19323185026299 0.0 70.13797925560407 46.238491416222644 55.94454256682728
35.29677306037546 0.0 48.6055884547593 11.859615525752815 68.14845477107497 25.44023777499038 49.01430182840235 40.91925224335404 40.64409099304088 58.60778198438655 24.501305988321207 43.66775227598268 13.424163411748012 40.98692914998891 28.154405231119398 28.79131028931326 0.0 9.30641282551258 19.38025163602174 5.189528231451192 35.29677306037546 0.0
18.746809028324435 67.58176962679954 89.9331777034376 0.0 185.0671131727659 99.28008585967397 84.61218851589206 167.33375872679778 0.0 143.7987433317906 18.746809028324435 67.58176962679954
198.10346680639083 219.75558144901535 73.36059527772872 183.12253222825007 0.0 74.99111404376757 132.97008518517418 0.0 230.21736500697278 89.37504345640014 198.10346680639083 219.75558144901535
180.0199417995053 143.4446260347886 0.0 176.64234693817457 47.28197478145777 4.19681917101218 190.62480762629997 0.0 180.0199417995053 143.4446260347886
70.20736189872278 159.16605784370125 36.743056105470885 137.88939275003798 24.787554409804528 98.03859099483329 0.0 25.018791931165723 67.11093807995778 0.0 112.398675532429 45.46039474495788 218.49145240612904 18.231987767355974 111.3870504987912 102.6043006568637 163.21986889389422 159.25680668337105 113.4427144250289 177.0360477780879 70.20736189872278 159.16605784370125
64.6204738239693 31.493139704233997 52.231111078165796 37.4988434369815 44.47909626545673 56.25061194021663 23.189183593112787 56.28859700904536 18.376230290911934 35.99556356915167 0.0 15.884494165101543 22.9982631684166 1.775918072561666 41.01421158553396 2.971338761679931 58.48313219923004 0.0 64.51449887970156 17.008690521661975 64.6204738239693 31.493139704233997
22.728458267184507 17.84755384807613 36.85442538180122 0.0 38.42223059612154 25.44215920115404 79.65695156071703 13.110539369153031 74.56284894146998 39.06724327909494 41.76793048180103 46.09906892894142 58.11522492196579 78.36178131261481 34.436165343727694 67.91722227212269 20.940962241986725 67.85402203485681 1.859764378133562 71.78637049130457 0.0 52.80907469339729 9.023413776092212 39.07890455054901 9.856150343150603 30.538858737905613 4.26572923660089 9.638716103765702 22.728458267184507 17.84755384807613
11.027306154926094 0.0 22.65748658728495 4.52026388808514 28.52786951236274 3.477310700977668 36.29167242652801 0.9987978346671014 34.336317023797235 12.65755492163467 44.48624164925171 12.878894445452772 44.84499297718233 19.79302409005686 32.99479973691443 21.208752506987906 38.71291507919699 31.70834439881729 34.93554206341676 41.98450416206791 26.724453394864724 29.467261602536325 18.47331781380126 37.63564302430116 19.902581854468195 25.19348431479034 15.957387561020653 22.387777609659693 5.923018253945983 17.19321519126059 0.0 5.2616720194237985 11.027306154926094 0.0
63.29695224940414 18.19128487142578 60.34444158389911 32.69827238983649 98.44122220218128 27.888338080404694 91.84561454065144 47.240148264672996 79.49243364782062 59.3467952260081 70.46519964656069 72.49841368243527 53.369504226303164 59.01801705987613 45.17394316690638 57.906394349562035 31.776533529168574 60.75022316002402 19.976720481335008 53.70811066797667 0.0 40.41920427339336 18.25668086749741 26.173487510857413 20.246435819040187 7.097105885630199 37.844218844338656 0.0 53.614584764099604 11.331505710508793 63.29695224940414 18.19128487142578
0.0 100.82696467637459 34.02659776732415 0.0 129.93188726621318 53.95314901122745 218.65164407129635 79.22975608427589 217.864085144353 192.78707505200057 108.58480336147035 163.3478298838162 47.102204181310945 171.85430090252484 0.0 100.82696467637459
184.21450119858105 82.70689984719269 119.69628950397836 97.16208424559204 72.94705992816404 125.77606446770204 0.0 103.624933865316 13.79350535287935 26.54499999182834 81.07300097005248 22.437959486909655 113.16554094237486 0.0 154.4866858996676 23.797092226634938 184.21450119858105 82.70689984719269
7.089658779187232 97.11664305237655 0.0 16.966943290197072 78.06760673574757 0.0 138.31522390317204 3.644835055479618 170.82641352993215 49.91515419891003 175.30042466698205 111.88019650040856 109.12245803232119 100.2197603487407 68.55859574887384 127.65364077440366 7.089658779187232 97.11664305237655
86.79683085408199 54.75771999537959 65.64058272411758 69.5434186648996 44.69133448915487 68.40088886855696 33.1979068824657 52.42896867203386 20.82808043506307 58.4270818101954 2.890542935688714 54.759296186659114 9.940266197304993 38.927333322417496 0.0 18.671978157908356 19.747645763085288 14.854832766968173 32.0140742678784 0.0 48.87309219609462 9.458217968001122 49.88516869856291 28.941487447466102 88.84803938938744 29.99512160952655 86.79683085408199 54.75771999537959
109.6735850717171 41.552211035558194 92.28881181967529 65.2311820455478 59.715944405302366 57.05018079100909 55.50292846976937 69.94453183240319 28.596523822622686 106.37649463271183 2.9103678328976343 84.48771061481344 18.322025497927456 51.170721538381606 0.0 23.144058790573673 27.766818659838478 12.844986432900434 50.98914846681295 30.140728917869986 73.92525380135919 0.0 86.47135745653918 23.163376123260782 109.6735850717171 41.552211035558194
65.97160462851744 18.132183851200878 94.12489651944496 32.92541264872479 130.37702331349072 0.0 122.25866643299207 48.69456268343261 132.6027338499601 64.74710044577695 155.49355319411032 100.61871449874845 130.65875783971018 127.84473807024948 94.36127012615101 83.21356628584128 76.12966240482511 97.60161080249615 92.11605843976648 65.80354833704172 0.0 66.12734014042485 40.30236876496923 36.008264585956226 65.97160462851744 18.132183851200878
173.57811915760118 12.882637335526887 165.58403812718984 51.21888150878326 95.22902464672534 53.51426689704311 141.32481607318954 105.1109718399108 110.01583771576468 105.44030270064383 82.99224941944873 121.86402309593555 42.218106382271614 129.01625018287064 72.85493607305536 66.55994747901039 49.819892138278405 56.96814646577469 0.0 16.958911394239728 51.50744295870347 5.415964701121595 81.71058377672291 4.641779922042055 104.10160321454725 0.0 117.586606432626 22.215231059341825 173.57811915760118 12.882637335526887
0.0 27.007285218474323 66.2983998382221 44.22744270948603 101.69982367248264 0.0 211.84848963726796 31.998726551225573 120.61860196999885 104.55625113086136 54.31121140002931 152.46433721097236 3.223489214688243 89.43892317484539 0.0 27.007285218474323
312.09930985743176 117.59302335602342 309.2929875283197 172.14052337943463 282.1726381272222 238.7375436937267 212.61544843376092 225.4852437097563 156.70837079505597 229.4838899503354 198.59850236128216 103.942553523013 70.42811683010711 148.80832954545767 0.0 80.03025496542936 127.77500653853362 57.170184484151534 159.67962489976884 41.0518672898266 189.99818359482464 0.0 236.05565721164297 12.842441591292584 237.1475174786649 68.34902647079434 316.01634457958323 66.31728052092336 312.09930985743176 117.59302335602342
69.56459196144438 60.98502279542939 48.85694040852857 98.41849479160773 0.0 52.04554506089303 51.929128778185074 0.0 117.9246737497505 23.35562957074221 69.56459196144438 60.98502279542939
190.7755973240064 5.77919287701846 254.15808610006158 35.12018084742577 197.19961216877178 123.92484271321521 314.8066754642327 167.4195649449589 206.9769455790331 177.15727198034338 200.77814149625644 252.71143117656854 142.03556712708507 246.82483837054636 81.78883657682006 227.33381646409669 0.0 186.64847513885283 61.204411582263916 115.79331984587297 125.02789758599857 101.78557896136391 122.02974534028621 0.0 190.7755973240064 5.77919287701846
69.96457481815774 0.0 100.33674231026806 12.11186401595733 118.17991690259304 43.16682432284469 80.51035082583935 63.93065640393074 66.16600769845175 67.56970318013457 57.026077423457124 95.53805577432537 45.09811810268789 72.41094849848908 0.0 79.55254046500612 56.58486015000865 53.49749362376305 12.180353839045367 17.086841058287348 41.43800519574445 10.917599002542758 69.96457481815774 0.0
0.0 166.36658277027115 82.0939163056141 0.0 243.45081891165958 89.16461686868708 284.7536983993049 251.7993222078333 121.34754584963875 242.18947422770492 0.0 166.36658277027115
55.793073550750734 110.09002999545928 48.73740791438661 66.28975508353707 0.0 0.0 90.20733610559704 17.039348290429096 112.26397582864709 43.456073825588255 124.75941975804506 45.2415054828865 131.09438731553544 56.55554715958845 114.24187103229778 62.4911640996153 125.25002968097718 95.03341150626565 99.72257217681238 111.49496344973602 55.793073550750734 110.09002999545928
122.3017899365056 64.76476896277012 99.26730485713446 93.5444976984942 73.97341291510673 106.26268298045947 50.99608816148483 91.97836091610425 21.686008038547577 117.75567109381906 32.33397941698808 78.17162823768452 0.0 68.9120830302645 8.19899313742043 43.769283759705985 26.761125913158388 27.650425972847074 47.84631072729568 0.0 69.07356080606698 32.28910507753385 81.74261166790976 47.686711343639516 122.3017899365056 64.76476896277012
35.01144557143894 126.91183619897001 0.0 49.687425353585894 73.59356628933162 0.0 162.79721948968756 53.58777233483461 106.07847877278039 130.77502284405827 35.01144557143894 126.91183619897001
