100
18.228404483875288 59.83560607729864 36.92063404685591 42.81197280896037 0.0 3.1413726213478412 47.48960148235206 18.60092122908126 58.709625291501325 0.0 75.77622512922902 12.16814473522198 92.73222539238175 13.24541362738038 117.32525159700279 20.25607615854114 121.55774933509622 44.18303656666773 106.10648268719555 62.29486272125198 89.0146235959173 68.84472442542784 84.09479314080554 88.93146863132046 64.18448372526345 115.83677227733168 46.508844974194105 88.25837231104421 36.6894811518372 71.75932941647196 18.228404483875288 59.83560607729864
253.75472604582285 136.5663687092067 191.01460645233337 156.41501615528085 235.66075768383106 200.73069198106958 222.01769198812792 238.14719359610945 177.4245021082242 218.8922562218862 145.62299695031084 250.11141868698928 118.51951752620351 221.3041902189237 66.95842103706298 217.55819826605546 0.0 182.9895565652088 56.70138816923165 127.57876086179874 93.38293007477404 100.66252849391321 69.3042151305294 0.0 158.51958296137968 120.54370701329698 183.92309377746557 55.45479300901171 193.58664422473788 106.92383685011913 279.4104220147523 77.73302718326052 253.75472604582285 136.5663687092067
41.74261067341634 1.1823086624901293 24.612238004848393 21.320615535926308 0.0 31.828887425301758 8.396806958356663 0.0 41.74261067341634 1.1823086624901293
26.027193217155286 124.56954750249483 0.0 44.8375881856591 94.72590865069306 0.0 124.7010125578316 110.5837160600656 26.027193217155286 124.56954750249483
211.54541023417548 138.024568325769 213.99292393280737 159.81778700665228 322.52755044433536 221.54796483199414 285.073617700221 286.736111191625 211.52010454116305 297.9551757340954 155.50813736451505 257.1159396156644 56.28818857932487 311.5593747206599 0.0 238.34785135965913 135.70231625329566 161.5027654853031 87.48642423032867 107.67868041421168 110.9057444638153 45.223169089777784 176.5322188764431 0.0 208.5227193242855 97.72208127371401 211.54541023417548 138.024568325769
45.92508271123053 92.63680257411411 72.83770001530714 78.0507597553185 67.10368900744449 0.0 119.22099095621071 42.02625628399689 165.48199512494162 17.351130897042438 177.39157934437847 69.98265730623822 216.44716831331073 88.51768603200442 259.60398240655707 133.40279646363518 282.64940701716665 202.77958224750347 216.76379652589887 234.96981688698668 153.07898976335878 222.02769790406643 115.58992925976227 182.95817156120287 115.52272703558431 128.41989374385378 0.0 232.9594722467146 30.685429138018833 155.60210430603232 25.571443416567035 121.1839629102551 45.92508271123053 92.63680257411411
111.41453889476543 6.42432820120181 152.19561408575595 29.909843983975414 206.71942581662802 70.08259734565279 152.6252625369405 116.19323109836854 106.66426562349659 112.72182205410836 62.70804941514281 108.61773586410526 0.0 58.26027412680993 51.414356975920604 0.0 111.41453889476543 6.42432820120181
259.0068364486685 165.13195724495537 181.03322810728983 209.73555128124985 101.36471660896629 198.39864783023913 0.0 149.91326085716352 102.50451718220029 71.86167543632644 129.83734980851702 0.0 195.35756605480512 38.73100121421679 238.89698675820637 85.64945403411053 259.0068364486685 165.13195724495537
49.17820014860149 0.0 78.38513349076413 8.818238626524945 92.01760590167038 28.665542521160447 94.62099359454965 53.54509682951884 78.2796306401646 81.32273319057842 47.73199515446521 73.65030597589876 0.0 62.228737344799356 30.71183284874469 23.092583397860963 49.17820014860149 0.0
94.84966463549449 116.6160799028286 0.0 2.4033155293130477 140.94678972437242 0.0 225.40834303059495 38.26693268754202 217.55680447200547 130.3052006594165 142.04556541545253 146.17516678429433 94.84966463549449 116.6160799028286
0.0 51.55186811591034 64.88034715800542 0.0 126.47851241248132 3.3886941427197854 116.70208033496759 60.65292195298191 70.50075682679744 101.17514813874404 0.0 51.55186811591034
0.0 24.897224196271544 28.649472683937418 0.0 47.595900091049046 41.83568809458345 98.25257775479156 32.772656153848494 111.51307957011593 77.39884459444619 55.39226694967297 79.61080294638901 34.969018704017714 97.3109817782578 9.865458928519189 82.81587714424995 3.440446600571761 57.75737483317746 0.0 24.897224196271544
174.3048604969008 61.748099406931686 236.66547552427522 150.90544467346191 130.09581036272363 169.17957474173093 71.94583678123408 159.22572176520904 17.236941966666407 144.10316946704495 11.40167228080577 82.64456686585973 0.0 5.378349127119819 76.68492356885703 0.0 130.88466152372575 18.28574915218782 174.3048604969008 61.748099406931686
147.3589452905432 0.0 242.09058023865404 34.032952461223786 350.648369865895 87.83802843596942 289.40149153102124 193.92568904242236 199.304929039663 182.92483065969495 162.39510852489516 175.94946934374383 0.0 185.53548372336283 76.90566717118051 71.91246887922333 147.3589452905432 0.0
29.209569789496356 0.0 44.063410835879395 21.60383420887014 31.328802625359444 39.54420145468602 16.186207872523056 39.35116845006222 5.635548365738018 29.481692483744354 0.0 4.418212694287604 29.209569789496356 0.0
195.86548991057413 29.608402212036268 195.27207166350786 90.87631113195275 344.88710305296286 85.86736714925132 271.37113788361813 160.26802719080686 211.77495483378686 191.23123407188743 221.9231650101257 267.3634647770681 161.33493810503393 276.334579825822 108.02939304455734 271.1762403459919 77.9812185203495 223.94977423550966 53.36898037245689 194.2287566726795 0.0 169.87482492147723 45.62836839594928 126.34558899245641 56.12678612224255 95.33223636710946 57.22686035559397 37.506927405580086 119.64164300087121 98.48291202183077 151.72800936077783 0.0 195.86548991057413 29.608402212036268
83.24678816995251 58.78771957292928 58.206331480067206 63.189894396942805 39.295590421549875 58.66435927104283 26.35834679815119 44.62146785557765 0.0 14.466282620791674 34.61568649753727 0.0 56.428434324084165 19.81309992467341 75.5108065567692 16.237164502637455 83.69186072663356 34.469320685818786 83.24678816995251 58.78771957292928
84.89562860472654 0.0 109.34465407502718 43.74273120789455 133.16710670574952 73.37383690840039 157.60993045118352 140.08072697949413 84.8063755201727 112.68039300184833 51.02061852048034 128.89381417426375 0.0 112.25870838441651 34.55745551811849 64.55503185580005 53.523046037421025 41.84470560754281 84.89562860472654 0.0
56.43154957473068 43.35196155814391 29.152169973307537 46.80536333946836 0.0 17.70444128134453 40.45517674358007 0.7630494833431527 58.975647823145934 0.0 76.31610708961881 3.614615077296776 108.25728174653077 22.130308269354842 67.00754847237887 30.90369536250624 56.43154957473068 43.35196155814391
0.0 18.086118171986456 21.988916348686246 15.84025271846376 16.578657540188885 8.334447691812713 22.07719434136547 15.881866594519877 27.681033640209577 3.3216237134899274 44.25651600415935 0.0 62.71209635230476 11.111447012206753 44.32034674118678 25.046169390895614 34.462973393756926 32.40350627865786 26.318179669159747 46.541883672978216 9.762909503471818 45.064342775456524 1.0984293270941805 31.759099156526418 0.0 18.086118171986456
0.0 58.00300317615874 39.280717804639266 2.8759472917545423 103.21742755424631 0.0 141.63364309702933 28.459074642229155 151.77004382777145 54.24598530990373 214.69230126425552 36.397054308052496 205.18682695845732 78.2516531965757 185.61337459486987 105.7698632479888 168.01872107883642 133.0753323003796 132.03031235381854 160.75649677576752 96.469220450483 133.38958501939766 120.39370011626305 81.02007213870296 0.0 58.00300317615874
12.595827567580216 45.79452478163077 0.0 28.29811771257519 8.48119756858975 0.7998238015127299 37.68860762431096 0.0 40.939741287859235 26.559866836974663 46.87475880031312 43.97831713130721 27.877029517593 41.92656720243781 12.595827567580216 45.79452478163077
33.908238484981304 46.104622651120195 22.567847857311158 38.368107744949285 0.0 23.08035919453046 25.91331230799296 12.851120775093477 35.35003485376921 3.4062712101888195 50.05331164156164 0.0 51.48318633360413 19.44446494850169 67.20206661932892 21.71305867091712 79.99743068828442 39.567096774174814 66.63920088500046 54.09139805409792 47.397792726864516 58.6391071626698 33.908238484981304 46.104622651120195
191.42575378372032 68.36294938885271 291.5457006613325 138.66376702844713 227.93708608738123 236.81053260852966 156.05117015493093 287.6470127549637 93.16760154212153 245.99426288054636 14.99817897734296 248.46813213269093 0.0 168.57241773597264 5.645929854691332 75.7846139420884 100.08733030266336 0.0 191.42575378372032 68.36294938885271
138.99805119377072 6.788997215798972 197.95945868452912 0.0 222.49855242478077 59.50850574500829 232.7310640941181 102.72319483823354 252.98219213138586 144.71845666404636 259.7025840390489 202.99253190654412 176.12696702615978 179.0965141949849 156.43757880997285 197.8648557916954 130.3687914854774 198.41715161752074 88.14782598086273 212.07800159977927 84.08682403854962 169.1424947882586 0.0 149.2617702229048 48.28225659000006 103.32516851605457 34.69992755307959 39.5203504904309 91.98272370528977 24.84426583549515 138.99805119377072 6.788997215798972
29.482838369713633 62.17924932291068 0.0 48.73300426300446 25.40056877915997 26.50123688352393 32.1420000890231 0.0 59.83048113668474 5.039033099539338 61.3050739906777 30.189413290928144 71.01699898192467 49.62258493564333 52.935323316567846 64.74454860324393 29.482838369713633 62.17924932291068
150.26762904178577 66.39602966187569 120.27067088519004 116.68935495426912 62.44977758449406 118.90670147654511 0.0 66.79810963994413 58.1621313064216 7.814169492870057 130.587638619903 0.0 150.26762904178577 66.39602966187569
215.46953336772398 106.224394555814 132.41592318643353 192.9363934126353 0.0 198.83552671770838 15.393091615809027 50.61919909440369 131.96266461977544 0.0 215.46953336772398 106.224394555814
0.0 0.0 90.14095528793638 7.292985687110431 133.55873868502874 25.94743446504974 178.15661226784613 48.306531151712974 238.88904980296405 112.18323354894859 208.72794454020365 227.37687975224532 105.04274385492846 114.16981933045874 32.10762348694695 152.37071606572488 77.83799437799229 81.46376202379616 0.0 0.0
26.3704768451273 78.6836105944385 18.134660856930545 58.17025967239261 0.0 39.43998665477249 33.28858226422622 28.551507981730175 39.14542764104715 19.677852652454014 44.18925315184963 0.0 57.85980100702825 20.731068303093373 74.92354786699516 9.091770422301614 102.50485482061374 11.60630233676239 87.23068616042376 36.76808561835349 79.00651082992297 47.99183456710653 72.10201953065466 56.81568528630104 68.74402277417295 81.3597243660962 50.37157381060878 68.69015319092702 26.3704768451273 78.6836105944385
196.39557123896924 0.0 180.74693301508051 71.33448383356671 184.46101766058973 109.62210763324059 178.73999074982652 161.8506793521093 126.24142140878365 152.59864342098842 89.31581280559004 148.61243860925958 52.5268957623212 129.72399712722768 0.0 88.3609046615852 61.51711627448361 53.60706598021079 99.01654780428764 46.77114345507074 123.01382615675304 64.56415427394415 196.39557123896924 0.0
0.0 56.81956967682051 42.38027667101512 0.0 115.43846652584304 11.627927458652948 90.78266962913634 73.18297974503466 51.74955660191706 92.79693131101048 0.0 56.81956967682051
0.0 97.90848699962123 94.19041582927463 100.15991703782692 35.658625429763234 26.110830710911415 77.48351650748971 23.638680237362166 110.00605681270191 6.853167692833736 128.0557332330717 55.444463898693904 220.23906786701275 0.0 333.0823275155067 17.754233036176913 214.22059838298458 109.73712556020733 201.7952436144301 148.37692170008813 195.91276587125873 199.64412897576727 164.5874429396893 260.48135355078637 101.17274535371855 186.0009669318942 80.80361345524034 154.9168645828051 35.316151936944294 166.24742564417954 22.215918028545317 132.6276234522039 0.0 97.90848699962123
0.0 52.96195195830431 1.827383714024478 30.17627754823259 23.017720501147778 23.60940722363047 27.066198421734597 12.46617757827596 43.47731662188329 0.0 57.581597331599866 14.688882354656798 50.19624669910014 32.35323290683665 63.2059511598423 56.74340772422718 37.56511317695703 49.88189944708442 20.860645274462513 63.110866274203744 0.0 52.96195195830431
227.7443140993954 42.198770090312124 196.669495056642 160.19970499481713 57.704422355421585 171.96796346277722 0.0 12.785273832352509 141.77301310898346 0.0 227.7443140993954 42.198770090312124
154.9337792790658 64.54955630139936 182.9703629861274 87.52556886678126 179.7146417186051 124.25250103741419 152.37622203439076 151.38385013264707 115.68336036868064 144.99305753018052 87.19258730447484 129.68632625136857 33.12935935674176 130.751445590144 0.0 86.62887461753294 69.3400295589222 58.46656776868731 75.46116545783678 30.532390618840118 98.98472638095689 0.0 122.6598403993187 56.13513958964083 172.92247508460662 17.00953337453202 154.9337792790658 64.54955630139936
228.74536648336974 73.40217516166126 257.4904511186551 170.239538258903 157.90191200514911 187.94947993476563 93.39166696763928 193.32898386613294 48.612688917214584 140.15626267272523 0.0 51.47959047285682 86.19043943261566 0.0 153.38067918259196 61.11707481036557 228.74536648336974 73.40217516166126
33.938780123700795 47.66412731538054 0.0 24.74270633577143 17.17647426874781 0.0 53.59914181080367 9.244568544544535 33.938780123700795 47.66412731538054
174.30601645863058 26.873485860947255 209.93133149821963 74.02752031875656 148.81712403820615 107.1995282335886 106.06131283778797 89.31574108889514 105.94848436717933 138.41437482196534 83.55269132908765 122.34085133032504 4.6788504579205465 133.53754498225754 15.535198225071895 75.94649631826688 0.0 0.0 84.75229626348934 21.044236816381897 123.66366514641422 23.6929075209906 174.30601645863058 26.873485860947255
88.24211108660506 92.02464931111021 0.0 121.81235408517523 14.584823603783363 16.324546045799813 128.02511369827133 0.0 88.24211108660506 92.02464931111021
93.33943582966162 151.0079158785059 30.24484651195928 150.21371347105293 0.0 86.83508424010658 54.55160679191647 49.415615809027 93.4550081533175 0.0 152.77222283804767 32.4709101470432 93.76778148597728 90.79664276354818 149.95182537979878 149.86636480254123 93.33943582966162 151.0079158785059
174.5790258810582 49.938336164632325 246.22966970938162 25.463354819800415 182.50021179338248 94.12143195080615 240.20209489714819 116.09301276301925 227.58185853173325 152.32432572400575 185.835517551781 159.72324671302982 164.16620865832994 178.87465956139994 139.4819455805185 125.30822184714187 102.30052995127542 173.4649482604466 45.009566852091 181.2494275650589 0.0 144.36482667338117 87.64686546449657 98.76104364533583 55.88706410866054 56.899090494693894 120.02197849880716 77.73792852701862 117.74568976988876 17.36034293330465 154.9082456617657 0.0 174.5790258810582 49.938336164632325
30.550583097011696 87.54001305134129 0.0 53.857754144566016 26.522857901895577 21.21044089742039 62.28836983250656 20.36571124820511 94.57027368466562 0.0 116.45569039944999 29.106146641088245 140.91590414648726 60.35839701579785 103.63739072756785 83.5511249159125 77.51744375833636 75.62160011369035 66.51289989350857 76.63470687270542 30.550583097011696 87.54001305134129
149.3478590628417 53.63888156975233 271.6484636707353 81.33627000215546 161.00140684166965 143.8002775878565 122.38883580089686 255.01394654372112 2.5475548752075383 232.71666359441025 25.16124909547696 106.06469219754254 0.0 1.910073796727616 103.45861934590866 0.0 149.3478590628417 53.63888156975233
76.06890662614225 94.74694729704098 38.68184483899299 84.31887180640138 0.0 40.76145461790255 42.24647636607965 0.0 90.0937928402999 10.308448020974538 142.34561811679617 30.66717527282224 117.740550507574 81.89082431199398 76.06890662614225 94.74694729704098
77.11417960291362 9.644291546332148 99.96778236524884 2.694873162184578 134.07999936872957 0.0 133.1877650596374 36.181751355708506 161.64661962844383 63.4477954047751 169.62308401772782 117.22256188638295 99.01276591656296 67.94725184396219 81.38894541102292 119.1576022196245 58.77247874309046 93.98487910989499 60.60815865305989 63.7063347658817 0.0 35.96341700601976 35.21363032063937 4.525062580999048 77.11417960291362 9.644291546332148
151.94782614238443 112.2061410050773 98.82377879475918 125.03295832393978 49.589449056042156 148.03304751591224 0.0 104.33698788389133 17.096790154788494 44.547263477651754 69.74664734685804 32.03921521299238 123.20754835048056 0.0 170.6260553898274 49.3447211584308 151.94782614238443 112.2061410050773
19.44148379872908 19.713523664936133 32.2607716266226 0.0 54.46998740253889 7.622044735415173 73.71724710254121 19.86845329812911 76.39594559807207 43.08704597327609 51.56400180252085 47.39152902871575 40.673727602547785 73.88063848895018 17.728798156484203 61.124935671383255 0.0 39.085313009492836 19.44148379872908 19.713523664936133
0.0 65.24788993083337 23.651311626677327 0.0 70.98870263567828 52.110332430225306 173.83786974486486 35.56742764759486 122.08430406274702 116.47368294943703 41.58050970310022 137.1719276576694 0.0 65.24788993083337
132.64876356290176 114.47095149696584 140.2415847240353 0.0 203.23417401375696 4.292511643626895 255.00983079087695 47.73326015193061 281.58261661764004 111.56221429497587 257.29529398519514 171.13736316350014 171.42723015720918 164.03309402303552 140.69076371326292 135.52575859958023 119.5565072736496 207.7197074666804 67.31993139701848 206.7111094046141 61.36427135179294 153.98294906107554 0.0 105.838404614816 92.59063387381154 93.63888244456969 132.64876356290176 114.47095149696584
205.03352728867935 288.43994349920985 145.87306137944532 211.1887722646833 0.0 115.19206942009075 145.804017439086 0.0 257.6642930960222 114.11823314250208 360.3249845843089 237.03834685376654 205.03352728867935 288.43994349920985
163.8530779179177 91.13917384746239 114.50404830858814 150.6028943356546 47.800532420147675 123.2487722508819 19.67081995176796 85.43196778959138 0.0 41.38766353544773 37.24314924110415 2.9958252170302444 88.85960893226105 0.0 114.5133480878478 37.03746941791475 163.8530779179177 91.13917384746239
35.73922822602542 75.99081893815931 0.0 40.71380085880834 28.72271372578976 0.0 70.8868655940646 34.98125786410722 113.35856310892457 29.242714044351906 117.82905166261187 71.15665933290327 108.4787715681571 113.23518674315437 66.79881578758376 102.87774544108308 40.450398805024946 99.67464980693828 35.73922822602542 75.99081893815931
86.86029347270916 0.0 154.54373093097342 64.77312646840332 207.23289380134068 132.817669677598 129.22976287525637 161.3909077384254 52.16084059139451 163.49486515236245 0.0 74.34205878230385 86.86029347270916 0.0
0.0 40.964585299186965 74.1118714377335 34.58681118763948 114.76604401137398 0.0 173.9963140931864 8.644373018791143 163.42159447108935 80.11864547311525 265.23823434319985 109.64391840650512 246.02256505970792 183.59228948223142 160.0186627421105 184.71949977313062 117.53889614549041 199.89744539283367 72.1826248539837 182.9860539007306 66.06986193515363 136.06613792785993 9.69074875459421 107.98387225903318 0.0 40.964585299186965
13.951656609449742 17.17803972134339 79.7323305151001 0.0 125.60497778600518 21.43878276718572 160.81544479632578 62.96681691391036 164.42635275372578 153.03037135505255 71.2827809807772 142.03383324232604 0.0 101.76070687864458 13.951656609449742 17.17803972134339
63.94554243694219 222.7252284990657 0.0 14.547068230287337 220.4805605926432 0.0 300.42517749922195 250.08154205829373 63.94554243694219 222.7252284990657
0.0 57.11844349649006 135.15641282065053 0.0 249.76974624263488 114.46261249056865 102.03804458807114 142.65404906325324 0.0 57.11844349649006
180.62460000671695 29.010743076343502 237.09400404286478 118.98434806578611 212.62983496030904 235.5245150456836 91.96318898864405 230.81772593755022 0.0 143.64878302454963 44.71388518687377 0.0 180.62460000671695 29.010743076343502
139.3660291234298 80.92484263186952 137.47533952173143 192.9869821668528 87.38347983833685 157.39736558918378 0.0 135.54878001564725 61.26777253789449 67.35523407754772 98.69815934490036 44.220039235035344 118.71888355626115 0.0 148.43334732020247 55.760969045719804 197.45755973737954 34.899469823444214 238.97142195169678 70.45744556810929 211.67513349741776 116.24278767519189 139.3660291234298 80.92484263186952
255.65085819855958 191.3921894876927 150.69640122590772 132.2006229635283 168.8717905156505 225.42303057861596 129.7439803048985 206.28914598220075 90.60629724161367 210.0577917962197 24.692109252681234 210.59777823455624 0.0 158.45393258084783 7.3445104219427435 99.84228704634012 35.4714995864303 57.781299117809795 59.05144087485448 6.993332816240525 119.61292560166163 29.779061400209386 157.73107202422494 28.65473258437602 215.35887825181555 0.0 201.820924207213 79.27911782977387 243.9713264950095 96.78712350841086 229.06223872790295 136.28906198253543 255.65085819855958 191.3921894876927
49.30904765924282 57.94182099181221 20.858981569926982 61.323157340239916 14.700007618539374 33.040381981617045 0.0 10.174898369764776 28.489930626668624 4.879267613864698 42.495111404439896 0.0 61.86811248428184 0.8739800385819052 62.9191653863472 20.719443754173838 89.35559110527515 56.74539048101097 49.30904765924282 57.94182099181221
114.53340728757584 28.131003705183076 99.39053234960039 50.74203528494192 111.3043051382131 96.23905838765846 72.1867875977886 83.10487293855054 62.86112852711595 55.63332852639799 61.50123567723398 46.883745498059184 0.0 22.38494635901108 60.95281954439102 29.447258983656894 70.02669051749555 0.0 80.97098676775343 28.958527943903036 114.53340728757584 28.131003705183076
36.84515371538331 69.06552441893615 0.0 55.58685905125704 21.234472023170234 31.051281801858188 29.422629525805384 9.880030779253445 75.60946401787076 43.50277179175982 73.08648725904094 0.0 89.64989458878374 8.454572735925787 106.79797006460736 13.109704583473963 101.16186813324994 35.474025899655935 154.99764140833838 39.72894493491905 128.09806989167464 62.23294912467865 115.10549923683472 78.55084654239639 116.87929063708712 123.62969112489597 81.62010480357691 85.6691845633236 56.450451390123405 121.51306234544307 19.272193299228114 118.70309967657946 36.84515371538331 69.06552441893615
108.12478344192968 0.0 157.8152826125213 1.4775137025914091 190.36051392033517 63.49945688353562 158.0710503207347 153.10631581295306 60.39223011541438 161.38839567649617 0.0 88.51792619890506 47.09562702865125 24.203232589959278 76.66537105711845 1.7686523164052872 108.12478344192968 0.0
83.73686638972723 44.83049672065274 108.7657979484276 7.66725063058972 152.80110208649728 0.0 126.53028378298134 90.296771541347 188.79951079846347 71.9734937543533 174.74403808128048 104.25878361012751 258.25300079739446 160.00755644751442 176.27580704194918 167.39091745834935 154.76794857004188 201.8147269979543 114.44619548538641 209.9060730238708 80.3310033924019 186.9572180671399 55.011594885297995 164.07467262168694 68.57464118211587 124.64015723099277 78.10595862371335 106.41882748247129 0.0 61.97134654561423 27.921248586542077 28.264364764436863 83.73686638972723 44.83049672065274
0.0 142.4063185759362 9.987081065165626 84.01371039802991 3.8685037458823786 0.0 78.33113978113713 70.19415065770248 100.54386878467588 70.95559467775662 235.31039894106615 69.99057008466414 127.83771090700107 127.73733320492167 116.06149027943894 204.0269484087625 65.1994970116373 133.47159333955068 0.0 142.4063185759362
113.84861076265351 142.7900482381283 103.05126744102147 102.4598431960203 113.06353858571634 47.60825414990052 159.0287803204444 0.0 204.51745923186525 71.03583835503663 274.34338454572196 51.11613098126915 302.82350228525786 102.46754233570849 300.2874823544024 159.47800018490585 198.23502770729982 160.1113238662416 250.16349655184518 260.6481425803988 188.08102856910898 220.26057985731214 135.68392138891485 271.86741020037687 109.78238938490678 217.85063811181482 0.0 215.6389530948163 113.84861076265351 142.7900482381283
32.81184426342702 32.136944022587656 30.96585283022064 39.51352911783607 68.55389986650462 34.034602133791765 73.48629977911571 55.11884427751765 44.50229849930203 56.94499431524089 36.23407473923292 64.9147064321929 26.73282633168995 52.305067188212135 18.55524607692402 54.43782790206201 0.0 54.484139007412296 1.9768048266507208 39.95583353214637 0.3361660934982069 25.2198126143778 9.33327350070607 10.57734088953859 25.36777534987938 0.0 32.81184426342702 32.136944022587656
151.46649598491587 110.76838485721281 194.31680361615258 74.38815568849793 253.62196945063104 92.6387341118395 209.96243118972077 130.6865513171992 190.78446821952528 155.53149246156033 182.77632627361868 245.9521918587826 116.42226667426218 233.92800647227142 140.5708192662565 122.0345280544958 98.81086639127258 124.34071422746294 0.0 70.5248393284339 95.46345120431155 53.83334781627764 125.71729679099633 0.0 151.46649598491587 110.76838485721281
268.3954484353206 245.38928203051537 170.28361169290972 201.35064284283794 130.39891451949217 190.02367865934167 94.48256320112785 183.03922088024493 1.2887445017575772 204.84993659234834 0.0 135.25864263462125 52.62944706256211 87.45322845805305 1.7028599355224117 0.5145759673214911 99.78567658122783 37.220630350423164 132.52161552803813 18.557812372441404 176.35751466213068 0.0 207.02327475092588 35.8531126623419 249.6840768172796 61.83710710002909 165.40037967806558 109.21780451932399 256.00352902738723 159.67229148042622 268.3954484353206 245.38928203051537
40.682471285584725 94.7276619564691 53.85181932838107 61.196538071072425 35.32048416322901 53.92485696685026 0.0 20.603037022547923 49.95076305274914 27.065500890517868 57.795770681567305 0.0 80.17694120369309 3.201385062263242 104.90864937550712 4.294665522945458 86.05501382200252 44.29758878105805 115.95260120146325 50.842459699844184 127.18895502806974 76.78803931186464 97.20715009747427 82.42161231737946 82.51569402446154 96.42701233262274 63.99250716761381 91.67034987507644 40.682471285584725 94.7276619564691
53.54049397566848 15.160808764956371 105.73171315698845 34.66837353406953 73.26467058199653 67.02466411904444 36.72267581960848 50.93087249996894 9.590912499762766 60.671468208908095 0.0 34.194566023232156 2.34221664782325 9.401798934920492 27.211841413780178 5.914002857221021 44.468165282553386 0.0 53.54049397566848 15.160808764956371
140.79029598814037 169.27940779547276 115.6383014490031 195.0918431013717 106.04066245951987 154.4669582501325 60.63156016896582 157.25880308564774 26.91594165721294 122.24302041285688 0.0 60.41737532244555 46.42021408673013 14.590285499056037 102.55336120962562 0.0 154.85730724419733 9.490728932756383 177.53975684696803 61.62721381934613 192.95401494775766 90.64535877741176 233.4418962848055 122.15199792243473 219.8659101073776 165.91830088742302 180.94725110658473 185.19313110158862 140.79029598814037 169.27940779547276
204.8909652095686 176.0309410290816 118.3809037771995 140.03558492515117 0.0 171.46307875622924 65.7536304696979 73.43442876878562 137.89659168898913 0.0 205.27957031409102 76.75765233201983 204.8909652095686 176.0309410290816
0.0 86.91276819295032 73.8145739145461 27.90630453041723 163.2187483929731 41.44387470808259 174.84235863060988 19.869336696033578 198.9279154728925 4.081382773435536 234.16803941787836 0.0 255.89443730494693 27.361361871560206 314.9537965082509 55.498301846145026 338.7425534869197 121.58676652799052 246.96935720083718 124.91534509060925 228.10898375955455 176.20468159737783 185.115505678504 114.13510481426688 132.96078273678643 158.6422158968516 106.26205597164129 120.89186910303651 0.0 86.91276819295032
66.8138140388497 88.06736418746888 37.776195031503896 90.51934113752759 28.158934383031628 61.85553427454233 12.22796731712296 41.12663274941209 0.0 0.0 44.72394384211474 2.3267399971444007 71.86235173794438 1.2094837255962645 81.97453185910268 24.881415083160753 120.00414841287233 44.22854821380768 89.38004661179787 70.18643967242673 66.8138140388497 88.06736418746888
34.40358563621285 124.97576539305514 0.0 87.51050736319111 68.17839479493198 73.5115133494452 93.42263985005987 75.06544860893294 99.89057700446894 51.37392747530653 129.52545147644184 1.0594426174350104 179.96097721318614 0.0 156.18311025516556 69.95136854063503 206.38064561219022 86.1486247677816 186.07421142082757 119.84940612156396 207.93005623367867 178.76177654725726 149.10106702163625 181.65271450840984 109.65438547919933 192.3051401818897 86.20336810860954 151.920261947546 58.628252767512805 145.38921684986815 34.40358563621285 124.97576539305514
140.63735285174292 0.0 160.30166319833066 68.48696257050081 244.03876760988405 78.17591608795075 206.98316052450298 136.45650948420698 200.97006541153658 225.7295943710096 118.1057094345639 202.16715965366964 36.09160236586443 199.3196845905758 0.0 125.90116999787514 104.476359871809 90.15220910902822 85.18063537017838 25.526362475949725 140.63735285174292 0.0
91.61577680482806 218.44533539311237 0.0 84.59382526682965 142.01837266117562 0.0 230.20339005261542 131.90368519583262 91.61577680482806 218.44533539311237
198.99726285431262 8.491716097302984 259.54011219553183 101.51299643802564 219.56946928367486 227.56050104115482 74.49365029438786 237.11508591517907 0.0 106.86513404680247 87.54147463841164 0.0 198.99726285431262 8.491716097302984
0.0 51.507219438800746 13.768746063035167 28.693398452862667 31.235142488198093 0.0 59.72026366126711 19.486261917632447 91.20268354939307 25.613641574267263 117.84403623382681 58.60813837082554 91.59262961197831 90.13005937760005 58.73298805106255 94.40901192977043 33.82378034881722 88.95800337439647 0.262516714697 83.76058628588609 0.0 51.507219438800746
109.37450428599274 140.77690761671244 81.08401550520969 126.3399530239305 59.869551730890166 126.9642275868646 68.8434634704299 89.0079866527596 47.63154245489099 90.5203153989501 0.0 73.4613122258641 22.054391453280495 49.98189671632451 23.748937028380645 9.311938934904845 63.73575598818445 24.260350407098905 91.27587521308669 0.0 102.86474668704057 43.06665310263182 102.44691105755972 64.16913363698693 144.49481727639048 68.81361389683718 137.77921756014578 94.55267957453835 135.12933402187278 125.43962127879136 109.37450428599274 140.77690761671244
29.969869024837827 100.22159811439795 0.0 13.789631381122284 83.87629285532017 0.0 113.1782636349938 31.628243372231218 191.75098252815866 82.9578993676158 109.45894943306763 139.55194593977942 29.969869024837827 100.22159811439795
0.0 140.5639856185274 137.3677719150055 63.2911121452492 231.95226748748365 0.0 302.96436614688326 90.02953015392374 339.33148384574736 179.87673170342043 310.6985091671774 289.0892702979347 199.76548104448992 257.6492407585616 77.58378566275582 265.95217908699453 0.0 140.5639856185274
128.63231215969995 79.38592404038992 112.60392502281593 91.9776052086257 106.60780708577266 115.56490985222042 82.77359580199864 95.88956939812518 62.14084001717865 119.28832697258242 35.466540935805284 118.87350146547577 13.336713171954727 100.67820156989238 0.0 73.63749781657073 38.1109036930676 53.92586015276353 50.68379885559966 42.09097719759713 64.50399232137114 36.9730198969519 75.4585890112765 18.873340246936685 99.90508398427909 0.0 110.0969632811908 27.799143503572765 129.60549425312786 38.262819254402004 121.83149515224167 60.60294163054583 128.63231215969995 79.38592404038992
144.0762128464249 100.93473501470322 175.3719666016533 163.44819846616957 110.38624630373711 131.76415282994742 77.86526949137536 132.51288942913374 5.614906636725166 103.816998848357 0.0 0.0 106.9163884187089 24.11517101787969 166.02622430352335 46.283929115703906 144.0762128464249 100.93473501470322
288.07630228086407 158.46557840907178 332.70137263888637 231.66837470998533 257.70613492865954 256.9168046607426 198.06610109668526 241.5961562634693 175.31099318609796 182.65925590501547 98.10797071693037 260.0438066774125 87.67836874501442 205.92904279988338 0.0 160.92270945046732 110.01520899003967 128.31766430008093 134.41338647029275 105.13299638483892 136.40403391683884 0.0 207.5017645459332 10.528451474407007 279.36497348590376 26.15778495334459 229.8270653427987 135.23117174413198 288.07630228086407 158.46557840907178
68.55613207443076 84.42682169961567 48.1150414387436 84.60153035702966 33.430680483671125 74.3922362559476 19.001079124913858 65.99967023508937 0.0 50.142649185633715 38.982655961071785 41.74180807674534 28.79513820458213 20.258544271165178 45.11952457755538 19.563060537860295 63.83850388749492 0.0 71.68807495652628 23.833175207010754 89.87992685419219 32.751200123450005 83.19513083869863 50.847638354437606 49.935770882961876 46.4302418142952 68.55613207443076 84.42682169961567
35.34549040342645 0.0 55.363881516032635 25.63976628571625 35.15026770913963 53.206034153436434 0.0 47.169705690999464 6.228771210033798 13.78009934156924 35.34549040342645 0.0
95.58133801812231 0.0 204.87341206345934 147.73866318895222 0.0 188.4929746514152 30.609716011154973 56.84280733302336 95.58133801812231 0.0
30.44077988517715 63.82038033091218 0.0 49.27103424917507 3.4811714440345867 0.0 66.43206042064554 22.202538212609902 30.44077988517715 63.82038033091218
34.83444505392734 70.00052092251656 0.0 43.44185993456795 13.797987881922523 11.006698784816834 47.77886274542533 0.0 75.22370324039018 3.117624137747164 96.2730869355999 16.852303851521633 106.63112540068848 33.85420536088434 142.0848654337542 41.58677713945689 164.53408923449211 76.8757961307252 120.21750278511013 91.9213028788586 100.3842756684198 107.26907835180671 77.78257336149738 87.61851584002059 56.96247370417237 104.68765862355147 9.713908297271871 115.80615201672464 34.83444505392734 70.00052092251656
33.672567886827935 27.95042668912015 81.5184860799268 38.05750793326504 101.84570434730311 40.60211321766036 130.52253008132703 0.20151566379502128 170.39760457465496 0.0 156.68965121098418 54.65165682130328 239.2096160462602 66.46136996445529 192.4368462906182 105.74316686839013 154.39596468058068 119.8899537334423 168.3300896673136 191.26872673129895 110.99203217249003 116.73079781975295 83.87774363714179 161.44004941358853 52.9477221066671 153.06563157843217 101.19856700591396 87.85412174139002 0.0 98.42084843484636 38.661634021914026 66.16666777475488 33.672567886827935 27.95042668912015
197.3328114239116 12.950581154600599 141.24199217965085 122.65789208625542 78.53745133408978 148.99572034667875 0.0 88.41804431957293 69.15104105548107 0.0 197.3328114239116 12.950581154600599
78.75777301412464 74.34789205960524 45.648508617460166 49.70383658824178 34.35437434904999 68.89640761875376 0.0 81.90040635016462 3.258456260925101 49.77710184324736 9.237900903453806 30.043178611781308 17.3226285346053 13.311917245442451 38.132021223295794 21.743971896631244 52.42320865050975 0.0 72.62408884202006 7.580725335651003 83.24161891031989 27.982191847948947 70.49234442282435 46.192838972518395 78.75777301412464 74.34789205960524
129.99880174833632 122.25136130607572 86.96668187495389 100.0809434300578 58.354000338909685 91.79461936429985 0.0 84.35085026264073 53.399632450086635 42.18917953600161 46.806462808960916 6.3940979873401105 78.79335257490804 0.0 99.74440615464945 23.718265408478366 116.29798663508484 29.18312108170894 148.80699831688926 45.919999156229444 90.06106211000231 49.52286382980309 129.99880174833632 122.25136130607572
72.96326569200258 133.3397939464245 0.0 37.48332470003197 116.89883610967114 0.0 201.52008585878954 5.387226949796755 221.46586295246559 99.15793399762906 156.1172892520694 161.7226161442552 72.96326569200258 133.3397939464245
0.0 114.90087182019433 47.183894932727654 61.551113886264105 74.60642861821808 28.74873503692436 117.65201562453396 29.706028954275425 158.5681069735589 0.0 166.42709446170193 57.66695711285975 235.48608381509337 57.82832012777722 188.71671236017667 100.76351900548305 180.82271064114485 124.87294529162905 182.14651646994616 178.1670726152961 136.15208915389653 150.95052856481038 80.31110558674722 203.19636462614824 50.623506713002 156.69393084843387 0.0 114.90087182019433
8.940969213536576 58.25099472482443 0.16750945621285496 48.04704060166818 0.0 33.48181752684312 24.747676184223735 34.767621188121176 20.99154575972274 19.378605264674654 30.11269523266951 0.0 44.161308695510556 9.818967279335588 56.26844940573204 18.39948233349468 77.02370995678565 27.587513146686838 64.54040043013224 45.84022020893321 68.70125052160564 67.35149837374408 47.062494554249426 69.23011234493521 32.030534773572626 55.05458908910618 17.795717467052526 70.3229170215267 8.940969213536576 58.25099472482443
