100
13.02829833077331 121.32655993175108 80.78891916591823 106.9107532241954 123.50770498984956 0.0 214.25199522697216 51.66459542638259 290.70954922919174 156.03384130585815 102.42190803031454 134.49374918430132 84.7384001839276 255.92231963431007 0.0 211.79848348751105 13.02829833077331 121.32655993175108
0.0 0.0 80.17780896832794 13.510424504055358 128.8714937472007 1.2632038677483308 183.78786695794474 42.01704683250805 238.19923393411773 164.78996711948338 101.05231931215236 125.0396503289511 26.013165177518545 146.39666896416196 17.545813029884187 74.44290407183996 0.0 0.0
0.0 29.931122624115616 43.27631376788197 27.6817787510644 53.64144472710535 0.0 74.34555886975708 24.586983046872703 69.58725289071383 52.95384776216706 117.73065799383933 35.715551655323694 130.35121680702298 61.529776010767435 115.65644726017354 86.37593309896295 84.10510024244505 83.6467525466974 69.56609783501331 94.13617125683191 54.942836548714965 81.09592674248705 8.643676793433968 96.91234918691345 16.037483976957134 61.26823607625212 0.0 29.931122624115616
39.42517010677952 83.37682125889522 90.68187189711266 78.59742104319031 88.85435698287287 0.0 138.50128273504646 23.24961231017197 150.8877940643174 70.63475678795308 168.76088781232397 90.98236783170478 235.83419966824425 142.34208396544773 140.42350500454927 131.66205771064705 143.11389645254107 214.09888585517177 96.55939501666886 169.2391933506542 0.0 221.89720446584386 23.73647160269323 127.61798719781926 39.42517010677952 83.37682125889522
0.0 31.289622091037643 19.907865469671393 20.59119471158739 13.882069600565842 9.997536592593093 22.988528895054316 5.885241118448491 31.367106127085336 7.10630869373756 40.20368912100868 0.0 52.34143080668002 0.28475042683201934 33.3168257656599 23.2852754766065 66.08583158838826 22.434178229205216 50.45329406235609 30.572814490501926 43.52790976969021 34.53106445990687 38.9786092461822 39.58268268349023 31.482791116638893 44.596505402526375 25.9090521087588 36.48212361762212 17.45451763350391 35.09888058373991 0.0 31.289622091037643
25.716733834396464 73.98047604719534 94.44308466243498 42.61910860245037 151.4896162187141 0.0 228.41442247529255 25.45220807120188 275.5632862713166 94.12665535479186 251.5090125405159 170.63114189162212 200.31317957175008 214.3181907136302 142.20210804640402 202.9381602165186 75.52573831974479 212.29527925218264 0.0 162.41488020667236 25.716733834396464 73.98047604719534
189.6316569349376 213.84478571551168 151.9910096325009 256.53503960675823 94.08706703010387 262.5114763603186 73.78023659147038 197.20906883327552 34.473599939458495 179.34236835043293 57.10874103899347 132.49907016976732 16.787367676996197 84.33763592267562 0.0 0.0 99.00573202940484 50.68039681698055 131.67720136242582 45.38781983281285 161.8121458803218 63.33108362688736 193.3633701228724 74.79612442769977 290.03241589962084 81.64117775119239 213.5876837925947 138.4425299457 196.61890829567952 168.70394312835353 189.6316569349376 213.84478571551168
157.71612348764629 20.306487184594445 116.76316390631304 118.40885998978523 0.0 106.06226443189247 6.688524505401887 0.0 75.49296946043545 19.923625613584605 157.71612348764629 20.306487184594445
0.0 88.33693408911958 38.655649837951586 60.267949378360385 75.32402536159978 38.28379828515487 124.29113601394964 0.0 164.63877151437637 45.55795990971234 223.6831737640984 72.10958011462165 110.96659518680087 124.02387250918942 109.37047021326045 130.98597088232322 128.87433270439752 180.5036184351633 96.81580036144098 155.93940879050717 52.13721241094578 206.2052904455628 74.0941989007791 137.4694763127115 17.393835523345814 133.2948771223118 0.0 88.33693408911958
57.33423682319989 9.370556533787962 71.83862287782783 39.54712981071032 33.434180066100254 62.28172229328206 0.0 32.43417950884836 22.670973479559805 0.0 43.925969433875835 4.458652319900764 57.33423682319989 9.370556533787962
17.68754325085993 67.31210018027889 21.328003326729146 37.51279853340655 0.0 11.394044141567775 31.516024818507447 8.345747280790192 57.95789064437446 0.0 83.27090415384406 22.04807834834746 85.15789112383885 60.3333944062029 45.59079389050285 59.36500666778707 17.68754325085993 67.31210018027889
125.04306207861833 171.08060960710262 64.44352926509634 190.83623502609643 95.47636673074021 136.51979996826645 0.0 24.93358710576034 115.09453664115486 9.28744126977189 224.40742660769763 0.0 340.25456136675666 73.6845914914432 189.29485682866772 160.68570721202664 191.98621260021443 254.55322044020565 125.04306207861833 171.08060960710262
65.1561400095518 30.265090283330778 57.83851372959914 56.69810481665559 32.172214904242225 62.01570171865279 0.0 57.01457121801943 12.527304139227994 26.6772090573958 22.565810044994365 0.0 44.98453984410827 17.349126556830896 65.1561400095518 30.265090283330778
266.1256040711189 141.68523887206078 368.70293962756614 211.81345578348024 253.20771165953778 228.59420660177693 256.9949335543488 359.09236591848173 163.19772610011432 295.95197068356003 86.29163594036055 299.42309902128386 0.0 255.76519962179054 66.06236942418874 164.00773944586115 89.40118989114558 116.98015703297978 126.6305778903021 91.67624248082637 167.31081511237505 85.55096660838358 239.5089814822718 0.0 349.99770479472323 7.931414555054545 266.1256040711189 141.68523887206078
104.20184132483328 103.51821758661372 0.0 22.03685639394392 75.01590513490906 0.0 138.33184825013126 37.61583561562209 180.90458597129697 2.468539806261461 208.933641723832 41.55293236015825 262.08788245323257 61.07601897777273 244.98414448675646 111.49381381875851 263.42453457510226 169.93941753089308 197.69649134248704 175.43332407146636 157.659268809575 150.50675816600508 123.02512166054791 196.6282964770146 102.74623424477855 160.1137037869961 6.047009955006189 163.21846140949674 104.20184132483328 103.51821758661372
47.74531667113234 117.14291777706323 0.0 81.6262187219214 19.09728663345677 27.674139587640326 57.63941488519869 0.0 97.33681219809678 13.871964573242124 84.89660389950534 51.65070139126358 174.06440171301483 99.09036093678809 85.59513591205041 80.52082631247802 47.74531667113234 117.14291777706323
89.79111327470285 100.94791151452205 62.890940421232585 119.40408775850216 22.798600623487594 106.91082998841622 0.0 61.26341826079501 37.69802789119956 32.046935084769665 75.25114549091383 0.0 100.51040507454624 45.54831012375416 122.1484404737646 78.694976331475 89.79111327470285 100.94791151452205
0.0 179.7139913272435 27.576758928512135 15.205307254148352 149.2140847310946 0.0 195.48721985500424 162.98926005194366 0.0 179.7139913272435
79.50281135023026 102.60706490165397 0.0 74.08775282391534 53.1034281548957 21.213238748005608 110.69391664915986 0.0 160.76295725179148 33.12293373767532 206.2967138161532 87.09516163484165 145.50782594624764 130.8234507840727 99.07676414778113 139.90930068612636 79.50281135023026 102.60706490165397
179.64445876189436 147.84871205018254 137.6675888357131 158.05899572284045 102.3213884741425 141.78518236443898 77.72005787613529 158.52580944298148 65.32148352655864 132.7569260061424 0.0 144.85898614406398 52.00189289146749 98.06762976332135 9.555194444273809 65.03193286173759 37.976277977024836 39.289827146487525 68.69337895366766 29.262717657796742 98.34594178937431 25.8182252832962 142.98448986686918 0.0 115.50221787308838 77.72127671104111 198.2850193341145 66.54873539917129 120.3779290812558 98.84549859355643 179.64445876189436 147.84871205018254
168.03936637786967 127.17341922960594 75.83690415153414 144.5150871737706 23.013319082323335 126.13533589412577 0.0 27.10577187492146 124.98865075049619 0.0 168.03936637786967 127.17341922960594
66.31440217065438 52.58327078873026 35.740603485161245 33.22539900023608 33.81474383599489 49.837697875723165 25.364058272874175 46.603193183335904 15.729887667381021 41.8241357855715 10.375630617590318 30.542834458998016 0.0 9.463082102645302 17.69163050705191 0.0 36.29454915851173 3.6619938026953065 49.238827572153966 10.484722747321229 49.98150344585571 23.906260587088553 51.87128043668706 32.42843484721138 66.31440217065438 52.58327078873026
0.0 26.738280562041638 18.964179109253053 14.37283287349635 28.39286229939289 0.0 42.81450931211877 9.279815901900164 51.13238589974024 20.020287697637343 52.607595066211104 33.6144911747821 34.42793511188273 29.46597439441969 28.50752728532072 44.3575929771647 21.57137093911706 34.62358306985121 0.0 26.738280562041638
141.50899686124086 149.10992937230623 101.46749977168267 172.94043919438917 56.12438625941198 154.10259143695123 43.024586946591626 108.24408583999667 0.0 50.78781166723967 52.131152235857485 10.598704454046455 106.56404440465637 0.0 158.86523463857844 1.6411722358240013 184.61471357474488 49.87734351225113 212.09178881432302 93.63827600790852 201.9191680070995 148.39148100795245 141.50899686124086 149.10992937230623
9.670454558197122 61.58165566940339 78.01678070307474 56.80514496973353 124.51107781625836 112.89095379480364 192.60705012934346 0.0 207.52123574822474 77.56680768451149 240.84218354946887 119.1372506898454 304.2394797277913 188.8982226817851 210.59384155507888 214.81497686746067 172.2970052784756 247.28974375123332 124.27181689362973 255.47615462413506 84.8325739665047 233.23650612084262 67.33050295991927 196.52965334203046 7.741878011317397 179.75987113454673 0.0 126.16621295738808 9.670454558197122 61.58165566940339
0.0 82.66345715291511 102.28411671509629 41.709630329441424 174.4071199423291 0.0 245.10381994208547 70.85322053117471 302.56799372635294 216.3811750719296 146.13544784282647 225.47322405963996 78.99088883530987 157.4834181833025 0.0 82.66345715291511
97.11115040423505 78.87890726242973 102.83156866002756 105.598933039028 88.11759465571332 124.45966419142748 52.002337576926436 146.0795557767762 48.06137463860969 112.50356344878612 50.29464049727494 88.88591537385165 38.59775772256086 67.76808850159118 0.0 15.35139654193852 60.56477791852308 26.47358076528856 87.6334526741029 32.597918062451825 113.01103054770557 0.0 129.22114965523687 29.540216124706674 136.9175384573045 51.6722730395647 170.0788626890769 62.972943750981074 144.34340355811614 87.62716831918813 115.04611868552699 90.43764531797562 97.11115040423505 78.87890726242973
0.0 65.70412238860082 127.84856636065987 0.0 239.98723016061865 57.700457584684195 206.21229370410435 173.87989176893606 65.69224256451176 218.63627239641298 0.0 65.70412238860082
0.0 39.00696227160951 25.025842729386326 18.860994701845982 41.46285371954225 15.287238952053187 51.710844367864155 6.302221059784912 72.6464700012795 0.0 74.4826804715199 21.595513088850964 51.799372281856066 31.770500565050284 87.05555575981275 63.54812294650863 60.3932558196592 61.98900710313849 47.12919237168617 46.04657825503466 13.471068716117621 64.1355683176662 0.0 39.00696227160951
2.1564493427901823 16.353444647939398 18.270268942882268 12.408251438940908 29.674733761427888 0.0 54.59124679643105 7.656511195351769 52.8544705270846 39.934130646723204 24.319487217554297 42.77635533594301 0.0 40.26898481430774 2.1564493427901823 16.353444647939398
193.1500482347315 91.33644445937448 163.43287596002304 140.06698408235553 118.51899334981081 165.45371275615815 94.31246071893904 117.67100772149384 31.550201996097456 103.25380498374321 0.0 0.0 112.34779613471797 77.94007778153372 188.34125502481157 13.206168162487742 193.1500482347315 91.33644445937448
71.87613797789083 41.73893039172274 44.624317003985645 65.74141037649514 0.0 62.99496262609399 23.778250161023685 0.0 71.87613797789083 41.73893039172274
59.15840958896372 0.0 96.00194902734 16.050067067216617 146.51718064632263 8.204178734907536 153.75963062132695 55.4560358819761 134.67915284088156 91.85552598988261 105.5592931674921 114.9585992262881 76.25963316425802 97.19378117158777 28.415083957751683 108.04085443147676 24.38014578934311 65.83983108510597 0.0 10.720334290153083 59.15840958896372 0.0
143.81117562318428 68.6656005961711 106.07442515506737 87.43949534764077 66.66316126117178 136.22160243099037 0.0 99.71201068987665 31.60059860245393 33.089042210376405 79.24885044849572 0.0 140.7917778452446 8.05871814411254 143.81117562318428 68.6656005961711
118.73784738732712 182.2591771467693 118.89221494682275 147.54142344164524 0.0 67.8918424932558 109.9728338725657 50.8283404664264 164.6546779202978 0.0 196.4652905801635 90.49261565652787 312.29856896872616 72.34158486475059 254.8831168740444 152.195593582852 240.22649549231613 201.66309635423326 207.29411298148975 261.4486776064697 153.47132561345774 190.93740579536902 118.73784738732712 182.2591771467693
136.59374295439122 9.030103368218192 170.97444446464362 17.116013689728007 173.03115446271397 51.682142568809915 147.1132017142843 72.07631417062137 126.53113676419319 76.92067495884353 113.23750236534964 81.19687480622017 94.82627539322415 86.9406252570023 0.0 120.58325721405498 52.026887511266985 55.11364737802844 10.437961748015141 0.0 81.40799211434955 2.121188964727118 111.51274925336777 4.4142570442921425 136.59374295439122 9.030103368218192
229.22214329320352 138.3312894549393 148.1333280167648 184.95205257667172 83.83230335776494 165.9271692192539 0.0 127.39085452423706 45.79495752614436 38.86736509348641 121.37337957370896 0.0 155.5193208523854 78.75402852292939 229.22214329320352 138.3312894549393
23.991553752426142 0.0 39.71537260799393 11.00463176960767 48.013657663869836 18.291123570256474 67.17489566160198 19.71252993565001 56.646115453776886 35.835429914218025 40.78784840852684 38.030157390180406 40.445637862368045 42.908081130074294 36.172838219372295 47.96741943593592 26.95970210352766 53.32163126486773 24.720884883140684 43.155457302362336 0.0 41.469835827881795 27.565044549846505 32.417550922167464 13.44751459505568 13.668888253996116 23.991553752426142 0.0
0.0 78.83853924797893 92.35323548646502 77.39659706106976 83.67944508426189 38.98351617689422 113.69801541216992 22.186849931651196 182.60203151856126 0.0 190.75658632161372 61.02612350175983 177.58616120041182 109.58090855900444 150.75590735166662 143.73801306505305 110.25802468839085 156.53770932996025 65.1180656159963 157.23383781300504 55.20195459233341 112.13277400799367 0.0 78.83853924797893
90.85188028026171 14.824082039149445 129.804977518974 0.0 180.30762730606602 6.163779233482941 220.32957190034602 42.52972138140898 152.14892816759965 91.9133502297596 148.41875119383542 117.36292983287208 112.1320549945783 114.35790604528003 110.36789239436209 143.36294893075345 87.6715534283713 194.67649013569306 64.87913774619217 147.09946399770448 34.26966834132608 144.30030005501328 0.0 124.32020112930627 58.7966552925501 89.80095820554607 6.352730160560412 54.24947433597255 21.416228553309566 22.672995249256942 76.8828803917865 59.570150281662364 90.85188028026171 14.824082039149445
173.4054836974637 131.43642369039333 98.45803332691484 92.60440222298294 80.73301505325183 145.3727415669835 89.3201279938503 90.26016223652609 0.0 94.94906845829593 67.97569990083744 69.91467783652936 54.17810382047918 0.0 101.85674053971515 45.76621686534047 137.5300925908285 46.00842727395323 155.51523474859732 79.93757312161895 173.4054836974637 131.43642369039333
0.0 39.03098230177592 22.922925369942753 30.606002109779126 31.06286401495202 15.70526745424388 46.86099887241854 13.43490609358878 60.912632121623226 19.229763554999934 99.0239494772755 0.0 97.39641543038294 30.754352712514347 119.37563062404303 51.609050661146384 89.76507846243038 68.67998318963765 60.99846715376625 63.50203731903285 59.94578701110482 81.82945648719074 46.35339293268991 80.75285179692365 33.7304587822098 78.1411540977776 19.942803377258777 71.79082390869355 5.261080633913771 59.12527785694084 0.0 39.03098230177592
121.47639108234623 0.0 168.61511339395804 52.9413250451138 229.15222145122354 71.74634184330273 224.05612793625798 136.57839059741187 179.99444315768224 202.247970330808 104.09636909707166 168.12144944617492 0.0 138.84301051564015 16.249338598606954 24.27218122578462 121.47639108234623 0.0
57.80878858818046 2.5153318955096466 62.27251366137749 21.2643271822147 88.0195863197385 31.153888403276298 75.10296949881725 50.692150667912415 69.45744862194229 71.95063060497465 49.73823275282206 84.98075475975482 34.77788435830726 52.8948008352145 14.965692737877447 62.1020110968424 13.633940909327094 45.41529592526595 0.0 31.074693777579313 21.29632508899823 23.141503715185124 25.47529629393057 8.800615481237159 39.552481392068984 0.0 57.80878858818046 2.5153318955096466
83.07851291459714 159.63724641559352 81.38569127149711 114.45999572356826 52.72580781390022 110.50487988844749 34.41798004050912 88.16672598221419 0.0 42.631662112707936 47.809254778190706 24.467059284795738 81.42644100396886 19.233780178772122 112.14415524684908 7.5491823092450545 128.00175175412113 45.67746078203025 224.9441570242078 0.0 214.96023534721053 64.99431855470864 184.85367807771604 103.48214701489104 132.56357403492905 106.48585124833278 150.90106949673856 163.53887521596673 114.4116498092259 171.3887544262469 83.07851291459714 159.63724641559352
136.46064555417428 119.13090528746864 32.979611130022725 134.7575401595695 0.0 0.0 130.60812604749458 29.5084401672216 136.46064555417428 119.13090528746864
281.21175360397353 101.53299367063653 293.37757638200907 155.99956017887592 245.38240371632656 185.95704759161157 258.0029396502455 280.09590721146844 187.67390040384527 170.00861408676244 134.88201641342977 242.32174294677912 87.8418440055047 207.3771883658533 0.0 148.68225317012042 164.69108613980626 137.17985274194547 109.92101425650759 12.433197791999618 191.6347592100949 0.0 266.62302354861635 26.020128454748473 281.21175360397353 101.53299367063653
21.492403858623646 94.6188677708493 20.926841158412287 65.87789365968617 0.0 0.0 59.119283192174635 9.681229732726123 108.32645750142146 6.485978616811138 116.39211133537827 57.83375332221193 113.2339131704026 90.83560346044653 89.24817382081255 108.8252437571374 65.24966347145232 110.18900658216737 41.30774704957804 112.62467389940946 21.492403858623646 94.6188677708493
0.0 63.829574108771666 16.410056839267412 27.3657704612721 48.635132586109165 0.0 89.98392521559273 12.722943591692172 134.08778046053985 24.264233036723873 117.86413888847116 73.29696354433223 79.84795034455058 84.97115242867766 68.05868153529549 81.60990905139856 64.130150476479 97.65412096488788 46.238853065127486 101.38721923163551 27.246264146315042 91.09219576550991 0.0 63.829574108771666
73.97750894680932 67.5923208592682 43.63978983368514 62.217060301119375 20.563239859225973 72.21707433212279 16.26352677210035 46.177884584519845 0.0 23.37505941232044 25.817337456840974 11.931450606362034 48.70887262425481 0.0 65.56366125645117 18.559384529978757 88.1365873504029 39.620092383856246 73.97750894680932 67.5923208592682
64.38051307503206 115.77113906250949 46.3117608997013 99.99950563864925 1.4238639599493013 111.792555159687 15.649845916614709 72.05376556063814 0.0 44.044235034234966 37.525416289808774 35.94271229717669 47.51053200782529 17.205811200497614 68.28972209943706 10.801653716961567 98.05905057363371 0.0 122.76037236617059 17.269712796240405 101.66382962994398 53.44292185862616 112.97453290489518 73.08324143295008 98.40131748216744 88.89343898132006 90.4681593791236 115.58899557635405 64.38051307503206 115.77113906250949
50.553334372378814 151.09394394685467 0.0 113.00580482516354 56.991885207767794 72.83717286578766 81.46569127391034 42.14630638978177 119.49141379051677 0.0 171.06248023147202 21.10133169259052 170.74891756751697 77.0004284725199 182.58485159543693 106.68417246778054 205.86161954725617 154.13247151475235 151.873776407638 160.38217746364134 120.95293266298309 189.04524102099256 80.35380074259493 180.43929780448445 50.553334372378814 151.09394394685467
0.0 0.0 66.21137103460956 7.874839988222156 98.99000725663267 2.4584591867472625 144.87986311364045 16.63326160093765 138.79218738576338 64.7793233335247 129.6683392595038 115.06215354964868 79.75821451148757 81.7225671300867 42.58071728873378 93.48600677527784 62.529031968592676 54.468171716178 0.0 0.0
96.60207071630569 0.0 109.12088544736393 25.836217787324273 119.48182021553052 43.37662894370021 133.14919072883086 64.2757356633397 122.6183996676054 86.41849361907437 107.22159321042841 107.85800752146095 80.76356152633171 89.85628285909691 63.8891391934074 88.29496119303134 40.27443354768778 84.24073621081395 22.877544846826737 63.68255210654165 0.0 24.43073954033285 48.73013213663043 18.349402439215936 70.57099043750345 10.562412740220154 96.60207071630569 0.0
98.51583908870094 79.75015091219845 125.23883581084606 0.0 171.50370502312938 56.62765158050087 221.78239263895534 55.73874594919191 196.45735399767543 125.04742838060362 301.7581222726226 140.28024418778244 218.65415708976013 180.7352466348107 182.26573941161325 191.90250717681965 194.4200187286666 260.65908962443746 150.35781559898084 255.15524742287107 106.53390333491936 278.7257040092825 104.49622313741915 201.27631598711218 0.0 232.0971780045192 43.39744606268732 166.18504587781604 1.1745706338516868 117.49564399441154 55.311762694850444 89.6668559359564 98.51583908870094 79.75015091219845
67.39210167438648 212.74716010538918 0.0 72.82407086356872 99.57656131983464 0.0 241.9982294751914 10.6517598578002 239.30361839719575 179.56391360053306 67.39210167438648 212.74716010538918
77.272611451437 133.77749658620695 0.8166205796944439 157.56934748401227 33.40774053314678 103.99021485126325 0.0 57.02329025313721 32.63067429119485 15.185702820704236 79.63007507458641 0.8089666645349638 129.39530126971084 0.0 190.31303869348534 4.353034287574957 183.0356633321403 72.26503031897256 199.7923315796183 119.46504516996158 177.81521229193447 162.52228420875264 130.29684886900282 170.56065103184835 93.36103161206738 189.4093579036455 77.272611451437 133.77749658620695
230.04248028952918 0.0 221.3621695130508 89.32432405467395 171.1262328627807 137.49588030264124 312.12908475100335 150.85557323488186 207.28474393284787 162.22379055260495 202.38166554503084 189.34247821260632 187.84320671976596 235.75818402527648 144.29320746321542 244.17018370593212 124.07043282322337 198.01149211537134 58.72520192233782 200.61289345869102 0.0 157.35653551306422 108.7174369727012 121.05794047692079 109.67307104582994 87.68195283756756 144.63860008159816 88.7068408004829 166.43223804656458 89.2760586589226 230.04248028952918 0.0
183.4717563831666 92.948794034813 208.0481765803655 123.0302040323496 179.79011567089236 137.04451134923966 189.25142578905533 222.99192613264597 133.61987166012943 161.65548692429883 114.63057185433802 136.14721390161202 104.13603359771047 120.51637367281393 66.86344433906362 118.67124002065384 0.0 90.74160441769631 75.20920097378247 69.02445515629358 67.9907198375173 29.038080400472793 108.67491826892648 36.408984024317455 132.68830966969733 42.771047437139394 172.00457547209106 0.0 194.96005510074707 30.415868813980893 249.55076496033047 46.28882799522149 183.4717563831666 92.948794034813
93.89649305907531 12.669780924990874 90.06269876884264 61.77520965960993 47.12592485853375 71.32568246275957 18.48752869348604 50.3014522755127 0.0 0.0 50.88888487525267 20.469053736144446 93.89649305907531 12.669780924990874
299.9308585105106 55.004351748116775 299.1330068470731 122.25429170455887 337.26010394173227 174.9822039286541 309.1571408330952 225.2543514812639 263.6356243944306 253.32104729726908 208.58865944249126 237.37315891680532 168.16945641294498 281.7718192390147 127.72875579777121 254.14489725321093 61.114201976055114 244.86620231612105 0.0 189.4404490217529 69.53614879508444 125.74388707999647 128.47097507590172 107.34950843473094 115.07529585134137 0.0 185.96836232826027 3.318336974772137 239.20177518470405 39.91670431351622 299.9308585105106 55.004351748116775
111.2310134386063 98.3741028423075 94.49376078542852 109.81347790275534 74.949422751842 107.33560029236862 59.608229172046535 97.15094930434724 50.75539964996047 81.45018198243436 0.0 74.63487732551987 38.45309697328724 49.61699501137171 56.24760426640147 39.80579707081755 69.29696753293986 33.764409867609714 80.18048247580556 0.0 101.24901315902903 15.800164339401157 128.29122394957358 17.78799890949989 166.41893097497592 32.70515847328376 144.70777626476314 67.87550660707313 89.7062949737972 65.14992744225333 111.2310134386063 98.3741028423075
170.20762813124338 33.25291938294417 201.40808674297725 54.942806377207624 304.4210505788179 48.3262211732872 217.1904250547753 115.51654650734825 248.26982260194558 171.82503034939282 197.92813751167304 184.98632339859432 158.40930829770826 221.33111104823973 100.39025660228089 226.1955136400955 71.19242334341308 173.5967217919163 0.0 137.4339015061572 104.66798282153408 95.16476792142915 63.02201965954998 16.970717978085048 122.47217444668041 0.0 170.20762813124338 33.25291938294417
46.88766057656122 32.47539119355743 143.85262543359633 0.0 238.08682142714375 83.05014659131615 152.7218771897553 199.9456777122533 0.0 166.83892598497897 46.88766057656122 32.47539119355743
103.85994933932659 83.09516220225531 109.86433327915464 0.0 156.7205235230009 90.10273702815967 237.2156899478776 60.22677413990806 250.61616992686632 129.22828082833593 190.71480962787274 162.48431452121423 144.4559306548639 247.47150205376664 58.263574989908875 211.55103004833296 0.0 129.45950249171761 103.85994933932659 83.09516220225531
242.74801288778215 147.63964096418258 110.01287787239116 177.88897856321196 0.0 136.63212080605834 45.78125218240584 0.0 178.7698333149836 24.47185616149298 242.74801288778215 147.63964096418258
89.88988695366147 51.522706112339534 48.90899761558076 46.635837533738496 28.16768127379784 64.66322497169284 8.201068518409514 48.224751185872606 0.0 25.26017436008152 16.27451281109512 7.921925291800491 34.624776728762185 11.020123456001755 44.10162344042777 0.0 60.45676916857583 3.64455614429599 73.35354178283235 19.309152354050283 89.88988695366147 51.522706112339534
84.87386130980516 99.7361695293723 87.36262926453696 84.82028535622554 0.0 0.0 92.78699999680528 37.069698626378745 137.42255132557784 6.920465145630814 158.04703695398206 51.20062215223135 236.4443010850942 93.25842017444772 146.78215396927038 117.80886315858591 139.51748148422593 194.9908532048688 65.41772650907276 193.7658035511201 84.87386130980516 99.7361695293723
0.0 34.59141811652141 8.60805716405271 21.920063395950436 1.1853103483291676 0.0 21.125082890238446 7.788592485054295 26.83210571839217 18.668666705124124 65.64301182997296 7.462587668254258 60.5982217052058 33.57249433175478 46.29917451168653 51.999088267184845 24.948022226104584 49.22307687038176 6.646452868981285 51.509600949315455 0.0 34.59141811652141
221.15792249525578 100.84989180408645 175.30132113872446 151.06383031039326 136.435717623989 175.27686637361364 100.09031694899798 152.41379506033547 11.102141952979736 193.6627894047922 0.0 120.24123757471985 50.23739705719055 72.97662407810861 64.47178341612047 0.0 115.93440245735216 86.2756632539173 182.51717915732922 50.960861655991174 221.15792249525578 100.84989180408645
151.79451976149502 4.013445850739231 180.98569286664736 79.1861400191692 157.07982495655207 144.490571145028 93.18557082559616 171.8613159864417 19.909288254145963 141.86802180186197 0.0 58.03276565594565 69.48549788244159 0.0 151.79451976149502 4.013445850739231
76.5195592926599 49.32954428428013 0.0 64.19837589756054 44.51307395490127 0.0 89.5943928381848 0.7728002679438788 101.64016441656872 35.73542865537651 76.5195592926599 49.32954428428013
0.0 24.34637593815752 76.51872645161373 0.0 147.36282693688668 26.425455051836963 106.45813508232223 106.6986571492252 225.22340132740706 177.4709827238544 135.010228126349 213.69078665925767 66.70661253098875 185.12575051440467 49.68829230700808 137.8430222587715 24.300299813121114 106.65476286812216 0.0 24.34637593815752
170.3747951463866 14.76151204200702 255.92767536070195 0.0 270.637998662546 69.5232238383385 225.7615699607778 123.87070760471734 173.92097592350507 134.45420141269676 130.2758067758801 140.79013013900948 101.6823369782316 111.81448925705836 0.0 100.919705740466 103.5135305598927 50.696782649704716 100.78399682490901 9.001640865230641 139.25373984400244 5.833795883026156 170.3747951463866 14.76151204200702
50.102054076073 47.20139556086443 38.5399639290424 41.696455876588374 24.05089989825467 38.94661514470924 0.0 23.94840668054931 23.039429131907426 8.542946632651962 39.205760236287375 6.843303414039752 54.880887902968084 0.0 65.1238047386403 12.945881783819232 86.54088967346956 29.035958852890147 61.40466963105915 39.600610820817124 50.102054076073 47.20139556086443
0.0 49.04483743006131 0.2823774936001442 28.004484986927054 0.38114011536677594 0.0 38.5977692863131 28.035878889024545 49.132735927652384 2.0232361924615745 69.51702594085944 5.994988919574126 69.3044295567934 27.960391592846804 74.5930823841939 42.35092262579603 84.45683310166655 64.82102447589648 70.55766125092501 84.4284868413755 43.77679360050086 55.24384691589255 31.717382703616984 65.78384339690435 18.147858477852346 61.12336673401097 0.0 49.04483743006131
0.0 58.28283002285782 58.83411580134381 48.06397931438101 95.75516089435968 65.7726091671487 105.52395056606865 50.49550696750102 140.75638301470804 0.0 177.93984749435992 15.896259083976247 213.50901258401638 48.70022845213456 178.16127392277264 92.06184189872766 233.5592021224065 150.95045415354429 187.12690556641803 186.21297400773585 123.48914566984129 146.664759145051 100.52617584375095 127.59440045042463 49.59611279817403 172.27012477617296 64.09122257744181 114.3256972617019 9.4896138810239 101.80355526366408 0.0 58.28283002285782
48.035781148863364 52.34247331761388 39.15806302533082 69.87041784253807 28.048495248463524 61.70302921744843 32.61467942425587 41.22493008126716 0.0 47.34930446763694 5.5400461986107885 30.602722369679 13.397576653505936 19.65254431930967 17.86932240964724 5.5794478509450585 30.774554398478855 0.0 43.1086921164803 12.136062190861722 50.40212405053269 15.825122645946095 55.60614291991075 20.914931968238946 68.20551652855727 24.03117165498975 83.64601361484262 35.67697969118966 62.20251219443415 43.69341745626798 63.829280842816814 59.58925610512786 48.035781148863364 52.34247331761388
45.88835261798559 227.56157558260088 24.168486525155572 167.73498187103732 87.32165684004983 123.99941722080594 0.0 48.2648032443424 52.36506608130682 0.0 116.97482984040919 49.44254421598971 205.1866309407101 14.622154820561391 288.4672048251604 82.11527480079803 156.69170241187823 144.92697967478648 137.961956761102 174.78591728464792 106.16315812000387 191.60383755175678 45.88835261798559 227.56157558260088
130.92130003049044 32.19391931981727 217.55521790951553 51.54700006242831 138.72361734111539 124.29944647823952 130.18206713227224 159.33606442072045 95.71560300195355 204.6267976413095 58.737649074705985 158.69813716836387 0.0 131.6067720949929 31.24491748805403 76.137035819072 56.76648620890734 0.0 130.92130003049044 32.19391931981727
108.36550448290782 133.14428037331385 48.19185184909347 147.65615336002836 29.626735857698236 99.40487102748233 0.0 42.99674914217505 88.63763867894221 37.456442465593454 102.64388709814276 3.6001523849522385 140.05324205943253 0.0 181.55643668289417 6.638570988792914 205.2919391659581 46.45953633780891 194.5728420881945 87.57668876775543 195.88290110706748 141.97110769734488 155.35657637838506 187.59629192951806 108.36550448290782 133.14428037331385
113.42654045486526 137.56642048953455 88.64579809986812 123.65795906060126 45.611839532271745 158.1051225988413 9.130940719846222 138.94935642713074 49.49132298373942 84.70755285558754 0.0 55.351242389133205 14.086730369531125 19.47607817972346 66.96945220922962 30.932012371342758 85.92423196633253 0.0 112.37138463429466 14.357586639533473 141.24556074654322 19.984273833524448 132.54226189948187 56.396241978346836 166.6880360496101 75.22992539363784 149.67618834902677 99.56274476942272 163.79104475147574 149.81895861569578 113.42654045486526 137.56642048953455
38.90325416603659 162.15374857096432 40.354946698791224 110.95408039174276 0.0 39.55703524638109 59.41550329027356 3.2682055632365064 133.40231282736204 81.65876108356977 174.87184157167798 10.750537101285374 265.5170191275005 0.0 282.5177016764303 78.57117223127074 252.30252690714227 139.0837022320322 239.04587095565276 201.167895373426 162.88648079385888 180.7653426249935 113.47012714307934 280.281274398769 126.82083017989335 127.31631648416464 38.90325416603659 162.15374857096432
0.0 128.18339285733947 41.88296647244451 7.445919096297942 137.67329404734033 0.0 251.8183101892605 11.992635179962711 180.04080101659034 96.80223092608155 122.22227695976193 203.1988649645496 0.0 128.18339285733947
0.0 239.14301517184245 24.712061443380833 155.0346105445407 118.3139665307929 121.31559220972818 34.44890906333825 43.67099213253081 86.51001217502179 14.189811181167002 138.21450053178103 0.0 177.45114338644424 42.41210907047886 240.65696922080522 26.22080074553574 292.18525456645034 63.165343997547794 246.3960227482255 128.46800478227857 176.9951978652731 140.4104112110051 210.15139462141633 197.64443654914749 172.52333223094493 200.1178714436687 135.50462838445867 250.05469753216815 97.43402767462186 216.79933199470221 0.0 239.14301517184245
54.29732303771259 159.59441973357406 7.913190346471282 105.42249529107829 0.0 49.39913293253742 34.425247335887434 7.671514230014019 81.99445652445353 0.0 92.4627060712023 44.30326588196022 206.4697881184005 84.72477823857614 132.10858191443666 146.30330422035883 54.29732303771259 159.59441973357406
34.558568977686264 37.226252459365 83.42216009216204 0.0 139.98994138648425 44.46496450338921 189.2690204221716 34.62673448271619 258.3680864336938 52.84286018518864 196.56596966932142 117.0479124220787 219.94551846291745 170.72695230658093 184.78867745979954 215.21525441602512 122.01683075028986 234.0336157293376 95.95512789339918 165.386744370793 129.66906479788435 112.50440026236141 0.0 99.12921937616808 34.558568977686264 37.226252459365
27.02681273344099 44.557533612726075 32.793722163564084 35.02186349550554 32.21256156405113 15.404165238771498 51.23914537811687 37.22627934046193 68.19440677085161 0.0 74.28535794792676 23.291522627873576 108.38755939123956 23.159188551206555 83.99837204022535 48.44975068919938 79.88158691123607 62.10735375426779 87.39707510459499 97.9582624984107 55.191257661937996 66.10959194636524 39.63573777890778 84.16984942162378 18.037151104512844 80.64235412815813 0.0 65.79195464268608 27.02681273344099 44.557533612726075
60.93945183673557 18.746885347324223 65.45199742738072 34.2176409493687 69.27415717235186 42.393180705015936 75.82940690891482 50.11919612833297 64.30725990333059 56.69502268226502 83.11926754000362 82.87386010797755 61.46966571422249 77.32620750147214 49.97414673945721 72.9530417219019 36.29304749466209 80.02420394008124 32.32391487521673 66.47996311557228 0.0 64.90665464743368 2.896532407882603 43.220543259268666 15.59458057693405 27.04859364603098 45.94448141516229 43.104169738288164 45.16996081170571 0.0 60.93945183673557 18.746885347324223
0.0 86.86431882482991 26.808544289100496 0.0 112.41246225560013 48.135746590461586 139.93964932215403 83.43561936024707 222.2103038811428 143.31713024400494 111.69593265412617 139.00448695565473 72.01552678771736 199.08610186604676 39.11865501516263 142.45979496123726 0.0 86.86431882482991
54.5695370368896 117.5725101253513 30.994137755264973 80.05469225617392 0.0 59.06405311135611 29.166157084043576 27.400415758910647 33.878387140063325 0.0 61.615590193179884 2.670082261325156 73.88297633279244 22.172002764838943 95.13280842624914 19.307064106268136 154.4141987207723 37.539926797715104 111.48351338639486 65.1322123384665 88.57462044316861 85.48234702190018 54.5695370368896 117.5725101253513
101.92308624313634 190.49158103568155 116.1084058703558 111.60875547657392 0.0 122.1899601416948 113.8758243532575 85.59195212990181 112.84901274634964 69.02970892390822 118.85434411018318 37.419360164201315 151.59803265919524 0.0 190.07963994257184 23.42997653379311 210.3560623882769 59.83496981186249 189.7476839482767 95.49101252608611 236.60164318804274 150.83923547449328 194.9660100858499 179.6341883373581 151.98713296439527 213.49668079733235 101.92308624313634 190.49158103568155
84.17109721187458 117.67519971036006 11.546675348173942 126.63549590157129 0.0 54.50191996143331 34.754782098869406 0.0 94.3225765580477 16.84066202644133 165.28682765628938 77.11714770470175 84.17109721187458 117.67519971036006
44.40900934908329 23.231426531739118 68.26380028059415 27.224490129515033 56.52164655084198 40.00942165959766 49.28308824719721 49.445471246648395 42.30100606206719 61.99712792717423 31.539165048060738 35.082532607456386 13.083187947944026 58.5559706796886 0.0 49.59699791463552 8.869746432739774 33.20891290569061 7.071668379874794 22.013768355212704 19.171676776657733 18.140461246060667 22.557253712491047 1.9670188145213388 33.32643059263444 20.723322513391906 52.08957344630139 0.0 44.40900934908329 23.231426531739118
284.6236718266782 78.95986432567769 163.86322940099646 118.65712221244527 101.89568295176741 172.30968671543468 0.0 133.07528278588052 27.80054181553851 24.892721887798075 117.47887199019773 19.517447394439806 188.79410685593552 0.0 284.6236718266782 78.95986432567769
10.45199230680668 34.3932604229364 33.76294985280425 0.0 76.35249750742096 8.968261956062918 87.46087227819272 48.76934079275233 121.43002197634378 51.139833486937476 168.07611718826757 83.74491317589269 140.495855669033 122.6266014789871 96.10775156719339 126.4223192117348 67.40723926100397 140.4657068277121 34.15052364281959 131.89999343198508 0.0 111.41035553621556 48.96281852319726 73.66472071741016 10.45199230680668 34.3932604229364
95.49367830681526 166.41570607276844 81.05386898592559 108.63214718837047 0.0 62.9785690749888 65.15804289717505 16.642548461328126 113.42080193010597 0.0 154.56577397545482 6.555117619439599 202.83049415663544 10.757465358639983 243.46603082656537 48.762717160270185 176.1781272954455 83.28779772167735 215.51585347974014 160.05416335767842 153.4067554570006 164.44403373175663 95.49367830681526 166.41570607276844
18.187332460433225 0.0 36.37787996376096 4.456588562872632 49.77137970146511 9.39805129890616 61.34755223797323 16.02646668295437 69.33706237867518 27.26845155948991 49.779186573430906 39.90344573912788 79.34400951326522 61.915785052776904 54.49076773386848 61.921267843561814 43.431015732665614 66.90329807924837 29.588371238513858 74.70415149566236 22.805036999655485 59.38782500898939 9.728833053906541 55.06741829580168 1.2933953718143272 42.908110200046146 17.909810055243938 32.821926772023055 0.0 6.9846180707925285 18.187332460433225 0.0
0.0 9.276906372216118 91.7104751229586 0.0 121.96769186514638 23.772721827757863 179.45805678055464 153.596621440335 58.985469182964835 83.6685398911372 0.0 9.276906372216118
29.936539342821078 0.0 73.84016062035116 5.040984454815607 150.3422411483075 17.979919861964312 117.8446267286449 84.41899580221616 62.395048721302686 78.29603856027919 24.860772071368018 79.46907984422884 0.0 38.40613409786942 29.936539342821078 0.0
