100
62.36033703903203 252.16510605862635 49.09386855835912 183.5164991710697 0.0 152.37044479030237 40.834084318546516 102.00063626922474 28.443156950251904 47.01690078433337 90.74497216321492 53.71751563612254 116.4688862983173 13.427466909396813 167.7003743650047 0.0 206.25412614513323 36.90721680843966 224.68551657535295 77.2785702113754 277.43477567226626 119.27606499705345 250.00184133354716 170.3283621842761 211.01327691544398 204.3547636601034 165.33416308933025 211.62372369057255 121.76231597561727 264.24551924798243 62.36033703903203 252.16510605862635
21.78424499767179 0.0 108.48238044965714 26.50325479386032 150.10637585234414 13.735240618383443 219.72758068315113 19.712053445401907 183.7876153476729 86.65166689560373 227.5128896924478 172.08072978612938 136.74590846569276 148.09516098799799 76.37339236116081 189.65509436814733 0.0 153.0795767741019 63.03545801914506 77.27954021036452 21.78424499767179 0.0
195.5775947575848 2.821601584134868 285.5386699694135 54.94267030782156 217.3217888410165 138.27048572504052 240.992441069119 280.67744262725137 137.75926111159023 108.34343933160537 78.19335625435153 159.6666698228794 0.0 111.44749628709211 77.05267731647939 58.385870591410736 114.18976291930606 0.0 195.5775947575848 2.821601584134868
215.2245324236584 117.40488276875658 293.6974384306115 136.0279139917419 293.85199148782317 194.66664490630487 231.78665539468759 207.07333420567696 195.91647354306164 256.47608722065377 124.5670215243334 280.92252705959856 50.472763839643136 244.3585672391401 0.0 169.32279958268361 80.08823281995926 101.45754698604993 116.98558127622462 69.52662705266043 147.18485022543172 29.386515406206257 204.71529469716083 0.0 232.82569883114925 63.8939115652348 215.2245324236584 117.40488276875658
118.85113576331078 38.28721414451327 165.7222192384924 15.88836105837818 215.01028882579337 35.840343272058206 251.0270035354893 76.82545548786617 215.3373302829997 130.70762143998326 273.55289125653576 216.131666296381 205.5712007103356 246.7065768445866 139.60187651515838 185.6142625557024 67.90896605400268 256.02194513436484 28.674111069864793 193.31972093714646 0.0 133.1954880472324 87.94549586279236 99.0208435313299 34.813716288468626 0.0 118.85113576331078 38.28721414451327
99.79498584142473 175.2235558923935 63.53751238182316 176.44767447102177 38.64834261230069 151.12005100259836 0.0 122.0415780461937 52.48382968102154 92.31966352155935 37.48346663823304 47.57739695334007 64.7112068054743 0.0 109.4679637077416 50.78633118779976 159.15575609655548 30.714386231339873 187.36069477233923 67.23607992106106 138.7729858072205 110.15437643982267 178.54000895993335 159.94449538276126 134.0288714832705 169.4156113963451 99.79498584142473 175.2235558923935
96.80913015271784 0.0 140.13926390522636 39.29272650133653 218.09583808764572 45.78961220825297 176.06760161597555 111.81131281685852 161.90860828073627 149.39908735565263 129.75657016318195 179.26314195735364 89.76063088465611 163.89990526544398 58.40749504778259 149.59720343142976 0.0 128.4074000619296 14.885886115226384 69.31506842887063 80.5243860799574 73.93567615203999 96.80913015271784 0.0
0.0 107.09150316531955 102.14949419241881 0.0 255.89905096840508 126.16429573621915 90.38955993440524 132.08046696696977 0.0 107.09150316531955
28.11200208666672 145.67297870857024 0.0 81.55123216010983 46.074787142585535 31.46240127002021 112.5045277130232 38.57397965189179 167.30973918496622 0.0 185.24850752553223 73.04518022025366 197.45434438377262 107.27455980783066 273.8638336757586 164.18254974542847 270.8332733132778 271.13520356982343 148.4393805664147 197.18843343318767 102.05064433538938 223.87061832022235 124.33431771295815 131.83922563993085 28.11200208666672 145.67297870857024
38.38810694015248 65.74027868353605 0.0 58.14434500121334 25.86646895604848 24.918597451037655 31.174901543584397 0.0 53.56144419494787 13.148562944124976 100.08794555890937 24.678736908229695 68.70987688626994 55.82984288082868 38.38810694015248 65.74027868353605
155.18800999071658 128.79959262418288 117.88059679563001 111.25992884750472 79.6220778203254 160.97812667817442 51.46765555670356 123.72105829780166 0.0 76.61761622761456 13.990556693935915 0.0 100.60160792331618 19.388976360070203 153.96192891419093 11.878049814845653 219.46075296095842 34.60645701112616 220.2371189949901 104.49809223338796 155.18800999071658 128.79959262418288
253.08409853759233 87.69784525697739 299.0254843716465 126.22077725002613 195.75097733212465 143.54457686749856 220.54152002447444 193.00157552218707 188.4720957952448 208.65461683009858 155.1404007533319 230.9627708564106 106.40491402705263 249.49886793988105 76.2598378472992 208.6026075225039 98.94787700982118 150.43993459676335 82.27110368107188 126.94201004913492 0.0 62.49549472782513 69.75817413634587 42.381603075265346 104.3026123563811 0.0 157.72867915901696 10.987410526650635 206.35819508492565 5.561809069139443 236.81455151351952 49.493715577760426 253.08409853759233 87.69784525697739
64.91096556787893 0.0 103.48833128160823 54.28283182519746 44.252511438278106 93.79272329142734 0.0 24.386847188854446 64.91096556787893 0.0
157.50670865082543 164.2465535400979 0.0 119.64688952715451 142.5797912422222 0.0 292.14487258756844 99.16109854534629 157.50670865082543 164.2465535400979
117.708012517752 103.62248008307418 71.28305546415913 99.5300444277363 40.25690970501449 103.29682743763664 11.616036040608485 83.19720663076782 0.0 44.29878805192866 57.08642751782995 54.51032406147001 64.92548743633228 29.344281429932018 125.70904184786238 0.0 77.2200832089687 60.22661031469162 117.708012517752 103.62248008307418
25.69675905439442 4.460914145832106 50.04568514831794 0.0 59.5014123182834 26.45099959663959 40.52079626536597 45.347107892511474 25.57711184907447 29.133096897605697 0.0 16.487911149318933 25.69675905439442 4.460914145832106
299.4281200043933 204.54005582413956 159.43960864538883 238.75439369194714 0.0 234.1592453013362 69.41953085006801 64.74495012439468 263.81993354102696 0.0 299.4281200043933 204.54005582413956
97.21352313593458 89.70959958110184 64.22731589422074 0.0 125.91736392076125 6.982272503072878 172.93095937807672 33.298462329541195 189.70672982201646 78.35503438773061 284.45741173277327 138.0847593586576 208.91264926134835 193.52493720770866 131.36630620191238 153.76643486310508 94.27109981349005 174.17818727077298 0.0 196.22580211539844 44.348308928437376 108.6263781142187 97.21352313593458 89.70959958110184
216.99616142469182 148.36221155899023 236.46354517788203 262.104146306788 167.80313941103876 238.17174942792658 135.76330488294855 184.553883210981 112.36556110528858 159.24619414727053 0.0 154.88828739719042 35.35160684832357 87.02557629123996 64.08809422797134 37.21895977932901 103.769758614392 0.0 156.90839993472636 2.766480144255354 192.40021770498606 35.567152091183516 252.73467473080422 8.763565968160535 304.1419916820877 39.85988418767194 254.1835904347797 101.85734191062579 315.0660945261157 156.58115078520203 216.99616142469182 148.36221155899023
132.3867595877179 91.32585250289728 119.12949236791059 116.46770889943551 91.05032308674271 131.49363686572568 53.80718364330036 135.13178786576424 17.960830727060795 111.13715799119154 0.0 70.35449002155833 53.65631428039285 53.48280415216732 68.23442805587558 32.10569839625973 98.52878372824834 0.0 111.84427722098017 48.36597617328377 155.5246843138995 58.020730164764615 132.3867595877179 91.32585250289728
79.79506009549507 2.6013450813719885 152.05342813355279 0.0 215.84072793014974 61.463761799731415 168.01431065985884 137.7825505899907 101.71243166376007 138.6266171057381 44.658451819120586 113.50305397734445 0.0 38.312038185399366 79.79506009549507 2.6013450813719885
80.25070955131285 4.227210220575316 162.6491974351926 0.0 205.7037644914814 67.13089893881184 263.1146246453568 139.1084486534263 226.61225803020807 234.68368147327357 114.73830198901827 172.31809433866124 60.18831400583949 228.66632712400667 7.500200030537684 183.08653518381408 0.0 113.7524827766854 22.007667385628963 46.11711840160261 80.25070955131285 4.227210220575316
201.4077867678227 152.0109059016453 70.66325189105316 156.0856107080877 0.0 102.78664143489537 109.3359042838729 0.0 201.4077867678227 152.0109059016453
10.467409056370144 55.657342793071614 0.0 37.9648983526637 2.4333375220896016 12.965441064849848 28.30133688816254 13.33978621887723 45.70595261217011 2.9813238048873743 74.73864351033743 0.0 67.9149432969377 33.57880756450319 99.17299324588987 53.48830915838361 42.60758255674831 45.79188338750516 48.81332548144299 66.87839490588621 36.955914454593454 67.50520718244107 7.450214338814135 85.64646484874697 10.467409056370144 55.657342793071614
33.84331284990176 87.75967858464304 0.0 0.0 88.67210858781341 12.419843361183297 118.75810608406982 50.98855521768421 97.04373538405358 105.17986880006572 33.84331284990176 87.75967858464304
3.011842978084843 69.94093033143804 0.0 3.8005327755881595 71.72643704209676 0.0 46.20298113614133 49.425839786045835 3.011842978084843 69.94093033143804
203.83120511620407 160.1952216275834 182.55833488942892 208.17837362823474 129.32699185649227 211.95364400614636 99.54458656333749 142.34009611580444 82.49347636565393 133.6640011168194 0.0 154.44976770238128 2.6051220320976967 102.4239608092669 36.66671900899611 68.2814035594635 11.939912855071569 0.0 73.02874748628298 4.2711874657049975 112.97707768269144 44.92743796771055 136.11829871318747 47.69608903539498 153.1651857368389 62.57085770535262 219.0210213741167 69.76744981284124 248.95664748508 120.90219457711164 203.83120511620407 160.1952216275834
4.782511866288644 149.75402023447828 95.91804134636581 81.08008765964202 0.0 45.22936439262388 47.553455591162844 24.454208976232856 85.8931475270605 35.65664056368126 115.6573523891758 0.0 163.79102840235598 0.830140362569864 187.193964525397 45.29110566163148 257.1633243696842 98.94979313916014 169.0066505903289 129.347858330289 123.23445794540596 126.25754446017716 100.42465078546527 175.4595896531248 78.67856919923936 120.23672756705501 4.782511866288644 149.75402023447828
73.37515182956092 25.501754808323525 92.34771573910544 29.965737947382763 93.20743608751056 45.85908319864784 84.86659403242089 59.373138435082396 70.22226224349696 63.22478478662603 57.103719066139064 68.15406118124508 40.94637525485413 66.97664239285231 36.79717854648308 50.221904862273874 5.120587451391657 42.2423626899222 0.0 16.49489909803428 51.119516949416024 27.329049555530375 45.18759340102906 0.0 61.533615092865546 0.2329958980762683 71.33531030598738 14.876147422772263 73.37515182956092 25.501754808323525
124.54934344954047 0.0 201.48042775059253 45.14900625689233 165.0767639548753 130.29864216625563 98.9801451035704 141.2262711363973 74.44900904644066 101.97783226518786 0.0 71.16018351278912 56.094939818608395 19.598285707106704 124.54934344954047 0.0
171.3739404615227 32.367690565157716 200.71815273369708 58.853201270865846 349.71503649482435 53.48795154074354 205.6137159720476 129.49774084666933 253.7807130479054 199.18005595606206 222.95541359053064 265.46937828235116 153.4523029709292 297.213105942016 109.69118259838308 195.02267303828677 51.695323610249375 202.01832651496738 0.0 163.43720868878626 13.764233647716168 101.76857525833249 34.86651504276273 50.445886980460656 84.75406246681052 28.406021194147016 129.56458032234332 0.0 171.3739404615227 32.367690565157716
65.20484401153331 124.86281773054944 26.122014082172768 92.14152513156235 0.0 14.060295833783243 78.27060016884295 0.0 137.47289002818786 8.88135262150989 196.0663553745575 21.83325657818476 227.2234709200519 75.2328591259065 270.0770255919855 159.03767014827878 154.41714441989106 153.11053326984404 118.70368863244025 193.52786758210766 66.83996083438856 185.79937639319223 65.20484401153331 124.86281773054944
112.66165493732055 48.37027760723401 230.5761877592946 75.46059572750065 167.42731406110715 109.49038196821888 114.9199972703172 82.03218331420814 79.0356679176498 104.3423280144859 0.0 101.88518452668589 28.220094978712766 31.903196768163006 63.55305348155479 0.0 104.8310295702431 2.9935029422371997 135.6379162738255 5.254309527972538 112.66165493732055 48.37027760723401
112.34488470670885 122.94386991256901 81.39504064048731 114.32215327717968 0.0 127.17802854723222 14.255355132999512 51.14592091200335 66.6819442684592 0.0 120.05531279068238 50.276383676545215 134.73352360125097 90.79911404642606 112.34488470670885 122.94386991256901
169.1692062177811 43.69234309201998 137.83943122280843 85.21173474770028 138.1171065722449 122.20296124387092 117.21730599774415 163.54149172921592 72.13557273172002 147.7991692366436 33.998918731451425 148.97735635143755 0.0 126.90909571178368 22.457872660122064 83.0821325980242 47.0490518830117 66.59111218665706 20.456464040093977 16.093835301815204 57.68720658705607 15.827062641390924 92.15522542048109 0.0 126.59529261671958 16.83850481203516 169.1692062177811 43.69234309201998
250.00309659315937 0.0 185.685537226303 191.15532754336306 0.0 220.48437456805482 52.81966365989435 42.906178373654654 250.00309659315937 0.0
90.26066104179051 133.09946887890365 0.0 96.57429316713092 62.36145346249015 32.66594878775901 124.97418873646313 31.655086071807297 205.41987124076442 0.0 210.22801114667692 79.76683453031637 189.4290803631341 139.89218600621675 136.22827186327603 183.04873671063194 90.26066104179051 133.09946887890365
92.5277514125006 90.77050929719935 0.0 89.31764936684881 61.62949350482859 22.253375893279 102.5243423199488 0.0 135.67940233763187 50.02932015926598 92.5277514125006 90.77050929719935
117.6185172393023 186.41167281850252 60.8028624572798 184.3110485542419 0.0 136.85864178471226 69.41580521493229 100.89750491517984 117.82109453924794 0.0 147.31964597135777 98.20050354501183 199.92515216192533 163.30936188455004 117.6185172393023 186.41167281850252
185.4518588501822 5.537466766994058 257.30614471808843 23.161430262061515 276.7535443157686 93.48664446195869 229.38485117031502 149.63751893289168 319.5359050082234 272.294197280718 187.91545742001279 238.7946502629726 137.07571099726758 285.69085656235666 70.78435087308591 264.78742547894615 0.0 241.0959793535948 131.13917905089332 128.20811709731575 72.58910085717775 117.88541964871948 11.286842389652207 44.33007611987121 72.08217844673212 26.051364878367778 122.8889353947219 0.0 185.4518588501822 5.537466766994058
77.56021882417647 60.02915712328051 77.96786478362475 26.06315851136373 94.991089571049 49.630080127240035 156.17851440800627 0.0 158.40856475989852 47.99637006852363 149.50184281850582 81.48078058014598 170.79636804401332 130.00765005343754 124.7051459006698 138.61421801920199 90.01287787499287 142.64149674968996 72.53114971304856 105.90907821217921 10.692253816115283 127.89317102484391 0.0 85.58146155047334 72.22601472977577 67.18252094091085 77.56021882417647 60.02915712328051
48.18481301960591 104.46076194255431 0.0 31.740063348885897 79.01171885161997 24.955578330128063 132.2452370952952 17.245220918656145 240.99913679010237 0.0 191.65105047999887 98.97092512422083 129.4307138475738 114.37611502813317 129.35982629149487 153.3147382686184 76.44690266063787 216.73407966202734 16.92579273005856 172.41490588202507 48.18481301960591 104.46076194255431
0.0 63.98771054590412 45.373730677568176 0.0 116.81854556939284 37.831594823821156 164.70729411802125 40.416778319555554 247.07020874110862 81.48763987480748 179.9047206345391 137.96746909319884 136.75453557770516 178.24881967621707 53.915976346256286 229.6063629932018 78.10957888503577 111.59615169283082 0.0 63.98771054590412
54.09834996092653 0.0 75.65038220217603 5.760256861106953 102.72753502514044 16.3677605469979 127.42167831355283 59.669947864688 85.82102377757155 83.93108609026999 31.194603447690298 104.1151568787345 0.0 55.783522450896285 13.611595671259948 7.407271706951036 54.09834996092653 0.0
151.93033034343665 128.1711621699352 101.28747504901852 128.25923756311 89.5951112555125 174.84246191064034 54.2833846965877 153.15850759933528 8.792711825747148 168.31569294494358 0.0 123.8259583726492 12.278864355053429 90.51787213906755 16.56926468572067 63.982285684159095 37.04266506291253 49.600590671361346 56.55855097171242 37.946868779894125 75.40152111494629 61.394329488970456 141.115275573941 0.0 153.70712425291603 50.27671228432576 176.8699144759683 90.45177349901388 151.93033034343665 128.1711621699352
69.97417828969225 163.98886080433658 66.17318219292801 91.86640590026622 0.0 39.329792152762124 70.65374504175722 11.822782285180267 126.59077810208309 0.0 192.4388043092286 30.696856303187857 188.8177488153247 106.33891003260648 151.1759737095824 169.8070453264 69.97417828969225 163.98886080433658
179.03136015934342 5.6366456573628625 266.48426308563364 78.8928571145281 188.55875632202338 160.9413785354724 131.93362229024805 232.60116137942492 84.368795820849 142.0469302404798 0.0 128.19577292161284 22.448903341958584 45.49350545742745 89.48272358427698 0.0 179.03136015934342 5.6366456573628625
140.63461113871256 74.80889655119672 143.70311763395367 0.0 205.7529525944666 20.59263451346075 294.09697862889163 17.9045734299483 247.91284831928795 100.86236187030137 256.4587756608379 161.23056746997588 195.55212265568764 161.8159006979643 135.9932901665256 210.9674210582043 0.0 215.83788814088626 113.03947047191348 99.85058845956674 140.63461113871256 74.80889655119672
0.0 119.72920877268905 40.370887921051875 45.759314088826905 57.34363629516973 0.0 97.57475286296331 28.655724247967022 161.27764439240462 79.73909038271498 83.0202402715964 104.8478435136798 0.0 119.72920877268905
167.3243377477254 71.99399788192369 244.01057928088358 49.919820236907896 270.0658660551433 111.45018909380057 276.5706241736802 176.27614597044612 240.77258120099094 224.61581973752914 188.13534838340377 242.80235058872213 144.01942388999854 259.0220622031551 81.32272878679262 266.1844808335891 0.0 243.24309904801748 32.1679639455007 163.34260895676314 35.525233503102314 106.15782156121345 21.22571525291137 0.0 127.24127014478361 64.19201938395913 167.3243377477254 71.99399788192369
8.1474684278229 58.26348288907391 114.75668636715929 0.0 31.577536223595743 100.66020363206253 0.0 69.59133918518383 8.1474684278229 58.26348288907391
49.90538476243893 32.01316335034071 73.68223158625295 0.0 111.84339506289805 12.183850313911833 149.1265748742246 13.976629596374678 140.39498337969772 62.51335716269949 138.183513722395 82.03057627610887 112.3790533138648 91.56082894400971 160.53254235189036 132.0449046874985 126.58113166070089 134.2649873785506 105.32522558221591 134.77560758556956 76.88429824070938 159.80136991744916 62.362549003578835 129.62498141401613 18.000882704627514 122.44368795648082 0.0 86.7275940661134 80.46232144027597 79.79156179045859 49.90538476243893 32.01316335034071
268.18066387388507 200.0720307351358 179.28770156313502 116.89320699338846 128.65847573489665 156.9017511013863 73.91440079267133 117.51018987576967 0.0 0.0 154.81585475825165 39.377389070094104 205.04217190562844 14.597697312174532 250.3528543423049 49.688356288994406 358.9694993310318 121.49012948845186 268.18066387388507 200.0720307351358
120.11498829753604 0.0 171.19831544375077 50.49751049799912 259.5978469826405 89.33221673829064 290.99770192856903 232.43302843395753 134.18267411890932 143.76523467482195 42.71728648011691 208.07134494272145 0.0 116.03680179798077 52.999443471889776 40.25744077449575 120.11498829753604 0.0
58.690450956719786 0.0 65.19634816889521 46.48694012189152 28.258504803740806 57.52478624529195 0.0 11.852684676084351 58.690450956719786 0.0
185.08798685531582 162.82417893873304 74.42282016349746 143.79536882772487 0.0 140.24731929908154 15.298207422520136 63.5870594242658 74.48796548826625 0.0 196.5781555775027 27.234297439052227 185.08798685531582 162.82417893873304
73.46140936359484 135.82072591442608 0.0 134.23144256565075 34.068397562921646 71.4756549680992 5.207155340760579 0.0 85.82510379382383 3.156889411787745 149.56651446479677 76.39652235575883 73.46140936359484 135.82072591442608
51.118145583166935 90.79016062903375 22.507742871556204 113.14284254961478 21.826793292686048 76.89849328181256 0.0 59.91552165662474 12.313783696302238 36.55492343238405 23.120015666576734 0.0 55.18024428175741 24.170431337578627 86.51558495150432 21.466195151113133 79.15434830734073 53.45422165327236 124.00273006747783 86.7982204979123 86.5008393665753 109.59457525777756 51.118145583166935 90.79016062903375
68.32407719764117 242.25003541149732 47.72763387944289 127.82210223388903 0.0 101.17389864344254 47.35118549077532 64.50705798440754 43.00127987610037 0.0 97.00734732059735 29.458182280346136 130.0234675749586 41.64294200472412 299.7805481637995 50.7635574898879 173.26082443238334 130.4001798210138 109.61822949984409 127.21113571374518 68.32407719764117 242.25003541149732
278.61082425901884 220.90303025749344 239.58548734516773 212.19621418864588 190.5842614630376 268.33405804011954 118.62428636038004 263.4047449815557 62.164441129437535 210.504955338019 0.0 138.26045743854013 143.0271361781978 97.85940420254542 143.86619379840914 36.32265514607104 191.57272323747216 0.0 245.72689588058836 52.513253058888566 266.436477375762 87.5067448079518 311.1691015317241 88.83933948622959 366.66461372193675 118.2430531221579 422.99449464473616 188.55495862956957 268.3364323770634 165.71787753506607 278.61082425901884 220.90303025749344
61.060417142959146 94.5614548335785 21.015959450717297 83.87611565622339 0.0 54.11082753935088 8.376868202294567 10.60835593628682 49.798256579633126 0.0 93.69271149234046 15.912392784358303 110.78189920279206 71.10013334262106 61.060417142959146 94.5614548335785
96.11901725375816 39.159859615236954 118.36821874992953 35.415195515869364 156.94224783752543 0.0 183.24362888183583 32.908771089913834 158.07206552221146 74.29737899664285 161.82654082820608 94.19712353166922 184.1444532071938 149.0415093228484 145.03374048652506 169.62345469002668 106.42152040791183 147.42352261316535 61.77296924101453 149.90390596533166 66.9561864023691 101.91448989735005 0.0 70.7367690404287 28.207857859220127 22.75184697668864 96.11901725375816 39.159859615236954
82.18181529244345 15.20701930952714 64.4566421831415 33.75499294020348 65.38342535022812 50.952981051359984 48.175272656312444 51.80732747725277 35.95610627197519 61.19056059154728 35.68861445068626 33.08940645588977 6.558414333374245 47.071444292408785 16.742727908677068 29.190459069525346 0.0 9.441538339328247 17.09359730153733 0.0 35.58255732834445 8.894022921520914 40.80514946739622 21.57682057715526 49.82760735705976 17.461573888186862 82.18181529244345 15.20701930952714
52.930517317712656 0.0 153.0267851448021 52.04927521055656 207.60633448073412 72.1827927044089 209.6031766580313 134.89686323496346 165.00855079822014 184.23300540059614 122.62598577010178 134.65022009408574 0.0 113.2242517339121 52.930517317712656 0.0
53.00074238937583 163.16079581810726 49.08779850687313 101.5526889317583 0.0 0.0 160.9576263405579 71.55882012755893 182.8507858306 49.98403047566531 212.27216313467434 55.465938961799054 287.0030694195277 7.8259944315774135 314.6539432427646 58.883010599108744 272.21724412455 116.30953697335336 309.89484151667216 164.36448843739993 256.51086201426216 182.38703331941355 254.77668177472955 266.04917604265194 193.27420792302416 216.86415736109012 150.40041898751412 220.73567687932024 47.20670083024527 250.27065509673548 53.00074238937583 163.16079581810726
31.923655303928342 73.87615197556943 54.56059455183188 15.660350902964453 119.1023774574712 58.25887792761247 179.13878105853024 0.0 204.8785955098941 58.08963133036388 191.5742126482894 112.40287193827834 211.8094637505476 205.3658787116429 122.62012447041515 116.40896937295238 73.88561703695274 172.05956383144274 0.0 146.39095744991255 31.923655303928342 73.87615197556943
63.959327345363945 23.795442250405955 131.36987704540914 0.0 89.000271419619 50.9641283150583 88.06116479391713 71.27567958702055 83.18203036839594 102.95386749142105 54.01591367869203 107.72849885367629 29.652380880789778 94.21263968598913 0.0 88.06037398654658 22.79485663391354 55.62378489412778 28.91086393856952 43.66432294825782 20.395600254637927 11.803716972850339 46.825931843033985 17.96637394370844 63.959327345363945 23.795442250405955
27.495519276333752 4.921983220792356 65.8186586796233 0.0 43.05409834889383 33.66935577930974 34.63665108755396 44.13304679805616 0.0 57.24812860934375 5.25329282319872 20.438137759233783 27.495519276333752 4.921983220792356
48.6331632674428 17.605056766313524 71.9407459421931 51.95458167557163 29.71368033930787 52.53158829344814 0.0 37.04982427094322 18.947589082265253 0.0 48.6331632674428 17.605056766313524
40.77185803588772 37.703980471183556 26.955839727600278 27.580957475093257 12.900184206218952 35.126272178718935 0.0 20.394891774765526 12.148948985204981 5.099907126117671 28.532055462470197 5.912071303068544 52.12936730495342 0.0 56.969265524218244 23.147640411058873 40.77185803588772 37.703980471183556
204.89684210748857 86.01435825001464 138.6521224618008 140.43212903928972 56.26993643177314 155.15187791095443 0.0 72.24097949450216 72.22361478911274 0.0 150.0367913916092 19.928077012702722 204.89684210748857 86.01435825001464
0.0 53.891108097047535 47.93851603878022 34.05927430936792 64.25257096569305 0.0 87.29151301511521 40.5807673570949 110.85441622078136 40.737127492198866 140.6394620491008 66.6162281541668 131.98944221010112 107.5479618217958 87.44610547040847 99.60309684061626 58.89277763755784 103.8750582551785 11.527706068901125 101.56485172471768 0.0 53.891108097047535
128.36373407310134 0.0 154.2775426245758 115.75816648197097 276.1759161868976 115.9546855689671 228.7977411997282 201.99428222084754 166.36276112974832 240.52765435924275 132.26082320637386 263.1830534585962 93.42980353925877 236.35707859983202 77.74118808812362 223.0775199181808 1.075160418715015 261.7278924227176 0.0 209.48076436711654 32.18320500599083 173.78411013272859 14.949049250318069 114.06836314653566 55.65167648261508 71.55429131770552 128.36373407310134 0.0
133.19839144016248 76.1692687849692 164.6368756931656 50.13564508280092 234.37962256728014 0.0 220.58954479442338 97.39650450603042 214.05892020645675 127.03664523033929 373.92394764831835 226.65915646433683 204.47141783316226 175.87750005859084 182.39140271076195 244.82183774474674 86.30348296675311 315.35241790118874 0.0 251.2141662559037 26.40304949410759 145.67157606247582 105.32876263050986 101.72331267785253 133.19839144016248 76.1692687849692
181.7005126986364 13.592060728107853 211.94431691275184 88.0847579932911 142.84983347479874 159.49422733494464 71.1357917893298 102.46028946206508 0.0 7.956281725722484 121.48014517128374 0.0 181.7005126986364 13.592060728107853
11.268116815951146 187.1620642325982 11.782380778250314 84.93195918655236 0.0 0.19116232314952697 81.89382059725087 0.0 185.5970418115748 3.7727956947299788 195.50628458773699 114.90641985833643 122.26226595136163 194.83584823100603 11.268116815951146 187.1620642325982
126.16415430272079 6.8426982896099275 152.00882411041272 40.06654811120007 228.0493118214749 30.064566324942263 218.04004093927577 89.72786619122017 163.0583862232909 110.97444301662502 161.4614478198639 156.16588190156642 118.41218930793015 177.80762132484296 92.63953738641256 135.061529308282 79.15986522822018 110.04382259279092 0.0 81.94266677109732 44.30248358801242 35.33253521370942 79.41389964517867 0.0 126.16415430272079 6.8426982896099275
162.44195123160372 0.0 250.61124816044102 35.059458107525 285.2773018064187 100.86656861608336 364.25694069361316 181.6519920193849 268.09450961868083 234.72764190096657 185.90286102939805 325.49462079833756 162.7845212560086 177.97434817375748 0.0 155.50961421900428 138.92032648165377 96.32650417518227 162.44195123160372 0.0
70.17475693261832 11.314692835166845 64.45533845301777 34.7061516998073 107.01531206156294 33.48369129656387 83.06844385947231 52.66444494878653 93.02013291144684 74.79465576318469 76.49225148333902 87.54045004335842 58.97995239729846 98.41090433068217 36.705637252915736 104.29715342000188 30.85037542083235 72.19764760072445 22.135954056054615 64.45768157170875 17.22426207896632 53.342845953624 0.0 37.75815244747442 4.034381696195567 18.02038854094912 15.467655771219569 0.0 39.15885873162459 10.133956821304047 52.31684138719008 18.54658981487757 70.17475693261832 11.314692835166845
204.04649201177867 88.68934000359036 297.01996972820524 133.55997733203003 193.85622433338094 179.25340611047804 182.47186925053904 248.91809843340022 114.83055825942108 250.8538832704016 69.62771425110338 208.63768451020957 70.71994937876411 152.79094339247047 0.0 65.97861684962709 96.7464003524739 45.289966741020734 172.79727786237532 0.0 204.04649201177867 88.68934000359036
109.15626214312434 172.30189527062873 92.44623995481416 132.55702686838714 0.0 61.81334955810015 107.05504211444733 56.824483085584724 162.7720410304381 0.0 214.92290368053006 56.49581268219413 214.1254313894671 117.81430424775085 200.4108044729596 168.034941745923 146.6995345505619 149.21457335149108 109.15626214312434 172.30189527062873
125.09999448662529 0.0 177.28865825598484 65.48631227365179 163.36561360945757 151.8266453369834 81.74184910541629 173.47951748344394 0.0 151.42083637798083 12.755604577950862 71.91277149191355 46.86386633272792 8.092648974893422 125.09999448662529 0.0
28.714707219571203 19.395150075421924 160.6706149084488 0.0 93.0867241331533 89.36980345286325 0.0 133.68733326990787 28.714707219571203 19.395150075421924
34.63840656818549 60.21132687638567 23.12590887907149 58.305536625667514 21.77723125763147 44.60110687695625 0.0 39.10675557356588 11.293936679302547 25.865253701303217 24.102338898344968 21.214087639133695 22.78616422573863 1.6731908949263925 37.499345896017914 0.0 49.41439425224853 6.063443476943192 48.97039177376563 23.80056391002526 57.13996768888104 26.911773681349345 48.65833315282451 34.306253024050264 68.45898481636969 49.10500714229285 57.383870905609115 56.74831499160267 44.160627818160464 52.59694395747434 34.63840656818549 60.21132687638567
48.65188377228256 141.9959893241106 0.0 33.444593358488774 128.4202461653765 51.81311289900995 186.4577267415363 0.0 252.58593300657017 39.723986396141484 287.16441305562444 105.53796027163025 262.0096361793319 175.30277189673092 206.54050439176535 204.9081042149166 150.96714850968849 197.41368281191637 92.23300862932503 194.97252910937164 48.65188377228256 141.9959893241106
19.40331112387763 6.99292887206461 50.944412088305796 0.0 82.25878557586631 38.74766502358041 37.44756329376574 75.57391552354078 0.0 39.57101678186015 19.40331112387763 6.99292887206461
216.20700706358159 140.43739717491297 192.69112461032026 161.0345058026533 202.00453905489738 201.41399911963666 196.4744659669901 274.63284446537773 142.83924976242588 287.88757977242574 71.70519962088169 303.54765449147817 1.4221451339831503 276.50732788879213 33.14127363674828 185.548894477185 43.42260350040091 138.71351823668425 79.75053294260474 113.92854208089241 0.0 0.0 92.47042043112202 23.302355033716623 141.7145025166131 97.32757306623 167.9469613469161 74.27885564447848 202.2510420776744 77.7103155046521 313.48119570978645 68.26562862203497 216.20700706358159 140.43739717491297
61.684234349790216 10.486713976708074 75.1397208333406 2.6090367993589183 83.36066191938046 16.093606096631447 103.32318007297899 20.816081518238533 114.13120544185468 43.184112008397506 73.33536163107992 33.74697950198306 80.63137235025698 100.5806607138638 53.8887158146362 65.21498225043042 14.029964037322152 65.20688933627382 0.0 30.036690205503263 23.208649467556008 0.0 61.684234349790216 10.486713976708074
208.9525907927723 137.50895549737126 126.31409872766855 109.90314097768359 117.51094471292305 119.65850058124599 85.77262179573479 208.68974905140118 46.15870064774373 174.2517169431885 85.04942585971216 103.32815953002506 16.415137794526032 92.33810894134857 0.0 42.472761033458816 33.36008565448586 0.0 89.2447647781237 15.334004928922539 115.0511138367232 63.410508392047575 175.14373041920624 3.3957854387169846 178.96939023958342 56.3010358595936 190.04307575785032 90.14586260149538 208.9525907927723 137.50895549737126
58.84437617728932 58.267027562485154 26.95362964546777 50.07057631452774 0.0 36.23294154845 11.380588477777565 3.0702544702312906 43.305815432199594 0.0 74.26275405635593 20.158760433118985 58.84437617728932 58.267027562485154
0.0 219.64492252572018 52.13276414925326 12.309073252195425 180.3129101909241 0.0 341.4919447959905 48.53521048319854 245.9209579546424 261.05386094755 0.0 219.64492252572018
180.33353251479377 0.0 123.89271030188372 101.88449795587402 92.4730580500034 163.1604008553472 0.0 39.92838116535235 180.33353251479377 0.0
0.0 0.0 130.20447676261418 3.7521578828160216 198.45824123073186 4.510445117893269 239.76637775621484 47.198559500737026 351.6299974658694 84.09427380994318 303.491061575514 172.89226155056247 193.78800566614382 141.59479577094692 148.1697655261484 262.67010550347567 63.85950076007623 215.74413778508944 22.002546395338754 123.84259935669327 0.0 0.0
0.0 35.06276257581184 26.571040926854124 36.70894540083571 14.118222748434448 0.0 35.75183067496863 12.387402448168267 44.79896173253442 24.254331221117546 56.85383587799808 25.9088708302041 83.7685835488505 32.187893085494686 70.8229408855708 52.10944784882681 48.57052045900396 54.76747958180359 44.003832612233666 61.642755838135024 35.107135129877506 78.05711321959546 20.796074977558774 72.5727473354288 8.917922065251787 64.29686653729712 17.473809519636603 47.609263241557834 0.0 35.06276257581184
0.0 94.17175583376418 159.75976349010463 0.0 329.04006063849823 30.807858021186647 280.32245446940556 222.71336342785344 153.63874165536166 166.65482871239368 0.0 94.17175583376418
0.0 19.941315734114987 108.1136336806984 0.0 186.50228862562923 87.27939355338027 91.67309078432743 149.057404260108 38.96583375139774 103.83980155589587 0.0 19.941315734114987
174.48572287889195 0.0 175.48753555951686 76.03411528570327 190.35020401934344 173.62962503024505 98.85471567023659 146.25859190644303 23.812850195940825 118.64207566881369 0.0 19.106934380342864 99.7567753152972 3.77943464009077 174.48572287889195 0.0
14.979368238436216 27.31183348689411 22.66649688014173 2.9388555841977606 48.04711799676307 0.0 73.39267821798913 2.907335569114224 85.99883598315034 25.31268421017551 85.67962716429687 48.078301567665896 76.30148019919108 67.772871019163 55.880118120512755 71.15228473696885 40.8213461594546 66.7759466926399 0.0 84.15153508848678 18.199749926599857 46.867718102067606 14.979368238436216 27.31183348689411
123.20293475114413 160.20375027131405 35.70553887509368 202.91323719163154 0.0 109.18387079418795 42.55552218996371 0.0 149.09762383852495 58.180050863187006 265.2167111506458 79.55296877726298 222.24825109584026 190.99775969873568 123.20293475114413 160.20375027131405
89.96163440883942 6.74151764079803 104.63248695414083 15.00788116856777 108.2697553868525 31.350713580875002 139.52414471330036 54.934025974566715 100.9700472456629 62.007320677291 91.8224991449721 78.85421497149486 72.89384376383597 78.75765705274813 51.3681465547742 89.73742015676893 37.24266215245669 71.65178623659779 28.172083067335706 55.54251513839433 47.21041584941875 37.46718494717371 0.0 3.334135123625252 44.270680440391985 7.3258888645713895 59.675320832603475 3.1664720457578213 75.43591459188485 0.0 89.96163440883942 6.74151764079803
