100
119.75719633893539 54.24988680381645 117.10661114444724 72.31067497839109 101.47989826508088 82.90583138839878 93.04035632919967 106.3607293129511 74.81232118045492 55.17010465992291 52.193803735831466 94.12842613124846 48.28566036044222 74.04494075725347 0.0 69.81635644179893 8.353467164786323 39.00139421945762 38.10632020239063 26.352182097240757 45.96247757326992 1.6877535999615532 69.34693369383386 0.0 90.38103589191405 5.387528811374381 104.23287349749003 20.964664440963773 120.89932476417007 32.950066217305874 119.75719633893539 54.24988680381645
56.82079380793979 0.0 72.0002215646051 66.2837211930286 16.62364149444717 62.672475494232145 0.0 22.20252965104889 56.82079380793979 0.0
19.927762488416292 5.488566561454633 30.44779451087237 7.6145341510516005 51.137904940631316 0.0 50.07236780982274 20.215764521804232 36.869622044070496 27.330812851256084 30.41245976223199 37.14159794166737 12.016732144222516 45.051307514362094 0.011427412975763218 29.26241263314415 0.0 9.787230444098583 19.927762488416292 5.488566561454633
212.36828843968635 193.96428777242318 98.41778479340996 142.82512063504137 0.0 20.144383735423276 160.15799533047328 0.0 273.1136428314925 59.08879308102661 212.36828843968635 193.96428777242318
117.0799320120648 59.55086710478635 80.61353254567187 67.52359185689248 71.12968175492783 70.22139498856374 77.80100161786481 102.10101981716348 59.55059712324521 106.39897309623392 45.44527597493685 93.26346551482665 19.81622627557777 98.67771964289811 16.840212356693094 76.62796862704954 25.04266575037566 58.656834323268114 0.0 33.20960557002256 31.257054238934245 28.766137446853932 48.68798910779428 31.603060465703862 61.31062709788576 0.0 82.32195462325866 5.881519818522172 84.36619008956617 34.10381155892007 96.29282041785638 43.361916253277954 117.0799320120648 59.55086710478635
128.99804625366414 8.830505412734851 139.30511434905762 81.44931760397425 266.38215340026545 124.90689794056577 169.70627694291048 180.84106990857333 87.94626984762553 219.42545575205912 0.0 175.48531381110683 41.033582583875955 84.53589013803683 47.2730912449224 0.0 128.99804625366414 8.830505412734851
113.02619250025913 17.04521756217577 162.43476797421187 0.0 212.3057005337489 42.43497221698411 212.60171609508615 115.38216585998174 137.05291258589165 110.63402637760487 91.60624456961463 120.08833101902897 0.0 96.85128775624563 51.646899895995006 19.53295189582029 113.02619250025913 17.04521756217577
129.2095456086313 60.14279531092315 101.07848327146867 70.3075539556074 0.0 87.15229914124703 76.47767068513026 18.75166795060599 135.37680018513458 0.0 129.2095456086313 60.14279531092315
229.26481847569065 172.72259170737834 119.488307157073 146.16049076232153 0.0 134.91613496241786 28.12443347130177 0.0 143.4828592546997 24.998984464581696 233.0357627298313 53.2856620407228 229.26481847569065 172.72259170737834
28.9314410168911 2.7871051497524917 35.22589910029451 11.699371626019229 48.98141679536873 21.777592982530948 25.902716731525118 22.86719513630706 26.004947493579394 33.88243216609406 11.347480763947644 46.839542270509654 0.0 33.64690406335292 16.614162753225045 19.70280313239644 1.2405029331606414 2.396937418900194 17.515143360632536 0.0 28.9314410168911 2.7871051497524917
288.2082032815971 155.661697619746 182.3217295346271 182.56785508922923 134.1227661255326 273.65555578465694 22.590886537435665 237.44665296532168 0.0 123.9196493247241 31.676273513761075 0.0 163.53076187211389 6.614728040119616 194.73536559385522 106.43661874213036 288.2082032815971 155.661697619746
85.76786355955576 135.71617234263732 64.83997202051708 113.46139428180037 72.55534859042422 83.71270302744254 0.0 67.45932909419281 66.04314964045254 53.257524374576846 66.46091931256166 18.00039720188432 93.97350959155764 0.0 117.12509466175979 27.968268930873933 128.68407737053118 48.51636038098525 149.14654940331877 63.88423329540932 134.59077557517534 84.20656330422992 117.22608399080782 91.88007386696013 120.95584095716339 142.558463125647 85.76786355955576 135.71617234263732
76.6603450017 130.38252670239177 0.0 80.21243923767675 62.680211382435715 17.302355106172982 145.01073570197238 0.0 238.22025949172422 53.367878279064165 220.63618278035239 162.45189429387153 124.98838981326192 215.020995026531 76.6603450017 130.38252670239177
0.0 69.82652447526385 210.00534456775887 0.0 92.00343516477368 166.44088111737562 0.09784692043425736 193.84156125169255 0.0 69.82652447526385
0.0 2.5603847789765197 84.23855885776497 0.0 135.3908132326755 32.91199225367405 133.24773859159404 101.63640154184844 66.1342499291555 123.55464282866996 43.843428438482135 72.63663340928935 0.0 2.5603847789765197
0.0 25.220517769110828 56.768271913500946 0.0 108.52853499608395 25.20727176099477 60.77238593911026 83.3068261358408 0.0 25.220517769110828
22.218766314928438 83.94454532192916 0.0 57.16955841533082 12.052652076756878 0.0 53.26251906006416 45.37756804063559 91.28649620189412 69.7253525350933 48.96216761824598 83.36456891117663 22.218766314928438 83.94454532192916
50.172618349177284 169.04017277721562 51.72667209409923 79.61398691179512 0.0 0.0 90.65520928345352 9.378437612611918 214.60344492527875 34.43135280475329 127.99511862327336 127.9065091371334 50.172618349177284 169.04017277721562
40.898147338017495 28.945189654029335 70.68706517861712 67.35253268877796 31.38756715268228 66.83757376410861 7.307203838401165 53.47444274961131 0.754381212985578 30.14221603477671 0.0 2.257657310919484 28.430569880994128 0.0 53.04164432004039 4.872457102897158 40.898147338017495 28.945189654029335
119.72489783489995 65.20027897758618 196.35713759795408 113.28133403040965 101.9332616033056 127.99136983460016 68.94444473085879 155.12023872675246 2.016496644940915 154.98415213907734 0.0 85.1213573460252 45.926036289899756 55.30189155459098 91.4178894700641 0.0 119.72489783489995 65.20027897758618
95.19624870107742 165.57787458792023 0.0 153.89984623155854 82.40572465581221 105.17628142297215 33.21872385910589 22.290695985997473 120.8343994769468 54.29878340515663 154.47522143092624 9.771335230047939 216.45266141944137 0.0 213.55354946272732 75.25898481403672 273.3000411502556 98.22455061534924 248.25657089129555 149.24469505783128 235.30947794881115 195.06141353177333 173.92579998571665 174.20292808022322 147.11181585797493 241.98250049922166 106.89412691496338 212.24497742757026 95.19624870107742 165.57787458792023
3.2576029650218175 43.98684874751369 0.0 21.60755321033595 26.68674320984512 26.721775522331527 39.476637128677936 0.0 63.18828426713996 9.626894210586428 59.991652239526374 35.001834767120755 99.9077960862399 73.00125098835728 47.806373647681795 67.18335486902068 27.265466486179164 77.70226116648875 20.662715272555147 50.921381299363304 3.2576029650218175 43.98684874751369
107.82078781039635 119.38351741858743 18.821731707164872 118.33754483732652 0.0 42.952792348306275 48.52413835455975 0.0 133.85145869045232 19.942454612336448 107.82078781039635 119.38351741858743
210.51973897337223 49.311567123046956 282.80536613205606 63.26791006867899 194.04278106218658 134.43475074446792 228.6223124687719 173.93698131564662 225.30389143178724 247.9604629147861 159.2941911521229 194.8474100804055 120.87389577927473 198.52664406147363 0.0 225.2831610428966 2.743252206438484 134.20798699387439 41.685088850699714 67.78153029364704 84.19429165988755 0.0 159.02809696803217 27.463740847490527 210.51973897337223 49.311567123046956
0.0 26.81328500717285 20.73094591783709 0.0 50.93541958341983 0.37521300916264977 44.235829095094246 26.77739166641844 31.84872092515846 29.434163194139344 0.0 26.81328500717285
47.51582926792624 76.94293420990181 45.295312925443106 60.05532746316278 22.764861983246355 60.354982831683245 0.0 43.81368929789876 20.211102185885622 27.515314394938727 43.90148214152823 27.418476282702827 45.95378572711237 0.0 64.61708140435687 5.296523000829339 64.10341283408633 37.10811860582953 86.60434829195742 25.84812692867753 97.93561867394055 37.703725830273925 65.46490177340377 46.80979695152146 80.72431126901938 61.716990245181435 83.39495508258176 90.01109973040889 62.8329725843954 91.41083600491203 47.51582926792624 76.94293420990181
78.18243183274299 39.398360852344155 89.66566573953551 49.98065994990655 117.50506600156106 61.502925788641036 107.8014705700678 85.01340105024885 77.05372225870914 88.33232885121194 82.3863844440204 116.1281072757221 62.143439915969175 114.70104360889093 50.57397218430807 92.90241417730252 31.471116579901853 106.36960642061237 1.657034300972093 105.78143204976419 18.2030238078056 78.55663410418752 0.0 59.88269376795718 14.919574971333269 44.87201274215418 55.13434447978144 72.0623060865851 42.168377078966735 0.0 66.9339494100467 14.12087374381349 78.18243183274299 39.398360852344155
0.0 19.115963390269528 184.5666105496071 0.0 161.19570094721888 169.55854559065162 43.83090006525936 159.4299987470746 0.0 19.115963390269528
79.43438098894384 37.82503649490118 106.03174808527606 64.0263908257034 96.99777633240052 104.19512295770292 52.440875276229825 91.28316326095421 35.686411729125616 74.0623226173831 0.0 72.02611464844045 2.8591178363968126 40.156050929827366 30.37686726677554 31.025185574879764 45.110569947958076 0.0 66.72423257026625 22.03892488769801 79.43438098894384 37.82503649490118
138.901792303652 94.0305486040787 107.67752000222083 136.6842012250376 93.13781595049124 104.50745519140945 41.45873265171568 79.78904797670508 0.0 8.681954934729283 86.36359302736119 0.0 133.57025672393027 14.502430187402986 166.8933570870414 9.562212761311187 173.28225397034996 46.72569436294144 208.96181403152593 65.209664673919 212.81616220713602 108.07117093526232 178.07788553844057 130.6640199790583 138.901792303652 94.0305486040787
0.0 12.064749087742463 99.88239339934833 0.0 219.84154357551384 37.408299303918426 103.3057583828919 81.76732129593469 76.21932294331683 74.1961210703588 0.0 12.064749087742463
71.2731609799477 28.646658766202933 109.21611115258716 35.529523497624396 92.16138704692406 70.09204608893677 54.49570802474999 73.03377750349449 0.0 58.01493558591878 52.80023444004 20.947129156580885 66.13670098761611 0.0 71.2731609799477 28.646658766202933
0.0 56.86705022131616 126.79478895422018 0.0 188.15428182673722 37.539916741725094 219.56495778749567 131.29433018877188 101.97382429808135 168.48531465042726 0.0 56.86705022131616
12.691686697332813 11.67175643774911 35.370925971305994 23.546260537332785 65.46225399062993 0.0 88.25019136705797 27.70287631143556 76.41410593519421 59.284219122542794 51.318083050340164 75.66691985539009 28.880461290910432 61.503571871239515 0.0 60.95588003350635 8.714805187684846 33.761928695787404 12.691686697332813 11.67175643774911
141.48675096202643 72.27177675434223 103.7823540276274 87.14776612080956 85.64816480203119 93.45699792130169 57.92454525594087 125.77616762056594 34.05704328850918 101.39121018711687 32.72668405756079 71.19703325781649 0.0 29.721165763308747 37.2868910583927 4.949101622075801 77.29948421839309 21.61124165651583 118.02785887828611 0.0 115.4210848120054 46.62464956544922 141.48675096202643 72.27177675434223
36.356488033388516 10.81851156257268 52.61659135329299 0.0 52.51371102415929 16.47614512072431 51.204035121158995 26.489525325251392 64.3771024035861 35.77752562877092 48.98893990288471 40.90524093513061 50.9598807102287 56.833164353524225 38.18093308599663 56.44464148134611 29.296035792543464 51.08587673730949 19.95670461114844 50.408738319395795 0.0 52.671137916367385 21.151151682761807 32.94735437670836 6.671945169132812 25.73775305540009 17.868980348617555 21.029335473507942 20.072299750005726 12.090696517903766 30.325656023363095 19.097666399365565 36.356488033388516 10.81851156257268
206.1747063601264 257.5185341760214 0.0 120.29523504343362 263.62791497345023 0.0 452.8426016527912 206.0513513566972 206.1747063601264 257.5185341760214
199.62447780977885 177.2624635440136 65.8808057547898 173.7654892264335 0.0 53.076313643138846 112.67126422581637 0.0 169.0449710570963 59.132144010313766 199.62447780977885 177.2624635440136
140.54070517441787 175.45702517850333 86.18242495786913 77.65594997788592 15.8781407514293 96.63031534316787 0.0 12.055475559834576 85.50263165278704 0.0 137.56284797617226 34.70319220944158 210.0204215332811 97.94869867420802 140.54070517441787 175.45702517850333
176.08141106356368 195.87901949537977 106.1561572149644 229.5135440661941 27.3625551647971 205.66265644171858 13.751396195968823 121.7760504651281 0.0 51.556843997603245 79.09955850306812 38.41749020887124 108.45248874483039 0.0 160.2774360278128 3.3644313304358064 218.94088270151 24.517411554378093 288.65463330399155 88.2056093220647 196.86394642570593 134.48479099968904 176.08141106356368 195.87901949537977
158.989481844355 0.0 144.4630494793647 64.64374282231105 159.046224669906 97.0786970557374 180.04877310247724 154.90044990264474 129.54905077309292 176.3330737555996 83.95219599682277 150.3313333468103 45.3492684209115 163.79098211033144 21.013822191589895 134.87096932369263 0.0 100.87183229874799 30.786245833013226 69.84199008154545 25.835868562659215 24.01052582426226 63.27040231872101 6.904383722843377 100.92359607195064 12.093274447467564 158.989481844355 0.0
180.90160957884729 102.57899188422705 163.3120212644135 137.65034160716 125.96378712121934 146.26267878648952 104.58466230432659 190.42877109020003 72.99535730378078 156.34408444083135 0.0 176.91522766970292 11.577063460445316 118.63162907316358 19.629702553116246 80.49875859783018 46.22063848471978 54.373605305591056 61.52342941492479 0.0 104.77823747789874 42.55976703652208 158.58391067129253 13.950790910415819 191.7951679521144 53.821720919174524 180.90160957884729 102.57899188422705
82.76781800898688 1.0539365660961053 102.49661460652035 11.436110615406697 116.259649892577 22.767527961827064 152.05472339130398 25.38918938715053 146.6734937959684 53.253831002431475 122.79452833676622 68.21236271771667 109.40483233435576 75.98331342317454 104.53792744472909 130.92908509380993 71.00253320426636 121.22888277617722 56.58746640590128 88.67697168729353 35.03975071225571 72.93794034394116 4.103071404689771 44.541942372227005 0.0 0.0 58.356356715235975 2.946971799181661 82.76781800898688 1.0539365660961053
84.71256394206644 182.8050888699027 24.891720938803232 169.35315202010634 54.27448892632649 106.6718506565204 0.0 20.269838986171763 80.71676691991107 0.0 131.3154277345073 48.89228570891948 228.27938970093948 55.362021970378734 185.89326416342595 138.13131408313836 135.5097108219848 167.4851157987689 84.71256394206644 182.8050888699027
55.628468446194745 77.26005832950507 0.0 68.34551152952646 36.85240577043197 32.50809137027407 60.63898209564982 0.0 108.75751330076329 43.55014526795675 55.628468446194745 77.26005832950507
198.53025702418165 238.5828136326229 143.81786345241017 263.79919039476977 87.8475112220365 258.82270565309545 89.14269180459013 184.51745455503044 59.07850454668841 165.3801595787466 0.0 94.30564124108548 63.48780237386367 52.07052789908168 131.39329311609177 0.0 203.8447541244147 45.48343703856628 158.97352082151585 145.4817433596457 264.6712150275919 195.047603566627 198.53025702418165 238.5828136326229
0.0 99.77743971632941 43.709652595470025 53.871087838443806 29.87185585493691 10.22643180363773 70.10565488791192 0.12437316307733681 105.12843035602337 0.0 146.18138605495156 8.299635675933587 171.09837526555393 49.97827999784777 176.0451827753956 105.70471639968252 134.45951814860035 136.868703660196 85.07620612594705 115.57460224717678 22.983475779819848 154.72732900146434 0.0 99.77743971632941
0.0 14.733689198581025 130.79925958354207 0.0 240.43666728495265 82.60183931571856 82.36982943542188 158.0190645322263 0.0 14.733689198581025
111.2664594236243 39.46184516043187 163.71921365314657 46.06593220392599 170.38490537655315 100.20062810479456 207.99022794314905 185.96330289242132 105.68832491609544 104.59448024516186 85.71290232274359 137.37398334667188 0.0 142.3519753775186 36.622300576607984 78.5225743985865 39.48594833447501 0.0 111.2664594236243 39.46184516043187
0.0 160.57844085635827 50.12218024410831 47.05644359014441 149.5336178908853 10.186126756822858 246.22327515858143 0.0 314.31305352865115 69.54453891287747 413.5996818301252 173.32614161947012 284.6110676068165 238.2979250354971 194.08351890240033 271.5293630949912 139.8336166827272 195.74708081789484 0.0 160.57844085635827
224.56144523867573 15.339212882262004 205.1910733549289 85.7908141291413 181.71210032692966 129.58641932500865 138.23615913246323 141.1592444409535 46.329005356787505 196.42580187901478 7.064552264849738 113.64276293892787 0.0 16.708195886630456 122.74097947136153 57.10612031971674 154.88095727113657 0.0 224.56144523867573 15.339212882262004
0.0 274.708578357011 30.218982366852657 137.55076325558028 29.67914706847955 0.0 141.85075742706647 76.25771661677473 278.47131009758925 162.9829971920725 151.0750089857513 270.7890007906834 0.0 274.708578357011
70.37382113687185 220.35613251274305 0.0 159.3367017361203 89.92470368334286 111.12374672531472 103.41395086383628 40.941999232318324 182.11596814846143 0.0 241.14344364862714 65.07693852719058 261.8411137461968 135.758152179681 215.35678622790624 184.29379881527245 192.9529031626217 234.14706607574254 144.85700077206658 192.49502195031616 70.37382113687185 220.35613251274305
67.636845379944 43.904851309304775 90.58189504360944 0.0 130.72676207436746 15.877394021703054 134.2594088350173 58.13385365623138 176.72800918530885 90.85797902623364 134.61420138924817 118.69994314345296 112.6874330952144 168.01171887938904 77.68629641992446 115.06587399135394 25.233601112652394 129.88310328980185 0.0 87.84384334186383 8.02121160700949 40.36310726216593 67.636845379944 43.904851309304775
148.2134091112241 225.05844205228902 33.59256780346331 166.22921331561145 0.0 54.547713940497474 84.63500852557594 0.0 145.0352703096931 44.391746767060674 225.9123109933749 108.49350188126898 148.2134091112241 225.05844205228902
119.60653562220816 187.11065066613799 39.004646354261325 167.99585809734066 0.0 75.99840296017094 65.76217057337891 0.0 119.39119052694987 97.89018070039478 212.3529941443868 81.26480911339134 182.0698605715632 151.14908780704133 119.60653562220816 187.11065066613799
267.78164333637585 52.244824499550134 178.6061043651319 129.30953429664845 204.579938690395 195.61860069337098 126.13125264116324 158.79918909571404 96.55164838367497 185.01328271847467 42.116273645619344 182.6201721256416 31.306952340269035 131.47631554409594 0.0 68.035320931473 47.11778559625975 12.892206840173174 116.53216884931778 22.619809184947485 197.00617028131288 0.0 267.78164333637585 52.244824499550134
95.95998922374869 155.53164182612494 82.2081858815974 129.654458486272 0.0 124.12473422542838 8.120154811091226 61.44577884782255 89.02047136060352 77.39521075500377 105.44168982820268 21.479694653851055 173.50017475634291 0.0 195.8183225819592 64.41768113021278 209.57521446268333 119.66423543121101 158.7705218971563 146.0727758125566 141.2370887174723 197.13234105089265 95.95998922374869 155.53164182612494
216.52819735506364 182.73478121561527 183.38599916661715 218.6778432353774 154.15156308442414 167.85423324181426 125.18603849480854 158.93078122111007 113.69979077243184 131.40198076339672 0.0 100.15827918340614 80.16985077376034 60.32604712683308 162.8704396271158 89.87791071079913 146.5826396119641 0.0 185.13355407152204 47.589544167397264 215.037308199269 42.76855820929207 274.3462755134336 40.58496381415745 272.8654348654161 91.18218149883302 230.5842480002903 121.2860946668833 303.984863257156 207.73990370715467 216.52819735506364 182.73478121561527
27.012861302247003 83.07563782096454 22.421608914620172 55.67613094928925 0.0 28.03073095851044 28.44525042340087 7.8320010489443845 71.12453713951324 37.082625442028124 74.03306148135434 23.490755152870825 87.65446815069477 15.201817935653814 127.61192249606391 0.0 111.75027353347365 33.86984913060589 130.47258159472744 54.584730629097315 109.46273641333072 69.54780449483198 115.03211665985249 118.41722430713324 77.05185190665831 125.13358092544726 54.94274144087258 86.09378525716383 27.012861302247003 83.07563782096454
86.75918684836914 216.54196041864665 72.34159854697363 154.0508578485084 39.37960769563084 110.2441838526366 0.0 0.0 119.50180464659172 57.52688544647661 146.77004394936353 89.97368486632179 219.7400920726506 72.78084744857834 319.4205971205905 145.87184519016705 201.352019473923 188.55465379188217 138.8753313575338 164.2953856687762 86.75918684836914 216.54196041864665
76.19969595503434 49.5520148889578 78.23646170382749 56.884108722895235 140.3786687769958 63.266017843038284 124.71661763125564 91.03940351317449 122.2534397363882 129.58712436498337 65.68896571452633 71.0538344710117 59.700113554658046 96.92528455096705 32.94773349013346 116.70991441544358 29.074326298372995 88.32167911304852 38.39856589007388 68.84559035151611 0.0 51.98663902245373 25.92449056359351 37.820709769283994 44.9328130543107 32.96529368660852 56.022282218252116 0.0 77.20300026177131 21.432448729940297 76.19969595503434 49.5520148889578
26.926124913477963 56.25552735234582 9.403358407186431 60.59470232577205 1.3763258143755195 44.81464278239501 9.472727303610242 29.557138894600854 0.0 14.737937768263038 8.491964663939157 0.0 27.228318734542455 13.22626207365083 38.72676983890099 2.797788816328307 45.836688965875695 13.592801617295777 63.004202579645295 19.294678932518437 37.984659004182674 30.56286748171854 55.406565634300875 51.03794401659904 40.51313568095365 56.34403022140391 26.926124913477963 56.25552735234582
43.42977339832541 5.644452565605889 46.407684692726335 17.240489425883013 57.152051167807045 20.97482614239057 65.04123238973274 30.7661696401438 69.9327612984048 47.51891858005797 55.76316072934516 55.161424829794626 38.35786967052668 44.37894485674887 31.321950339833933 49.433450892073296 27.95920388616841 39.653598350999275 13.425621449849771 43.91038027419292 34.342769335700964 29.82876321222274 0.0 21.43163525457659 4.537196487540044 7.0801822728340795 18.158925910473826 0.0 33.19379009775592 14.046918418155727 43.42977339832541 5.644452565605889
167.48288130627748 76.14180308873867 195.48846196976746 133.55241680402025 111.6458863663044 132.31581051094946 87.30656239856751 149.37367272263788 53.34101279370687 170.96170155622764 38.015969011637125 125.7218974247467 21.455417239723154 106.76501519776542 0.0 80.19286231083842 6.8651709247801875 43.36136844070172 37.728691253556036 26.607876205550944 71.95378164245037 1.3205972951994625 117.44376966928907 0.0 132.54949544043922 47.318183623505654 167.48288130627748 76.14180308873867
92.5592837369279 85.03947042526522 63.23525664643482 105.23671165738486 34.96452590206822 87.93812587690022 0.0 67.55606656476138 22.480049411896857 35.24114016721226 35.77757294950452 0.0 64.19830353524755 35.58531010663392 105.56211199722206 18.0003345317212 117.44601714900601 56.97990672098194 92.5592837369279 85.03947042526522
183.1056254230442 126.48358170189344 174.17963712737873 186.52085138589496 117.58140442713079 206.4081161395282 61.142078393907 178.2812281864629 0.0 132.70319630004224 31.372052660016422 58.703473902456764 94.06035787306455 35.55882312555046 133.54352605285308 30.67450403658448 173.77754595907925 0.0 194.1946960146614 48.93866645181294 232.30460865328402 70.87995193477177 215.07607049947086 109.82562948428355 183.1056254230442 126.48358170189344
37.43137282690388 116.59565916965036 47.27539397406805 58.587010107054645 44.24458450436157 52.05818742816955 0.0 34.393922758028644 38.31528025849303 28.91720492394567 44.15873224840402 0.0 68.19745087985393 4.859018086305028 78.09385009475072 27.20350876335862 85.93935501040615 40.204991099994395 122.61449540534129 65.80172139293023 101.95349764406913 93.7450365249762 69.44413709033861 94.28776409818678 37.43137282690388 116.59565916965036
75.49824756482278 238.44298794881246 39.32934890865113 153.13334801742855 0.0 112.87536080921515 4.443146058610068 50.394349019923304 66.74610614376994 43.09252541474606 108.86952420613935 0.0 171.5190900662773 18.441685332082713 167.30195795646642 82.26005726159045 253.75837523653675 172.51335610780745 174.20301079700562 239.7960942958782 75.49824756482278 238.44298794881246
40.198617669100315 87.64005257443887 0.0 72.76667348887437 27.902812277431792 40.94278600296647 38.69897627143443 0.0 78.11077883224392 10.975082010040886 131.65020312942426 27.81263438808608 94.39931452521397 74.05208734388006 69.90332632203274 91.9996095871108 40.198617669100315 87.64005257443887
0.0 116.50271146183195 58.6566871552576 84.32695161819106 77.67296268018663 57.34403622798622 110.2685161064558 51.46937789274035 146.7922083152157 17.384505530000652 212.77760603361736 0.0 170.06072353117418 93.53104072881571 179.48863236439973 115.89185667198701 198.0935653859206 151.04543487526803 160.5946530714324 159.80044154142115 139.35186033203954 181.60512698494279 114.79986900484143 162.1004531553694 113.47674276133222 130.81136825573273 74.6307657287752 139.65193886168478 0.0 116.50271146183195
80.24278232366764 76.80192710229534 73.40104089487846 0.0 125.90499051830322 45.18864571857891 156.7494607038724 45.98797487539066 144.13578646332354 99.82293530574785 205.0797229753286 92.555516675158 279.94193498844476 136.40576792703672 193.9160953548806 159.0641172620964 147.00839210000032 151.56864448178956 133.0041774249354 164.82255397421656 104.30194236454106 205.29336413034005 97.53317435833691 150.9885014771822 72.53071626348921 145.27661191612694 14.535228130099881 128.24898676166276 0.0 77.2908186188269 80.24278232366764 76.80192710229534
53.17984221748921 113.51868645474642 35.54550125165527 100.35301351410814 0.0 74.94925399664163 12.637608845977809 42.01531080925634 24.648794680859048 0.0 73.63174408247238 33.9725969491649 88.5013448148587 66.96972275752515 84.82483293577698 85.66151027460973 151.6396460085427 44.66439299788788 156.12403796981246 76.12704315796445 165.18699035251402 111.17425212420316 183.16248348309523 170.4331671167148 112.25853839333982 143.37564315617797 85.02185321454827 144.0271098890951 64.68847942646524 130.1553399419945 53.17984221748921 113.51868645474642
0.0 75.55732651834933 40.43548247815769 34.57497938019052 132.69984281612196 0.0 215.7584798404313 122.31194702151319 66.7918928527782 117.41391277689203 19.232621900086485 128.30536589304484 0.0 75.55732651834933
186.26029891257073 4.0744252693295095 309.9127346597777 0.0 322.26750479896737 122.6829912762752 248.24688317940553 172.60759001557273 105.17013556561855 255.23723508013467 0.0 75.07618267016494 186.26029891257073 4.0744252693295095
54.66865228812395 174.33003821095912 0.0 16.059899141682934 169.72525893602491 0.0 188.79330117820533 150.80564043458864 54.66865228812395 174.33003821095912
83.15608616017468 21.01211183375672 71.82488243933048 74.78269500047642 18.658262311022128 81.38172167917074 0.0 43.76957834619883 24.93647942104957 29.16306254570162 42.10646437620625 0.0 83.15608616017468 21.01211183375672
58.53922631536001 60.06218943589078 55.018865405253905 91.47367387666728 32.023941905765426 91.91154145123195 17.051692878196164 76.51665121506198 0.0 60.91555464280585 47.35890422915169 46.1303311551143 14.801970431631048 17.198033133336146 36.75346099920414 15.656037954010607 53.54073644517443 0.0 73.88535278143347 9.419910789147124 51.41391130672976 45.04938406458394 104.72479356353276 46.132362436183065 68.97528103501672 57.089411382496955 58.53922631536001 60.06218943589078
10.623354046687695 193.7883736632519 30.24531964969504 115.16579139733622 0.0 0.0 111.62093231800023 36.708881256797966 142.42782438739425 99.83143252383027 230.51612326747198 215.66516126854782 97.75732306818558 213.63793168688684 10.623354046687695 193.7883736632519
0.0 138.76046493469417 40.816744291403495 32.35630364382519 99.26327816873889 0.0 166.71122247802188 48.141049915926835 130.62564439980605 143.16962695069876 0.0 138.76046493469417
38.95851833451442 94.8868252173286 32.94722727610517 80.51117073551305 17.617250160392445 60.71433730330017 0.0 22.645731917207854 44.961643474417954 31.948964256633147 62.08483276710378 18.148867767213154 89.06157116690503 0.0 110.45338618933744 19.80996056444335 115.70128394442534 45.268137622991816 160.8860649855306 56.92944048332335 101.98990051643321 80.19784621186477 102.63143574318683 95.17212634141919 93.63416877247201 107.25916157513532 72.83009130924503 73.85131110395437 63.27019607855986 119.1393633470947 32.40707370343935 131.60279032271822 38.95851833451442 94.8868252173286
127.12252935252178 187.56909522812055 94.89514056624776 119.08530210839716 0.0 103.73839125030695 37.998906571391814 31.91228319749785 97.90144192188319 13.877789400147101 138.30308692883142 0.8308208162052466 191.18123730794517 0.0 178.87479831620655 58.92996757442991 235.1743593373329 109.43375384285612 184.72334621543718 144.4940431895717 127.12252935252178 187.56909522812055
86.80575311894088 138.79871722159993 43.818768470286756 111.4394154574509 0.0 49.08594093006067 66.20563351228358 8.58008495192378 121.23370265130553 0.0 169.19940833335346 11.165429391031978 217.4286524020427 46.6996016325123 214.5013221138909 104.58535172814587 174.5715680752969 142.15744804165942 129.04718969255538 172.61507287872462 86.80575311894088 138.79871722159993
0.0 132.21882553015593 65.5895669887002 75.37285220337172 149.66046314463583 91.90811727753689 169.29836186421096 73.78247805758934 218.40096801701714 0.0 191.53342394071697 122.43875192462909 296.22152473282614 84.04241165679264 325.78676828236576 140.3473151375012 243.03630280992786 165.84462368945674 238.17430250581936 210.74507049215924 215.08665926922671 313.55333809894506 158.87761334547866 219.68738822785832 56.16462051814102 286.72100434688116 87.94866246532803 179.54033831002965 0.0 132.21882553015593
31.5527740389264 0.0 61.84736642671945 9.893633430077514 72.48305978175786 44.274680384975255 37.119650251752645 51.83133889121315 0.0 30.423147869400324 31.5527740389264 0.0
58.02708695670944 14.408251323444432 43.742581386769075 53.87513626895563 0.0 38.09661807196679 7.8423543446977675 0.0 32.66435785021349 9.194016498466368 58.02708695670944 14.408251323444432
114.08847977104884 32.701059579405076 144.83094522406472 16.185176896932134 195.9230833361903 0.0 270.51357419609667 19.565008443022407 331.5305012728709 98.67536818864687 225.17463175936913 141.81951980978158 177.16643801470974 157.93253766974425 130.64250592522467 215.56449461848757 72.96512050623122 188.38961326589396 49.71674432505438 132.04087486838586 0.0 78.47935292214584 17.162285579889954 1.1880889141102386 114.08847977104884 32.701059579405076
0.0 0.0 133.6990216914321 19.76697361714575 212.0585561369962 124.77870796549918 98.35844919153324 171.25278950363546 56.496723811049094 115.75256391593219 0.0 0.0
45.98994396394204 19.6856690720658 74.5509760390067 25.92113472620759 82.80932365161392 53.10098436051165 68.03977386775274 76.51921526046559 34.24086578435772 61.025287424698185 23.341147387058356 57.081745897793304 0.3048699404814528 67.09836199074726 0.0 46.412692869031694 10.750474997852677 34.105754383514444 27.784154264615978 38.33333342366101 19.581816446381453 8.961535619708549 37.976020038558545 0.0 45.98994396394204 19.6856690720658
302.2184831934985 96.7344230320714 206.84836672756387 301.1299122976666 17.021416182086483 287.10112107167765 0.0 138.5227405893993 95.89703918961277 0.0 302.2184831934985 96.7344230320714
52.145831025041176 43.29731683150095 35.03895472316488 58.029647456076106 29.704625665016607 46.086126714423514 24.035380618185172 34.63066812216057 0.0 7.3163818668078875 35.8193893938646 11.395197588806766 45.95422546052727 0.0 57.96112623739914 17.931918305377962 65.61671583614597 19.96035349564481 99.92038409867779 11.580760802819427 54.2230909557513 34.870989343746956 83.8650325835566 48.4206910583698 77.09405162079854 63.35876106745128 61.83382115544106 70.43145738668902 52.145831025041176 43.29731683150095
49.096591747069176 7.714096484801779 92.17098802827255 0.0 118.52193012074022 39.80261675844025 83.71333437313314 71.05500010953921 65.436093394393 92.8079710337433 45.585261787845376 69.35750213278756 0.0 87.26186744507389 10.710985063795214 49.88595488952565 34.7266275862656 37.35120299687952 49.096591747069176 7.714096484801779
176.85232322232216 61.42094200777552 149.18892205245467 109.37669954936754 102.48969414631271 142.3212189555295 80.20033384340078 83.48841196631976 0.0 63.440962881749115 64.25660169914912 28.003481220588824 98.59354338415262 2.2099102296352626 161.58201111044286 0.0 176.85232322232216 61.42094200777552
46.70079638082893 32.55699985454633 22.464368502292615 37.40974546552704 0.0 23.398902056001575 11.798346378670317 0.0 29.666282997124412 5.941370712139403 53.08155706374765 7.060119906660518 46.70079638082893 32.55699985454633
83.29060487627817 0.0 70.96595022696462 38.186981238360545 60.060938925766905 42.599929915930176 52.629072671946645 80.85691018750539 6.287272834432883 69.32856717335339 0.0 19.18943368577584 46.462977183939856 5.713827060560405 83.29060487627817 0.0
58.227018096705336 39.568192184195084 107.61450254127341 0.0 127.94785102919586 72.92495637951538 196.83231863173216 85.40109563693427 159.66903147126732 131.62194421810747 134.81979357279602 163.6202914662902 97.13218483727702 139.7715858184746 52.695644138413115 160.3920980220849 21.23844440679902 123.15519390681881 0.0 63.760155484011 58.227018096705336 39.568192184195084
125.67708579249265 131.22970304148788 98.12434742824667 160.44350509791082 24.823171739038415 193.91991898834647 0.0 112.33533727709501 79.43815571845569 101.85696829476242 114.75752820470284 0.0 238.18662608266368 43.498867887243975 125.67708579249265 131.22970304148788
178.27179754440232 0.0 247.9971592137618 40.34938902333913 239.53274903151663 154.9189346924959 144.67292695131238 83.69057417198461 0.0 79.70061554117234 117.09602575681131 2.3048694079535252 178.27179754440232 0.0
67.62158268148511 40.09554421641853 87.65505984296311 5.847121540858566 103.73171171909473 29.06541588998944 101.51629777592754 55.25082121955839 158.3027090174742 58.52641948662318 135.76211345500604 87.05827252466456 147.99453997965892 127.3261938826406 87.90104650473124 96.48196473390085 87.71490321821493 147.86948868247975 63.00767881003267 120.12471391477929 35.57781406911042 127.50748980409635 0.0 121.45708693320152 7.228745976534611 87.01635834413071 12.914140404498426 60.98171696276955 22.021076398730912 38.515018405955416 27.336728871847242 0.0 67.62158268148511 40.09554421641853
137.91790910832154 204.33040260503844 0.0 81.86866334884667 162.9161522014264 0.0 237.6544536112844 109.47284868801762 137.91790910832154 204.33040260503844
