100
0.0 42.42192986566958 168.01613126821672 0.0 259.78158693486637 37.0164738446647 251.37325928360988 143.16769809697857 114.16811605106705 197.63572827698684 0.0 42.42192986566958
149.35446309977482 21.088146577211077 199.78962521516934 88.62153164838762 159.23539275576024 182.18175853129603 81.90772237142707 132.68895139493617 0.0 88.92274093256006 60.770493071403905 0.0 149.35446309977482 21.088146577211077
34.43255488956143 58.08791399175432 22.1919915618205 50.23832735169506 0.0 37.08666950657171 21.69827032445849 22.82080987024908 30.835541875339175 12.806465768531282 44.537502029645395 22.422693937267567 61.181823350332934 0.0 69.94900819417172 15.95270575855578 68.94774777373684 32.01242658583011 80.94274985138534 51.29086242699967 62.063079714840114 57.834609625952254 46.691738845979415 48.468806073845286 34.43255488956143 58.08791399175432
61.40516161339451 78.16106488203522 42.46762787695312 84.761988175792 0.0 108.67679258352749 19.486636311872502 57.6788403048269 0.2603770444512179 38.86164138106489 11.779523216634686 13.38718997880077 36.71409907935842 0.6698626626942783 64.70105488716798 0.0 46.003896768447305 48.36660852082074 121.25799551823229 42.27054377270186 105.52475288460866 80.62964112745789 61.40516161339451 78.16106488203522
25.524175069707248 15.81913709198664 51.67798226820181 0.0 79.74280564380592 17.618515964559528 82.03577419981866 47.276961436199066 57.289260670450226 56.278497704639044 43.64722725895603 65.09402804012487 25.164632811222738 59.80297990297988 0.0 37.69066428298529 25.524175069707248 15.81913709198664
260.428450524698 121.25799085388113 232.2061299441327 168.43391484808643 206.78953084240877 209.396699719195 157.51977672574878 205.55988415220241 126.16171182909622 184.490703746578 82.13900683043937 199.8805078302018 96.6750976513177 147.46208706222228 0.0 131.5713498481357 53.75462106759379 90.14484818161228 114.763808792728 102.26400497338268 104.19969605168546 0.0 153.18225511778115 46.22093803912139 173.26718249453953 79.28765325117763 189.17745388110407 99.40978961276504 260.428450524698 121.25799085388113
65.85436669777272 224.2702284499061 68.4389393552363 154.16485616005068 5.135452295930747 146.18301107264742 0.0 95.85395194080235 54.35621526971488 79.30877286197799 77.03779216729257 50.09478876471107 119.08041946041564 0.0 181.22078374329732 10.241675574341983 228.60462208315033 61.626477008884564 274.71370295589463 126.4500317914969 186.424097503114 169.30663056244063 183.66163678831435 241.0393659364067 118.12034507931963 249.83801234484753 65.85436669777272 224.2702284499061
29.35795837879263 70.95683180743661 58.385451127831004 19.264909240621748 113.57135605193211 0.0 161.26853386286894 16.000540186499066 183.00726398574412 54.31064394917509 227.8368028542161 99.59271519629063 176.88762356275674 132.23667818996475 143.4017381419314 167.71536491253232 75.80734933288164 197.5336946757704 0.0 156.80460563451703 29.35795837879263 70.95683180743661
51.53926805774903 112.54050362751195 0.0 94.54341172750082 35.714583447732466 43.69651629596785 59.69363963443861 38.56135978657611 81.0921869950394 0.0 124.45495691292486 20.00093905318561 155.3228485248618 77.32692183878919 93.32619754878156 98.5433220789707 51.53926805774903 112.54050362751195
31.302666555921164 2.6146762997856214 53.382611209692385 0.0 77.49988560737117 6.9911900339569755 96.00166371100184 28.824519221755672 70.63199429206676 48.748113522324225 64.26442415047933 65.18191447357498 48.20537711410742 75.92824871543809 25.69653560897163 73.89726648068606 8.162688960182464 59.78239995319196 0.0 37.33951108660947 28.432294785781238 26.92876748314965 31.302666555921164 2.6146762997856214
52.35854766849547 23.696652041539096 86.58893654840324 0.0 120.26932242810315 25.08422352701814 190.45059956766104 70.46305830153318 103.81950158746864 76.41425773647259 63.118243802219496 115.02715778194593 0.0 76.90484397736402 52.35854766849547 23.696652041539096
212.6621799940823 32.815479025374586 213.33870779249202 103.68485188565374 165.11880311778108 137.80205152979804 143.718492902938 189.06376916123602 87.31475613455873 184.68923414174984 24.171339015857086 162.7848640525128 0.0 95.45705501615717 35.02990504167872 35.80080327391499 91.9446831327787 16.784110981904917 150.24051123053292 0.0 212.6621799940823 32.815479025374586
54.40415344370557 140.0346321991012 52.050577778556345 84.62939169672512 25.575742961079982 76.58269792790068 0.0 41.6840207998559 18.31479272624412 0.0 64.309938188891 9.509250349737172 94.197298292805 17.160086927602975 140.59684436221946 22.918185041121767 154.55702590019905 71.48767591017697 99.9856306174705 89.30392374602954 94.38337410738303 133.97503640736304 54.40415344370557 140.0346321991012
7.519052952440177 146.7900746609607 0.0 39.58920511828673 113.04435436803254 0.0 235.0848325399223 46.6950138710107 240.9446024747494 185.47784695287774 130.2572696703734 222.10946742530103 60.06359677088474 200.04793521609264 7.519052952440177 146.7900746609607
30.875891159509933 0.0 63.6167477499202 19.05688206197493 29.883944008074295 38.87954487635659 0.0 35.04250236898892 12.780638926861954 9.955857950595927 30.875891159509933 0.0
87.49527045631791 19.02519211260909 67.6103570886624 37.606235475314406 57.40699323691419 47.13013033300922 51.56277816138547 61.08784406297215 38.14702232857326 78.81258951342528 22.0773020464556 62.3492702278935 1.6849163866446872 62.41240006085897 0.0 43.232777938112946 33.956286104547985 29.07878441352966 14.05467292868758 19.31647929009567 13.479596545859735 5.131984145461473 25.557533362867275 2.2670121294446517 37.78266713746841 0.8847368740848935 51.22668816015582 0.0 54.12930184490153 15.352504082119822 87.49527045631791 19.02519211260909
149.56603474420012 24.777114625898115 179.37045525259043 55.11405118403601 154.44586463896093 87.33854025043814 125.57052664818119 97.62714066266795 101.92986317392884 86.37067435061303 48.33748693061056 106.74117352309301 0.0 66.11172876722381 73.96257218907525 35.59530214761124 85.38789095731653 0.0 122.65452438079599 5.910295199936698 149.56603474420012 24.777114625898115
68.6385573566739 123.48082621459895 56.53508158969176 163.66466302293773 43.08193434328204 125.84449792031037 0.0 117.05264605488281 45.02267835557136 101.80977339213986 16.94036418698073 0.0 77.80658477560758 56.470577128557 132.29553447601384 69.26414991387288 180.0007714551268 136.71821031279035 68.6385573566739 123.48082621459895
47.15004533813392 0.26760089094671 46.3072385728255 22.14270007011598 66.77715555860502 34.67134774394327 41.82092122899567 38.13923825761684 37.00274374743988 61.90409664171111 32.90261039029471 28.885738220217746 0.0 46.09863675072512 15.97974936507994 26.355639962824583 9.124999907726476 5.710704387565102 28.131545732357623 0.0 47.15004533813392 0.26760089094671
209.25394793692553 125.61125900617797 197.6179630014055 163.714463766346 158.3923869821116 165.2239121550332 127.98697965300589 155.57155894189805 90.79028062550992 153.77737540523827 53.35476499129017 130.48618980667572 104.39732405025798 90.20862280439651 0.0 12.401630663058938 95.9088230961068 27.50498768164681 129.32390529221357 20.643617006041097 163.13605540023406 13.780317493083885 222.88372784310826 0.0 218.17477766249266 59.00503359955776 216.2196543395551 93.13136372043822 209.25394793692553 125.61125900617797
53.56583908593281 58.06401662184994 25.30411450982757 67.08659569659466 0.0 34.27313675245214 25.15938659270202 0.0 64.11763204031041 4.034768433771745 87.72541081891848 25.08826628682798 124.2196136190986 60.457442746062505 82.66433527848005 88.05275520389503 53.56583908593281 58.06401662184994
0.0 104.35203217536136 106.76696112737076 38.0935861119016 165.22227140394193 38.246951697051216 180.643353114531 20.652191723122648 212.34248534508782 0.0 259.82466393984714 2.8055088027807145 245.3364056816817 54.585349041892954 259.7838318475943 90.42899237258067 314.44801847438214 213.1619012011279 212.66717995379196 177.39232350177747 166.09531944080265 133.96707586605527 58.001693581794115 184.43769112981556 0.0 104.35203217536136
6.413328801873831 126.27057912920615 0.0 36.22712730085837 82.61838088364806 0.0 134.7509709748764 51.91245146964209 270.93204388189264 111.12816692740752 172.51394116542426 208.06391936302595 54.20451107284924 240.38282213032716 6.413328801873831 126.27057912920615
14.051558230892383 47.1760541578692 23.690136914283585 37.305460206581515 0.0 12.187347981795057 21.39121576749453 6.139549505589002 40.89238772411065 0.0 59.187137451525075 11.488586267430264 72.90133633387403 30.38996194308305 68.49583031050143 52.89590686704287 49.29682329858713 61.63852946372748 34.02126798019482 63.175551374369604 23.3290625885261 53.85758157809954 14.051558230892383 47.1760541578692
298.84367133517674 199.7847731495322 278.34353764689297 253.22677750077733 221.59134007297067 258.0672730638122 155.16880064233547 317.6840200992398 125.20171441706756 233.9469400287579 44.66379678355162 206.4317840475693 0.0 121.13021548473473 166.96724984541817 129.85501077740537 136.84649710392583 7.629517772853944 210.1037362337451 0.0 248.60873270136662 76.27591183003703 330.82382105272745 76.62342161070305 354.0022033433547 147.96718663899622 298.84367133517674 199.7847731495322
180.70625334642983 132.51852627634105 117.23312616734893 265.8402263849997 0.0 187.50533718988848 125.75007086683024 91.14390695360534 121.97400581555209 0.0 209.14864813371292 9.574893586725935 270.2344043474561 66.35418263962401 217.07292700532128 128.45195532424106 180.70625334642983 132.51852627634105
32.96395374079998 0.0 99.60790507115014 2.3481687223837113 205.7555448181642 35.54923907261519 144.33867944576855 200.6619202563317 0.0 108.18339600501196 32.96395374079998 0.0
45.33557142009211 54.017196629977676 24.270915947541866 78.94371292678503 23.173828087497583 42.73271361288819 0.0 29.21718361834064 21.396017227394253 18.641984727843607 32.636296588040125 0.0 50.61516494822828 12.593266224101967 37.66313425108463 32.977974801098824 81.11351899458192 53.963090131840104 45.33557142009211 54.017196629977676
167.50866306458917 269.210688742702 130.9785461948212 245.32468697346542 122.71307066660866 200.11978014477694 87.88678682851548 199.56645641335717 24.281133003057818 176.0482888152681 0.0 111.36271267114385 45.629762919514945 63.39302779717987 89.47969205243666 0.0 157.30830940596678 29.426217755684206 205.4430919687975 60.010851496635155 308.79789418933115 40.820190100448244 192.62030308668068 155.89882522992463 231.87672483386416 180.5862877623439 252.7284816348232 233.8063081638866 236.3373634858436 295.6755863898053 167.50866306458917 269.210688742702
0.0 102.28650407487666 158.42552816129205 34.21256366490372 296.0734784915245 0.0 232.52901561742553 123.95940885262611 131.60431753456572 258.0522606136275 0.0 102.28650407487666
270.66794690708684 100.72377379322768 207.47464319649293 247.25467877647338 0.0 215.78716099569164 98.35033797976831 0.0 270.66794690708684 100.72377379322768
67.45867398483772 179.29919629567698 37.376328514220646 147.5712089928529 0.0 110.57272687154622 46.04609594337529 68.60780024142824 73.40751762276706 49.28652699580294 81.69032682713551 0.0 116.9021601137853 78.48639604325618 163.76839378625175 7.056033094598831 183.37641022611268 43.450054980013654 202.33455500270327 75.89231332600593 216.02000469675863 117.52646920442821 167.89817163229526 137.2166024782968 156.326872000992 188.65048655910903 112.3044417925198 172.76998235657453 67.45867398483772 179.29919629567698
15.618064804909594 0.0 56.076958413821785 15.933343763355225 71.7513841173278 29.024515576783145 83.24747748416392 24.057794094442357 95.38003945567486 28.251142430970987 116.544675568891 32.34941117983816 158.01060759507655 48.26628438293953 91.60985938168027 59.45268396133743 97.75998390428211 75.1892841722685 99.69269608283307 109.05921705395254 74.25928981694994 96.17695671919746 54.798734737719826 101.83307625174619 40.04509785377597 89.0709615651714 0.0 86.16507288951262 51.17315191351639 53.827283384529 35.83467111499788 39.05984630856726 15.618064804909594 0.0
68.0667752598081 15.721977700998814 97.86735982042953 10.134203718426456 119.38908459835417 36.638119170849045 98.9304236774388 64.13372101250786 71.23060564558614 59.33767248142836 46.478496498243814 89.23796784243618 0.0 77.37255910310219 4.145337111445485 26.769806171954606 34.651603001772116 0.0 68.0667752598081 15.721977700998814
9.409054932594046 30.379569769602334 23.96421750464365 15.537050625172306 41.44247753813594 9.461652426351982 62.48741719246541 0.0 93.99233163142517 5.371744251201996 79.92461214950313 37.80746217271879 81.90775913238915 56.462283956638124 65.9550122572517 67.02272492074252 52.37552208286828 81.28337924698096 34.32565018649107 75.14000660276665 27.80571197751747 59.421112565981 0.0 52.13959554180327 9.409054932594046 30.379569769602334
28.56499801581765 73.33669747869783 0.0 35.04836430549508 40.03478018282972 10.060023986941879 71.90620689386374 15.531297714621921 132.16984683056774 0.0 108.72926144876041 53.015360849303214 112.53210997255 112.44355916636437 55.11428917549634 107.1874280484123 28.56499801581765 73.33669747869783
146.81134466204776 158.54066558561811 33.91992692601304 132.4690208558295 0.0 0.0 159.1817131510507 18.159313269592857 146.81134466204776 158.54066558561811
52.80272028941803 46.05461238541035 42.10487673194824 54.0244656728166 26.846250261684702 49.891580298671286 0.0 33.22693967518174 14.420633164739712 10.825174294162409 44.514165332368364 19.404401705599298 52.68336337145071 23.637894597973016 81.77434290426028 0.0 74.48034673134512 28.340046987780894 65.04643226785959 38.91833004112101 76.43947987319693 64.63823921215622 52.80272028941803 46.05461238541035
0.0 67.85506398058837 69.51034395773284 56.48995913664021 79.12620285209461 37.684159599968076 99.67266468807465 42.15793508421683 146.79143600230037 0.0 189.145597482347 27.03001007265477 200.5887750594274 79.51590141956967 125.80707387556764 93.75794821486222 143.10598990847524 167.43970563079773 94.73783101199592 138.45238135840208 40.000555423944604 161.2498848038009 58.39341248714055 94.51196763435392 0.0 67.85506398058837
68.07984117947994 22.621791477966596 53.512928820884554 45.592170562733386 26.58266292669738 41.89841885178123 0.0 0.0 47.79515853712428 3.9153333174686225 68.07984117947994 22.621791477966596
77.38870531237417 152.70593576515532 56.73273553734521 134.06075992737468 49.75955634958083 110.77921024066843 0.0 74.82949333018752 53.77130603632855 60.802129357114 65.49534681879616 0.0 107.29342957961116 42.22803800632799 149.7981313142996 42.82078503069768 152.68671093393309 82.54176029759995 220.95869166935344 132.99050877871886 134.9810287963379 140.63353638529867 114.72162301345688 177.72432556155923 77.38870531237417 152.70593576515532
10.0689915258572 40.19226650299491 49.71419061678978 13.35486089901162 101.63148804221186 0.0 165.09565215218979 35.711182100774664 171.50375412326406 124.66426317905082 94.74142153453892 168.49154883125772 59.243259817539766 81.3932113305264 0.0 88.80121004598249 10.0689915258572 40.19226650299491
17.532027295138803 78.59410128689308 19.230201195518205 50.20750486556892 0.0 28.91390759889218 35.10157580303867 25.648700525752744 36.547506900505496 1.627517767488925 56.25050454900868 3.1425462331870904 80.89364052206058 0.0 102.955275667711 19.557093011725797 94.0471977930071 45.648545968326246 70.11091437362113 54.354019090521945 66.13437622460232 78.71864131296078 44.217733821537195 76.46475075258493 17.532027295138803 78.59410128689308
122.16453966400367 158.07754380983883 84.3835953493441 167.21010383238442 63.20822010645958 134.77286312382716 0.0 87.91716381176019 24.898381738783144 0.0 114.3963225629095 40.15073644899374 157.34917656856962 63.603152227638404 207.59136262513744 105.20581746110291 144.30575245926423 136.88248629966225 122.16453966400367 158.07754380983883
0.0 82.41901280229771 83.55133412532257 9.303285598318993 144.69843596993732 0.0 184.12663740347563 12.743739420458049 248.73818605925683 11.861299592367544 222.75901135278164 69.40169622895321 233.37873658745139 147.37600029951233 158.17010260495317 186.47492821435455 108.09595106039944 120.99946354784561 0.0 82.41901280229771
29.320468579494445 10.547247171322496 59.17016235792643 0.0 65.9227040353469 36.14227872553188 98.77083345944936 40.43010467014797 73.17278130840168 55.33697536945992 72.09615890561926 90.11789898145763 39.600814904899806 94.38455977742196 37.71238732145626 56.28761307693824 0.0 32.6213424531238 29.320468579494445 10.547247171322496
100.46653196639438 0.0 156.46665485192437 53.89659696787049 176.38400509389686 33.05353203653484 202.16556502771635 40.9642176441264 275.59204696445255 29.22977643837517 273.31218432010917 82.90263452029932 283.66900060003377 137.53780496901203 218.9145635614033 146.72354459207946 199.32168813914282 184.47848874023123 158.94310092102552 170.3327883740106 127.55928745532114 158.70756818225982 94.26488629022035 145.93331494727374 66.78425802244412 117.79169097796752 0.0 67.36984397000329 71.79136262817235 33.60470212931954 100.46653196639438 0.0
0.0 66.12444942215527 19.123430261317253 33.70195927236188 50.51086201218396 36.63355594094978 58.755673305162844 0.0 63.40302808614638 40.6398548589031 106.74159800187304 30.82025712456433 86.41645055068038 56.66541421887711 78.87617976965768 76.53270117689647 58.368112014696024 88.53272381884068 42.147282395397866 69.89287528132948 0.0 66.12444942215527
251.8743448185446 75.47861336760114 261.4030742042314 122.89358134988443 318.0418670308752 156.16294386520357 342.27755792709183 228.54727036366373 221.6038577042065 193.32358067098625 228.61525316874037 306.9138384069189 183.25363418920324 206.67417275139186 108.47987267101442 272.15203971741573 0.0 259.7688611361327 64.38808505083426 164.07432152753657 11.420741276907279 79.76320935553855 120.16073466409645 75.09877259847774 149.51010523343052 9.239037807299468 222.19473242953637 0.0 251.8743448185446 75.47861336760114
55.878928393021376 56.06644884967332 31.862513067372753 61.527788775856166 20.32649498822817 42.63247705788562 0.0 17.984558353875215 27.092830429916056 0.0 60.01120833749321 3.009140072050002 64.45767952879322 33.88792352072079 55.878928393021376 56.06644884967332
134.69805001176098 84.67303653853503 132.0490472256859 110.52568635191298 103.75322625534523 112.52671295043658 86.02964728283249 120.67579600726893 67.31908094275353 115.60576913238569 45.83859580205878 108.35574843199873 0.0 93.16373625112037 37.18477245833001 62.78656092551168 31.83102992382816 22.400210000973175 62.82351939456879 0.0 100.96679833696273 4.014630221553375 133.9371532777127 18.865888795195296 150.19666185194274 52.36129686919513 134.69805001176098 84.67303653853503
0.0 104.49378966524701 67.20475888516614 87.58068693646955 93.08530185782406 63.12871122981234 125.79415475257406 26.616652836663306 190.26322245291107 0.0 220.49841087859807 56.774581682575715 163.67834056885835 125.47686295024907 256.1815630590156 162.3180366545048 142.07178608292446 147.6697902715963 128.8024735194165 141.8364546130302 124.26686958794957 181.28428901627143 85.12478320849189 214.43542263892743 57.7452807758162 185.72078590750317 57.285325079585775 149.529030327609 0.0 104.49378966524701
104.52070414913865 77.78787479709078 92.91456760328444 102.94008825624994 63.2454318531651 95.4725117019573 43.18938105274442 112.83113966953835 17.300154276067758 108.27416884563533 17.817818512637984 77.86766262079759 12.305019718692051 61.16313654957858 0.0 37.4087424780398 0.3358039494133891 5.169030359091423 34.8421739718809 5.81706839536691 59.02780356178906 0.0 82.16857346938991 11.06013052934778 88.50163514494211 35.441301385986634 143.8383882633858 50.14732220784431 104.52070414913865 77.78787479709078
97.41883443131039 50.995963017310984 63.17329165496246 69.77846582382749 43.31558044039408 65.1918861948828 0.0 87.11155383648564 15.090732643573283 46.95573781739854 30.903450434049013 34.717596063233174 46.383124263252576 0.0 67.78913555397526 28.16568733618844 97.41883443131039 50.995963017310984
62.13529636793251 150.0945780350247 39.648503290380205 118.22679914865743 0.0 64.51675524119187 39.697272837697 24.713066123938134 85.77885549199604 0.0 132.3625507012697 58.1992849579339 184.43578812438653 12.160893695415979 270.92378804163593 9.664923859551678 229.18469942877192 93.06829487403127 192.32298729179047 125.84440812974783 223.56327962820353 195.03758091515823 155.11395043040807 176.39612006757085 112.46332689879421 254.37297502808082 46.3761288615444 238.4358109072686 62.13529636793251 150.0945780350247
65.02278813540096 149.36426519711438 45.52087588318594 125.07397880040348 0.0 101.90527974086159 80.41156035802045 79.98701286919997 2.7861349066838557 0.0 69.08885797507347 9.841945789088712 106.28599200254433 44.61387124230961 138.9539888547108 6.321345447352186 165.9417083290726 28.750713216376823 190.0192597210986 55.27537852352282 184.98409722478215 92.01017782198679 158.13105528292184 114.39900427960208 124.91494088233726 110.44197380113432 116.210645523029 123.56217159388417 103.48874565954112 108.16565771620945 65.02278813540096 149.36426519711438
122.98062912292073 58.89950903024938 193.0457209996961 0.0 218.00840427845174 68.48470960085444 160.02269318443993 107.4377720176429 117.05372357609929 187.53002049337834 58.152797331075504 121.90946842002965 0.0 61.11338840814217 76.67943514838424 14.397444507627654 122.98062912292073 58.89950903024938
100.28717618528884 101.18187586824556 12.492145407663784 97.47346142140682 0.0 11.211992423547045 95.63049057098574 42.199309016748174 157.16888054682093 0.0 188.32634877849597 60.574057450535676 193.13194941742375 117.7177551684004 127.06818910141502 123.60353006568486 107.86261137063792 93.9191760125858 100.28717618528884 101.18187586824556
66.02461549699957 154.70068683809689 0.0 129.52928155868685 10.649714040682923 71.36924176991019 55.46624952971021 31.35400027138033 103.75147762213159 12.648992231920403 144.1351284715135 48.646442553139295 225.4902742238729 0.0 238.0280531254374 65.01965131619545 284.39664944964517 126.15132059764589 257.92828879210833 195.44806406463118 174.53419560270643 190.14749630319923 131.15929780449684 136.71419273387164 100.38946389569875 169.40404927536756 66.02461549699957 154.70068683809689
0.0 45.253406013963414 53.58088363830704 0.0 118.5455627698725 10.119986202901188 123.67795230417374 74.45612251120886 179.70344757205712 116.6620121410451 127.14832523784096 149.4282089419038 82.64035236621272 177.99086977975236 37.07847823518438 149.15652778804673 83.25731346016497 96.73562811570703 0.0 45.253406013963414
94.8583661100829 221.57263504781184 88.35077903221045 163.84556788716867 0.0 66.08055697871957 113.09859298392098 45.24961463064973 189.82343344034078 0.0 246.9387303111401 73.52066358410777 221.265963718948 144.06241445997352 323.037752335321 234.78013742061205 240.37970396638673 307.41170010083164 155.17792383584106 230.3994154054016 94.8583661100829 221.57263504781184
0.0 90.10067450253302 7.3287270167317615 55.48287311081645 16.484893742340148 27.91447346828361 36.66240686260146 0.0 68.56329855639905 19.40510351336392 85.64433835514842 36.54899652585711 93.34985223913756 56.720571480835865 134.20541966322338 94.53501447373486 79.02822707792708 94.8852021349532 57.47210375724487 96.62698728842247 18.414959118871053 127.57337006857011 0.0 90.10067450253302
43.59927340497927 201.06292590328457 18.036643085142998 134.25929704938196 0.0 71.12769717573741 53.872235468655504 25.628722095510525 107.29290800772873 51.733844424997464 210.5422557679136 0.0 231.62611747700404 95.63767370535778 160.0651492066408 147.5975437038318 120.35504147174214 200.335534919751 43.59927340497927 201.06292590328457
0.0 166.53071941483046 28.246027485000184 10.357427594449732 172.17232171235716 0.0 202.59476480165316 199.0400362069612 0.0 166.53071941483046
232.921675099282 52.41305136953792 189.47302325698834 163.39550403996645 81.95290206232991 187.02567909917454 0.0 80.7418482911389 116.32209629590159 0.0 232.921675099282 52.41305136953792
28.16110490895496 0.0 58.35234739253307 10.273652382419705 87.2513652730243 30.333377544279678 69.0204990234246 60.172051569884324 42.082680000824574 58.91245710481187 0.0 68.19894146476548 4.296243818852858 27.09175561649058 28.16110490895496 0.0
125.1113450567554 62.4106282937087 217.68782765551185 28.640061172249645 254.37295504656024 82.05707692355136 192.22657670790068 130.48424745502504 149.3966863042121 147.9704507619625 132.83230253570812 194.17768880425925 89.38186658490991 190.3656785588897 47.41838644283487 181.38887121273748 30.949175921179545 138.68393726548064 0.0 103.11546205531477 4.134896349225443 54.497231114256024 42.18916408662625 28.603412992877765 73.7259389103676 0.0 108.46038955815784 55.00024741695284 125.1113450567554 62.4106282937087
99.75219530429503 115.54039429937251 37.17578211544193 24.66795177647637 150.09743233227067 90.46750609829758 170.65571278058732 23.04572151236235 233.4879847916469 0.0 294.94407235645065 35.42230946011112 282.77551675911707 110.0048309748156 289.50092582202035 159.73780217893056 291.83723300375925 228.60894352874956 244.45202489792845 289.629016471212 172.83781710357604 243.3936622004756 156.34203016531077 164.4233511059979 98.98696262485367 192.15981532941453 0.0 171.92674063346192 99.75219530429503 115.54039429937251
9.162497664282313 124.59830823480075 0.0 0.0 118.3620073322678 14.393134447772269 224.92509073939166 7.755438821911838 185.73180555876294 127.37949733235816 196.73638495666412 183.2485331912111 134.77756521886607 185.22221080707848 92.91884023856116 213.4958851119237 1.0103271784747108 210.75199437108193 9.162497664282313 124.59830823480075
29.810091264461803 46.988607139007655 8.27683355673517 34.640068538126116 0.0 9.773342800262625 31.964115201903496 13.986808693266426 45.89462412250036 13.441042717818988 57.977919708184714 10.915199348930102 83.45673962270266 0.0 119.08821276776611 5.477337693497475 107.03735624866724 37.43186553389759 97.9022543059142 57.81831358002685 95.84417730807361 83.06162767822946 73.15876530285817 93.37251318108451 48.62368124710103 98.73570646055254 33.1587560357095 77.67240491741305 11.319596922640585 73.98487877099646 29.810091264461803 46.988607139007655
146.0510191249063 53.31777634440698 126.24631457335 94.17482392216105 104.74391183039498 125.09323625077789 56.36482910136715 140.54492470808324 28.88683500874506 94.95664100922815 0.0 31.908998369186463 59.64805843525663 0.0 117.85553746179345 12.825594756642417 146.0510191249063 53.31777634440698
46.3341692069819 0.0 193.6671662469107 67.24978499590425 209.57605982175315 186.87886709613636 103.9150388614136 197.95115295061788 0.0 157.22671647690626 46.3341692069819 0.0
0.0 135.97177049316815 63.61343997029678 13.549854708670097 193.09334193117664 0.0 246.78750728970974 99.82867155179031 327.72805816113765 234.91882209521424 177.71868785785318 272.8703240701743 51.62187032911487 261.6267491988042 0.0 135.97177049316815
80.89231252505746 36.32546102298326 132.73589494462612 63.94610831802392 115.3986554568232 132.51378643212178 47.7380630188842 112.04134111509812 0.0 92.33588538342713 10.406406417291812 41.61382237762278 44.02629754892374 0.0 80.89231252505746 36.32546102298326
79.81614512427477 111.60478716530726 40.37702268700188 78.79337503527962 0.0 56.44981609234546 21.700357246374182 12.822782360497001 65.0534045593618 0.6443879694718149 145.12905804840074 0.0 132.6913255750564 80.20799436468933 79.81614512427477 111.60478716530726
95.21784196770219 122.81797527915118 69.59535830860538 61.74875003352271 0.0 44.42999365684547 53.40303328221087 7.273886298488513 94.92030434283981 0.0 135.78574807875336 22.669400112033287 157.1679489569265 87.51152995882039 95.21784196770219 122.81797527915118
0.0 104.37589203114841 1.9978436266392379 0.0 113.61091746757428 83.87454075636188 142.48690725200646 111.57430070262902 215.05984892423487 92.80667245926102 237.50837907371073 145.68046225133287 273.7908459695177 225.50710349539528 176.9881259897566 232.7329207093783 135.23695622271816 272.5610611465395 104.55575788575838 196.19233663064796 56.06660752949257 206.31671917647049 14.71171386549564 170.33011136075083 0.0 104.37589203114841
22.244697911969965 93.19864516117237 0.0 68.41778482756017 9.447763528336623 35.58172294760335 42.735125966492284 27.992461798890417 81.64576369741383 0.0 83.41217234002511 59.37027538255194 114.84655549202878 70.22462125125647 142.49288469749374 109.09865362013895 59.45554871862915 84.60747653910084 71.40711301122434 138.1224263975506 50.7366667989505 110.94716730680467 27.575439107613924 114.4684795416331 22.244697911969965 93.19864516117237
71.42588556780247 21.766325414618187 143.29556724418762 0.0 113.13809911556517 69.51024310781821 85.16827021781776 70.33795569442702 9.197520678018975 133.0900424395788 0.0 39.0419643572754 71.42588556780247 21.766325414618187
0.0 121.38406461622557 9.41707997116189 68.89672225587334 12.409693181338923 17.09415346185059 63.23494574393631 32.48568651655529 155.76491857054452 0.0 118.42789872530777 80.72448449653376 79.2092703963953 101.33307903842226 53.33883810176435 118.20392804965249 0.0 121.38406461622557
110.7762724273756 125.28469371129837 56.26415493180669 124.56356730794936 0.0 86.35985508236631 28.747892248186645 0.0 108.67835343296179 17.965116269436542 151.9543189096914 73.83239576323898 110.7762724273756 125.28469371129837
232.78529599688045 16.738480664750682 358.7984580967076 56.87691496198999 263.62020205350694 141.8265938655894 197.60338180663592 177.49109092802232 148.01450762761715 129.82816535495672 0.0 49.07836509545535 149.43522373602582 0.0 232.78529599688045 16.738480664750682
127.8172829796693 0.14770025041134716 253.43166354461704 21.801006013950698 169.28531789173618 137.60242158027853 0.0 162.45174952019323 26.792245563087278 0.0 127.8172829796693 0.14770025041134716
16.82566467015147 123.59548171403887 6.316189331404331 81.61778665487866 7.4112198591183756 28.111362748801113 57.838108139227074 6.193157364519777 106.04649625051354 1.7770893906242975 169.85201235739464 0.0 270.9176802486904 33.1903099365131 126.01664518336582 103.0734031361067 234.0654967386128 208.45963419535883 149.7284353234888 252.41232564895574 78.1984207789411 182.87160493786325 0.0 207.41388073703587 16.82566467015147 123.59548171403887
49.83397857746681 9.839365886705863 70.5004429735054 19.109685415783183 107.4994183709102 0.0 106.17283306171753 34.95647721426068 74.0285595755828 54.2212915492208 109.70221206781949 80.85065666822771 81.81815667072928 81.77765512223229 69.1613684969533 105.94457137368664 46.88771410362092 96.53640368715469 46.825503990020394 68.0051132193139 0.0 67.85674933832536 40.220436962012144 46.662688368414614 48.20511278568124 38.59023612018637 49.83397857746681 9.839365886705863
1.2920723746718181 69.60077628145976 0.0 0.0 83.31609694258967 13.509754344390693 55.54645266608985 71.97645347365946 1.2920723746718181 69.60077628145976
22.48605544168649 111.54932870608069 1.2597564444350624 75.87041154983702 0.0 29.07098483773096 37.97717532266648 0.0 78.31591492183222 14.235428125126056 99.95414081851183 41.37068494297995 117.19712753535947 72.95435614787563 103.41789410033422 111.57049818713101 63.44295643074746 116.9688691943973 22.48605544168649 111.54932870608069
240.39975961594934 125.11253700328994 145.08270881016875 157.01083405251683 0.0 126.30855512323241 94.77974531724826 0.0 174.22214784718986 63.14155216304131 240.39975961594934 125.11253700328994
137.30551214067657 125.42497214959455 121.46326030256529 147.93056409208776 82.84511301428525 187.53435600479003 34.147187939982416 169.02386344415464 0.0 126.33386595229486 57.77444082544896 82.05720023752566 29.16512472740554 31.72375938687985 62.241775349976116 0.0 110.22600751574862 4.8920702533011 140.11274730472735 29.826928407895615 153.35341463543796 58.575947812141166 212.0066873560287 77.41453542008732 138.84591540845105 102.48373091164092 137.30551214067657 125.42497214959455
151.8284187110334 69.35853546499236 150.5145760478777 0.0 206.14494113449447 0.45993639924742524 241.88875506982015 42.21999382596524 297.8589767596403 66.65632234930358 335.32388780006335 139.25456169741886 293.3686212445547 205.0547128048301 225.16505481210407 258.903523297639 172.01541514790316 153.64831754541677 0.0 234.53332561485848 90.3063950468375 101.26431378336082 151.8284187110334 69.35853546499236
38.747966367187956 0.0 81.0709237354798 15.410873302004617 99.18600208255138 16.758380992478493 145.58955570235565 0.5122499858636687 220.5097947331432 27.28821878170949 209.22786039519136 102.71191386432928 101.98898480695493 69.11806952435843 87.04625225568961 154.51961810763652 36.373021486219386 126.4994090567633 0.0 87.31252101482941 31.768256524467915 38.182704664804064 38.747966367187956 0.0
178.10269614429177 198.02114836042162 118.1168698425025 172.31074440120713 50.308202386022714 188.44328391642614 0.0 121.4236248330744 33.80656427560183 27.926491136044532 130.34077413333085 0.0 222.27011953530217 47.58285670112083 232.34402642297817 140.25558391889774 178.10269614429177 198.02114836042162
79.1021664686171 89.2958581703534 104.12122644388177 25.443501085453875 176.72400240162347 0.0 268.9985801409523 21.58453114808573 304.1354033461707 113.61883423917521 237.87758788856482 178.53995807758315 204.3424259775836 243.8747738091537 126.73370810379308 242.85715704969004 90.32783068915043 186.07478274766402 0.0 145.2156089060043 79.1021664686171 89.2958581703534
230.11451464573943 124.626234802864 251.1380707210737 216.82256085163294 152.40247589016974 193.23793052024234 126.80125086002538 151.59393643638603 26.34576932370888 175.62236289667396 0.0 85.77847380268187 89.6683344064233 46.499945402163945 158.1474787022412 0.0 182.68459880503417 87.50753480173066 230.11451464573943 124.626234802864
112.38457876207664 176.87236381145613 80.24194246079455 118.1255868318109 0.0 135.29467847372837 36.562815039766235 78.06040206852282 44.84244565091191 25.525239547497733 104.2238186784607 0.0 134.7019870162 52.48078958401103 179.33687557088547 87.53626839179802 165.1769059260055 146.22400615559752 112.38457876207664 176.87236381145613
167.21560694137787 169.20364572416327 69.59680479289601 178.0268825697844 40.43026476929923 121.01763179992126 0.0 99.09540266287962 49.553104070105206 94.74613407961805 90.59693681596393 0.0 181.21217971798006 56.641203824196786 167.21560694137787 169.20364572416327
50.88817199829265 56.187066056240155 33.565226685473945 48.68948449227045 26.67851847237438 36.12856135423263 14.592722641335115 38.44533129521605 13.060346793251398 27.991379731502334 0.0 16.157255646157253 19.095188099284925 12.647022550239214 27.197494522619706 13.011048772974505 31.305596859466732 0.0 42.011752672656925 0.24356280395571162 43.55986126370121 12.852472829000419 66.7647193447026 12.1145496558118 55.31545162979796 26.675266402954477 40.11144240282762 28.267504146818368 50.88817199829265 56.187066056240155
17.202203253207358 16.722504532024857 25.822320224492003 0.0 39.794653138757724 19.235314990538853 58.92631926953884 12.90035850215277 60.622299165020976 29.457152508753182 71.97836341073156 49.36847741534828 46.790267166911136 48.50456898919971 36.64795357389478 56.994849066065484 25.013766823279923 50.48775084336192 17.127908695260487 41.2635811999842 0.0 27.767568695424316 17.202203253207358 16.722504532024857
118.07084558838834 119.46250898622867 68.69163966221537 147.7954050283703 21.560118496121703 131.69556749446525 5.692668434713141 85.63456044291009 0.0 5.93636577836746 84.8400799374359 0.0 151.15700388822364 49.78085053176304 118.07084558838834 119.46250898622867
0.0 48.11622930938244 14.205728905946899 24.501887967064256 29.3033627567403 0.0 59.14358514932081 4.232037198643717 64.32367903901556 33.292724904053834 57.283432285356 50.58389533183648 43.09867829740023 59.9511495792835 23.874160672986534 62.456115020488234 0.0 48.11622930938244
