100
59.39807436050198 79.65356330803091 50.277935972614785 70.3341818167735 52.03819350073793 55.840198584675875 33.87192205844089 54.00535181850367 0.0 36.368944669283906 40.68633495613554 30.996291675092223 57.88369047893677 36.02172828017683 53.47490772357679 0.0 68.76019183707884 22.22618905524635 82.7842275525906 17.283473455339006 97.82420118601716 22.14703568070277 105.8135570448567 36.38368687885264 127.43759710093313 55.71658296612564 97.63239382640727 66.15431291161512 91.82246780448015 82.03900411449554 73.05780869108521 77.87213312830617 59.39807436050198 79.65356330803091
167.83215775741593 71.41731416453864 226.8727155600758 129.65157996451694 195.95879823735012 194.6907318819306 129.15308868726552 138.6047089662574 120.42592797799986 92.3023428113482 0.0 139.21948554735405 51.99400721212109 66.2004014385616 67.11984382408144 27.89974332592862 99.15771891510093 5.965650902646175 137.4216528969743 0.0 159.824712570886 31.749133094085188 188.5965410535334 43.04998383513835 167.83215775741593 71.41731416453864
101.42754958149155 22.945745473035345 118.67159028146318 72.19603842996742 72.64428302276349 113.87864273103986 0.0 91.18414511346413 28.339216627489066 25.490446934541723 63.992844016862094 0.0 101.42754958149155 22.945745473035345
11.274647497407628 0.0 24.052928787310947 17.097905203543817 43.65228154609623 6.365791864659769 59.34028872148312 24.51215093837368 52.62292024757164 50.813405891886475 25.612162029136172 47.189327539909726 13.494394513140733 36.870883895702335 0.0 29.811467274266576 1.1961365405402944 13.66445754430734 11.274647497407628 0.0
330.2320250617875 94.05676193492496 291.1003261975156 217.7483082841902 197.70488205318134 272.72638658899757 125.56540096823268 217.0874395102857 0.0 151.19423185054592 114.53966525053565 69.52530925044861 224.25620665261843 0.0 330.2320250617875 94.05676193492496
0.0 74.24875518393225 7.466593431597772 45.53565690349745 2.763672167392656 23.867672433569417 27.08922485891894 18.402042639725657 34.92809374373611 2.5281587058836053 53.60334028115187 0.0 69.06178659630736 8.479297096086889 77.45489739746975 24.534906051893905 97.2161673372758 42.2332568671764 97.52005923024804 71.08707454238984 73.75517066773583 85.3785317364468 46.789225695428684 46.59171484393996 31.592084899366924 71.09899661018153 0.0 74.24875518393225
83.50119619825017 133.55082488597228 23.645418359228415 123.63416054132682 0.0 69.03795777232835 0.5007748961329526 10.866105761210164 62.469481116913514 9.427650769012594 98.13856673947019 7.601567564872042 174.53078276226233 0.0 119.65806494013357 61.07760082780531 125.84901587671261 105.6813872858186 83.50119619825017 133.55082488597228
212.19431449990114 45.10125187848473 261.36315553909094 67.2397984241369 260.8689490870912 121.47310442198767 258.8945532261012 168.46492744887385 202.87610100243464 173.82020039813636 184.83128601292597 191.92073869901517 149.96108419008667 247.01183102535316 92.33488144143544 238.03031266224397 90.65212334426394 176.92116667732196 0.0 133.29325300664846 80.34401584643888 90.95590779039466 122.2072989137437 69.78265821962124 158.16812773417118 0.0 212.19431449990114 45.10125187848473
190.43444732155984 112.89717067919963 207.49611676553883 200.6709376426182 119.62137263255559 140.51189111700123 72.79281454482678 156.33259308507974 0.0 107.21406857057771 22.324111241307946 11.505254087002186 122.27103119703479 28.94458903200703 237.68576647574008 0.0 190.43444732155984 112.89717067919963
0.0 118.46607436701274 60.5509158844326 65.10889761927588 60.143381512539065 29.742707002338797 84.65029344295604 1.4298271523720416 122.71289899407058 11.749079260506207 153.91714811060044 3.4571376096055104 206.29181131723988 0.0 210.90949360039474 46.67042111424729 178.04919305957105 80.94397573339165 180.72150633966993 110.1071612707795 150.26824201189044 112.2842744886502 134.18007596204762 149.53820716516788 77.98485679450317 203.15067524694317 60.11034306644349 139.37980843121696 0.0 118.46607436701274
0.0 80.64155013213319 57.226070356234814 28.109650472644866 157.87472090430123 0.0 213.5410387357701 146.7233235043094 62.24830065770878 148.42796328509394 0.0 80.64155013213319
189.35152019118368 0.0 254.18463451356752 71.6328737223572 288.6311586493548 169.99958377993897 226.0296576174892 266.4418469649977 122.83075289683282 175.39989663889213 51.6655306428118 202.09519720821112 42.35202090101711 134.01751622273898 0.0 38.700089390412586 93.53420499849784 5.036030090667651 189.35152019118368 0.0
132.9758902712486 232.2572797161444 125.36634417288172 186.38721882857465 0.0 136.84019877540422 61.66314242188125 47.01681181394699 161.2232569635221 147.19604809697574 308.9033394442085 0.0 295.3976113662022 149.64133306427613 290.7436717116732 247.63413148487314 194.7494961048762 282.4442783039499 132.9758902712486 232.2572797161444
82.7941615624406 80.19897095988402 36.96587908301058 72.78521628457655 0.0 37.36843326868315 35.723498628546196 0.0 73.49870637207069 4.414713353486903 110.99916296090197 36.75174398374705 82.7941615624406 80.19897095988402
159.26568655064222 148.5364765942545 0.0 146.3593333379044 114.87505228012327 93.54783866503081 175.37360611436537 104.2926390860556 177.02947454849811 0.0 209.68859985151488 86.93386117809723 215.77944608739335 108.73440215713492 278.9235218503062 119.34475852898107 282.90135548285025 168.23695013527708 284.4973699024114 261.6320780098629 196.17545128475643 180.11871043748818 150.92923071929886 213.22305930179277 159.26568655064222 148.5364765942545
387.96305047806925 207.36943124031072 354.4508116664018 265.53796391360584 303.52201291293204 301.9800710244371 249.52973717095747 327.6618619507962 192.61312115931145 314.1049980602261 134.77223100553886 319.7990919848764 88.5973047746073 283.40642172224995 100.37550751550108 218.71974136853777 77.48390050342041 174.27440134681274 0.0 70.38273114724022 104.94831099694596 60.98517039718415 150.08429297883288 0.0 216.96159587485874 69.62263771144599 258.69361080602295 91.40001700042419 284.38746854354747 124.62890089612648 355.44514755439525 140.96443026072046 387.96305047806925 207.36943124031072
78.87913227804106 99.16211334903497 51.61273900007463 107.66855392966613 28.440833923283627 95.11209744423167 0.0 77.66557583660983 30.74984002030569 53.87023414795279 32.94843149745267 28.285549698277002 56.30166261332854 41.592385973287485 107.34499800403574 0.0 109.98779552988756 48.954423730053854 127.5149849889257 89.54008287446146 78.87913227804106 99.16211334903497
75.54994333285626 0.0 120.08160808109542 8.432375514847635 154.27565918817535 19.706746450467833 199.97336488756812 29.56821805682106 149.4181883496929 76.74025626976669 227.12491286550951 138.4672192212542 167.57326013256667 158.62821989817127 122.26719338956083 162.12929302198268 87.42167100052959 139.5808029042389 49.190915124692154 121.01702419889621 0.0 79.97436014687938 41.86651672431796 33.66136322313113 75.54994333285626 0.0
38.2244591425392 56.78275416831685 11.178524722287534 66.73935836245406 0.0 43.78655111363559 20.18892135293811 27.3422295812669 36.46823328890986 26.441077660552388 51.22747336845599 0.0 70.04725649470592 16.69778210856706 71.03206397362132 38.230738157096305 57.6033652833364 49.71787742677129 46.362003649413296 50.09445277525668 38.2244591425392 56.78275416831685
5.1523573508666445 30.26920884143263 24.6504807370693 6.936607949215187 53.706670201884236 0.09404883716985779 92.58055292704262 0.0 104.43058313543935 38.9768696115988 62.605467424233126 51.40890926361723 62.563289350709425 86.39450588585396 25.080527376768202 96.65497260688937 0.0 65.36252490410727 5.1523573508666445 30.26920884143263
0.017534201276021122 138.32010805054554 0.0 88.63205739140051 38.710064211136626 60.233612825452255 41.82987521908868 0.0 94.47396934899687 8.879353243724125 145.2359607112295 10.053704584324237 182.33352345948094 47.37995718977148 200.75639183097547 102.93104599186792 175.04966894846942 155.4728623937555 131.40990889488444 184.13824201088167 80.39871755002045 197.0127034045457 56.86938463217058 143.18862714393057 0.017534201276021122 138.32010805054554
109.28703909510637 66.76349906709943 101.75187993197864 91.31808821822513 73.91636271897437 66.5946189154361 59.55770860627402 76.16811962937582 0.0 99.0672282226161 46.751139103513935 50.63311668784942 41.42054101874905 32.78827677522578 54.02190260607806 21.486544589841756 69.02162151534951 12.100621893609379 95.67475049348877 0.0 133.95850432224157 8.691204038282017 103.90562945756804 47.11930382628702 109.28703909510637 66.76349906709943
176.30804492668938 30.376819699572415 242.14054929729048 51.44706889041102 203.72608440278097 105.05549468936889 132.92643862894823 89.43217324618283 147.33552111052987 193.99910643329315 110.3873294129744 136.6598847964259 71.94642209555724 125.77836162863947 0.0 90.24337680035457 12.873732453562468 14.293273815926497 109.78987563724309 42.15585551349127 140.63334874285601 0.0 176.30804492668938 30.376819699572415
0.0 97.25029052629412 56.04990547263196 72.65194814614549 84.05730542902396 0.0 139.19214590450838 64.42434514813434 189.41211677409478 62.60081047498073 204.91312113353757 108.7832228244174 272.6940006242685 148.67443331650168 210.57585289574945 195.817530559129 193.94907757734262 240.64638236960525 142.7801726589536 234.99923505260404 119.13849447481647 159.3755415186688 79.5167080540237 207.82367877153456 7.334096166569097 210.2939717763347 41.04064954018219 155.91445505892875 0.0 97.25029052629412
43.452931912939505 74.03152574499514 38.368213218864696 18.24078949672139 84.36905211996117 0.0 124.98867914437716 30.50278251502563 131.26615626745092 80.97495764163384 170.15316968716124 69.18621243818683 168.3976806451667 97.31874284548934 248.66267179626206 137.02516022931997 149.89251767266342 133.13425990495506 178.0697439538239 213.0555434749056 130.85700577797988 225.64332106678015 92.50507536735421 180.18254875788816 63.91733626635536 164.8026847333425 79.95547999637219 122.80717846380219 0.0 106.06341977170834 43.452931912939505 74.03152574499514
0.0 11.603160730033181 96.44810591810185 34.58599041451724 132.66036135782863 35.564604153785126 177.72461487471833 0.0 233.05927921887445 12.757630497792036 305.20172560174495 52.894562874214344 284.93097161785784 130.21607949476706 243.85149310311957 177.35585110866748 182.136658287786 183.96758884793752 148.5162658463973 225.7312229149564 105.31450506058103 196.2436464465116 75.03280860611935 169.4621125902168 59.63877267478426 132.21718115214986 60.26323029335374 94.77382072114264 0.0 11.603160730033181
40.62927478343724 35.777687174894126 67.2170604072392 35.87994119667917 87.81748539741214 0.0 96.47252912672226 44.048678300280486 151.35290150759 35.46685128153359 136.37831773859503 72.91547878126467 129.838717514699 101.99505450135675 109.05761033588408 129.05963815539687 75.16386365519475 125.77553468399682 38.944144202362395 126.31161638902364 0.0 102.78846469391044 18.265862769121753 59.997225398130865 40.62927478343724 35.777687174894126
192.2687889909594 99.96616306487928 74.88040529929867 161.97525140924773 0.0 179.22357370739098 34.55847162038703 106.29115376707016 4.576984462732675 40.92784036317889 96.23556958824611 0.0 192.2687889909594 99.96616306487928
188.72291371183812 23.902016875048673 263.8059833157335 119.89375168338215 119.33518216386113 173.9408150446942 0.0 35.20483123682784 152.42543473253073 0.0 188.72291371183812 23.902016875048673
124.0080574699646 20.069439249448962 117.61056952432848 83.4530134827309 78.68266846656826 114.54772228182806 36.70137054176436 119.8652739035504 14.586899131237999 90.56841519100801 0.0 57.29225428051875 3.410670926856227 0.0 61.57471642799291 12.222301468217331 124.0080574699646 20.069439249448962
58.44256145755617 117.15291371979013 0.0 40.260837640512705 89.27864030148038 0.9371660193305473 152.74129097635932 0.0 248.55165098215713 38.40751361639711 211.75941574337645 137.7407441150861 124.03700766007515 129.5722993169166 58.44256145755617 117.15291371979013
185.25636583188952 241.22009348876546 71.11207094846873 207.8241432530505 6.295358785478044 129.35767188248033 0.0 18.65718287085315 99.08652394200564 0.0 164.2272728764023 22.816631650637305 170.8846833732224 74.32044311064818 242.28959490980478 139.25369506601314 185.25636583188952 241.22009348876546
177.3439909202127 163.8159880724051 138.4267731467685 187.99250880204056 95.4444444939598 179.8975821232741 75.61103505032375 140.29057101049222 41.758573403759186 122.87128169279704 57.185763132713504 86.30221513853775 0.0 25.71264600075441 57.40229961635279 0.0 112.41365708420217 35.963413133189675 139.88104528897532 25.062371862503767 170.98924155298585 32.028155535862865 137.0593635244736 81.37524027338746 232.8675941866431 92.5195078648242 215.49129500648695 135.89453514631367 177.3439909202127 163.8159880724051
74.37324548494446 15.688193299089754 97.61833146949216 2.084592758746197 132.04708377138624 0.0 165.8504124897505 20.357162660399368 111.97085472174089 63.64852472032551 110.19746797725993 75.58500669945828 102.52845354517423 84.54980199410119 109.30833931813888 131.53430559489883 83.0535896222347 91.82841969659307 66.18351049435755 101.34679446322178 73.09636139621908 75.01652274476332 57.19115771019831 73.80564284140254 0.0 55.17057677262072 35.08881165719441 37.5038516285517 41.80338880994694 6.558500581508973 74.37324548494446 15.688193299089754
0.0 131.6014664736693 47.86332121412059 83.90492066871965 39.36025112152893 0.0 132.37381727198854 59.71873451031391 160.33178227712017 87.27855202634012 217.9566991023961 32.62858375367448 254.41306485078945 65.119262398885 216.37585880691813 122.50010622055123 246.3998356933342 154.4337552696914 177.10281722190155 152.0901412231044 191.12077431130766 205.01523960881443 160.71747508269607 222.88128235602312 131.4520829929318 198.75179273834294 107.20866170791714 185.55904065441013 136.11606346853836 141.7981075302683 0.0 131.6014664736693
69.81537223712436 42.376146326897015 41.30679269891852 58.105138357819314 0.0 19.579510316509143 63.07437554315492 0.0 69.81537223712436 42.376146326897015
56.36304221507457 34.55216335160631 75.73201160607806 0.0 79.84809659894074 50.257901091234416 100.27466290990174 50.54226331199095 120.48043550176084 67.88086096520952 115.41877562432688 92.0520966018173 86.48770321584172 94.10662273983738 68.77613560595555 71.8093754377777 47.545490956205015 115.1312509176922 39.86979707154039 89.90528006693805 18.509956216175382 77.14893227588618 0.0 48.90668398418593 27.267006366236245 29.4475528268484 56.36304221507457 34.55216335160631
125.40557357831747 21.564306180666982 203.61463148839562 0.0 195.8909110255533 106.43504876819597 91.40975349132893 118.67806958165045 0.0 23.194986118580296 125.40557357831747 21.564306180666982
192.17989013705295 0.0 169.4058419699502 95.71602590407711 170.7843532167624 150.04728244642925 114.57254570445477 145.27961992159322 0.0 163.04715450666453 54.80977491344268 70.56558261141781 108.87263568356579 48.54439910387105 192.17989013705295 0.0
30.292483419286413 8.898382874636873 80.80097497485444 0.0 163.19521533348689 4.589086012748133 183.41936260490291 91.1367283887993 88.54511225993399 96.95404826865808 51.809264078241796 171.76723834413585 0.0 115.38372238397088 65.14442987084652 66.77595271809 30.292483419286413 8.898382874636873
58.410007739377605 0.0 79.95698828522144 8.960792549615832 106.45127500004448 28.60986892086366 89.30535690894358 57.65228264186571 62.1920179641654 59.98528914926726 48.4394059581705 44.67832380691536 0.0 55.5959158938919 44.01251546391569 28.244981838214585 42.19753402756953 11.758001193984938 58.410007739377605 0.0
227.99288622186359 8.478432306983095 315.3475360076487 86.07316752639032 235.73092898690226 167.00818384181395 136.70582067733784 267.3053282332385 0.0 180.15326834011165 30.471935808014564 37.09088836962816 142.71333056917516 0.0 227.99288622186359 8.478432306983095
51.56533664739045 165.628301164218 61.72219218567403 127.63188640926086 0.0 80.45024465131917 4.997990389971278 11.083977269399455 94.26006794992303 45.9390072297095 124.7304395846232 0.0 153.13415065391155 57.138687609251114 221.573137753673 32.73624185632251 275.66785174726533 67.58307117717129 182.9238449799871 122.2377386926293 145.4822126971075 127.3993472317308 198.47957863092716 211.9150168005704 162.28916907005743 261.8736842916787 117.1038247602749 178.44955262601655 97.15435576155782 162.58214620423547 51.56533664739045 165.628301164218
0.0 27.6602645287702 74.70689208050453 14.681313245766148 123.21857104765888 0.0 213.44352380040937 31.75114294032467 134.3167981486081 95.42504624292816 91.24631747107226 140.98830198731474 31.22277245362335 102.45550772603208 0.0 27.6602645287702
67.82828651695053 178.31117115858203 0.0 171.209913501474 3.146104135491697 104.57353995413395 21.083801972154987 49.84682215641471 73.45558129141939 3.4368390908540363 155.76947981777855 0.0 269.72838646741394 51.65586499216543 194.56772323659436 156.4816986194948 127.53070665223541 189.17784937450884 67.82828651695053 178.31117115858203
88.7326848158439 104.28768198126932 33.849894143919414 114.73127599114491 0.0 76.93985626565775 48.352101753290896 46.35388445818782 69.16506597939102 19.878310420590516 103.21368575673802 34.81204993769214 135.1453061803944 0.0 161.2510725937064 26.72174146420719 204.49563234411426 48.349746718414636 213.05514850666998 98.3070959306992 152.5366564545303 112.70001408428132 115.37708773748483 93.25570287292128 105.93704594650194 97.38605774374163 88.7326848158439 104.28768198126932
8.918466066069612 1.2294553558761265 27.772352720574148 4.135410179930986 56.56379293373182 0.0 78.3480753467127 28.7240981696589 55.67232188794674 57.99727254294103 23.349872482745653 46.45626992786528 0.0 43.398727672355434 11.129415757723052 21.687052855911688 8.918466066069612 1.2294553558761265
56.56470594519226 126.093890970098 45.98258876784 108.95789739548466 18.17691886954185 101.06513666835882 0.0 76.15853439079008 24.425269263783626 55.119542366434985 26.722548682637346 22.01408336544649 62.1628828651443 31.765341538034157 84.13435109951504 0.0 106.0864899863575 24.180588202045435 123.91836317005706 38.85635538917731 132.11601409768073 60.60262886017152 150.14098786932257 83.01014049927866 124.02032984302821 101.38111887767107 130.7297192935822 138.31815724565098 99.09747737977187 134.4985933900963 76.36001576013373 135.39043825005137 56.56470594519226 126.093890970098
0.0 0.0 141.7919000783113 3.092640925217083 85.88008923166103 103.42552762760948 25.143176428302013 93.78702174001855 0.0 0.0
86.3425495791219 23.651056746200396 48.735018527804556 61.53923531699907 0.0 33.783156299384686 41.99645049838422 0.0 86.3425495791219 23.651056746200396
83.59709566882387 38.08585122511811 103.66889111495814 63.12450570119467 84.63030253483618 86.43418817230705 56.56158135248257 71.49292555427132 38.65077398560491 75.16207035353315 12.232010692904659 68.6552636812653 8.89787419642957 44.00768398962233 0.0 9.693616772871842 33.89051908419594 0.0 60.267231403501334 10.77339658088868 67.701195083615 30.945005058346972 83.59709566882387 38.08585122511811
67.04614362780501 0.0 156.5278827321454 21.221046547827427 264.64232942319666 77.4931454942422 164.51127386273552 151.65417523010154 69.59725862724102 198.37290526104726 0.0 92.17066193692786 67.04614362780501 0.0
136.96015644706296 142.12569778320335 125.48289018169953 196.9367866311729 86.53312225076304 199.35654330153952 0.0 244.86495630839687 23.31146026572381 150.84518084760225 21.34274369847745 113.6459975232373 18.672185503160733 76.30886582088412 68.24250249027386 66.33882530855966 54.86351907875007 0.0 103.56004531099016 34.44942670682687 136.17001225466285 7.355534647862015 153.04386604015298 46.99753255112012 248.21908311857024 18.48690864826007 235.9414819820409 81.02333528951497 289.87864811967177 145.66466837282795 191.78035470380226 161.22166743603515 136.96015644706296 142.12569778320335
34.65103879669641 36.81803753538598 27.61972885960452 34.823893462454635 15.940252198940229 41.55051797050167 18.037516783749766 27.800080735182476 0.0 22.614614867347782 23.245617792727472 19.379598386632765 14.556890009731049 2.640143569444234 25.65070811392394 0.0 34.81921558425837 5.655302748937586 38.71770156670158 12.873040825363375 55.933521114969366 14.816575275154591 66.96868957894172 30.43333686818073 42.60715069032351 33.65024272172528 34.65103879669641 36.81803753538598
294.19761768650363 129.30225832442534 239.31170526645144 163.33484001413365 217.41941356924679 249.29970026269663 139.81972006954265 237.12920815714654 75.25622004791842 201.9170052757748 123.25468375363323 117.4903303676559 0.0 64.91239022370979 146.70381756657002 81.09494708431204 143.86621716512707 23.02454584557539 191.96479500827104 0.0 243.56879220212676 17.20577453155863 262.7685266709358 70.43439992062048 294.19761768650363 129.30225832442534
81.46058352274333 0.0 157.20224031523648 65.72865423193939 70.01177829609018 99.7254521536549 0.0 98.45727077870215 11.798605870646298 21.882761720568546 81.46058352274333 0.0
141.00643572156397 30.724373678951018 136.56913479364584 78.38229988396307 99.31090150154338 91.75689222168765 72.6618414981579 88.95957116415104 39.44784222189105 80.66763827326915 0.0 29.561053756952155 54.62707925975673 0.0 98.91901520657957 14.040136659815623 141.00643572156397 30.724373678951018
135.75012915121653 157.2043842938146 30.48379552381749 204.4226452600388 0.0 72.87255718513978 102.60997534856806 0.0 236.7625325015439 18.52745400231842 168.99295334240412 126.20060091138315 135.75012915121653 157.2043842938146
82.03373611947214 197.05978696737668 0.0 110.45129605513873 87.0692055348378 27.17053936306104 233.80053217388348 0.0 272.93385468044556 151.61792235661488 170.67455503694245 227.4620629688526 82.03373611947214 197.05978696737668
16.40685307216843 0.6382927696271992 27.414310284003747 1.4974878494560784 31.932917941799616 16.21644613352092 49.50669197979606 0.0 35.38220184468784 17.769240261591847 54.467500001513244 22.910616528573712 43.319484645538495 28.079970783963688 39.317052423053696 36.27687929749382 29.958534258777405 38.80165816317165 20.265951090894774 37.760641210582975 6.694623096977111 34.22634181141703 0.0 21.330927700711968 19.39644879058605 13.913581990651792 16.40685307216843 0.6382927696271992
66.76557733486383 0.0 97.89908640523119 12.093322769839986 95.77377246333748 51.410651028377416 59.10547103402442 79.14500528439169 0.0 53.073429491936466 37.509798818751435 8.561497663630831 66.76557733486383 0.0
74.83181889696064 84.4639158137212 56.15853385148473 84.09842676538 46.841849317000985 67.18142137456384 13.063424878669139 78.23467677488884 40.164185787314814 46.694814444963214 0.0 29.898937658584018 35.74781612708322 24.916595041300695 35.268244153699435 0.0 59.51166197385688 36.31923191317205 68.91378242730659 15.764651878679729 79.24253913367738 21.706074718934047 97.46224485693588 25.193151917039344 116.26141253456953 41.50698583744088 79.78711064660365 50.27285532478278 72.27565857022645 54.836818376578876 74.83181889696064 84.4639158137212
123.3305700999656 301.2140646434716 71.25684495432125 270.7092441962701 31.332602705211656 237.28958628641814 60.33829839269745 172.28570132423073 0.0 144.4349070682311 50.37958238313331 116.0165939947232 34.37924126939774 50.45108182880078 72.9315950452762 0.0 129.08797958920394 45.71574702570298 177.74145036141238 49.70073533906765 175.21988062166253 109.85343935243529 197.55240932862245 135.81314766859526 324.7772715024514 203.4941396654421 144.49748474876588 171.17009248236423 161.6826829602319 236.07717955322437 123.3305700999656 301.2140646434716
194.6152796644177 214.6292873148582 121.88975728938745 205.3623932340771 69.06364586698444 204.13312611992143 51.78875863932171 154.70083052696788 0.0 87.58294591154718 46.99112351833661 0.0 146.9606861677093 5.527942006511438 167.07572248932166 99.1319598262862 320.573134625413 156.59471669713992 194.6152796644177 214.6292873148582
106.303914563213 47.71726472409126 119.88702725628676 70.58779287899698 171.5989593722143 102.51269390239902 88.61772197856712 106.16706685784955 101.96636011492731 151.52421114169897 71.35009462333753 157.01441155441415 40.639149147289366 155.28995322340313 15.360621786111857 139.28022354260747 14.871545271643846 107.21659891217514 0.0 82.01480784864548 6.863807990697502 53.30542049084799 25.15771377530467 23.692569629131967 58.954729399767025 38.473895261702054 96.74047202801978 0.0 106.303914563213 47.71726472409126
114.30741382824262 25.634688527025673 158.96494120038994 57.06763710657475 233.5618952090085 65.20485614909192 210.07971002987483 135.49304663879627 214.88194262157776 200.01959935805405 143.91488598385712 196.46415923118286 94.89357210925073 230.6945419998891 27.45682725577616 216.41483577447895 45.22636864218208 144.57516678602755 0.0 82.79867877774777 26.239847846311434 0.0 114.30741382824262 25.634688527025673
237.86439376476972 33.02061344902442 221.9557679680254 73.3309893934679 263.26016000077556 115.86623401299194 220.807118776087 143.7640332698249 213.72790613908677 208.1632030389395 152.54941354965507 151.64617428032426 134.34656477597667 118.94070568863533 61.763775208902274 184.0212069343425 58.39735636878302 126.82844501495298 49.22920473000704 91.85457934716652 0.0 37.520688515181355 124.62726269661056 64.63506038755895 120.61601072381572 36.13916723566625 138.41777346219263 9.990095488333765 157.98367249452258 42.81205062850371 213.02008907244328 0.0 237.86439376476972 33.02061344902442
174.5543261556524 133.1907215532495 94.41422336435735 117.79294475656242 0.0 11.60113076560745 178.815583833131 0.0 174.5543261556524 133.1907215532495
0.0 33.37209712772331 19.11786790640457 11.859163112289139 46.33951030775704 12.84506720695569 65.78532049584916 0.0 73.24832906668817 23.627549140138854 140.09928116863574 26.61488596738714 106.24239469998366 61.13500079883741 105.42980174645689 112.53743344305357 58.60462379686024 112.14647270950638 16.21464972934237 105.06561226349069 7.600983883084638 62.12148225904174 0.0 33.37209712772331
40.07749059125666 79.64599315808672 35.37692065397013 61.00482181097658 32.7299572870769 46.3064844291884 0.0 16.35574630940124 32.17175930295264 6.1489492855339165 54.35261027148624 4.113103356123361 72.4778874690792 0.0 77.68176785006455 26.508431689423276 103.57649974431052 22.96158989449286 92.43070317659132 42.920065525224516 97.46968624762971 57.62615455301572 96.60254582062636 78.96106233297758 75.2667110267826 80.72605364965924 58.7698881085131 79.40267102748024 40.07749059125666 79.64599315808672
281.7896555905833 70.8503921490113 229.73992784200863 139.19784224770683 224.28289169190793 262.8266847282897 136.50498638687102 176.50978000815422 0.0 172.95161809185754 86.88634323755889 71.06186864362698 132.12191203840513 0.0 212.11876028570623 18.382582142964765 281.7896555905833 70.8503921490113
50.10318164192776 58.68176044897819 73.96179723807836 105.00450595118659 44.35457015929326 88.76000035396444 39.35383862149149 66.8856625968125 0.0 55.490332277751556 26.758364975371606 35.359916139781625 44.43816985763365 0.0 68.0041167908179 31.4898270523178 114.77827993698556 37.24226762358814 50.10318164192776 58.68176044897819
65.19096566021958 0.3738204656532105 71.49994190742817 33.74094921804267 57.383241468853775 70.4762092572931 35.9477920502645 35.94078375459698 0.0 23.294248428634987 30.174444756517296 0.0 65.19096566021958 0.3738204656532105
0.0 52.79169293837864 23.29154330322654 29.323518653211487 41.057516525062745 13.19327985707843 65.0741498786949 0.0 83.76455942507005 22.81525080454565 108.01613101654783 43.031479490061876 82.08707383031461 62.40687734443397 63.53899212410297 64.3727501448794 48.655131310547794 81.39564706965294 38.83903644026454 63.316719382923715 0.0 52.79169293837864
339.88175962374487 241.12813321654326 148.83728012103865 133.0465371078644 137.28954880212314 244.16761873297568 114.22275422565491 165.97789054644053 6.281496257783061 189.62546592969474 10.439968874871312 115.2625054258758 0.0 32.68992256994835 106.75511543968238 53.513335604969555 148.11101898756755 0.0 204.9456741710406 22.110610584119414 255.97632758790016 61.822913669048425 214.43626092119632 123.607149391105 339.88175962374487 241.12813321654326
220.85432870617626 0.0 172.4412837478257 103.79754160035736 221.96290789144103 104.6266627090507 314.7870435009734 157.2880463057473 232.91089733163938 181.27829385539582 196.8495570675641 203.46088427087528 162.94356236562152 287.5823741762308 125.59664415425843 189.52749494198196 93.73045747290382 176.61079947093498 35.21144140746364 162.37780595273432 66.45814406944118 114.01710615781526 0.0 44.48774034842599 90.2799622727457 46.58551443317353 125.56159478230158 31.42678307204787 165.66986726185502 14.845953292165376 220.85432870617626 0.0
97.12107004397623 105.57626785081797 51.64488529686639 107.30446333590336 0.0 97.27413000196458 10.937262602718505 46.19208531353574 25.84053000358142 6.7622282229206405 64.8048601321642 30.692896484208333 133.58586810396628 0.0 124.23816177639586 64.16456922182549 97.12107004397623 105.57626785081797
152.00022857135576 106.74114691275366 161.16442879198434 131.39790160540966 136.6024099149795 127.44954380895314 122.60814763149085 158.55965969375444 96.88237289422334 151.33446020791894 103.60363821982548 113.78618764970281 65.36594814126687 113.39717212360404 0.0 78.99651423127504 20.296337701153433 29.439636945361585 61.4171310981826 0.0 109.90822677765286 6.611599681892244 142.09835640508987 26.730372236228007 185.71827107522125 20.57060002679333 176.60435018455928 68.65170928505599 302.68810101280127 85.4296928021158 152.00022857135576 106.74114691275366
125.98059065006021 62.191200156485785 96.72112743149103 98.05152754253919 191.3659448299714 115.34718253698257 89.41682787762934 110.23307968388839 122.10296449541056 165.0831436731296 88.91129519434828 153.2738963482202 65.44438115254809 170.98100549365222 28.862151637156835 172.89468638505963 0.0 150.72522968961374 4.398086528242473 113.20588266692101 57.40126136564473 97.72628089883871 32.44866947391549 62.97083827096086 63.60092568657525 69.18482143897153 81.17490590928922 27.450454766386073 127.24771158107333 0.0 125.98059065006021 62.191200156485785
71.37731551926285 0.0 54.001059463842026 49.15746437776197 12.397040270065574 47.349938428904636 0.0 17.3894275121946 22.294739525679233 1.7051863322155896 71.37731551926285 0.0
51.944708139116884 25.845755997444897 72.2632488414046 41.13232012572277 64.27243055227804 66.43348014890186 37.86792686597953 59.697252092301554 20.972043471674823 56.65123000361024 35.894318196130286 36.05387292595438 0.0 18.938000053133237 20.25412161766414 0.0 45.25257074995196 5.763127975010605 51.944708139116884 25.845755997444897
60.682508011658285 32.831593840849045 85.45414772942877 30.868228559536945 104.27170359491281 0.0 113.15915089922997 52.449552874609196 160.48645490675793 23.23148214187885 168.20234936010178 52.33331465300283 172.85851622910764 80.73252125713974 155.5522957615749 103.23621627223814 109.33449779224635 78.8894138675783 114.84888525705959 127.05494292116661 91.10839004713787 126.77961258045862 54.27883658322588 136.35622347562793 47.10980501958335 101.56663385360513 64.1924303510678 74.49559958493194 0.0 35.95018554252685 60.682508011658285 32.831593840849045
114.9306901923017 0.0 161.57322453386337 40.67016430437954 235.0865383106323 65.68436949839216 181.23938792772196 131.40112990108605 163.27713420035178 175.77884553501377 118.15680155653125 200.04668433477684 68.06229046590754 196.1864482260941 19.850401644653587 171.57945566673362 0.0 117.77984949695902 24.773368564372745 67.0646567437525 74.29055633387881 51.295216064827024 114.9306901923017 0.0
159.1741869276808 22.79012256445084 192.84819297047005 34.19272701777915 274.6610681266709 43.81503916927897 309.8007382902737 112.04818071804124 237.27872528608592 156.34694836284427 176.95307741536297 159.03256479988215 139.02418660127276 193.37236483280952 87.08052435785956 186.50870187208977 63.69380289682209 139.7532389852181 43.19918146646606 97.0366127825572 0.0 28.450250592114095 69.49532258702419 0.0 127.1845680115606 25.01926312323799 159.1741869276808 22.79012256445084
121.08207320877557 168.8781909639077 67.99806579032105 155.15662591798701 0.0 135.80408594916236 33.18881481720019 64.4918346102239 126.1394452881664 0.0 189.18453295806594 102.55445527466321 121.08207320877557 168.8781909639077
79.18528703480109 166.67306922803579 0.0 0.0 125.71303963173466 112.86924617545839 254.75963159102005 119.73190920298441 185.51524864116544 220.87893836301922 107.8014398716206 197.23755600065374 38.1268530051326 240.4804267842291 79.18528703480109 166.67306922803579
102.11880288271396 103.77077998458014 69.7849226366934 83.43114299957756 20.78961100235209 84.98111934031013 0.0 27.019137486916186 79.9980072869554 56.99810038370526 101.89650644904017 0.0 163.03687063662204 18.7508562945874 128.34791466820798 72.96877229732655 102.11880288271396 103.77077998458014
0.0 129.66889940991433 54.84073195618549 51.257567197858975 111.51300135469432 0.0 164.10131068311279 59.78934948836522 170.72716496617278 132.84022121935135 99.45662698955039 128.4186750787394 0.0 129.66889940991433
73.39181408934782 94.1988419742621 135.42030937514363 40.096572406995705 248.84076793904373 0.0 266.3313945060713 117.61663430956716 269.3267107494405 193.93384047528502 225.2040854219321 250.85208912492268 154.7386675115124 252.04119408566532 67.94091434368512 250.45284523885636 0.0 167.55708827063586 73.39181408934782 94.1988419742621
97.45059482818824 232.282606273947 44.19842217016304 239.37118055996245 49.379657978356704 180.71109505654866 0.0 151.77036205247185 11.649230113611225 105.7791648224782 24.04428557893027 48.11320613826403 84.83971142604709 57.78267481375556 120.80843178430213 89.0692728470838 214.2877610027698 0.0 126.54287253719396 138.0300007038174 250.72139546467926 138.73863838386072 181.05893447334523 176.1530736138874 138.4196870850461 178.19324141980726 127.1063079900647 203.5693504180516 97.45059482818824 232.282606273947
91.53287630247826 2.5272178163739696 161.40165862311588 21.792980023962095 142.53245241313343 96.20027619211939 78.7267190174144 122.30403367838255 23.88639262684839 110.3686944046245 0.0 59.56717883658256 64.87262053310653 45.704839280057094 53.46667394030392 0.0 91.53287630247826 2.5272178163739696
179.16439408335208 58.82049296180366 73.77087793982375 119.8016278635424 9.005434544492857 91.18790288899874 0.0 21.036057837588075 72.87822712841836 0.0 179.16439408335208 58.82049296180366
102.65439571926552 6.3060162715867705 83.36605969171815 43.73747803405514 159.08250345354236 37.49923607301296 93.62546972000078 56.07318953780683 112.69717775153204 83.11556557384353 94.080083948841 94.69584774176059 73.36922363251277 101.68308898376745 66.5926846739766 65.15977254663073 42.437508737968756 78.78271617045854 0.0 77.02080081120448 6.749104337522169 44.57966529098005 47.28998177634871 36.046060106339546 34.83371581714513 0.0 61.20132364290478 0.41183206930271865 78.16043159261345 20.55349938363532 102.65439571926552 6.3060162715867705
102.0951861179348 89.5398203167288 0.0 116.28643135978226 77.15259614790202 46.04932262823116 116.99653717043057 0.0 135.92445076333496 61.60212898214821 102.0951861179348 89.5398203167288
250.84885208370505 89.32433689306491 183.89384567754354 124.20142465097526 274.62515140660264 260.7725883167477 165.45516167808955 225.7784925879368 115.84370797702043 180.42660130057322 104.08425645551696 139.64631305516036 69.76017104977268 132.60035552811348 0.0 95.36740193777987 75.58393879182267 71.78827364716659 76.52384561017632 14.81327492687808 128.1152749546281 30.321843121250538 160.77823832181014 46.417905139731864 275.7025649243824 0.0 250.84885208370505 89.32433689306491
0.0 132.3522764200181 53.03364802758125 0.0 162.95202194674116 38.16238535562695 107.70753471745766 96.52171431005318 0.0 132.3522764200181
141.50345076648614 62.3336907613018 99.47712028948769 106.36608986718235 0.0 133.1386972618142 35.263851468163864 37.55349523665142 69.19135096347318 7.376605606527242 124.90020049983558 0.0 141.50345076648614 62.3336907613018
114.72062717559271 39.01465538626506 88.8291271719862 55.44055445531373 152.05316082716206 101.84950131791382 106.08158676456073 105.90701818295389 82.91536705602411 122.57346671382541 60.64035477852339 89.92257248691888 38.52473138238608 94.04862184715134 0.0 93.3839267247435 31.46048337982694 56.986677422580755 24.82633300383469 39.22697787158944 35.27131788635489 23.5187360063086 45.085178988063646 0.0 69.20883338112709 18.330931553101806 77.3876997522822 35.01947723759439 122.84736461690434 6.724536446623247 114.72062717559271 39.01465538626506
65.9600547273859 6.91182737274066 67.74394829682927 20.261862519024078 70.39287138871 36.41575484553107 55.15449082216769 41.46835495089226 43.3424241019118 62.04007846436366 30.39185925850461 43.737966765386034 25.09971918892802 31.974544556496298 0.0 22.779953885844478 18.699198915752532 8.241433307506398 29.222092213170413 0.0 42.24057449760943 21.207100844737283 48.186329758342595 10.341600980270371 65.9600547273859 6.91182737274066
202.05009276992615 130.4834489104607 165.4945512047644 204.49039255506057 92.53099930445742 164.4859977914835 74.43908564863492 118.79875707536137 0.0 53.77042362790599 109.52415762807473 80.71986503675312 152.53274615219578 0.0 205.78145494713624 56.611621305647525 202.05009276992615 130.4834489104607
