100
116.95647411993373 0.0 195.64419823088255 3.294408484215289 261.282289311432 91.20783698504144 173.31753704350234 168.96885323245937 81.70147530363617 132.075274131868 0.0 40.59443525308318 116.95647411993373 0.0
242.24932421440175 116.90511022248681 186.4298155847926 190.7757223960699 108.93850595814098 194.47108373453597 74.87438965932054 143.6058812786087 0.0 95.80202995433747 49.40510245438777 25.435334298529156 127.48764991006097 0.0 150.83569543914228 81.27239664387959 242.24932421440175 116.90511022248681
89.50432529153213 3.0946677863131384 77.91932324982488 38.81652552074301 48.78940182076144 39.40923117279448 48.822599010251935 66.52723366300454 28.789822781688116 60.524746215131245 0.0 49.1522631540025 4.540113150047148 17.938901970864364 29.723792747998672 4.482213492577145 53.46375596559433 0.0 89.50432529153213 3.0946677863131384
156.7538313352444 235.63801335336356 73.7303326087569 276.1063829930165 107.63176184486348 138.7600146514206 0.0 128.1563349415436 58.4700261515212 80.9272985828306 85.48363663476688 0.0 149.3776075610966 56.98950588310092 167.34195977101683 97.45268304648775 193.49664499820238 130.84211288221815 281.55754968613536 249.3644548809955 156.7538313352444 235.63801335336356
113.99401840062615 51.321485677566315 128.77246603036735 72.88739845470289 103.24050915823597 87.17677434328557 100.58239407490956 109.53819017444947 77.09610105784324 103.76843574360795 57.13872240234086 119.82708561516019 35.431066975730005 112.7386653598049 8.441889909596135 101.64822481079544 69.18838212370204 67.40093605967307 0.0 43.7855972781866 65.15951228465399 63.760319911541444 41.297526441768184 4.216647890674764 69.61304441966821 10.932607265435934 98.72324749373271 0.0 83.79353994902098 53.75398811142436 113.99401840062615 51.321485677566315
120.71619623186781 170.05666958489962 78.17100119831775 113.73684672965298 33.09555963035507 144.64921112468244 3.2105715236567676 113.47697588368563 15.623552353493096 73.37059501688519 0.0 21.784146528373434 71.40250807074901 58.39841100088417 89.86060434302112 4.677015380257274 138.6919123899063 0.0 159.5997562125649 44.776473101627204 189.11202216101228 90.59161695837273 144.4437837366 125.51209158309929 120.71619623186781 170.05666958489962
30.176406849276418 36.177609951509254 0.0 51.582268918538205 12.406714368188545 31.667028500003838 7.315773048144592 6.208017782470279 30.21851753259007 20.781419740258727 61.68766666976808 0.0 73.00929087360979 29.709192002084578 48.33129359441344 47.853779936650426 35.25321126026688 52.460730034178795 30.176406849276418 36.177609951509254
48.72025498253677 30.66126974937447 68.752320039026 0.0 90.1277419953617 11.172277831524298 71.8601192142027 34.03556857033095 80.16949311411572 56.81857593250777 52.32647470242142 43.162226488830754 38.007130149541354 66.00357950744785 10.389992754385815 62.784990557242054 11.362170428399992 36.12520689608262 0.0 8.56087271509594 32.35046367972042 5.247267094379879 48.72025498253677 30.66126974937447
103.85509774222949 59.71420663568932 131.08397875166253 94.16792166734609 87.35045418536546 87.34735448756612 77.68267911078784 113.41107497981608 53.76313573217813 107.65540104748268 30.932207937939253 104.29607591867915 0.0 95.63537107780402 22.931952101854513 61.87960257801659 14.24420001151546 41.770515024818295 36.204325642570026 32.99494361232267 47.96930383297446 23.572585510171592 62.54970956307049 20.643343593967842 84.59173825312752 5.1957281453234 122.20949593335133 0.0 111.92459304023312 39.46148451321058 103.85509774222949 59.71420663568932
60.48181594626079 38.37555826324375 0.0 33.961166265704094 59.98782526177066 0.0 168.68305911963745 34.84389679992806 60.48181594626079 38.37555826324375
184.76248486692884 29.030542911860195 215.87695488241246 106.15953511329602 327.2793855776364 206.48228029266224 168.52417720414732 214.78927976346904 106.71125287535881 250.1394930726242 24.200604072770176 234.22241061389414 0.0 151.15277955588078 84.93266645277353 113.5963742903357 91.50309495012255 0.0 184.76248486692884 29.030542911860195
134.11491425728008 16.52371541339481 113.61069975334962 130.3852034883127 0.0 112.41288904762503 15.972981269667969 0.0 134.11491425728008 16.52371541339481
0.0 58.17857914327655 62.142631603608365 13.099480132997414 132.40028132704748 0.0 143.9230148917871 69.70623744722532 104.87119947966447 101.2541083929879 45.02619174022996 127.10588873452006 0.0 58.17857914327655
0.0 104.72541485270679 167.75015721998244 112.55893990844963 174.53867897207425 7.490324884809809 300.9097514732654 0.0 238.8533371773312 121.67085203249727 255.58264128299945 217.9592612930527 167.94717307779416 134.86949850483472 121.68756361984612 157.7565168886169 0.0 104.72541485270679
33.96702974805795 0.0 56.88913247528497 6.366894757860926 65.10265172077766 26.084916723115875 81.79381655040225 38.023921366019046 65.98669503746697 53.00158516157091 60.20814700633596 70.60026704338634 42.879757714616716 76.04722201766472 24.24176542847553 69.320855925715 34.41812686951481 46.02114093105727 37.06770415743003 40.676671608479076 0.0 0.38176572476645987 33.96702974805795 0.0
114.79746132030759 182.27492950102848 0.0 191.1312899993885 19.667115768201597 85.11859836136085 61.95445517603795 52.48049908194258 104.74354375966418 0.0 191.18989447088768 29.947051206447775 223.40537188066986 144.31799304085237 114.79746132030759 182.27492950102848
169.27711241971315 81.47093235017344 133.4933801077313 0.0 198.5541218749949 2.243336940419951 265.8875099584303 33.707365619091505 287.1708857856362 123.89172400892188 182.96798543482657 112.83257221104482 134.51932103738463 178.14727409967594 0.0 157.11661261458534 169.27711241971315 81.47093235017344
66.86015730807644 56.81741813378445 42.24468083869371 38.36636484776658 61.81867391186459 34.067000174616986 64.20373912652353 0.0 87.64942864527787 13.987739996003938 116.77072865859488 2.003718192895512 130.90525434015916 23.140558148989662 89.00938620624184 56.36030418032124 135.5461907160473 70.80343661556577 166.68501972396092 123.36530772876915 111.85864909591295 112.96172447426113 84.49597501889836 78.13971782012607 55.894677931046786 133.70877339685345 40.543776187884255 102.10381633231671 0.0 90.99259665388016 66.86015730807644 56.81741813378445
85.41871341166379 49.256214305830426 104.9811528685199 86.70428074702835 63.070242077370416 89.53654332949733 34.69976796107925 99.3114221142065 30.756500569924192 68.32767046805452 0.0 48.373623451978034 12.833310154303653 14.970238946806965 47.715151315485635 0.0 85.39107766634709 11.22555011370487 85.41871341166379 49.256214305830426
54.63131140538762 9.113707580255095 67.56187653300216 24.79527833450385 49.198411275235244 34.102763119842265 36.56409990198395 33.812450789558994 28.298492174864492 29.11997556511666 0.0 34.007434005638174 1.8094353400727243 12.595073769894512 22.492339178624505 4.902208813717124 34.32402424512631 13.760907617549606 44.94573015676707 0.0 54.63131140538762 9.113707580255095
0.0 79.1411002861256 32.11129230907352 60.98744556662355 46.50883986946495 53.30919181037903 45.75362329135852 12.024863480348671 74.83794670483155 0.0 92.38739687635683 31.875456076343305 151.31875620246615 11.849575864293143 144.86056560043806 58.559529578233054 126.34777383085725 87.83492071645301 128.58698956982082 117.61660965615808 78.40740125531218 91.895847651087 75.08625503902573 117.1064103282436 48.35765607405219 149.02184446938355 20.26621722883337 135.58926882961606 16.156405390226723 103.77410305999248 0.0 79.1411002861256
62.41660150545239 130.39058367777514 34.0335110428162 131.2172487996171 15.672826214270344 109.23227056349936 55.870401034027964 85.12341248998071 0.0 44.236441768007644 39.52250812055678 36.86711759707224 60.007830539380336 0.0 89.65857544200934 39.780457628145385 115.98705158602684 41.714993072444344 122.53012366848091 68.15457560538061 114.31204164242075 89.20360056290905 164.75295655860506 135.55282239633507 119.907460542009 149.6987618820157 80.5193827657055 116.28565330045981 62.41660150545239 130.39058367777514
30.458712704740634 12.809976730558944 45.67656378917279 0.0 40.68064083100231 25.648340434193898 69.21838054319646 25.34775470789961 62.17098506605096 41.2308912365356 58.348534396572845 58.91518846297923 37.104966591815284 47.88439248907889 24.026077938973174 61.386399174948465 22.05664332171068 42.16668605336679 4.80246113824785 37.840967368906945 0.0 20.07342587322603 10.841917031425155 5.39607487950957 30.458712704740634 12.809976730558944
0.0 128.85128669361316 84.97950598463927 0.0 269.35202409520195 37.3808357437437 222.51764714553067 198.39756663924553 85.47568998204378 253.75811920746423 0.0 128.85128669361316
147.17784999847268 89.21076877236105 341.07521266970144 62.10696534241615 186.15364342245044 136.45169059164962 176.47047351281026 173.45988084465944 154.1010963519144 243.41348167678575 89.00128730005895 236.2023905932868 62.6979174784155 176.8098649143222 44.88200393091353 139.36505448225392 29.439904515789806 94.39194418251309 0.0 0.0 95.66188739801063 29.020991625099427 147.1667428264726 14.39663332082172 147.17784999847268 89.21076877236105
192.2853440488114 0.0 280.8611010753965 56.91664229184933 180.87110819493748 115.37749169623525 162.82635635071978 194.72868034347363 99.67453268637165 122.42077468079513 76.43399356809667 103.74088805066357 6.1168768663690685 87.13950217096865 0.0 15.739019030552605 81.53441580340736 12.364566707426832 113.10278765327249 54.248435175113 192.2853440488114 0.0
54.007264302400614 119.14746850168436 22.226284478692094 96.89416012128888 36.41172248422001 58.28674544393781 0.0 2.8790473087342576 66.18844926263975 11.877127620845805 93.14957944232805 6.301159315571525 130.18390724198218 0.0 125.95048442886933 42.72829583162514 168.88121628550283 64.30730019252874 148.10401519166365 99.9677912481315 138.2672576557702 156.36721398453028 86.19816449653217 123.87942923421761 54.007264302400614 119.14746850168436
63.847437617936194 31.01776645483396 54.30469436802264 7.779575986786952 74.21886928512754 18.20519390064318 85.48735711460492 9.522793962549457 109.76802116625201 0.0 137.59724698163095 9.539840074190394 142.69812854182376 37.035699914527896 113.28446219655174 54.42233968434995 113.46360957820491 78.85397554132349 86.52473724308933 67.36363981699445 70.21666355971854 81.6285755519561 60.138602485302556 62.83903873497387 0.0 75.45319114597577 59.213040486700294 38.641120560236104 63.847437617936194 31.01776645483396
89.92987675689643 187.003888799614 124.37054924938093 122.35631864508312 0.0 49.768393691082004 143.15056047886253 61.50319073287356 173.10121461255943 50.40424888485181 211.53852582166417 0.0 268.734607644187 7.620772654928729 360.86168199296685 29.940452970568245 241.00103407658875 110.81262436553779 237.60457767183308 136.016727353917 222.50709954191575 158.3394339775826 198.5499281522305 223.4262260596579 162.10319927912627 176.33109481535837 89.92987675689643 187.003888799614
48.24002756293217 49.1279039353215 21.888249582308404 42.15988174355151 0.0 43.393941424727245 4.944127839867946 22.090089202627155 11.781631996957373 0.0 34.309570521105684 7.855847944428604 55.07523495181576 21.959089887764975 48.24002756293217 49.1279039353215
42.69421885048223 164.06171380058322 0.0 108.65807789868435 69.85698840601543 65.8095007608454 86.74360394962551 16.651678936080586 145.1611567485934 31.970063477448505 185.93697706006836 0.0 227.2730775097627 19.816042328342107 225.10975007400737 74.73028808802113 268.7842486672104 99.26153028534391 290.64045733122543 148.13940487797532 276.3745620225246 202.1045131989411 205.95129659001526 189.60337796685417 167.35950396982383 152.40279638062458 120.10311755765593 243.67154819413702 85.90791877908697 199.7132390943404 42.69421885048223 164.06171380058322
0.0 97.81062993653649 27.562316792943314 73.9111100576157 28.644444284511827 45.550775607464026 61.22795089990791 51.20685428147408 79.30474996934095 44.45105882864079 123.50607552841734 0.0 147.25119946913526 34.41082647097115 180.68648590111732 63.04486294995924 166.13798569655663 104.22556192006631 142.8452530593082 131.26603724018412 118.70702426710321 151.60580256008996 86.51815546538816 136.43669973833272 63.3900534511271 153.7100692648798 40.81296342768265 138.40362049742782 44.31298849055909 108.79301927854728 0.0 97.81062993653649
0.0 48.746763833683694 18.250902993381835 30.21121701954953 36.57778853208442 18.491111969276254 55.19980121757653 0.0 74.86593926978873 15.621454286670875 75.84574174265046 40.82432535444908 84.81567957906196 48.02175734753748 89.04863748193219 60.503245555732924 86.84706528154541 73.74334525505205 76.52076528474765 84.76749407782336 62.10467501564015 88.42227800156579 52.03646999433857 75.68280794246607 33.775652984545395 80.35047896967711 27.037290900696725 66.84225807353477 0.0 48.746763833683694
42.90006384101267 50.019822370013216 0.0 37.8597818221056 15.427157093381211 0.0 53.43624439633915 11.931858966057433 42.90006384101267 50.019822370013216
0.0 75.66498350703455 22.322235654610665 31.245063285635226 40.71710310259974 1.428239149136985 75.08056620323087 0.0 89.94954570131029 27.486125464162342 125.91700691297486 59.58210551463466 89.74925126689195 94.13520233893166 39.452588973471336 117.54905944343128 0.0 75.66498350703455
82.19431353090155 22.220910362890223 110.83218321083311 43.086111930561074 97.50108411995706 73.00947809439934 75.06375235329526 91.9265164329152 49.57721647346985 86.13867127510967 25.24604744361789 93.84807213993314 25.58924540983677 67.36269311439949 0.0 51.4537019845163 23.32986864138679 36.02162599677824 29.007824140190856 0.0 60.24612417099883 2.273979919668591 82.19431353090155 22.220910362890223
169.95131373286313 0.0 82.57850306587939 78.70285927618244 49.49193945942946 112.0239946641635 42.37586689766748 63.573364503020564 0.0 16.711245303848017 58.01272242603234 25.245448138536297 169.95131373286313 0.0
73.59752361424238 26.02752365258734 81.45417970301719 43.85663994367135 100.6705811382179 66.20569435617745 95.35629066230703 99.1129115929237 60.097043626284474 94.0519288621042 41.1577351359372 83.7282232905124 21.357007638314258 89.6266320439918 25.76172300557694 64.91640059836962 4.6076501821262354 56.570599751004245 3.6851276283606182 36.74496827012927 0.0 0.0 38.56290666455256 23.9159459450834 54.543954505255 21.146435201246696 73.59752361424238 26.02752365258734
10.451278283831314 0.0 83.07786818989541 7.740884374471868 129.64003691893973 17.487076242368843 137.2929558576377 60.69637991370017 200.8931568130699 159.75232693403876 93.26686388941482 133.57645228622812 17.940238123604658 147.35727874412134 0.0 71.58402790457987 10.451278283831314 0.0
94.47516938526657 0.0 134.07073022072487 28.535817391941805 139.83347344437576 72.8245019147851 171.96887794369425 85.82934519847319 180.10950497121212 119.65103063747851 226.8257234480128 196.174449640756 137.78938440061083 166.85406245851118 111.4207714736602 220.58109742573936 93.2521352939278 130.89532450079656 79.86686150457666 127.82217455753131 0.0 137.1139184306577 4.064751576976619 89.73513943604138 11.948810674515528 42.68435431741053 69.6161646373784 49.31260504391896 94.47516938526657 0.0
154.27034475853065 115.24743094588531 78.5373946408138 138.12145416628522 39.63764914927645 106.74701589444798 0.0 87.2908092812996 37.64871825235969 61.12286670301445 65.30319042005468 0.0 73.4160276341776 68.66562526073419 154.27034475853065 115.24743094588531
78.98001845315521 81.64320439914049 26.637940723794287 74.76664139824949 0.0 21.51927257398667 56.523665960939255 0.0 110.2937537458541 27.59911059811222 78.98001845315521 81.64320439914049
139.87077209668405 58.23054458664048 156.31401757997926 0.0 174.95082190384457 19.030834481551985 224.3111665236153 12.41811040903037 177.60097406235977 59.392049393250446 251.00638382861004 87.36476959845866 191.20997768761902 98.47946129874713 180.25251413012862 121.36706548011928 152.36403658964304 119.07713732262293 121.91294117377366 161.92735409679312 81.41387964954993 152.8099158401227 70.80915177453689 112.51817158304134 64.09986151582348 81.30570451054406 0.0 38.029486492831765 108.59294228647855 43.786872372617566 105.85094661635071 11.827977949454322 139.87077209668405 58.23054458664048
29.740294685933918 46.44363594874167 13.103989973412084 40.463976343374696 0.0 35.83831420312063 7.215806003642456 19.57152832281558 6.78637450219918 12.846717884173785 13.309542363504605 10.251096535468719 17.014677146688584 0.0 26.68247835994852 1.981772758845409 36.40824996966617 6.7909489608252755 54.58416658986508 18.882316614567046 45.814545110277436 36.62100168567409 29.740294685933918 46.44363594874167
55.262509441593295 45.17634199880918 62.44130968799598 70.04679213401027 42.58172665418371 49.80613142758658 32.91292743977772 70.63452462486663 22.704993285394963 59.96102328650514 7.995465239922083 55.44141450892576 30.930526378618964 36.62660160511993 19.85783473681451 31.08580614220918 0.0 9.784107432888348 22.10417294254998 9.086256674880133 32.25394137184345 0.0 44.32657407616492 7.751711864492137 61.63287193578982 0.9564208593151022 72.57262463587116 11.736444491261238 54.066767334988214 31.72199627494686 70.85043597574452 40.81949478567935 55.262509441593295 45.17634199880918
107.80566454014257 150.06144531471966 4.229106054506232 150.92556825093487 0.0 38.8815872235383 95.61820359117199 19.052426939560547 216.95982617116783 0.0 199.02744537898002 131.26251352461094 107.80566454014257 150.06144531471966
0.0 12.926477114153357 76.53023253275677 0.0 151.0088210430759 25.172650526414458 72.99273967804345 45.96381158851992 0.0 12.926477114153357
29.8346583134637 26.802983541296996 43.00110314791922 0.0 67.17824595076542 2.9339301110887703 81.32206695388396 24.9309719931925 123.72664191215782 26.194778661185396 95.0330340242948 59.64586792439562 103.22107166321072 84.58080510042525 87.83920698513552 102.60276429667958 69.91703393379763 123.35190332921685 45.12122340028319 101.52976728269702 42.224497880824124 72.06191789038937 7.183461124977292 90.57513701217552 18.12850014144103 66.48740054828447 0.0 49.31405012810096 30.095485162990308 46.00011302400581 29.8346583134637 26.802983541296996
49.49999029889884 60.82065601537249 27.755453945045986 58.941620548522394 15.044896598073578 42.70547098078522 0.0 14.758383365714451 29.718074685717966 0.0 46.512468797094996 24.683704810607466 70.46754180048788 26.714018128190673 73.8878994449833 51.47923938485005 49.49999029889884 60.82065601537249
112.85623825016046 131.42105378129133 80.4512658533718 197.3691718268209 71.70282429140076 150.78270278890892 70.14527120167554 126.37086641552098 20.153033895121737 102.3297463463105 0.0 42.53808963937982 73.3756295546261 54.807999714475095 96.35437621842108 13.886357546940502 146.4935990953366 0.0 168.80854944261816 52.40018945933517 223.3624907708916 69.17891656494842 218.6447336088535 122.9222105393843 169.9105384561285 148.72493247727783 155.62680717830114 184.05595111172357 112.85623825016046 131.42105378129133
54.14991146800028 104.57981018975269 19.96097503185429 118.96159177527534 0.0 87.7792108074131 11.577323596856147 53.65024135078889 23.351567553485282 0.0 76.51380225697476 6.78065496662073 154.94862902855397 13.662176977679216 124.79719806383552 87.94583956824445 114.63828588668422 149.50843508864799 54.14991146800028 104.57981018975269
135.38871456726662 37.930230408502325 120.29251024768152 92.18466934080875 110.22346247837504 110.6156605180174 201.36365342697434 168.64523752704764 122.35954618138624 158.51374063740764 98.32282986045328 189.71162032014928 70.17395720052362 156.7830723194312 39.80858408332577 155.7268547147999 0.0 135.6223181569914 4.119162883108942 93.45749636036909 25.089784396378917 57.751168868587584 49.668512886469074 10.539759264595176 100.88864773011213 0.0 135.38871456726662 37.930230408502325
84.78530132233794 0.0 81.80860930377943 41.69338645962767 137.39224231807478 61.65516523639422 104.43062227622664 98.36681755792412 66.85908878736122 77.39902094559056 0.0 94.91813933736324 40.124636978765096 39.20097908365448 70.85214866266848 42.348957726784384 84.78530132233794 0.0
30.61833192057756 16.971379398514188 63.13590122829331 35.02716435608842 28.132650590890563 45.35487607206521 8.917382725531667 46.25187542235679 0.0 27.72836285278308 7.3436665478950545 0.0 30.61833192057756 16.971379398514188
0.0 129.64492454316567 188.97388528967986 0.0 325.75947830271696 95.24110935003388 226.9543233379464 246.7779985488511 0.0 129.64492454316567
245.96122727777652 234.28610401829772 146.77370620561612 193.03872021993703 107.33276926516623 167.00727601886877 43.708874442371155 182.29657031888163 13.40628033391053 130.40175129988023 0.0 67.3961284481196 46.0832109873225 20.368194221237587 99.25704436031023 0.0 156.23767725709206 5.773340973828198 205.02606605600445 33.63250538846495 282.33609982752233 69.97020821411368 228.5092830932487 138.31407439558475 245.96122727777652 234.28610401829772
218.20651354902893 57.40458594063246 106.56812490825635 168.28099794628804 0.0 115.68010895930628 3.724287929753956 17.126288764348025 90.30932945174793 0.0 218.20651354902893 57.40458594063246
137.92312473155616 206.88829843629455 0.0 126.56163469319537 130.5800930727903 39.91784929707501 265.73173005173965 0.0 343.7068082270365 141.12994079034107 211.89605120938398 197.47328984173544 137.92312473155616 206.88829843629455
83.28819577880043 111.76594768877536 82.93395098874285 82.52716511594994 0.0 44.47441252087708 87.99502073291777 45.5759205688436 98.64277525128026 0.0 136.36324845521358 16.673727594146236 154.9678630514279 42.10201962307366 183.09974418673855 68.64129580360905 176.03909658652148 108.66009585275157 155.83119527512616 152.56076531165985 108.8759094543901 139.3940499264896 83.28819577880043 111.76594768877536
185.51696426256854 0.0 230.51854162589206 142.37752898475253 105.981864779214 177.8497535543915 0.0 140.4372652702784 49.55557243063085 25.025375408846898 185.51696426256854 0.0
67.04862005256061 41.12806923197357 45.05407370764547 49.17022322194207 25.640999874549237 57.24522183871403 0.0 32.47527502294996 28.068474229476536 8.767342439246036 68.97971251062656 0.0 67.04862005256061 41.12806923197357
120.74997577245203 175.9702492061255 91.4217415803839 113.13005355628022 51.162195991339345 142.26492808160077 0.0 121.80333333896652 13.41544925609901 71.80400921528799 56.14735864059995 55.2994663601433 75.8153449033895 26.53883532810208 111.51904400904684 33.92904934859494 186.67346720080567 0.0 172.74248167517723 70.05833692430197 144.7608724237901 106.00776144854412 111.98333778367139 109.48789904939278 120.74997577245203 175.9702492061255
37.126913135862026 121.08700803459729 26.81877944369772 56.948361739229725 76.14654652281789 0.0 146.19187674775662 9.100158964815549 208.9930632567478 43.45405243378268 252.52322858759612 104.82414635772459 195.0407500547688 160.83516706728852 152.69149619122982 190.7512925691007 107.61151874999793 173.14017853640303 0.0 223.8373108373699 37.126913135862026 121.08700803459729
64.18097339660609 41.622372159681355 60.87954976938697 52.91077501727853 21.09211998754796 109.35494361130074 0.0 85.50179206178828 20.18102907019852 47.96864887437001 17.423766608198036 30.312916075725376 14.488172530698705 6.640839508485094 38.02303117749814 2.0671021673008383 56.90157415309861 12.104433431807657 69.48025646095556 0.0 79.56685299245808 11.073731182570604 109.10250714900806 3.5069603828305063 91.32032364182666 30.059339897105993 124.71203297031559 45.41324084921711 119.55487188207087 70.6330981280893 84.45075169786622 66.53501399095143 64.18097339660609 41.622372159681355
28.32579573085303 100.25193262025877 20.312003546268585 76.44127678673911 0.0 59.29872768646647 9.545316375976824 35.09661497470133 12.717897682012165 0.0 51.01870769742561 55.9721170189517 72.53118874647751 12.031297873125645 83.48200415701564 34.8061593288675 127.52859904642325 52.72837895276661 120.66741872651627 91.07765467531067 77.22253315177258 96.09834713639964 54.16517159392289 103.85187217164852 28.32579573085303 100.25193262025877
96.24585060548323 118.06197359115862 40.35044507133813 154.23758475957573 62.725378586239614 66.8826319061526 0.0 35.24390596960752 56.94688115764984 30.99669559206044 96.69364352129507 0.0 160.7824293746643 21.105875699856036 171.86782904500254 98.09135129236671 96.24585060548323 118.06197359115862
44.99084989356578 0.0 99.67762043113107 1.1165588354718068 90.4880983669824 69.08166416096932 0.0 67.13542378452337 44.99084989356578 0.0
0.0 57.55243938287156 40.3232199208349 0.0 88.27800912585849 10.043475904758871 134.42740863899934 34.88621077094172 132.05441979777112 114.57056308640378 61.5028749582074 81.61984884683562 0.0 57.55243938287156
35.264409118323684 1.5093246930505941 72.4263264994078 0.0 100.91019807462551 22.511537429154224 130.88307765389226 57.092230194457755 100.97035466447862 93.03483079851198 77.44467737216324 124.40797993490499 40.245673232313976 103.3723057224711 27.28591302808455 79.17004857146115 22.85313300906266 60.10268290565122 0.0 20.19634296321062 35.264409118323684 1.5093246930505941
121.99607004674773 99.04994531863089 199.05596555881948 41.46882356772987 213.29793767750544 75.87317312997658 186.9574970230238 108.5809170218356 215.48822244775886 156.91109653970193 174.25165203571453 170.15627029190387 134.5655648804198 147.76080088524878 112.2991775647454 166.5261371861924 101.3266016131336 132.94015523897298 41.73509864147327 157.5789641570476 0.0 130.46013485639054 45.355240591312466 89.59039772255157 52.24358868954769 58.98116735996079 74.28009068256235 39.48728266276907 96.48138290529174 6.914096380708941 132.76866465409287 0.0 121.99607004674773 99.04994531863089
34.37339134020267 27.48700778137558 23.424890266739936 29.118172963351896 0.0 21.320616174775566 20.904430212225634 6.566740754201277 55.32340161083073 0.0 34.37339134020267 27.48700778137558
157.56268803224344 88.81957303800074 139.4717533837134 114.2319144922875 94.01731637326752 89.69884680532151 87.06048459883121 122.97090236658698 61.262965463458855 128.50778671515403 14.799541359737262 140.73224609055495 0.0 102.73707158419998 37.78960989466225 67.54207171065417 32.129768761279 42.80300643610339 73.85411115210063 58.49242025563882 70.74957477216144 24.49435723488952 88.62711784762759 31.683809023355273 126.53364344634177 0.0 125.85802206382128 42.44885696999542 140.36513069258865 60.48191132926392 157.56268803224344 88.81957303800074
92.82831172563247 143.50620652805358 0.0 81.64686815818001 100.1300256780575 0.0 214.09892572240716 100.00839363640485 92.82831172563247 143.50620652805358
41.72990281871543 81.11893827548955 0.0 76.78712962621306 45.2384600604572 63.443340946003005 29.225431729063843 34.878292633563674 50.05395571579598 29.93012328027681 71.47259829952999 18.01875923645941 119.90238932174572 0.0 105.30234121163568 51.22045264381482 95.468425698104 72.86147753784475 127.71288411980036 113.36966333705887 87.20148676195095 117.5105248218262 60.2109126808779 108.16876883821094 32.73725607965507 121.34686152955096 41.72990281871543 81.11893827548955
77.36286820468524 147.19402932450066 0.0 59.02218863364307 152.4166427728646 0.0 150.63643500304826 132.50154381917554 77.36286820468524 147.19402932450066
68.0840503052068 0.0 90.86343197815354 6.9687830461738685 92.49728070752353 35.092776752708446 149.46404474359446 17.764424587182646 186.85851151998355 52.70311740649821 149.45973067251475 85.83684953432392 119.7474696061007 106.9586836721842 87.70869371554983 110.58078574202393 72.60347913967429 70.81919289601417 11.941740374438666 101.78194624092002 49.24270100801263 52.93248180488824 0.0 20.89185582685188 41.39861015573484 5.349943698372101 68.0840503052068 0.0
98.98546131179216 101.4019922059537 71.66194753821199 117.44819830668233 59.178800853932756 66.78934317038402 7.904056384153051 98.79441351765725 13.682160358166811 64.917061832711 0.0 21.77407171745137 44.03945498240874 10.28226538613626 86.19355516388362 0.0 121.79226426790873 27.797947672491695 73.12425747640971 67.67910129188729 98.98546131179216 101.4019922059537
94.21490702308317 62.843571847194966 146.56057464547885 0.0 186.5995766592794 60.07311147420542 205.40169641604356 107.01568794623238 229.01659237504012 166.90616764877652 165.77295604898023 186.64142442863016 125.71296661697961 201.43971100336515 93.17529248612908 179.27073660042217 49.041906383429605 167.18208037174776 0.0 119.63877790918319 14.507703244312665 49.52612059786043 94.21490702308317 62.843571847194966
0.0 210.7298551365556 32.548337891749384 113.40165581092877 98.2912720932577 71.96418650757343 123.37142644110628 31.227965670692583 163.6992486801787 83.64279259545003 261.4903903078806 0.0 175.27450522859488 108.81672063081194 198.43702107818928 124.50606727009031 206.16082529296347 165.1310801729074 169.17695905845926 182.83166053425748 104.40479727239784 230.48390251205177 0.0 210.7298551365556
145.1179742721234 0.0 186.52108255641653 2.848014774437118 195.097592000111 45.36603777462456 235.28659821693626 68.85873213405215 229.84858282490026 115.04411305145017 168.53843962911273 101.78144738103232 152.5702142510795 107.4597982963029 111.53763829484532 151.98520932127434 104.01423927794283 103.8000759486455 0.0 82.34148523700209 85.05756313300674 41.43180178485352 127.3073464329257 40.720538836475086 145.1179742721234 0.0
96.70846517100365 12.654881429678369 79.053156458197 72.12503131451861 0.0 54.64995427432039 51.24434341242063 0.0 96.70846517100365 12.654881429678369
208.79868458996214 0.0 185.10772155150318 117.4338044488282 97.52222917640626 85.51099725506992 21.17236432613325 147.3364716004313 0.0 45.03753919559679 91.52532541268563 15.983209503421278 208.79868458996214 0.0
54.61388211208774 4.763916730876986 105.27646681693918 52.65236791616005 152.88926301627245 0.0 154.46806224714592 60.83267693036947 206.64488705914027 74.88477640024537 225.09179008848187 122.16925627705214 226.39899099487081 185.15662758609653 158.0209750521957 198.3063149990616 109.46237800943426 216.39527869506867 64.81473132750764 198.00186610269748 0.0 191.31303376712327 23.22703284822751 124.06614865559185 19.376223342852484 86.76959917296531 60.7095327312926 69.37311123821009 54.61388211208774 4.763916730876986
45.82546373683688 42.0663764123849 33.71343364126291 30.524138475974695 14.999028208657535 53.532371347032495 0.0 39.00468316236787 16.248256888135344 21.562542064516023 12.988095594035627 7.390601428373827 27.145469187949914 4.282276444072579 39.122449254608085 0.0 52.07190257928073 6.431445792085384 61.19121686939867 18.407615054625694 51.8022474737742 31.116380016653594 45.82546373683688 42.0663764123849
0.0 149.96896677250635 46.50154311547932 103.7603330163779 43.2911600028674 60.304530464582655 64.85255517995805 0.0 117.63574104788206 48.73835162612238 158.57678441992647 44.74906684124842 167.87293643481075 86.60172407325904 220.2073988912768 116.17034219110094 193.86692182429505 157.60902172704658 134.62662788678563 148.0389456622284 123.11402712568642 184.82778911936595 91.54293378894464 177.848650857444 57.68075278120539 171.51348132479882 0.0 149.96896677250635
39.41528383716958 48.09469425308173 19.29100418183957 44.6937892693164 0.0 32.371427436900504 20.147804790640095 22.549261036614197 37.34717165690603 0.0 54.747780887035304 26.230890085858476 39.41528383716958 48.09469425308173
41.774955092400376 0.0 78.98422147567845 4.507460140560262 113.26550398902427 2.1576930477185527 124.09400231130086 35.5187646935372 106.25418483028433 60.5471140747099 94.24974438421866 84.08398506156539 67.93239857569935 77.2757425583612 51.9519339609034 60.41544024039133 0.0 28.65521995700805 41.774955092400376 0.0
97.94345991426655 26.836079081196402 123.09190940281763 48.969190737868544 170.76116339257578 67.98528180095623 135.83858855687635 103.17658544199908 135.33246851422606 158.21471958414054 84.2870438382796 162.93183715532467 37.43218280700077 148.25254917903436 0.0 105.30304163828394 56.21307975580021 68.81474418564112 44.180843354270735 0.0 97.94345991426655 26.836079081196402
183.30655339036483 0.0 203.70273277465418 94.3090735572934 194.32922111478717 146.46396084708624 237.10091655359054 224.45689877881875 158.5782598162475 230.67399205617448 113.42433005381257 205.9856325068125 17.48005290269984 230.73511283583954 68.30301823384836 144.90452010297076 0.0 48.1872635705688 115.36386250279217 85.98541552584194 183.30655339036483 0.0
234.2511364013219 171.3752780759007 74.81210627744265 206.83117618210542 0.0 106.13009405564279 134.5813648951068 0.0 234.2511364013219 171.3752780759007
60.732519122877704 80.14964530213366 0.0 17.30071069494626 52.30163108441562 0.0 98.81306238974672 6.106043197755881 128.47933723040092 25.74172376600614 115.22158960530928 75.01611456926516 173.21576556433362 73.15701850271827 161.13111801042686 105.38526375700712 175.63240615106173 164.58884960221312 121.157272276312 158.90267466365788 85.13055472911836 156.06745436618675 51.91097134085936 144.72257800961899 42.03076161050558 108.86937060974302 60.732519122877704 80.14964530213366
15.22964410257179 17.841114156929393 37.11997779023083 0.0 61.5929998618949 14.65990481164593 57.652002237084766 38.15921739645374 40.74818861393613 56.452987621673 0.0 55.18141867067607 15.22964410257179 17.841114156929393
94.31572364062119 15.27950430533636 99.82535530444054 60.95785468276374 151.2104688008373 61.08076506990345 167.9165669297534 102.71993947301881 165.32502400675025 156.77874908712175 110.69997215036267 159.02661998206906 74.25343357218058 137.17301239042536 47.01751604678327 138.00363074131047 37.08776086175598 111.9207086713767 0.0 94.94588762273692 27.558621213621024 65.75016326185904 14.616566472620889 14.662945228966663 54.8603892103594 0.0 94.31572364062119 15.27950430533636
26.40465477771437 14.207383477038732 30.65365866023639 3.8966528835415204 47.49201323527643 0.0 39.892192178487804 17.211458161359587 48.101565300355276 31.382751344150762 31.924195791952968 28.1713355767571 20.387832463339564 37.1069707898849 0.0 32.33053497337549 5.826542621152427 11.468523568976067 26.40465477771437 14.207383477038732
47.75879847174642 102.90029997277759 22.12380945264991 86.35218025394516 0.0 51.855981407670015 28.895043519751795 27.609899783595743 75.71848971348409 45.81284306287094 81.0475152422408 0.0 106.30827318483695 18.232959077424525 142.60375837021653 5.572514022320107 158.1248959058329 32.162230935955506 156.3830545458954 62.41284842275405 107.68428622863084 76.4159462530409 175.87510218769256 130.04939446606758 139.2569648794626 143.926099826496 93.84809201803056 78.54553037255545 90.43010332444702 84.66094055563615 48.85622741821038 135.9008411773289 47.75879847174642 102.90029997277759
41.992320624770244 47.53243963115101 19.883043229025944 37.96592757478403 0.0 25.585573741467556 7.6046034982069415 0.879620181497188 29.76320030766304 0.0 43.78264287527709 8.089293242384045 59.66697615686691 26.71991533191583 41.992320624770244 47.53243963115101
132.16782659014808 106.10626745680736 69.48758570434761 89.84082462401156 0.0 81.83085055249961 26.06796678326952 9.319359114280374 89.41041140315485 0.0 140.5604566929014 36.36945896678903 132.16782659014808 106.10626745680736
111.4017158489603 28.68767998926962 164.84549071997105 0.0 259.94810215734424 1.6366706297753808 194.70684872306396 82.25876120298408 177.83507771805523 117.63880841635049 160.83160871334874 146.64760647261232 132.71041117385488 164.47707926975244 102.31536753739512 195.26743671845387 44.81694606785945 228.40571109800317 50.74090403296847 138.85417926614429 0.0 128.46166068032585 17.89413482645844 86.3950351228666 13.84796804176105 47.40079082419355 29.479454474377235 0.017688333899556596 88.027026845047 40.85359864682993 111.4017158489603 28.68767998926962
127.32637644080464 57.4963229347202 98.86961946468799 112.91517789570473 51.63415637447349 108.72543431241677 0.0 64.81072793565977 63.52018746279684 0.0 127.32637644080464 57.4963229347202
17.74026914709625 0.0 101.22824817295636 31.84399833950841 90.3555348245785 86.70609488123137 59.03730667076162 91.13151759924766 0.0 89.28884997381876 17.74026914709625 0.0
