100
241.85060905981027 115.30307124863623 190.936032266973 165.60327556347806 136.18650403277712 174.96066319706108 107.25941715508961 218.76445074569534 61.396399238642346 200.9583444884721 0.18361218837981141 200.24124877456978 33.10437254536717 133.231081770811 0.0 96.54280072918054 47.83130202123931 76.60767769453444 47.8789135269148 0.0 106.55770454170315 5.333644857890036 167.86536241552218 12.26312809958354 152.726353252154 86.70300220599006 241.85060905981027 115.30307124863623
74.00470239505006 105.88008200801278 0.0 72.69387356146534 50.60947243314628 3.594710181360014 119.73562695186294 0.0 220.38389854193758 46.36814249683681 189.40768170893534 189.7453569725877 74.00470239505006 105.88008200801278
0.0 65.46676331722685 88.17091870751042 0.0 146.9015474343972 77.81874859001925 260.8553638961253 107.44726013946357 202.96057747576572 210.89009938562407 101.21011417836041 201.33710016491455 25.242196398340397 168.23160138264734 0.0 65.46676331722685
113.24735752117712 13.362723674574895 85.05846547363741 52.77925913029577 56.922091190174115 50.10858296923209 12.195900749072308 73.23154372862712 0.0 26.470023456492783 34.429176101950276 1.6815817491271332 66.82906779453526 0.0 113.24735752117712 13.362723674574895
12.220799723656711 0.0 31.376539878315285 21.420731895897035 43.47649502111564 4.5329212733940665 54.1582747372143 13.572191121712507 49.3014459271363 27.170342730774635 41.19725427449097 33.37163730530041 39.387608963082485 48.1901097247642 31.029786426762243 29.33296232650835 27.45678454224347 30.66821869745182 17.933528948517463 29.538166259860986 0.0 14.363808397183206 12.220799723656711 0.0
33.699197899594594 49.484286903110714 61.96839034396288 1.248973911150216 144.55610922498693 0.0 133.94442250378978 80.65168391247836 113.97876601362259 141.18457477939774 56.20328235804584 129.2760728633814 12.10424430835971 118.53685004310536 0.0 74.53281822018822 33.699197899594594 49.484286903110714
29.617018141945877 0.0 38.468086755665865 8.62459565153965 47.6977578030225 11.871844379053726 52.65013516946436 19.82021061551268 56.2643263221037 29.297798191712545 41.82859954684196 33.7102901297942 45.83881864179118 46.41840442246129 37.03506654043616 51.32394628175341 29.01841395633342 38.702952886297595 17.921644831780057 46.59760053568512 10.229996982282685 40.39457092435188 0.0 31.795202513709995 17.647951140823324 23.931725565683777 18.558091860792715 17.109051304932592 20.717217669456417 6.7021696869948215 29.617018141945877 0.0
11.536253853996165 0.0 35.435965084193676 1.0011786312298554 49.93796961655874 13.235827761892999 53.644127834773435 26.695417940101912 111.102922727004 28.29198932873401 76.7154724712164 51.7771613790809 55.486188848472814 56.912031038721516 42.76275922271697 53.01069798758184 24.738883998119015 77.40568416734291 9.458142361882786 61.29463400271968 20.674035627716044 39.865550440392674 0.0 20.592797515528012 11.536253853996165 0.0
196.54657114839222 107.60986730112042 108.67900776801535 101.0509458690528 60.57344558745823 161.01977518678262 0.0 86.80411886240339 86.21983308361366 52.770424548802666 177.94496666040462 0.0 196.54657114839222 107.60986730112042
24.099529614353244 26.48107867777813 32.934689368106916 12.51290854941211 49.7116877279815 24.34531068675895 69.92306638514371 0.0 62.51951785764594 37.09615031372191 106.48166225371261 28.78497944545221 110.40105086998096 54.5256520854107 91.68387338973771 73.04477809609136 60.64500677427384 62.973601244784945 60.304748105815776 89.81607599247513 42.180669788062445 92.64618039052931 40.86923035939206 62.45751775752636 10.142876611191497 73.54289914078552 0.0 54.81490045283955 39.2945283394361 45.76945581185548 24.099529614353244 26.48107867777813
65.15193498253421 72.88886768782714 31.64231105181961 95.0024453489248 0.0 66.52994156397682 21.274070340977822 34.95481248531849 34.375465083526684 0.0 61.87244198220987 24.378435260386077 98.32331433289465 48.233543316583216 65.15193498253421 72.88886768782714
2.29367599029797 65.20326299245606 0.0 30.52675438282712 24.017533085676376 9.928264330796608 47.537089096727286 0.0 73.55470688798559 3.8349468181545774 75.70437575950528 31.231267711266128 87.82606428159747 47.32685794652495 67.91137507133124 56.663827148477466 59.13405711619292 78.71687113570574 49.32550540755476 49.45568840217231 2.29367599029797 65.20326299245606
50.59750527817928 126.35134530131363 4.527901252269366 123.76136656312671 0.0 78.02667139682023 11.353665307383622 37.117665026074896 44.03672577572316 3.131414186482786 100.8470818569964 0.0 118.20727968390437 51.90188280354842 146.02073324613696 102.12381512786614 99.64467038746272 141.00429181259148 50.59750527817928 126.35134530131363
57.018621516696086 135.08685872877504 18.7958474096757 131.9020783272975 26.07238670428586 94.2427599655775 51.4437121136045 70.90826171002266 0.0 25.40755351167214 41.63084515744127 13.597517475973362 69.45626955513545 0.0 93.63374461816298 45.27744831920593 98.53904468433613 61.60129523541822 89.93345010259982 76.09520823684659 178.97725319014717 52.42642286168402 156.61679618848802 84.38690525123994 103.81682972902186 83.94146644364936 98.9558876875762 88.06490186003593 103.40829638887153 128.80399529299808 82.27489759416544 134.50212674563545 57.018621516696086 135.08685872877504
65.4212345566443 0.0 111.53675150023876 56.73933043622739 146.3307252718886 28.695108052791838 192.17250463184243 41.65779521432888 204.75954756315664 90.22576595147976 184.009355986526 132.9760957712682 145.49350191313536 154.88110102614814 104.97957153073186 199.2664901160586 65.55108991493657 154.80944387650527 18.44473871840391 131.45430040228587 0.0 77.7520354449594 27.520587335788292 31.48795536753871 65.4212345566443 0.0
23.282241345406973 6.017322945402299 50.435523994344976 0.0 58.68865300762138 27.531292609168787 36.910718568079446 40.763658048436895 27.75831582660716 54.111924997540314 13.984145812277674 45.57994770617475 18.778057173190987 32.111571933922036 0.0 10.883011133872571 23.282241345406973 6.017322945402299
0.0 46.29153684025954 7.627351072810754 18.78913314530746 18.19310682696758 0.0 35.875826027308804 12.695489756207735 59.08463052720843 10.54254450891284 65.05588298563396 33.248155274366596 48.10586511571094 49.10396476305337 30.88646035293145 33.5626373768974 0.0 46.29153684025954
12.203621736963385 114.92339986581236 32.15091932366664 85.95123027032388 42.320469265311345 75.77495952263828 0.0 39.78414664354492 7.203112698901691 0.0 49.65951796454141 21.122325840357384 72.71236579639209 17.355049458715108 110.7662268674552 3.339798006489417 102.89020318593232 50.06082976894268 155.80570107189564 55.93852686006922 140.00036799161524 90.32997434291634 113.03738957031287 110.1823623692829 107.50233405471114 140.21196893465003 74.71025601890243 130.70481377114152 52.45188137217812 141.2050956419783 22.927161488046835 143.08473803395924 12.203621736963385 114.92339986581236
58.57893009128914 46.33807133749413 37.78075121488338 36.293714319377486 37.505290981729416 47.87057421213696 28.488114494592736 60.902388933637624 24.406449772490035 45.56979181311087 34.071888034660134 30.891405445623448 0.0 37.32028906235642 16.86208065029639 27.031026165276515 17.073795849668556 18.812123376373904 19.093713261526943 7.6264811014589355 30.20582673966389 8.922581919268751 38.25615011216756 11.693935513149555 55.17601735529736 0.0 39.06912767691698 27.46188260525068 67.63425496858154 24.075205443325984 58.19068000047889 35.55459551676414 58.57893009128914 46.33807133749413
24.049721616231466 75.23371315867313 0.0 0.0 79.79432934849766 27.75783666874272 105.9870162729508 38.317635713385044 153.58127091428867 55.30559361598347 118.50955852015584 88.20128488494716 93.65131134430789 108.80577116880185 57.519125828996664 106.16775997723245 24.049721616231466 75.23371315867313
113.82988918760637 58.24616396788136 158.872839977384 19.61317431508847 275.7427318554188 0.0 225.82171757020916 101.01355025759217 212.91313044544535 157.71414404260315 170.2188091930244 186.67562812401852 119.46182547527131 225.09165192470857 93.91093252604203 155.72822787141553 23.28078892066661 153.22196782081454 0.0 83.74306603145025 72.11778555269456 55.51405890488429 113.82988918760637 58.24616396788136
146.54128332519298 0.0 257.32901292197835 89.87834250295356 118.45995102465119 104.88862044372635 0.0 82.47107906045193 95.28526300570736 12.068152907955778 146.54128332519298 0.0
211.03166737024856 243.13186916318523 145.83659180700775 222.98075030430405 107.75474658749933 225.5137548064489 73.04688412435493 211.13069227872006 45.205007703102666 184.48091055146807 0.0 161.81284219576736 18.34128989825956 114.21363438192887 13.476758741965511 66.97146191498294 55.17349029307442 44.58537959216409 84.93533860829865 0.0 132.74031879314842 15.11096165353959 166.29106951719123 41.535058996439815 239.3117644560385 30.211175445106974 240.45118086530016 92.64003300145598 223.40981517790988 137.43605962352007 251.35022835654806 201.40342996288663 211.03166737024856 243.13186916318523
153.1715883503325 89.18388593645939 239.10949737556274 149.72902871583918 184.10320726158784 205.7879348686203 112.70539646607138 210.4976975780484 91.04738105984062 110.02269514748413 48.37377958671482 136.3303749987119 0.0 114.11821249806849 9.98513028429683 67.85132906849807 50.63157343154279 47.30497997206917 80.07201530825914 3.7190358080243726 132.42957539679583 4.3665070630772505 213.8757250779417 0.0 153.1715883503325 89.18388593645939
102.48818243925666 99.1308146765338 71.21558815644256 100.38411267695683 24.665716413796275 115.19692133033364 0.0 73.30045030437729 34.68186593846416 40.89715662805729 35.66717904882955 0.0 74.49070549406858 20.11112061470864 116.16540253242161 1.2569201144402413 129.13954449616014 38.601647678018736 104.2866024084214 66.72899061815436 102.48818243925666 99.1308146765338
143.1386735551512 129.83649734886754 128.26262937552772 163.84582443097088 94.92587560162899 163.25543483864925 69.7410184002436 142.87543595924444 43.38247182280219 128.96017879122854 42.06804948283718 99.15901090339825 0.0 60.50524518918368 49.0900368285825 42.873326587433965 84.93230455344637 51.13765262169526 103.08328512249562 53.623520747348685 153.98198508443966 0.0 170.25778616082653 44.43784073224987 136.44242787279666 84.9490464647102 173.51786914712352 111.37245352715563 143.1386735551512 129.83649734886754
179.9216503804428 0.0 390.6204095041961 183.78857374390495 136.80746402802913 193.04044094057767 0.0 101.21971561290559 179.9216503804428 0.0
135.59004804022248 59.66410986467871 38.822568508662215 109.3220611322658 0.0 28.741649087107646 36.75206671383884 0.0 62.895797861552964 4.267613027469125 135.59004804022248 59.66410986467871
11.823649288567594 0.0 40.39488046568066 9.915548977050747 54.505937281964464 15.814143286819984 78.53099897196432 30.675202602882138 55.546869960298324 46.16945049911037 38.127432162892106 62.749665091480864 17.45122411669739 49.45126312265438 0.0 27.501164656297732 11.823649288567594 0.0
185.1517052783833 11.1469280180239 169.29377098291144 108.74271243976098 194.5839444117955 127.50108804166963 225.917956372454 190.5778039882901 163.88885910941045 188.35483802223035 118.57736106695312 198.33244908521715 56.56519838125037 185.01365880576037 0.0 118.32062251958075 87.01119778938241 80.88120032844024 110.87251804130997 0.0 185.1517052783833 11.1469280180239
36.704315484533794 72.0514857149538 0.0 23.299875102756424 55.570390292674816 10.500591970746143 96.82644521478781 0.0 141.78258230867579 21.360559947271433 151.84489543263282 69.6425055864589 122.43625005610666 108.23922581587573 82.668835583854 135.36217593370478 36.097933297969746 121.83424129602503 36.704315484533794 72.0514857149538
89.0463345489906 19.56728553288677 128.82261119054579 0.0 188.77659735311357 5.2668557441275965 268.5980937732583 49.446814825276306 198.77644994560205 114.88772105737596 185.6055370735233 177.1396633186212 126.45551104336872 208.7147714399748 81.56588051690868 149.48322978050277 14.206781202101212 162.7602156861366 0.0 103.13026837579046 25.027886445484427 58.401255138685485 43.75798909608427 16.031900254509353 89.0463345489906 19.56728553288677
64.41500322484717 23.968974794045096 39.05522451596717 55.00584016994195 0.0 63.38369975238385 2.915624533666744 0.0 64.41500322484717 23.968974794045096
42.5273373093965 45.96079616259942 56.6330919568978 13.625645561580718 88.50819190980064 0.0 114.46948557763963 30.384504883085505 152.44516688834878 21.58565932778135 102.0947023242012 72.52148183093699 184.65474453124028 86.71818655759878 161.88744704307985 117.33749839872736 137.67358162341094 147.3988052953481 98.69629348802427 131.97988976333806 72.64071275164252 121.93253072105038 0.0 136.98822465846973 22.03179533814847 79.26770636319318 42.5273373093965 45.96079616259942
183.79452556779682 150.61843534191746 121.89076995804942 141.8020885325993 83.94793236120586 140.57263059466854 0.0 133.58808071513894 26.38141764940943 61.77650580179082 69.9742927861542 20.329159509171888 126.2985253942399 7.507333880852968 212.16593544472022 0.0 151.11659519562744 89.28506796037998 183.79452556779682 150.61843534191746
185.898871096624 77.01861841562548 37.07007432658899 117.82897068130617 0.0 49.95662853828411 58.50414880293604 0.0 185.898871096624 77.01861841562548
0.0 10.607005086842392 25.313990264483806 2.48319317118289 45.47586752071834 15.228728990912714 53.946492673291715 7.610393609689709 71.57778244987797 0.13761157357383524 102.9241406971912 0.0 96.68310540198215 27.349520222653382 73.6895299254949 40.335369018016166 77.03212819144991 60.95580002576909 61.13045968880715 70.57398418816095 42.48341229078656 77.42460220546937 41.97438693849563 41.797040238380845 32.819606211188386 40.35646852380776 36.766982510751035 31.503512061831557 0.0 10.607005086842392
300.9341811104804 142.16619481390694 215.53090925270516 225.0124744889482 129.2455946303422 239.30167119543376 52.29896064516984 228.61197265868583 0.0 163.3908000840147 63.43687880065983 104.40377623844995 60.109806881723586 0.0 153.61190305306604 7.864885410714592 239.7666924728748 48.19505393022699 300.9341811104804 142.16619481390694
31.93269591617559 102.7485017697872 15.224759019632984 68.14605452597591 0.0 33.119724605970745 30.047042931685837 8.042627271049874 66.99103689206186 0.0 81.05730666640224 34.23321601527674 113.23252603373552 70.58303380982845 64.11017508944326 79.15197928665233 31.93269591617559 102.7485017697872
143.01457839593618 128.4564599273721 74.86874735427392 136.00344588844538 50.09305782739302 92.30368152469737 0.0 85.1178579602475 33.976375064783504 55.8454369957268 48.94022042707426 0.0 82.08292799451402 46.70087490217327 72.20913460612016 73.03149492715202 143.01457839593618 128.4564599273721
320.89158657412344 25.329591835102846 398.3340219128819 91.71578939106662 393.6102758227512 206.73783092654344 239.80454409663776 173.04046357723627 208.22343300943066 239.7675816827406 162.33566884910985 179.77445362838725 87.68226409097352 184.39828204180483 34.39387810206267 123.47482974695345 0.0 14.601008790153827 150.5389571132884 41.402694547853514 187.67694777135725 0.0 235.8828522218927 25.79340551259999 320.89158657412344 25.329591835102846
23.167240044802895 150.85201892847766 0.0 84.99170315787144 61.959112288615074 48.71290243114843 99.61292550767229 32.453555044232964 134.96174962582492 3.5875439634249773 193.0643222329561 0.0 248.78650678452232 34.12157168673635 274.17052006526615 99.99112779370063 158.12438337592783 109.54297045970758 170.47582364411622 164.8299108803523 125.2975985715124 209.57199909177908 44.12188384482147 231.73767848386277 23.167240044802895 150.85201892847766
228.06241231754439 7.967724098595703 241.74662455984466 108.94278035236204 148.96313859496428 130.6420156557055 0.0 143.03088726819158 69.10803202843157 7.770931968682234 146.67128362543758 0.0 228.06241231754439 7.967724098595703
0.0 45.08976424912717 6.738947191141179 23.064446537748537 3.749851663681625 14.607191847767027 8.940721234326915 7.573863878559564 18.59720008424769 10.592260608087287 23.03806005368797 3.701816155867931 34.081586475645935 0.0 42.716016987513626 8.152662442199215 53.18891310839895 21.850313632717402 29.6225230333949 23.56899558731874 29.86783938657595 39.58646727389572 17.130066137509388 46.71376328783731 0.0 45.08976424912717
57.70258778952835 8.286736289167962 103.19351445655094 0.0 154.07548930856953 11.44871047850242 148.43653138798243 66.38716891065943 107.13811195603738 86.99528619368195 190.04687886506352 177.15298378918547 113.81199531752188 171.29656256191421 75.32833838315119 141.04594701514893 51.95178770970546 116.64848273186718 0.0 89.5042175589785 15.841891757763534 36.11274458142776 57.70258778952835 8.286736289167962
105.49068413543927 0.0 245.0812658762796 105.11925393402834 104.05490154688707 225.33548753444668 0.0 147.5766227774763 3.205222709270757 47.3691134535602 105.49068413543927 0.0
108.06608116293265 62.20046668310167 83.54125257551036 72.38879425796503 67.53328997300966 85.80946184616442 53.44492619437894 52.09792654080346 38.73486686979055 63.481568104542255 0.0 66.06248977814988 28.070625684422097 41.00745876870452 7.6844338639836 12.393259971608607 36.68065194512961 9.017156923889594 54.8790413077584 21.579539433837077 76.49258606530047 0.0 95.69953895265557 14.704800562141877 108.86562530543742 35.73106303387544 108.06608116293265 62.20046668310167
212.83624090819387 219.10209185059776 173.19892354471835 228.30542000287787 135.28673441995488 277.66058438471055 78.54590381057596 269.1223599235468 34.459977766845896 228.30028765423336 0.0 174.8267902836253 31.42346326833885 120.81282297133083 63.73016559005916 81.97161823303432 116.70151537199197 86.8030859185658 156.35384147363987 0.0 168.84663426406564 113.54169892454095 191.80418754372016 125.11829793520634 260.6833068205122 138.88146103170627 278.13866696128855 197.2878493455805 212.83624090819387 219.10209185059776
118.46931619279019 143.64282819110576 74.07572070514809 135.84434318748237 0.0 122.91305012288069 21.01438387047898 52.105455715613004 71.09964925276567 27.02624007056928 102.7124833587813 17.02054754455618 147.81460347099613 0.0 190.28335196999538 31.616158821092903 169.90409275912532 78.89704168511908 143.3464659490885 104.32684009795639 118.46931619279019 143.64282819110576
191.08573499816006 147.94034543751556 131.72534337189734 133.48491779358577 103.28708652970712 165.06568316642233 54.175996985176745 171.61841063199492 0.0 154.8237176842193 24.885907963051096 89.017676213853 44.17141845150499 58.01772918473608 30.122248963882754 9.315889006277118 77.9341296170758 10.099708081258072 107.95932005871568 0.0 124.05764282646165 39.13126862887722 184.53505230753757 16.831953014807 237.83494969951352 52.5324984983076 178.03590172752834 94.51619148186373 191.08573499816006 147.94034543751556
94.40662396196154 23.004778893155056 122.71678313499659 2.003486542916022 166.2649253677131 0.0 154.05557188095509 45.29552343175661 149.20506236233 69.85451463964114 151.8813992038293 95.97446709797346 130.6958892594606 111.85994335361802 117.8022877087735 156.29099015255827 77.19689463258344 161.41683739921433 58.27060511706599 118.25276703914467 60.799867122157465 87.08249879476602 44.40272068534979 72.77439621927392 0.0 38.13687520893912 32.01631293072007 12.521909271976043 83.34456591629841 41.714067334477235 94.40662396196154 23.004778893155056
68.22776796675775 45.01082824969943 86.9777249601084 74.73063800782272 70.3208708553839 69.954205441943 55.47146943770419 98.60300060024365 49.06630080204057 66.17114255206684 44.49840176025188 56.21856054959595 6.172389723071916 55.74257198762119 0.0 33.05752218676243 55.59465188896084 37.31389343120564 54.53568279943869 30.365049531065722 52.94327286937991 0.0 67.04774839915846 14.405383640539057 73.99023573725397 22.882847635113592 91.58998380642097 19.494773651406703 137.65149030871694 21.629628326861933 121.211434102498 49.9817746521541 68.22776796675775 45.01082824969943
37.56031971718359 0.0 45.65509336614832 8.64587462800425 67.35799029862744 9.797322688543261 60.66309189269539 27.11189951868073 49.41871165659272 35.212967908496324 37.10488351443179 29.835378296112907 31.194154930623768 47.400093300179975 19.119979606883078 42.32507897833614 0.0 37.50849609506702 13.837606541377326 20.029637338669644 13.955703019048102 6.379519817659045 26.156421907619233 1.135603625473749 37.56031971718359 0.0
146.72141407584672 77.50265195533699 114.9613428491061 99.0850551712772 126.31756333379505 157.47578208307448 80.515547803346 160.28632901592562 41.16743127903831 147.4648558657389 0.0 126.64621790260092 39.84702164805577 80.41143546427641 59.107927003977835 69.18373281825792 39.44979420375432 15.723111861373923 75.85312150929146 0.0 94.54687568427846 46.03621478007291 175.85395292219664 18.72157936530018 146.72141407584672 77.50265195533699
108.90621204279736 199.20212383315356 0.0 162.6560190979888 7.795257033304225 0.0 198.41393920817328 0.8574799799546327 252.6834242756762 170.36133352686306 108.90621204279736 199.20212383315356
151.35268750404458 130.42077357723372 124.15897653305413 125.24820296549005 92.01190840419184 146.06426311003418 86.16592121752163 107.0215386276886 40.364760173644186 96.78603292725599 0.0 53.275113613380796 50.458133925881896 22.25698117004047 83.30863392159324 2.6475075838802837 117.85890566399395 0.0 144.83157575102155 16.17256257192266 169.3237749756014 31.30840080151681 178.50397627171344 59.08031232079756 197.80454325739248 88.82021043872842 221.26859174707226 146.15293536411258 151.35268750404458 130.42077357723372
78.96738428837077 54.18000002919524 59.31627454434194 47.78917911692214 53.85111849275502 62.04671865549955 40.861112051421784 62.10201915055627 24.89039225628261 59.74394816067981 33.36587270093165 41.00347291936227 0.0 27.517116221519018 32.08108072462056 21.930722262643954 31.953498179420208 0.0 50.88964543684699 16.441672011848922 59.76402765729776 16.377474061135246 80.11634676662558 10.729459766445501 55.093503687303084 34.611731502547826 89.01752216254631 42.09285608950765 78.96738428837077 54.18000002919524
30.934729895171095 9.891050218880835 40.36178952025302 10.719883528198878 53.900133223484154 0.0 64.46427306564419 9.209210141131805 78.57449794717652 19.2451464310968 88.58516708256789 37.40393880539865 58.0726725599067 41.359543443858286 69.54955346044076 79.1987774041537 42.4351316267554 55.14491678729206 35.93408915059896 40.842827493155994 14.48861023908973 51.581762368004675 0.0 39.614494849003876 4.025566763714025 21.67927365806976 28.068598386522147 19.418077980159737 30.934729895171095 9.891050218880835
9.62962617005958 62.67118856382916 0.0 21.976633321015456 35.64432925191461 0.0 65.32874937607599 27.34293384054095 83.86139380922661 41.13894652977234 124.97005915970196 73.50519316441317 68.58348202187567 77.68982348713553 52.539463924512006 85.38456505898641 19.697852247309854 94.06999445050211 9.62962617005958 62.67118856382916
26.213874819719123 120.72927979589554 0.0 4.228958446566551 116.2890719056335 24.770595152420483 246.08061160616455 0.0 222.13915674832674 126.51355843001063 176.10750931550314 192.2912932798081 104.14192386345754 231.34370888351577 106.1113435797673 125.75848467248495 26.213874819719123 120.72927979589554
36.71583453474173 110.55407929673338 0.0 0.0 128.68331272351242 0.35819594754286754 119.70430874237269 102.26487498472635 36.71583453474173 110.55407929673338
38.221150298718804 6.994388044074682 122.45604844334036 0.0 207.00502786873574 63.361838824018406 145.1519521911148 153.96889741265267 54.15787043500718 160.7400996283112 0.0 88.56075985805123 38.221150298718804 6.994388044074682
58.4106284660258 9.870380080222546 64.83581838933651 15.734695711968016 73.38396974743279 23.7953398453391 83.9593265660298 43.11547995072655 59.12714372353807 36.45682496225862 49.79677418104217 58.33507565229695 34.00225762037401 47.74014432852195 0.0 42.311052281355046 29.006168987747415 18.154427982359792 29.538060780805054 0.0 50.55743852480107 11.942445997459942 58.4106284660258 9.870380080222546
70.14146320922501 24.01457161402611 35.451140601839704 35.15796555121415 0.0 21.41660993442099 36.90909678095803 0.0 70.14146320922501 24.01457161402611
64.75933081649401 40.014415620702486 78.9310437133163 26.295237458599793 86.9579385499926 41.71918009884528 74.34669611883572 56.42898688802898 146.7172657089402 92.89853363061215 100.48716720282195 106.1796614952259 68.39203847840159 103.01942686276604 60.33765280400772 70.2121978650147 23.75634281852188 76.90516116999828 0.0 45.867500696419974 6.344278634832335 0.0 64.75933081649401 40.014415620702486
133.13519246860315 63.97168955548203 109.34598604319899 90.48735913058769 75.44363718203326 90.72742557573983 49.165151590136546 86.39104091918276 0.0 76.53238134639449 10.299872465096279 31.609076599443952 33.54025497698898 0.0 70.9672253484726 19.093434613869803 94.93390948171698 12.17907378157065 94.68506051885778 39.31950228467453 133.13519246860315 63.97168955548203
20.354186835243212 0.0 25.771819421703285 8.032963056045347 36.90278098862781 4.812490770295639 49.47558239107886 9.128465085065088 28.947256157993536 21.626477505960565 34.72339582434542 28.109685721925885 29.83795982672271 31.757329212454223 28.413133746186134 42.893835464884376 19.698671119225423 49.036244373083804 12.382549495933844 38.876276009481074 14.213024781450457 26.86570933410006 9.940455497687253 25.551316969516222 7.7181829969154165 21.36072316491868 7.066456801150565 16.11436258988263 0.0 1.557077523785182 14.395893127160747 8.35527972962312 20.354186835243212 0.0
186.3492842466169 17.540335073833674 288.2169972460838 110.85745392039408 139.4076650737856 137.71973314391232 93.12195452189574 210.97084150056975 45.326299863437725 144.03682585802855 0.0 59.18456255222659 87.4865980950419 0.0 186.3492842466169 17.540335073833674
128.57456069335896 0.0 155.218886359888 39.643884536866835 220.38839353952076 49.49019927644913 197.26018268685218 104.09349221407544 248.7142028420762 170.95128817009976 195.11253316759064 212.76698478979733 125.37951970761071 193.0049001276417 87.44513518879657 209.19978379387203 45.925031533267465 196.73505339802233 34.89967613645797 153.5188098996818 68.75476369027811 112.21370653095869 0.0 86.97649999014511 0.3178770385394927 36.61842683265928 69.70763590046532 61.70876237127234 84.58898459891584 8.47871257939508 128.57456069335896 0.0
174.64833926616203 78.78040750100527 197.9131010303575 129.76948862742785 176.60790876072784 176.0127658975551 113.93926425812579 123.18074927446008 86.25493367080301 154.07936946725317 40.80163267513139 164.02822968423538 80.21288630934181 80.06100318805532 76.81920423931905 70.53025701179975 0.0 48.87101574992897 5.942808888104793 6.9059767495666335 73.86265837929415 26.498476598746052 87.53420071328311 0.0 108.58886808361902 23.413068478906595 116.2429781442531 41.57595324153709 164.5894509777089 23.357087424013898 133.3424294310792 58.632344174354145 174.64833926616203 78.78040750100527
0.0 132.1346459988643 29.767164872088813 0.0 175.31649034175345 2.5321214525935574 183.90133928426292 134.16841636627464 98.29853584670157 106.44377817414073 0.0 132.1346459988643
38.63891002057892 27.57521628013471 0.0 11.631182240565906 40.19711855473187 0.0 83.25330798610076 16.23437056721025 64.08167685599247 69.75745169950638 38.63891002057892 27.57521628013471
0.0 53.863010870476316 22.762365891272808 0.0 71.82870182658974 25.744490830214666 94.95481657002716 55.320427796838445 81.89173658590812 88.09431502782385 52.03119700799044 90.77424107248477 38.05719284614851 76.30669750378517 0.0 53.863010870476316
44.58333389707724 0.0 71.59956388388815 34.0479162311575 61.016921494255456 69.75103168726793 29.047081372308867 71.06633721490137 12.701507046546283 54.797777121114265 0.0 15.433205689603298 44.58333389707724 0.0
32.80538843577668 79.03925677686107 40.22751666114175 58.02332565339872 0.0 44.53025346097038 23.590316137634687 27.31556287739877 35.04233131188022 8.875258344358322 60.393546117038284 26.481089097283153 75.00839306484517 0.0 98.27313051258287 1.7201504319382863 91.35978114295243 33.793902626063975 91.90772035939649 46.370680815040494 108.0499496075464 62.48787320781394 100.72187505755977 79.28744505618758 74.50769660917781 68.15036857719497 66.28518899570108 84.18819458141985 48.77739079648791 89.8031154154516 32.80538843577668 79.03925677686107
0.0 0.0 220.73026634648943 14.923046534877756 284.1274998172885 142.61196032893503 198.69628447244475 192.12894467102777 40.140278618009575 238.35311489920946 0.0 0.0
123.84959679742586 59.40535574843713 162.31120344311918 30.232744306899207 276.1605166486361 19.112520550496072 295.4088614931763 115.43130815364434 124.16102799324698 93.38932775205265 146.85022245945964 170.28949169795266 85.06246521185409 233.17971196940556 36.14014594874703 171.48902820267455 64.29480370384209 102.08133881540543 0.0 37.344295393264886 67.13982612828016 0.0 123.84959679742586 59.40535574843713
58.46460817386718 34.018045525941574 74.81823242505075 0.0 107.08243687240466 11.566955737209412 133.1710473364761 30.69353159802388 184.7865791105361 57.283252075513516 167.3104583450338 105.02106774799046 125.69937444673579 127.46167296944685 90.3136537366985 159.89037173736136 49.15587493726147 140.66933633375697 13.712202433411434 117.49173420133837 0.0 75.26959930564848 4.298765358614332 30.989568381821073 58.46460817386718 34.018045525941574
54.844540995080806 12.816945160483868 72.21107183438266 32.025578597375045 63.186548038961774 59.34854046448703 32.613557010683124 42.83539472117681 9.050512918382495 66.67558439636065 29.392217281726488 26.026249660222845 0.0 20.433361167016272 8.918521678213352 4.651930264136723 28.646601638490566 20.66834726712736 42.449217668943476 0.0 54.844540995080806 12.816945160483868
264.6265337800698 101.62103902161128 228.59026082128128 150.82163373849494 199.96354198163095 231.59080649591309 157.78224497134784 137.80863334583404 121.99178504636953 130.09956390021983 0.0 55.98938821765665 110.71540115566881 18.713496771276496 183.74172804773895 0.0 247.82148374552287 36.53347031751612 264.6265337800698 101.62103902161128
325.36259330845826 81.13383973417139 194.84877227499896 136.3845562767639 128.18968088733877 214.9728060045468 42.266930163078825 142.14741544827288 0.0 23.40898420094642 129.62428483189848 0.0 217.1493224572032 1.431545840731573 325.36259330845826 81.13383973417139
104.78422735428578 49.700573260811126 90.97558742524745 76.41519144874937 66.27669657052896 62.93547853254509 0.0 67.2681158735121 36.242369392640825 19.460865101711818 71.44511688274562 0.0 91.73003792230176 29.645956289771675 104.78422735428578 49.700573260811126
0.0 59.16909960382931 139.27935677041268 0.0 281.77425109500007 38.78622890947449 199.4732284103134 163.45754705025 52.761547921038286 232.95529301510715 0.0 59.16909960382931
61.31664455210749 106.42218723568237 56.30751606620122 77.059821833776 95.23515021858267 69.85762827349411 117.11105872980289 77.92681677830643 127.35394993279303 0.0 174.9233675338866 0.9794280444428125 171.91389795039981 61.28409705295077 144.93973129660606 92.35358357029142 230.40269592481127 125.00072973486552 145.67878072312521 113.27163621156156 161.47000012758215 180.50122806546278 122.40188773788935 156.75911027937173 69.15819997466696 194.65143411203184 0.0 181.54135584482424 61.31664455210749 106.42218723568237
236.24493701848849 0.0 283.3702058573178 22.882731779634327 225.01121350279192 126.8194221053879 308.6333666192227 119.90033742600897 292.89679545119515 156.48512512037615 317.26984224693194 214.02358893582735 286.6718100233711 259.9007143236412 236.91358714207624 293.32138496735854 172.37099107542934 306.31446155798324 175.9820460627459 183.68661593746018 92.17568312715676 212.32685985025157 75.97336022994642 160.99850435199923 0.0 92.80344348465066 179.6127566339743 119.55680230095273 141.94925016190172 36.39894235163479 185.1395555622043 25.1186539942653 236.24493701848849 0.0
68.54493136787957 76.82538429559702 46.14962563725564 76.14586334765323 32.52773016300803 66.4274570340657 15.201860224256322 77.93860835895819 11.977058806713103 60.073102639989976 0.0 49.06829707345951 22.48548453331091 40.19587393023212 7.794915708488432 17.39455970982798 22.849976975689586 8.515111150438763 38.32285705469627 13.570115072225867 61.57833894990844 0.0 70.95537577716203 20.908584405586005 80.89489667004193 39.12640426148787 74.65361319113438 58.038371542761034 68.54493136787957 76.82538429559702
48.900026756733155 54.46644278159853 112.5643371983252 86.92140684996092 179.13614980959352 0.0 189.1357123611685 84.60903101655566 182.7114700376339 136.05279156739226 160.36849662689576 186.45022132809078 104.86633885347395 172.73261067494815 96.2562825138375 128.42663403580917 0.0 111.31808476403 48.900026756733155 54.46644278159853
283.0024963370954 230.95574261549928 235.3685652142231 272.7398434124869 177.35824306666973 234.12916490126958 130.2343960296336 235.02279048623916 116.69429315621665 183.6587580406748 0.0 186.31543364799984 121.39573589588571 116.73997726601543 114.50426839250949 84.58883557835 177.405685226683 109.73246711486354 148.30663680744408 0.0 195.03636127603812 12.2956175116107 239.14993200733798 12.618995545836853 247.40129256200728 66.47817420395492 262.8957042581019 93.96014618566558 294.1376060581656 127.15118334300327 193.5911575216599 123.99679604657328 283.0024963370954 230.95574261549928
178.63717849243017 180.10096651962726 57.413389393519296 197.21298861905905 0.0 5.764398631018139 249.11616778911923 0.0 178.63717849243017 180.10096651962726
0.0 66.131781885643 10.206685395777981 32.38224478893129 16.66709084142873 0.0 45.13174521430706 18.913754500787405 72.3834621016206 46.741591904810235 35.14894982471746 61.770517815191695 0.0 66.131781885643
0.0 139.12244401910448 22.759219229601605 78.75435787613624 3.60103465659094 0.0 73.54503299947905 67.54282460722602 121.86998217149736 48.31744602320813 276.81932699764786 116.9579227844474 130.79339836655785 164.735438640734 54.188951437226564 224.44982762390669 0.0 139.12244401910448
61.652498693032996 89.5632871062283 0.0 66.32741328053939 8.025440725729396 11.744356323784594 55.32673446737407 0.0 127.39064717946047 35.42018944690761 61.652498693032996 89.5632871062283
255.79963088926607 149.150504217392 168.94603946436035 174.96793390717795 161.86054198601826 214.86684306290374 126.6002448156355 236.72046808829313 97.79167223138167 183.551246796673 108.90170847308383 142.43613545266143 67.15590176944383 159.63598920308334 62.31382327457811 140.53269370251456 0.0 86.70054458282128 67.80537916920724 87.60288975934456 84.25404263469858 20.268306648292253 129.8017971434276 54.735894502040665 228.10290019571283 0.0 277.99130120428083 69.56720793107435 255.79963088926607 149.150504217392
228.832258245312 3.298507626622907 251.13621924472514 47.727771411431426 317.5928967211938 85.39641383547682 265.4887590629632 137.99507356451966 243.72065413473575 184.06421512507137 222.50988475486122 261.70858994758464 150.45858026430102 255.0330810332311 120.88257764615835 174.28845121747094 121.60224213800925 129.97556697000113 15.95002251962697 146.01613097636465 0.0 85.50761794449744 96.65244114800848 68.35985600932527 79.769458568327 0.0 139.92711269315134 37.77932185500201 171.64308754233707 21.29487423508084 228.832258245312 3.298507626622907
129.69967137980922 220.53918537130772 94.81281721201002 195.56431742716626 25.914496024414717 184.52702610774523 0.0 123.38827792207091 36.570373979612924 67.39488058407656 65.66384781424745 22.02610779806257 153.9546706121225 90.21297894020765 166.81840758302792 30.760105123640244 217.04215628347748 0.0 229.31458874668292 56.96290253836197 271.44032812495925 75.7103782218285 280.2081764777781 118.73798417847695 317.20717789017567 179.56952735317924 208.3453391147372 160.61337804930764 198.8505672084012 189.74540684021616 170.1657722756721 232.0053239033287 129.69967137980922 220.53918537130772
166.00866512409817 167.03908002630655 130.90281379868657 114.43000729467617 39.22730441919569 213.98273185643657 2.7716749972940136 143.74713917601323 0.0 69.69107955398584 66.04746624428654 34.23167407276378 112.38127169650944 0.0 166.9069519213292 10.007714290176537 208.51123340637778 45.293942023703124 268.7674096500681 92.79964017360696 225.7438778247791 156.01710078364422 166.00866512409817 167.03908002630655
132.86455013490325 160.63464047915397 27.45385631950434 157.6076434677031 0.0 53.068838179336595 89.15642142645768 0.0 172.46972665128197 61.798342637257534 132.86455013490325 160.63464047915397
39.98316669671806 116.87465709161562 0.0 83.8901555354811 24.400291464971886 41.38143987720972 75.89728571452132 64.94132325288976 114.0184182350925 0.0 116.16519165650206 64.96529839686231 111.43766563696647 89.42136554190523 165.32175839900736 150.0415231656325 101.17470467382321 152.82182128610134 57.14564878384965 159.2675592185334 39.98316669671806 116.87465709161562
179.51747108391086 268.1399452074596 131.9482537418384 221.67151073287607 12.74518048443656 222.7595624810711 0.0 116.455258343383 64.11883417398352 44.245249209411924 138.86782880600052 0.0 188.43557025836887 122.72052145349622 310.6041472632256 34.3707555955574 229.86734087396655 138.70507443034185 216.5812587263115 161.63416347641424 263.44080927992565 271.3817403436194 179.51747108391086 268.1399452074596
79.12374809581242 96.54313384187628 73.06668209248986 137.1879186169761 41.37169971655325 131.69151222165624 10.614723087033923 118.93808239946208 22.57907896699112 82.06466741294517 0.0 48.164795892870245 28.561523310059613 24.782454952993106 62.094144103810635 25.57434177828047 115.0001980665086 0.0 154.87276470031134 36.65158381108423 123.93501884508142 88.69728016221703 79.12374809581242 96.54313384187628
