100
32.67174620464394 75.66333469120669 10.215168893323245 69.30487228142813 0.0 47.37146040025712 38.94967840960351 35.93904874629838 28.123286905379572 15.791554482327882 42.533128991754865 8.787880546268354 57.72220341266468 0.0 55.01596719248123 38.33910892022422 99.85292202766556 12.166047465977968 90.53389117007785 36.36816345135479 88.29586246707404 52.69952709399129 66.93516119073082 54.10266154393916 72.20795833964056 93.85789760879202 47.99094482291399 90.87225541776168 32.67174620464394 75.66333469120669
0.0 78.11391955776524 101.79486974977034 0.0 163.95929687014177 73.84388951840367 156.76246247923496 146.16557861852237 94.31663586485836 127.36687039285495 0.0 78.11391955776524
196.2406256010322 267.97144601320576 145.09933560975523 274.7213575965046 104.57347082931855 239.77602494921237 58.00454396658142 234.9409875633933 78.33516170643571 173.29373627333052 48.701424999617046 152.12120224933807 0.0 99.0277271198068 51.30296678612669 72.10909242665429 59.59056506657333 0.0 130.02884099534484 82.32022813370955 174.64076775001456 24.512026630133676 189.64367014929525 79.73146493235537 197.49134857737303 110.91277234668684 240.9678758973182 135.2377993972193 329.7645783914495 208.8733829610189 201.36299427098663 202.73217200809594 196.2406256010322 267.97144601320576
23.735891906963786 5.665229227766844 76.03197911504598 6.181162674932253 109.70340795421329 0.0 142.45604895491772 11.170752457034567 163.77716041383582 35.39610623804043 200.0846955749792 53.64246834648095 242.0363136280584 90.15630783960287 225.86943240396505 137.4203054300134 189.4054707679918 167.8800503565442 154.69815014179193 195.60846766000685 113.06082366950703 189.55330004911917 72.04989250903984 187.57750404137806 0.0 202.41105056552294 19.884191007125935 131.5145749964812 109.59604223204626 91.57180449006786 50.98307522422259 67.23927782901744 23.735891906963786 5.665229227766844
53.04936001222438 30.906065460546913 33.55173328946651 49.30169501704667 11.776410090658928 38.02501592061243 0.0 16.285925429243107 21.549138229333664 4.857810037862663 52.2336893134796 0.0 53.04936001222438 30.906065460546913
0.0 114.5945981686291 46.63254443126249 15.909692833389641 131.33486825560942 0.0 176.61242183960644 46.00946300887618 241.04579116017908 104.01664526775623 156.95750336603595 126.77267043012411 92.60583064985056 180.56098727276782 0.0 114.5945981686291
62.97839337932511 0.0 86.45906980599473 45.08235745205309 55.04854383500644 74.68853300117661 21.861859722732532 79.0636387813386 0.0 48.497900744517466 27.890776416504764 31.589227448799974 62.97839337932511 0.0
33.148013465163245 59.27144297946817 0.0 30.31491312878972 49.29471759181753 0.0 66.11895516577667 46.48939769677329 33.148013465163245 59.27144297946817
35.648151495127465 32.05571298306417 36.54200114239687 23.056829536712 47.1351795486311 0.0 58.97203281843025 16.02843464059798 110.26903907601266 11.151495957123075 76.61049490547414 43.31761615504928 69.93201360880089 60.55337107836097 55.834538156161344 77.3516664117385 38.9728057416263 55.742636726098766 33.72206124130396 47.87840161801692 0.8141537054886498 53.000429107205974 0.0 31.054377212964752 35.648151495127465 32.05571298306417
79.67357509256215 54.86562959496939 68.47428312531619 83.16394282304275 44.014055040673185 82.74341886706414 47.632594295749385 58.81539589976519 0.0 24.577565742094563 77.14413210218241 50.84658387619304 74.70988032584408 24.718877317051593 99.38884368352034 0.0 97.84336023299318 38.774388306607435 107.64876003778916 48.57957683021512 115.78507061235604 66.86698756729498 104.87615717911547 83.57504318955567 79.67357509256215 54.86562959496939
44.570874282564375 126.2871927450591 0.0 19.433684676587703 95.94869021072682 0.0 172.01569893990307 25.2667199303787 149.55660955806644 118.9869411627446 44.570874282564375 126.2871927450591
318.6246242832555 124.26701579768638 375.59969727917996 178.26664948763926 246.6513315360657 177.76772319051167 249.71935098599567 207.15135459006203 238.73634073480122 307.87139011829476 185.1427416579481 262.4520681844915 202.90682543829004 177.78894221839616 0.0 239.47907949803002 99.38052235424533 148.89056136314377 132.81886858502185 108.1284230071526 217.61803886564178 157.3232811710418 201.19944192063915 0.0 250.8704740801067 73.73110071174217 281.5209084002619 98.79601660205566 318.6246242832555 124.26701579768638
148.8157872218451 83.39474359665871 119.11337465559606 97.34327488803257 90.53838228956967 96.13037275975563 70.51744884284916 130.89822317393322 54.469480892042384 93.44970401125141 57.04451302641691 66.39884508187382 13.767122967939073 75.11241862681905 22.471005311211023 49.83203969981415 0.0 17.969232804236448 37.06632415915536 12.95943240043293 52.6608017112563 0.0 72.98523058385531 37.722876990104005 89.11426968852142 12.727378640443298 109.20457783805992 14.736344490088129 135.81199519730532 24.520238737671313 94.47529246598361 50.956532405663246 148.8157872218451 83.39474359665871
104.68476744058755 98.43157379675647 79.74210275399035 87.1930076141576 64.03157557561579 99.0675320426373 44.383125575342845 96.51591788891368 8.042582399586337 94.12483497328365 16.96285846282425 61.786142979017 0.0 33.283482380146495 22.50865192953234 13.51959901444414 45.61496722863724 0.0 71.7721242089316 3.331976786415794 83.9794641566825 29.81069751709427 106.8968194257066 24.664086369667714 99.7692206066293 47.02449202461196 136.30300430526148 61.389348538502645 124.84679228600878 84.38356151189915 104.68476744058755 98.43157379675647
70.41437369810156 126.53086175767119 21.54440502239332 126.93852240415198 0.0 79.60725725265316 3.8212313397770714 26.224673109291707 54.14994201042512 0.0 111.1020284383667 0.7545524666131911 122.32453373354544 54.692275021988294 163.87045658349706 101.56699335736712 128.93363848625535 155.92278976344448 70.41437369810156 126.53086175767119
34.772654466361374 52.91544412204586 0.0 46.465140219703805 20.12641742345646 0.0 53.173566787154414 30.93190990721127 42.33794812841181 47.66686938706655 34.772654466361374 52.91544412204586
87.27319000821967 106.833776846345 0.0 68.54732455327466 87.79789488403699 32.329997002562045 168.99484208564897 0.0 145.2211851608435 84.75072268646073 140.07107295576475 151.0529494962425 87.27319000821967 106.833776846345
11.209734636696993 82.13184815815848 0.0 39.92493705143945 32.25764971629648 19.282126123384053 52.09332562116325 0.0 86.53797992950354 5.697538341469063 93.42799640921601 38.432502654666926 82.24997247975028 66.16806909045067 53.584598920095566 79.80483424966823 11.209734636696993 82.13184815815848
107.0558805541767 0.0 158.61854605763676 18.275385698395468 141.3500001888703 106.23026512061612 0.0 75.49962818827761 107.0558805541767 0.0
201.11721948552275 56.42307204798267 225.3114366510847 106.79343392686462 189.68562363116922 146.99735618800653 140.155985635929 166.71024477181246 85.67936130164848 174.53764634708406 56.586953429092986 124.98400449704033 0.0 104.71234376690526 29.68693672162162 52.65492356837554 41.92140968881188 15.578268636561226 93.39664486260304 24.49146426102493 105.37609535803368 0.0 128.86439570372596 8.38669113336401 144.498328374184 22.77734525511073 172.2920744579304 29.84285839632352 201.11721948552275 56.42307204798267
37.13590196928921 41.33718289174546 22.98624287870858 42.31226771847963 10.195485439448873 36.53975192002123 16.363189370049042 23.066881389769918 0.0 5.063644188703719 22.475002145512903 13.301581633130255 36.06488825115886 0.0 51.60718621967061 11.908410599993971 52.28664480365684 31.03240389734198 37.13590196928921 41.33718289174546
172.3772156291693 205.01392278468256 112.05673209784399 169.90007923793684 73.50840587365968 158.29480536279232 64.05105571913163 119.33287148342124 0.0 109.59493244045161 54.796186428151856 70.49371924622854 67.94554585591155 50.96159545900957 66.82515404888036 3.572364698894461 103.98906279890002 0.0 136.08783175296944 17.175042935168918 168.3234233680134 28.035385741383372 158.09511435050973 67.21328243030051 235.02606850232075 104.50153226237319 206.2520671434574 154.23268656971908 172.3772156291693 205.01392278468256
286.63227530479054 56.51353640057732 281.18513445434206 141.78647769381143 252.26866714220762 203.97150062837306 207.20936789595856 243.9853920201379 140.11336218656524 185.72152401797553 113.91832612752209 201.63430399149638 33.80810367016271 235.57791364799584 61.01071030384833 163.17704428600968 12.0456186253015 117.6855250819743 0.0 34.491479157190824 74.6269532970156 0.0 141.68295825660778 47.40997820691001 202.5025609527032 36.72545447043984 286.63227530479054 56.51353640057732
0.0 96.71428978523285 41.981471649486366 0.0 132.48760066130504 88.37788126282766 180.63871492324063 63.079220297827376 278.74067672684515 122.76904059339661 250.0386884718418 261.23467794228714 120.31112248392212 210.484362147971 9.943512006976206 207.61862550993646 0.0 96.71428978523285
117.88367338306603 0.0 142.88444615153566 44.5915191724378 157.86793698659739 51.776127279536496 226.58628760659275 30.681488067123503 228.32597167665853 70.70651161478219 262.9695418642532 115.82929796454837 252.48856011890211 169.1202122696641 190.5248121083597 171.7376250449683 151.0836818660362 180.668796054433 117.19879125902222 157.13012156407123 102.51448135581215 130.11722303858437 0.0 174.44524064000885 54.53678993700868 100.75427468127066 19.1542399463889 60.861490829886236 60.76977383305402 36.45458831959389 96.00035114154025 28.76627480396074 117.88367338306603 0.0
65.65559206607907 8.587554936134708 89.46914792818544 32.92265567724401 84.46037422808266 84.95526138556407 40.56915845589644 50.25589111062284 22.206642305241644 41.89295048710939 0.0 9.068906072394554 40.378801048706706 0.0 65.65559206607907 8.587554936134708
37.18512183351665 15.973665564358711 19.2576360532219 36.651651677795584 4.1980057280353265 25.060517373034855 0.0 3.836143962922634 26.730654576188186 2.55822945690862 35.61077643776456 0.0 41.57219594588753 7.027038804430788 40.37609893865391 14.048006133619637 53.05228017396121 16.163866862354794 55.12010685472356 28.147695806688148 46.84136395878805 39.24825509282546 37.18512183351665 15.973665564358711
0.0 69.65146116585373 97.35651899188615 0.0 157.35629234067426 20.188050973374445 204.35936458502303 97.71691612634442 115.22987381130723 114.83076475274709 0.0 69.65146116585373
171.26112208300583 94.98918480961355 128.2984165324131 167.6828721822645 0.0 148.87473852658124 64.2067203963172 42.03844136390772 115.4788271893909 0.0 175.3765430363351 34.82315560255813 171.26112208300583 94.98918480961355
0.0 0.0 187.54489928149843 9.32909781928619 246.9608949504577 219.82084566906536 69.69644473511553 150.9195714915918 0.0 0.0
137.28264790250995 51.61161092740822 128.05018411572811 84.52880697234943 102.33302385722007 101.60817555709963 92.7538164658707 135.5823982295248 66.94790163461431 97.62509824350371 69.49038666287848 76.16570618953794 23.9534845923624 93.43933493940509 2.9051095411641086 65.43670392601176 0.0 16.749337100648134 43.228044948329426 0.0 80.38067057077976 21.428033764009747 81.12056125347355 62.551221060024204 137.28264790250995 51.61161092740822
52.63942997048449 70.73412049684185 0.0 71.11544654282551 7.041080505268312 6.704949052072848 74.1537194241591 0.0 98.12895950704231 47.90865359244415 93.78913797622943 97.5050172775162 52.63942997048449 70.73412049684185
0.0 152.4614977750048 3.1002311663861803 78.7987777290919 70.06773785160794 61.98097639872733 101.80131522078214 18.204831184519193 185.29468742474563 0.0 128.70724333422314 94.79730044448759 253.56808983078838 188.60950478344702 153.87311140529732 253.14458717436136 46.53789778480382 237.2142445876026 0.0 152.4614977750048
26.21580994057321 34.14729473174725 0.0 11.086912403516934 29.659712807910694 0.0 56.55371140100161 15.668688465444816 26.21580994057321 34.14729473174725
48.79080177734785 0.0 64.67524123972566 6.232504064206871 72.87207300434703 18.41633453437411 113.49812173908066 1.245469743147666 119.71904754373548 25.80630070810195 113.6449275027561 49.62728441156073 102.8476419011271 68.95027457219709 84.96929676211454 79.56576877213362 64.6606906481492 72.86672198922764 51.297847221874605 80.10699607055497 30.45842697231666 85.31173079432216 26.914939803101305 63.746352622601115 0.0 55.63408286856578 27.908808444115294 36.77756640347746 4.5797134671460284 7.600026285482507 43.67789843899635 21.067364810397713 48.79080177734785 0.0
45.528620232373726 0.0 45.58239201323731 14.517985350865686 46.76179831995631 30.56540657793508 30.788330768315973 27.55633993560714 17.96472420866921 25.70635525835739 0.0 13.128416788672467 20.128778427237066 1.4712012112355097 31.655204423682278 1.892252704740983 45.528620232373726 0.0
87.26583531441348 0.0 158.24272645508458 17.305983544000327 159.8656466297748 88.88881339651162 174.64169889417138 163.9540830248857 93.23175971537871 164.189889969217 50.21479533976945 147.84726942006097 15.245168173163151 119.75643974610716 0.0 71.39464835000258 39.28711539336243 38.12835039569158 87.26583531441348 0.0
256.0349708550525 209.96768444154193 190.6188483181661 191.3802182428047 189.2948931815228 247.7616482500481 156.91819164866035 216.34928960948534 108.53282825859765 256.077449073268 79.27519240548872 223.55983239466974 52.00526162495686 186.88214429968534 14.561127721937055 136.3889666183457 0.0 60.06253150746633 119.71322777927753 96.11713549215864 133.443567059269 38.18157670663864 188.23390086625813 0.0 222.70083387291487 55.46639276780873 308.76581453040893 48.19651130400207 198.1271051464644 147.33766377087963 383.43082903769323 189.0476247195409 256.0349708550525 209.96768444154193
47.51851687403113 21.5139958610769 58.37770952008557 17.593540511883923 83.97514813598531 0.0 117.78212329100484 11.27136359024815 85.23070353924308 42.76954074606889 87.38221297419025 65.66729421178212 60.51525457117463 47.31292281611433 40.40146313037034 98.7868978677624 15.618091715148815 74.65393718512996 57.953196724065016 37.95712667031649 0.0 11.106663280082664 47.51851687403113 21.5139958610769
239.38928756624622 234.92714017552487 68.96996479493865 242.0171425236872 0.0 146.13449541306414 30.3637697459493 51.541273585203086 121.39459908085385 0.0 275.10543364557316 44.94990238342343 239.38928756624622 234.92714017552487
48.0526624627654 98.28448270730462 0.0 92.78253044663525 6.117186775459558 60.18575612287805 30.595978126545 40.849121272156026 39.39876678116762 0.0 77.01909507847851 6.489505533615301 99.32844148745751 32.230635214508276 121.65055054998489 44.28762101506622 116.22855138539903 69.74472148851052 137.4458648223424 94.2194215136177 126.21358164614928 122.94284739383518 86.61195157915934 105.72210750402321 73.22240978215879 123.67307114119389 47.22181030947776 132.08681558451002 48.0526624627654 98.28448270730462
91.87101560190865 0.0 157.68371432327007 27.326301204055845 177.23736493684646 79.82262051791369 176.74549898128532 145.17873295865635 112.89099035514278 147.11625554576418 0.0 153.17056631680722 70.26685611282025 65.14366540206552 91.87101560190865 0.0
0.0 130.81893282103948 137.32252425047287 60.54356741814729 152.7616203065698 12.456815053779373 285.458936125189 0.0 316.6720565339994 172.55821115504904 132.0452336608292 233.70193597135176 0.0 130.81893282103948
113.73877716471289 27.31361586767472 174.33179427917833 69.36240563227359 98.39909393784414 101.14714712608709 71.9700212023598 133.04125427191786 3.630768755791564 151.97237832455883 0.0 80.12766440371233 43.05304146800462 51.12081717755734 65.7512290985479 0.0 113.73877716471289 27.31361586767472
41.65527010279648 66.64295781030543 20.912274588797132 78.7118372434062 0.0 67.05270698200121 16.909395452025464 38.752443247104125 2.568930546264511 25.250569127508385 15.289510536214692 14.796894463299367 27.799618378413115 0.7707197889116344 49.57635962036565 0.0 69.13331170196221 12.744925975463403 87.81915562072396 39.2112752433335 66.01591029064554 62.383483163068775 41.65527010279648 66.64295781030543
36.76324621436822 74.58938808246762 41.75904261738762 0.0 96.0604905189661 63.380892321478484 98.5172083206872 123.3527688409694 110.65510993111764 118.88946722237407 163.37302344653676 109.91817904574961 230.74610124063204 141.49902574499475 168.25080102596402 168.3558480633313 173.19482665652953 216.55005909722098 126.6434250235487 220.32705528436944 91.74174331334709 189.1604895973257 56.376559326646145 217.98435516283382 5.354317479854075 217.43669811448973 0.0 169.26979842031938 33.455038362194756 132.23439865146827 27.181638585423144 104.29993090935625 36.76324621436822 74.58938808246762
95.29490780573751 44.89433606972609 110.84466195463371 64.46525523317362 84.23648060161135 74.61150916113226 66.74289577408511 73.8728650742741 55.74093646669438 64.85010862174659 47.863651876551216 83.04051526573679 29.27518246389137 92.3212978975418 37.569037144415304 66.00714558265196 5.487430432312941 64.7179097423699 0.0 45.04526421036301 48.38272043777805 51.59932031921155 16.82019336722326 0.8569197626155187 44.81380420582694 10.214562982536648 63.60526498590454 2.0273270106150107 88.3960473207372 0.0 87.54721873018578 31.038458844536756 95.29490780573751 44.89433606972609
144.12874845636907 151.06702121278454 114.02981331434654 186.36928244666012 63.68543949763182 213.8805493154133 38.95059888246078 153.27398392218282 27.47066683711583 122.83593799793424 53.73584804066019 95.0764062471196 0.0 58.34953908945515 43.622118130974826 51.06933246407141 70.53770588244834 58.67397983788074 106.1619293860602 0.0 112.82390664199582 57.170581209432434 141.78334273415186 73.77061082974778 244.97635255529565 128.1507952442504 144.12874845636907 151.06702121278454
224.85931777036902 199.560200182325 122.85439847336445 191.26078841274096 0.0 161.14164220404166 33.433539721137535 32.23471872120672 136.3216551791757 0.0 225.34609646450792 14.363894509023325 248.0427122390914 105.91398847582911 224.85931777036902 199.560200182325
45.67937978795513 52.91338186018466 42.16174308612368 74.90161823316278 35.885963282254465 37.64143445542149 10.053055559786003 72.13195485785555 7.689084183431277 54.33540182598911 0.0 42.422367407053514 6.224871033684536 29.982526391415178 8.629758831584411 16.937467174525196 20.820422754271206 12.517536624664459 32.41825467553504 17.370170208064465 40.439090203383955 17.05248211579554 62.58313471848081 0.0 75.3117186480321 13.436636974559207 55.822091131060574 33.80924527444053 65.66605340631146 43.8535944697893 74.48345505359015 64.08509748218225 45.67937978795513 52.91338186018466
174.78761076665884 185.0934747606188 132.41593739105892 199.7837656368926 95.6490836873655 176.47396747265503 82.77565140410371 142.7652230309468 0.0 108.68706820748947 98.0104831482989 91.36450294811834 74.68940938387888 0.0 140.27326009005986 33.265915161283814 208.65251686386648 1.6937170618376598 183.5091299103892 90.71612006200867 170.3890899528734 116.63844000560867 228.91437821033867 168.62627626099237 174.78761076665884 185.0934747606188
46.66024873140141 25.352924291343825 53.838256806941146 21.598758837316126 68.11370003436842 8.270238381362418 96.935646577354 0.0 114.14546761126569 18.079991812421227 92.33567462127532 42.736906165669325 95.36189584032483 60.56444640360796 92.41647730017193 84.38318986461148 67.24404695868398 80.01072951722496 50.87372046217284 81.28242344869822 30.119330895299512 90.84238091746677 39.963120916597106 54.121102969271476 30.567382156259228 50.414624170426336 23.495240876209692 40.655096509026464 0.0 16.968017338609016 50.79027268029961 39.68415566497035 46.66024873140141 25.352924291343825
68.91212883759111 64.34681828325698 53.0511024576421 73.97267206946162 0.0 69.44523127251267 16.166704678985475 31.465363267102674 60.451595207046054 38.63950288671525 74.588246890365 0.0 93.87060488100562 25.311901936056046 113.29984596885959 44.79004938134388 83.92339021752377 60.10768587566906 98.4739914833167 100.3364337770949 68.91212883759111 64.34681828325698
48.233047957764214 139.02374104256785 0.0 112.1506370021497 16.074885573912695 65.84970896646372 86.41040961908597 63.75620348249684 81.30769117666698 24.93604873241692 106.75403554707397 0.0 141.25060191935296 3.689280768660481 142.0439861894585 61.04342579473588 195.09454061787167 42.813174579119995 199.63835252833937 74.05986623175188 219.93735024831375 107.43229475221226 210.74932540462615 145.0040682677244 164.32895886014666 148.05352887672188 136.92889233490914 152.6668055609801 123.68389283730588 88.5195665815411 100.0224268109219 123.16130875905607 48.233047957764214 139.02374104256785
67.41774198254316 65.21808235102134 42.53320134468696 86.33247178524772 0.0 47.3920778975852 48.05571854136288 0.0 97.97419574790109 32.78119829390487 67.41774198254316 65.21808235102134
107.0348370498564 59.340526806758675 75.1599933748029 51.23081227743859 91.05440890179014 93.02794456682733 69.5940265273315 89.20144467528758 47.67236327564612 90.11025637951138 28.6765074282317 73.86872536900627 0.0 49.542171038892434 50.914749427488076 38.37717960069476 41.115876685071896 0.0 71.08664377420915 14.005805971020642 94.0732429818684 5.653408891244659 105.29258624422155 26.393115519272115 111.82013121703321 43.21619255884673 107.0348370498564 59.340526806758675
181.30736495210746 259.6144791136747 114.8961800493851 229.93547214540214 0.0 235.0416530649096 20.273262672601376 133.9292291525994 113.94250226034109 116.91282088863005 154.64206810625603 0.0 171.3121894734445 128.47297784642703 276.24085746939943 139.8535222083761 246.50847260064694 219.88465834648295 181.30736495210746 259.6144791136747
171.39138244036621 60.80249357629515 198.93321488711348 100.12189378801511 171.46595943689067 132.41549149222675 130.68887828918776 138.7996627567073 100.06446545695444 159.7105755115791 82.01402772701387 115.06210376737678 69.13558616051185 100.6801187460331 30.462221251313096 90.30033386900422 0.0 47.59237340391957 54.369912450832096 34.158980647020684 69.46412520814901 0.0 104.44171933372081 21.045467276856456 122.97505852237683 36.214519327518346 131.06179693898633 52.91932773336521 171.39138244036621 60.80249357629515
254.06872977853996 162.19355441378985 188.82597168164685 182.635952321836 143.07784780194342 183.87339436339158 153.44538327609396 113.98923242170305 0.0 140.12144021562915 61.75635333630012 70.12986354344278 89.54876604022897 0.0 162.69933352791253 39.300528009769835 240.99969252283168 23.241636699216755 192.6089537916267 108.01492065194167 254.06872977853996 162.19355441378985
136.7373393622048 110.80910502914814 0.0 47.80100904494246 101.91201870845386 10.762789539481844 163.04081137430938 0.0 136.7373393622048 110.80910502914814
47.608376736262045 32.951150986152086 183.7702243254352 0.0 58.66448258016463 61.607312425465224 0.0 72.16257674280294 47.608376736262045 32.951150986152086
25.853094828280348 0.0 100.49140062377107 30.712758013594254 137.86690038415796 75.70701401452953 244.19773325902776 110.19016822350734 187.29684610447032 186.94552367568267 119.3993989281393 205.58087348852646 65.07365808682587 208.88468173528994 9.935024944576014 188.42928133264357 40.90729549701189 129.47544247163287 0.0 78.60790757238676 25.853094828280348 0.0
87.64529572126139 126.92400254060958 0.0 74.26204279881551 93.92229587469689 33.32927870160042 143.05743161512623 0.0 217.53555909348634 13.539419665712899 238.71760254740897 86.58821388609314 214.5735373641171 169.19811371200467 132.2713036663496 191.58721878705984 87.64529572126139 126.92400254060958
94.27116408449677 17.953338160303318 123.56770789558458 36.55154977753941 98.86051162398451 60.627117893323074 85.04110055645319 78.2736437979941 61.49047454390781 61.91432314294619 38.470490192280295 96.28695136752567 9.882732928983017 83.17594182256006 0.0 52.486832347652495 39.51770271967928 36.74024886640514 56.4531772776801 41.39503376769672 55.75312634740895 18.8200417341191 78.83082172872173 0.0 94.27116408449677 17.953338160303318
77.72265173155537 74.25421893120306 62.26354319875932 76.58104288109632 38.79349751854711 88.66671542843251 0.0 79.47996786698769 23.530754320217454 46.245698982210826 44.63850442134843 37.03349060587594 57.963673547277594 21.682449267910627 95.59077253118863 0.0 88.44382907694195 43.77003805555999 98.34405880806446 64.10727805568393 77.72265173155537 74.25421893120306
25.857501732390205 62.21678748423352 32.170081328613264 34.13851582435841 0.981664505126929 31.09752507724812 0.0 8.998956822259387 34.84467228057899 17.25366137038911 40.332160474589074 8.500092350888309 53.48116656838255 3.4558968262593766 80.44252473880394 0.0 90.51867590131296 21.764021261891912 77.60393574372853 41.93562739583008 54.37452873425357 43.974083231994086 45.65203855412132 67.25301030964448 25.857501732390205 62.21678748423352
79.40559987728774 132.3916559621902 54.46745492771343 117.74496933500167 0.0 105.05694577393486 51.49511732485173 71.00735264329754 34.82360608779585 4.368756159677034 87.59874154007925 0.0 124.46984354439036 33.59179957320748 195.0419053757489 55.42258253970191 147.0162757558887 109.16139349761582 105.55112497072616 119.34991499506232 79.40559987728774 132.3916559621902
74.44303174077078 206.4827679630353 0.0 211.9251458968274 18.34163345413313 143.25854191334918 73.88185530550057 0.0 241.16583138576405 127.53363404187894 74.44303174077078 206.4827679630353
141.02891989877725 19.090516440704604 128.25981311656068 62.33440458881728 173.25149638589798 59.05845832318593 235.87259660155925 97.50233826467333 142.1673632548218 93.32993840176825 139.85064358066663 122.47168048941565 115.6168472856727 104.10097711549166 84.03462661017454 141.73257721364462 33.17954777087007 141.62974667981496 0.0 103.73293624096571 18.770880886439613 52.65205350859702 30.26073478210097 9.363698518164178 85.02692461134725 15.557129088662265 114.68414972437338 0.0 141.02891989877725 19.090516440704604
0.0 133.17228226133187 65.30947104295527 72.43125010660985 92.66227104726303 32.27706917414129 139.25341293076394 42.75077225738886 266.51082583617983 0.0 325.6345216194659 120.21854889436848 206.39002990243762 185.05983799901168 132.44280403280897 225.26456051391995 56.719624585230974 200.0677903535585 0.0 133.17228226133187
79.223401436288 26.141495787252452 59.08436345830485 54.45269913097549 25.44149348610695 70.28337789447185 0.0 36.23202975011179 28.776668290140506 14.859625159434714 54.20650524820827 0.0 79.223401436288 26.141495787252452
71.5673597060714 61.730722200041996 49.453717965124 51.03167759695471 40.20522625136135 47.86146491612979 20.38748536412244 54.61104341456374 13.498618297060773 39.22420549931273 0.0 18.26765618666174 15.326103035914997 0.0 40.720111781726786 12.726097803043743 54.01392550840191 0.614640947759483 71.0571953657769 7.939444755800196 89.12897482740134 22.06671536938201 94.14470126045036 48.010882847157276 71.5673597060714 61.730722200041996
157.50636073671726 130.47637683072534 201.5381696629925 192.17300353506107 116.71924825208407 173.33216037233825 92.68374534658912 179.1564587347086 76.13721044880458 161.91381330383996 21.0065308872567 162.62525995139774 0.0 114.48752845166915 34.65751399367181 75.6612815065458 65.08748614793765 0.0 129.4240030334636 42.74197088549356 168.6524905800888 81.17456822679443 157.50636073671726 130.47637683072534
0.0 99.55429931755745 2.9954193562272167 62.99173106968375 32.484126327030985 39.8670204418018 57.74023097138762 32.71069732819021 69.44712573066404 0.0 91.54203627617478 39.22060004436487 118.28265022451852 26.352286239491583 163.15301217822974 26.659470337091733 182.98390628118466 60.921242736941494 107.98210005110202 78.53790267162523 124.22588779654824 106.64342795573037 110.7038585686927 127.92193991015023 86.18816871091353 135.33163755647712 58.86365679913638 129.49992570834303 33.83401948039468 117.60083919227719 0.0 99.55429931755745
237.7093746276789 120.58102557660516 224.84934780876804 160.47499225520812 183.06671039439055 168.47593037789056 148.26204506611336 167.3264909123552 127.75998391475704 129.5377166225014 111.2859320113996 126.24323921658325 0.0 171.31844082950374 24.981229963508994 106.20893031127629 53.02676898818312 68.62476024657153 83.98594580686516 48.48042325350771 97.83478907364301 16.345947192526538 135.30353923825203 65.84142065668772 164.97255938808829 0.0 162.75352062383666 61.303078112799085 220.74049585106124 44.40304925496067 212.63184440396472 83.13501984683673 237.7093746276789 120.58102557660516
135.89545079753327 33.15553651186937 146.69773292186719 81.6242464712225 202.42258369943994 119.62949549697197 135.21145891400158 137.29669476297772 116.73750664487999 189.85543473386866 71.63989285164118 163.1381775347354 46.21338587661819 130.7551083830868 0.0 86.36809308414944 73.28747975084511 74.72072991054824 85.25384705198559 0.0 135.89545079753327 33.15553651186937
308.31262893476736 182.54290534251794 230.62848115449665 278.3672309856374 139.1588549773657 177.10053490005356 0.0 191.86303963326628 117.30944991998518 103.766881406698 154.19751825224594 106.2473112388404 217.19748972369317 0.0 287.47759553959236 70.17797038645537 308.31262893476736 182.54290534251794
304.30990138298023 123.74518346551446 375.616022448767 181.28661626424466 270.8135690521472 219.13464858315376 302.12065332905905 337.4413704374266 201.4241600999299 230.91563743704288 177.6039487512914 221.2182398270865 107.09296724062585 252.05247762257278 0.0 217.9865355404864 92.39355976171328 146.65034743901822 43.205798786795924 29.854346141699068 156.51642902789408 68.20266288785591 223.9573851685879 0.0 311.13454174747966 18.01227394675547 304.30990138298023 123.74518346551446
141.3905144249619 17.026745627573668 210.41206269256418 105.15217276494293 111.68610996798657 177.72005610235027 0.0 165.43024788209493 15.78056328049911 59.6749399896559 64.715823039248 0.0 141.3905144249619 17.026745627573668
168.38749652472455 82.99276251350645 203.9182611306008 119.95272543610186 202.7928493422034 185.96075518383014 132.52313155591202 163.79331769617204 107.27461059978515 135.20861395119508 0.0 185.6517834328909 9.066765654939104 106.61304532632678 54.534051353176636 62.00454460514015 71.01375922204215 0.0 128.4445019824143 29.128191331285237 153.6655008787505 57.89958480915507 168.38749652472455 82.99276251350645
0.0 187.20306048739843 84.74375892771477 123.0143188115147 60.474111546115154 69.69803305071616 113.98805933394208 56.34493636837398 149.47192675979292 41.55888823146343 204.25329474950829 0.0 212.13067935228992 78.70642001620209 199.51731031972025 116.5695909843107 262.5977620631197 142.5875573547096 247.88586072563095 186.65708654191215 195.37592051996305 186.73038820189683 174.56491123302752 249.19091956141668 125.2819848289469 233.83784173039012 123.9655256065882 166.9846226689598 0.0 187.20306048739843
4.6417349657784825 147.6860307492088 0.0 69.15974633845178 82.66836213268104 45.500856858132195 144.71260388484288 0.0 212.08726992948482 37.685872584659805 285.7104543428062 90.81989123039212 201.4422248715535 156.26392157190094 216.20590027626625 226.52076729080335 158.05655460316945 254.2171173004923 99.94145745263995 221.1251095244672 17.865196862855356 226.05256348122577 4.6417349657784825 147.6860307492088
92.31646057958841 42.55798436375442 88.62285633056787 86.73725074823003 0.0 72.95931604682863 54.18443798286941 0.0 92.31646057958841 42.55798436375442
93.43019933078722 32.493526596704974 106.99819547274996 27.6822321342679 165.49741547699892 17.560480794738574 188.82102570783206 59.21433853627017 105.1840719632848 57.79219860480287 104.24431073156217 72.32474168794892 93.48530535172752 113.89093832906454 64.37830268450972 103.1936956160346 8.15153969319887 110.99707034264381 0.0 64.84130238575597 35.22665599665489 29.574152124652024 67.64185132185555 25.166314518482984 76.3825410463279 0.0 93.43019933078722 32.493526596704974
42.52512520699294 0.0 74.30888910468595 15.610043124951858 102.13134885281089 30.74455179987956 92.54972765175248 69.17051429965176 41.89117986265019 87.29595733985303 0.0 37.04136035194617 42.52512520699294 0.0
74.53590864611971 180.07943005784097 0.0 173.89992225215926 34.303413444177465 108.08753353311725 60.57059737976579 74.67268207624683 108.63244239861883 98.32337704393277 124.14547390572454 0.0 145.9023960377499 69.0156841100389 158.58642995925544 92.89153862943431 181.9336844317031 117.86429950242866 234.85217609084992 190.49292262101238 140.6682095347386 159.5677383191618 112.04114841845592 196.16813572829358 74.53590864611971 180.07943005784097
7.238223627846125 19.470028415421083 16.621803519349996 16.96371293327981 20.363787141751672 14.1546719000183 23.854951161798553 2.2843794686904317 30.694998818231213 8.86664062468769 47.02988543498407 0.0 34.73448312204968 19.42253551129383 47.480767464022065 23.113038170561836 55.76117153624881 36.47578200173483 48.1720833953251 48.2598216403963 32.87895377910037 44.69993029831279 23.89692869041228 42.96655033326029 16.801351132795915 40.03023677956051 6.128595369884948 38.17959378334169 0.0 29.388962926572404 7.238223627846125 19.470028415421083
93.63067696879114 0.0 172.0805507456916 18.419571282936808 192.98572463819775 3.4957203295009904 262.8426164715424 1.820251347143973 286.2550972100554 81.32324807263657 213.1559766936216 116.65597111019477 136.76829133443297 139.66430701097627 0.0 108.90085918844758 93.63067696879114 0.0
77.44450817136448 200.88824039428 107.78878101765761 132.02379969152418 0.0 92.31613267878517 18.08844478254997 0.0 115.84721011514745 5.786354093527706 152.32566467706215 83.59677595017952 248.31541329008647 41.565313140017864 308.3562583027007 111.25893811974358 231.34869493011354 170.38209245077792 204.69751685362854 242.9680338895633 132.10952756089955 222.33036388778768 77.44450817136448 200.88824039428
190.13210007570987 32.288138967481814 234.0725554963699 155.94538714811557 122.70509291137506 214.66150675955947 0.0 151.61724015963324 48.23615466503182 0.0 190.13210007570987 32.288138967481814
0.0 28.580466150517367 24.144151879849026 0.0 52.50689971004156 4.827921309145708 92.79460681699751 25.39564574065942 47.213902514661164 41.092892031982274 15.444113734396431 72.76511999026307 0.0 28.580466150517367
81.86808638723272 64.99160565240317 116.11897662472398 0.0 171.1499838864997 35.80926355366914 234.49671822798638 35.02063273839019 169.59160947452148 137.51416952243747 324.113770682434 141.27088745356656 217.8323217082226 181.65237256017056 240.4175952185741 249.85824548009924 175.3479069588744 241.8968767361394 136.30566044120576 215.32604561992306 101.19310215696325 229.11734087927067 48.639551560800925 228.50774760290963 89.47494525995376 166.1955728842612 0.0 132.28499614140776 86.91544302943521 120.09116873787994 81.86808638723272 64.99160565240317
193.32578021050307 104.0327885550239 55.097874224117504 181.73746581916305 0.0 1.8958798489536477 137.2077820543438 0.0 234.8635160688904 3.533617303145057 193.32578021050307 104.0327885550239
177.57907717676412 108.52405287765382 255.23901124325144 192.7887633092614 154.67293801874234 179.37452468603158 102.3200063383745 210.33709466664953 7.059157825315992 214.0885946403339 50.59586981021275 116.87905793460284 0.0 34.294935996542605 86.17248088175967 11.994098687685025 155.84190339874482 0.0 209.16048988322393 44.75219897743128 177.57907717676412 108.52405287765382
249.02412743977305 142.82701793195105 133.60475648581107 148.89970103253876 0.0 97.18259794720291 106.56203258303688 0.0 224.38619600288365 12.566296906296088 249.02412743977305 142.82701793195105
0.0 16.410132041252183 2.8932800201829707 0.0 19.772743626191073 4.633619267257089 32.39301089013533 0.8317608313082303 26.59242434812478 14.326370719031488 41.812807483558814 32.84133882976192 21.902254858486316 32.520703483699734 10.46432624012914 26.044494313395774 0.0 16.410132041252183
127.33572990843315 0.0 192.8423105834038 15.808229819863648 192.23339924422268 76.83876395370184 216.4002608528971 192.46929071960548 93.39229427367152 216.38723454279827 0.0 129.02755270105675 49.560182000267545 20.989939834021854 127.33572990843315 0.0
35.37732507329869 0.0 55.50860935545222 17.992093973170782 76.89311424990973 13.975170893523128 113.38206783628934 27.60411877867442 115.28854620350992 66.08681315203113 81.10453143028914 80.79658376761559 51.757625394484165 62.159976404886194 17.560060971243843 98.25141556967525 32.58629129391035 50.35772757377609 0.0 36.90551432918565 6.998405830058481 8.996029412598986 35.37732507329869 0.0
108.44238388238185 70.42874378752416 71.99494956094111 91.5347024076359 37.1563257717886 67.37908285305005 0.0 23.049078341694425 63.31149683278707 17.012398696493804 95.13858538789387 0.0 88.91812242573775 36.27124449255531 108.44238388238185 70.42874378752416
210.18371212510723 123.20146642571024 193.56585935442826 144.53305716731737 266.46602211584434 283.87295698834095 177.17670134763338 264.1915483726241 131.17331497725587 170.65010638833257 96.13661275868557 181.246932527149 61.721509259186305 166.14466206066436 72.96266324977219 125.81138575010404 28.22642415515493 88.20793204622129 0.0 15.068685122741883 80.56574182624638 19.037929261258924 128.04823643693166 39.4663619199887 150.5521083028262 64.39308975008346 212.7759858052411 0.0 219.5736583816616 54.836708865729214 303.8723080811228 74.15915908131964 210.18371212510723 123.20146642571024
