100
240.8304735659218 82.44618295547185 307.4459360467484 147.51799801964256 217.02264799302793 175.3415515628506 172.96774541171936 188.1053093030107 135.9734232883787 182.4836537613876 101.10522865704625 175.78464930704524 62.188579146290294 155.81733497414012 0.0 116.56699270602162 47.02095567358643 64.06506002856298 65.53344969779465 8.947978429273775 133.7419088604845 69.67322101434979 175.21988328065882 0.0 232.31098850955976 22.847868195549722 240.8304735659218 82.44618295547185
106.29553862829721 31.093933274488023 150.63722282240266 0.0 191.54628404076698 63.57034211188248 275.935544422932 6.997068310487862 248.88607713800056 98.32109860556862 276.3832836339109 131.0701047914057 280.09910895990447 178.58203210210732 290.23894466534307 250.68195500272878 208.1176594987266 227.2869674524198 165.6292241136302 261.78026865606284 101.85200328458293 272.22573829275024 56.29299503163878 228.95782122480819 32.719679495893104 174.09432345088004 0.0 108.10555020808486 118.17042383529409 101.02421126347875 106.29553862829721 31.093933274488023
102.67870353766014 35.71386134893201 135.45826749740098 53.70422729021805 105.90492760760293 76.16169797026745 100.13657945931075 98.19707246788212 83.80788162950273 115.81162126144861 58.19447143436052 108.16501140949586 33.684343874148254 116.82234189770705 0.0 117.50827045030812 19.93245035496136 73.7742252432798 12.669703771728251 58.627892702991495 21.81010364400464 44.6947520910041 38.380882612475915 41.20907137324617 29.111477979569116 0.0 53.18191160657291 7.239668770793465 67.04865061376135 28.819648653563085 99.48301146052819 9.449078281990609 102.67870353766014 35.71386134893201
0.0 107.12961760224344 131.7310497364255 28.373631254104424 239.61828142713503 0.0 303.9514876430709 109.78051094447626 246.41574954999123 231.69981016853333 137.39860282584715 180.50467548231356 0.0 107.12961760224344
28.23753480107547 39.300377141015815 21.359841950221266 32.293651536935045 6.906713076031096 41.9233888445917 2.486470176804289 30.639755441305823 0.0 20.27117692985088 1.6610557921392086 9.451157318388141 7.795183021301213 0.0 19.99339890412587 1.8063068424489046 26.375075459874395 11.429710597434294 40.30799052158912 1.3336811438784508 53.72160342501928 7.830280405983274 29.955229291857165 21.149991667015243 47.75171058743692 32.51427133963604 35.14437276329724 35.212628025840786 28.23753480107547 39.300377141015815
264.1469978724078 139.18191857756733 168.48091701626294 154.35048923531565 171.1496679663294 199.0449999879079 141.78128753265568 253.08476797947674 104.12136805257379 188.8365598690881 39.01724075359738 216.17982992709824 9.45064864470254 172.81435654715838 0.0 120.42282737442792 68.01771779860874 97.50087931059299 88.71900027620731 79.65350328487136 102.76675535915672 0.7523084859291345 152.78081008936263 37.404815212740516 245.78809429570208 0.0 199.6681492371514 98.68434507788767 264.1469978724078 139.18191857756733
121.8414047281047 92.9654297610492 99.41837710387706 107.51987197344395 74.44443042096704 100.79926578742742 59.12694590153181 105.2177232358299 30.980538940151092 116.61122586978122 0.0 103.93017571541411 12.836628438131747 71.27356350855766 5.0030208285108415 43.53346386808646 18.7749878789325 16.60448568101104 48.74612658559303 6.782386893508665 79.77672108852227 0.0 94.67381896377525 29.61116282626881 90.44486718641521 56.26914958270507 132.68484240270396 65.34273270996302 121.8414047281047 92.9654297610492
0.0 43.666129057912755 50.29540674923717 50.12947810465511 32.28091724010898 12.896405049251456 50.5532997870195 0.0 70.84368860898854 11.438674394869217 67.98025446009143 40.139111537583844 117.14062569458679 33.7603975819936 113.51061964545681 63.05533339929252 58.49308935044448 55.99545303632617 76.79906742972891 97.35588600833303 55.15266114378896 84.0759054129981 33.18985788650849 102.78238224964882 6.56950717147555 95.41661511419058 14.944136253129386 63.42309211001967 0.0 43.666129057912755
51.14577878436634 0.0 40.46869259752181 24.34911412470204 58.02099215305772 37.49875793967597 42.0573679275344 48.38635189773737 23.262470188046507 47.79831610903135 0.0 35.74408612442787 17.57694298825632 14.229273170795295 31.140963103760384 6.494611762522723 51.14577878436634 0.0
80.41990102413925 2.76128280849629 71.15516283375422 33.890324822559116 78.88682098102336 49.574612137290494 86.28523697776299 75.84851946380613 60.821841057011376 83.5239881735302 40.30948651260038 69.82050274475398 23.168211409027897 74.12542115241212 9.242227128716301 64.24072933382408 21.019808951124354 45.147551855156344 0.0 26.67891971108306 18.4386593227755 17.447422987004437 31.271227687547444 0.0 48.81003809274332 15.83234446699661 80.41990102413925 2.76128280849629
114.339295948304 121.04304604076336 17.73239409445179 137.11323028723697 0.0 61.26156941337028 40.66426552443548 0.0 115.47714452199304 2.7495033012588834 144.60200874960907 5.208681330655928 170.9891111118279 8.301897810059963 207.74471342046803 13.07249925212988 332.7150337471925 43.8905616663335 240.2606494993733 101.04062646134213 187.4569348642584 115.19298227436693 150.14115491554 102.7283027861047 114.339295948304 121.04304604076336
35.150198796783236 52.979303961432045 0.0 0.0 74.572764455711 0.629024392651111 102.32607549467352 74.07220418318065 35.150198796783236 52.979303961432045
69.01274609279382 209.96629598455618 65.21236294464107 137.84861580910513 0.0 73.1042798762073 70.6317700428302 20.56256948917354 140.29676037844158 0.0 222.51184613104718 6.557512920172599 198.13925519277697 94.60152951970193 238.4591145772317 144.9078861092226 203.16706963341247 195.1786303871929 140.29160590588066 207.9293909732647 69.01274609279382 209.96629598455618
50.64062734102134 163.9495982540937 0.0 132.19532659814135 37.01251595086143 90.57160330986858 49.15218551619415 49.14062194097427 75.55701399905797 0.0 127.3937642008871 69.62383995931293 172.47260269015368 33.259204424447304 207.10087965926922 60.59142581339478 286.52265426963027 81.6796434496992 161.44154001723962 131.69369884836027 177.5054860661245 160.45958694537012 165.0559858374612 185.4793960804851 139.34357319809266 212.60870723618405 94.23583344323842 244.95928267523968 72.83362344852168 192.7963283404919 50.64062734102134 163.9495982540937
153.06556313038658 1.6938654004218137 108.6921576629912 95.94704373114615 0.0 96.37379062909653 6.320214311271599 0.0 64.24274773151546 9.336397100216189 153.06556313038658 1.6938654004218137
38.43233160099382 96.80769950801682 20.483615576428164 32.97810611717654 75.6175677179909 0.0 127.42899079057243 29.87522241577068 196.27518371646983 21.086559611972547 251.57045050175373 69.82141940312032 156.6803102978413 124.47419494309808 183.74659547181028 181.9185306838437 152.36375845302263 250.22790892917124 85.05402730103474 215.2209475765087 36.84650585708768 187.06245895557993 0.0 146.18919643279082 38.43233160099382 96.80769950801682
20.151692634794387 35.91970573973623 0.0 14.91866687415957 22.20635765150969 0.0 54.29052909992127 17.692533616933687 20.151692634794387 35.91970573973623
174.7696998077629 0.2662477545121362 187.891988623128 73.76170850583357 122.51327203543727 87.99871555642098 81.27026990953219 149.69028487794492 0.0 106.56978058427582 61.29483949402085 38.46752325003659 102.7279631490038 0.0 174.7696998077629 0.2662477545121362
82.3064124190555 77.97938556500561 70.83381902199775 94.09388025313432 53.170301388753884 86.08924651786798 44.248725461223415 71.96916650873091 52.488684955885674 54.716479920242136 36.08353894428386 50.64070053460006 0.0 23.621798845344145 18.330401358483556 4.302403152169219 61.472217265642826 45.886537829026395 64.22418739148256 16.51533145419316 86.25536412456175 0.0 100.35496895868829 17.533506373585794 114.80760464659947 34.470338529284206 100.21623499279653 55.262964741687156 105.87955144121543 77.14403038184676 82.3064124190555 77.97938556500561
16.448470647987797 92.60020023822297 0.0 73.99231324938144 10.18998424849714 51.901591802940075 44.49671187503518 57.844358476076565 45.50069125469037 40.1979032764049 65.50730748203404 0.0 103.91709212516417 4.551792016139679 88.40543993350173 52.11668734406601 113.94364321507692 73.05988204448823 87.75094946711533 89.76779361049175 68.30283374450707 95.30707373931725 53.05371427483511 70.23603622119887 37.03771677255218 97.88486436246305 16.448470647987797 92.60020023822297
145.82766822120922 159.9471518896275 0.0 0.0 208.67243975389903 53.27353205149868 301.2797871361885 56.343353564918985 352.0534023802594 187.97859854542264 217.83954121695484 167.469566774223 145.82766822120922 159.9471518896275
88.49937877496231 42.366022813571384 66.50762193399211 71.78397498665598 36.7067030529129 82.1490611669497 3.818123030247989 79.24959783583847 10.656093842345228 45.00684030528273 0.0 12.68214176510525 32.8431025141747 0.0 61.31985346378411 15.704319827129389 88.49937877496231 42.366022813571384
0.0 29.112670042206958 13.722292347242444 20.472443990145393 7.2368333266411895 9.768198053131627 19.124062478219614 10.774029949820658 24.420672966935896 8.356899091962205 31.897466412392575 0.0 42.57702962315338 0.1335010132525838 51.023901244966936 7.385378433202689 58.02422525662482 16.671305280180036 50.90878538348245 27.509330465786675 44.32792801159658 33.59854544018532 44.77702191743387 46.86293848042537 32.57895678799913 45.08723237914202 22.171807221809473 57.39439398548397 21.730496285425204 32.98489070582197 11.079155231944299 34.80145455117872 0.0 29.112670042206958
50.943720624573416 114.13486763987439 0.0 48.578021445450915 120.14376106351334 54.49301804156255 133.88598827737076 24.7859981760445 174.88142678676286 0.0 221.94686679698103 18.095459383036683 244.77714235032698 69.94564636466501 197.39951788791006 107.19421654619791 215.75792959948808 209.06232860647722 139.52105703046036 152.73071884130894 61.14629939776847 190.93778164846975 50.943720624573416 114.13486763987439
302.9279670527586 22.365095851608288 232.67523009692633 114.18971371436061 265.7317897446766 173.18687471248023 182.66360747756258 163.4145588279771 156.39957023198025 207.28327843265242 65.00222901272488 284.52186205104863 16.266314842570125 206.14037864921693 94.25599985774593 122.20199885867915 0.0 38.62813039195085 96.37468448715143 30.09014315108594 147.8229538202601 0.0 211.1690453438391 8.376088130235502 302.9279670527586 22.365095851608288
77.08570166014839 0.0 72.244781902613 41.69665460036503 65.94366236564885 74.83725187263772 40.653482850266755 46.47155805432944 3.478084583292315 57.631692547328534 0.0 17.34737121027377 38.79603635750456 22.51538666064969 77.08570166014839 0.0
163.4414930383552 161.87552343967616 121.30043467993008 154.19582674681908 101.8759267589753 158.12451353849133 84.40770925854918 155.1978324580308 83.47640837380847 127.09663350644745 40.30761831037552 140.88910582393027 62.17877421106698 113.2384541201257 0.0 81.21410007691706 62.57551596084036 83.07526828719064 61.04938137376931 46.26053990727761 88.52393567753302 30.359746719222628 130.14722317258227 0.0 133.92929062325138 63.43209730206535 202.0542239325834 52.92709732651332 175.17414899749576 101.94935319675375 131.72269410238337 119.91203172844293 163.4414930383552 161.87552343967616
0.0 90.76097770059428 13.636268924647084 55.42069008619151 33.878458801451615 34.568451942524916 59.64122593195688 0.0 71.6159943659189 54.38601046147075 113.7833515984521 53.17384775564645 137.18852964060142 95.9163362794633 81.51248408523195 100.43237385197946 58.98598392846708 117.1457793191968 40.674311707615914 96.24795272601267 0.0 90.76097770059428
70.10934453199906 106.2570173215516 45.65797734386222 117.186761778221 36.847890049737806 83.02156118371897 27.907233664249496 71.40131175760686 0.0 56.06933492150135 37.044168276925596 47.58886454232028 18.697777044258537 0.0 53.53967514318453 35.33926015444604 78.01256521370249 5.140730016225348 99.31396649124417 22.634287695668448 90.63722602097923 51.698954900410314 121.87581203767988 78.9489573956216 69.75434699681821 72.69649964403831 70.10934453199906 106.2570173215516
34.88721647074449 79.09981760666793 21.073431341378694 61.875497511257784 0.0 30.94947984597109 62.670625537771784 51.98415688489094 60.95748684589151 34.065828512575685 80.08406860246743 0.0 94.3399870477711 24.58682137031935 98.14737748975942 43.6706731447314 92.4323183587205 59.38301197761806 104.56490110466815 81.45163016084999 66.5638079852401 56.40453837310894 68.40260767069827 95.23682460048198 55.34527923397721 79.27368209850181 34.88721647074449 79.09981760666793
16.690258443213715 37.983382124307894 0.0 12.19461061128429 29.690344679335404 5.845691463726169 49.21742500271446 0.0 67.97790356707603 13.825134171308235 49.27734119888414 29.92035552239949 50.96649418625122 48.26063834352476 31.80213076685211 54.447312951023434 16.690258443213715 37.983382124307894
1.1535013125824918 0.0 27.686831866852202 6.842959347146746 58.743853966845336 13.26388156515955 48.6719621348379 44.43970065180608 25.65349152945005 53.38320062485097 6.089289605889391 44.759835449304234 0.0 27.752311928905954 1.1535013125824918 0.0
93.28677344396097 0.0 156.26175363100538 75.6976357883531 55.38716953294413 140.30135395274013 0.0 34.18697227108882 93.28677344396097 0.0
0.0 44.90588536445648 91.98324426066088 27.48405689089938 245.82116125143435 0.0 128.33997163211234 105.5630323133131 7.041405152209364 198.06015876592704 0.0 44.90588536445648
94.99163204204118 39.55149629616639 40.03212040408347 53.70442820062247 12.338061028459009 47.08132121454898 0.0 0.0 46.208906715308416 13.167528572624505 94.99163204204118 39.55149629616639
79.42002855310685 42.600779364163294 109.66515108480857 46.21755094860924 76.79875695360272 62.88012928410138 90.46138262155384 81.42433655793249 71.56792434440422 81.52520400748824 64.61900664814857 101.01695812798616 46.74640753983882 104.75950679972175 32.370818250348016 94.65182720883939 34.926555464305075 74.00462065692042 0.0 70.73427468076571 15.00389763352792 51.80272174471934 13.703135499828647 30.81181641714759 23.92911288517302 12.124081092660141 43.17735029939808 0.0 61.61634363954844 26.36436355843349 64.20705766973083 46.03509949654724 79.42002855310685 42.600779364163294
97.65242072080576 54.43334136937746 99.2741397356815 88.69055628272234 64.70304718324996 86.47406358876971 34.32445575013822 89.65160848835914 0.0 68.04701311481587 32.7638558306033 37.87701239089898 50.61429399745125 27.77323856827094 75.88591119745189 0.0 99.65722602012897 24.113954625192306 97.65242072080576 54.43334136937746
26.30133331704765 15.244339112214014 43.09977126269433 1.2341030605504102 64.33685608009176 6.568185549399367 102.54470360914186 0.0 116.97462447678059 27.113393059184197 147.9350191788987 56.35717769060063 115.28548918826712 87.08689297175826 71.84809876521767 85.25733827233816 74.37603148524317 133.74578657201334 42.85488507916678 96.5373152511404 21.458411737096625 111.34028495843893 10.171355378185979 91.30745968765532 0.0 75.17002630598645 43.307592060962634 57.29127830956816 19.039661192202445 47.25699627424138 30.562960035799165 44.58680810744831 26.30133331704765 15.244339112214014
102.59870452907214 25.537797572438954 123.22788054150571 31.588093010793713 206.70681753038548 0.0 169.01612401123208 63.798021751244946 165.21163783195703 92.4426547181279 160.80226454800555 122.41585325799595 149.38089771759434 165.276511105819 109.48918768890672 169.34936262214217 81.25673068676669 129.58588987871144 81.51729119875802 94.5152079825346 34.49366340317074 105.28118491964788 0.0 76.40218394886452 73.83151690977867 66.70770163109147 36.301252431170774 9.946986450968026 73.09276479293278 4.255066073710196 102.59870452907214 25.537797572438954
69.21657283406051 69.3148299456064 162.97374113194593 39.72844780447501 265.10825713852955 0.0 349.90173416625544 79.54563427307417 338.21083756129485 188.91399995159782 247.02927309570566 230.82968730353457 181.42039373784135 337.61057421406525 89.3642054209393 260.071680529202 0.0 173.98071354780552 69.21657283406051 69.3148299456064
88.39230235493201 11.495928668990402 201.43336542786494 54.81190111053738 105.46676297961146 129.25761660284155 44.52357058078705 121.38035025028185 0.0 77.97390466819962 11.790177298059461 0.0 88.39230235493201 11.495928668990402
99.90778389708629 144.99933967720986 86.07178449284885 186.70140059948244 52.88469349594311 181.82620369573021 0.0 183.72060658937477 44.62605395035379 122.01791833972334 4.416841069904962 96.34542748255059 61.30186913189439 96.54761934211265 23.06269405865669 0.0 81.24731814936567 84.20936002882236 114.5965462635834 37.54023388827473 174.14998921084984 33.50245373887202 216.57335364779988 74.99697374080101 122.90984695225657 119.79904798062746 134.63302991922313 150.4363023292323 99.90778389708629 144.99933967720986
0.0 28.368604139399416 73.12339246540114 0.0 144.26244487999725 5.44529585557278 172.84645634743748 72.33612743162493 137.71571084997544 132.02920293051284 66.92436237274804 158.06229923644275 1.168679305881085 113.38202494805844 0.0 28.368604139399416
60.49029667996072 44.71635196417644 75.3535943893014 27.342367621989766 97.24348871967265 0.0 124.24512159753459 15.926635168443596 114.09687730157242 63.872996561064625 179.386010717026 46.87702010629586 164.24528031309416 79.5742944950375 146.37821027941274 98.8782306804131 149.2748423015588 129.7556649678682 120.04045726324713 132.91579152740184 98.79934497491105 166.73105262637648 78.27957965554197 129.08207342420297 27.128242304017675 151.6504251327978 29.18071650341122 108.95391035230865 0.0 80.98018151197398 71.2387345417718 69.97277052450447 60.49029667996072 44.71635196417644
66.72167599539841 16.101730230451928 106.15380102170907 4.007227037932317 124.90447351340723 30.800407049590866 75.71487466708206 47.72901864719761 78.41537248886391 66.44351134907907 61.936837786082876 73.26217421780308 43.37396660001184 81.33452075678909 16.942846613391794 78.85847748272445 10.384600210726745 54.01042186745138 0.0 31.08943142973194 9.632323923511251 6.234644712044052 34.3277539052461 0.0 54.45891713604988 16.109556898242424 66.72167599539841 16.101730230451928
152.3215806223279 0.0 167.9757998366559 26.426927161559796 155.70599196162271 55.257564372702376 222.60166348832655 85.98257203924256 157.50517903460107 94.9019405301861 145.58899340018763 116.4601826297569 123.64665323337755 131.92932528243762 88.88488390709003 154.54859004494773 78.50789542358382 107.81909820937207 63.13560675146755 90.16903031474115 94.38960503752511 64.85396077795944 0.0 17.904071943237405 79.32794145946133 25.88717212060292 96.23129589980444 5.754409874576432 118.33666757032128 35.77156765148621 152.3215806223279 0.0
180.88886464492012 207.12651262653364 80.40057019293577 208.35074260331749 0.0 106.68045324512144 125.5716375696064 0.0 223.57082430009615 104.14326440336725 180.88886464492012 207.12651262653364
0.0 50.765353616550215 33.381333140099215 16.142317946255886 57.70027148250385 0.0 102.62481103155908 12.789461476995726 79.72459556962154 54.437289394204726 46.77863407437255 59.496708857405196 0.0 50.765353616550215
44.51452097583744 0.0 22.80736773200519 12.723824614067837 0.0 21.967445756980553 16.465587562018356 3.4917713133877157 18.40706653351927 3.0785497082612494 44.51452097583744 0.0
49.23348005012015 7.833757681378046 83.51505315845014 4.676934952436852 43.93365290093972 30.86863659494155 71.06597626440873 50.971200766997185 43.87969744872845 46.53849511221371 35.86196305053156 52.219908814470074 22.84435262511414 57.2159504733755 11.367273004312779 50.01902596604491 10.589802208443473 36.07249402321089 8.191525620774684 24.542116025671234 0.0 1.5663126693664395 21.330627313721607 0.0 34.419280991282136 21.9703954433065 49.23348005012015 7.833757681378046
90.84578389264433 82.73633910150144 80.27543158865181 145.6558636077013 0.0 145.6436592596478 80.41458003586551 81.32822869807053 55.65412202654872 34.38548129623947 104.25473866048634 0.0 177.56006694167976 19.737033742962232 178.21174055628245 97.30949255857192 90.84578389264433 82.73633910150144
58.31770222935248 15.668621527424207 50.537025558927354 30.52972923195766 42.539994390899466 41.194752974776506 31.22335735159419 55.47920517901399 20.815614656069272 36.81186057340531 0.0 38.770845498026304 5.274879178029295 21.03354280051417 1.4782406141047915 3.224790840537409 19.450849943943 0.0 31.841149858819506 5.552342394796057 46.575142572145154 4.377890478078925 58.31770222935248 15.668621527424207
81.02038228302854 126.24060384479114 0.0 103.81078047772468 30.85182252412133 33.934943748507315 86.09589189622673 0.0 138.30777286881653 61.07001374418484 81.02038228302854 126.24060384479114
210.79876390936545 0.0 258.1180869125852 50.70506790853001 220.8316701420376 110.13639916378925 197.60756082306102 159.17596226417635 138.4728587999342 148.85331029883815 97.21488060324828 164.5769551964935 65.89120665827815 130.85280854966692 59.10320163361988 94.5094593431185 0.0 42.12950026784361 99.6570187862634 55.60045273348527 116.17182024207952 52.723994948780515 124.22057292941264 70.29443582780917 210.79876390936545 0.0
84.96840993366324 132.02130119405416 65.92374649894924 121.14315439063336 0.0 98.69796788537133 50.519327397133516 71.69187016479995 45.39376583509349 25.58112655762865 82.3603610642523 9.039548435927003 122.57063210050077 0.0 159.28026481642252 15.283083798203435 183.05049121856746 47.035759804093225 185.30587542093912 83.19732461427667 212.1308487725318 119.65354678656783 207.50854607972877 168.58064878064218 162.15179818323162 188.5254109453553 123.44984590237121 195.9946497016555 94.35886253486241 157.69370634846624 84.96840993366324 132.02130119405416
20.99320904786154 28.774829075481684 79.38518066312321 0.0 70.46406459712507 75.27635229812688 0.0 78.19911304177899 20.99320904786154 28.774829075481684
63.09418853269315 137.1151820306253 22.65845960342793 86.97442305604845 0.0 0.0 82.10314931806747 32.93525726642319 135.68649803182916 46.30628823562223 165.82463833342712 140.46917608372496 63.09418853269315 137.1151820306253
123.34563371344527 234.61258793028625 98.08256445483352 172.0952426371177 78.19764780951267 146.7101917131124 0.0 96.00458069436638 41.21720684809277 33.27061683991917 121.5737025983623 86.58582389503522 179.9672621839754 0.0 255.509030317411 34.22457756075143 192.5701093536535 122.97083817198612 236.82123249419521 187.4056833824851 191.08096368596583 244.6161444063754 123.34563371344527 234.61258793028625
0.0 85.87844900620124 47.51382002347259 0.19987803899969947 146.72139108561413 0.0 190.05463318782282 75.3478091150874 118.26320074163945 110.66943387674303 112.59665846580062 189.64893989772185 102.67727084376395 101.48314251933857 0.0 85.87844900620124
92.43376714468442 70.49869981562377 125.8263880586896 69.92168515078214 150.0407794283327 96.21249795051867 111.34036304741231 110.84171952722923 89.97249617234552 110.32654182025641 77.17903704199921 125.2524514934758 57.42537837096255 124.73100622379889 37.412949753256896 114.85706032068862 0.0 94.75890177616736 12.47226508339719 61.345029923255325 43.07920290824943 47.13446540010592 63.867970519489376 25.335935690690718 98.8755867962711 0.0 92.43376714468442 70.49869981562377
74.7762625646981 5.738466652842703 81.7396373835114 18.231975721275234 97.37886286314861 30.74689046085207 93.84012190705573 49.26212798570184 62.89916907585362 43.87796427084413 52.357554566311364 33.63972757764742 51.27765692843725 60.25293113437702 36.30405913555242 65.16566271932882 35.39953273289663 47.61443437087803 29.388685434216484 39.75878595688552 0.0 24.674775826949116 14.809172657577264 9.150659930475598 41.918658236902004 17.46717561677093 47.674000652967166 5.861310112149809 60.665874047829405 0.0 74.7762625646981 5.738466652842703
234.2532385979734 0.0 298.8788541128378 50.03882004463964 252.3167593209518 118.2293528948926 247.46859079338455 191.7820943228339 172.48359259385663 229.82651024055704 108.56089628937153 182.7536177291549 100.10761045476559 117.10064621639505 0.0 42.00516884989546 112.03850792112235 16.727346979167237 168.27511105919126 37.87653697853563 234.2532385979734 0.0
189.93142529479923 111.53887160162554 118.95324622445875 125.41715971505769 0.0 176.7661079830916 11.199467928079798 53.80637480814656 95.63797802183306 24.406989938029646 204.40679298469604 0.0 189.93142529479923 111.53887160162554
30.0575823085573 59.34458501360052 22.365511210808194 56.97689803970165 8.789443952643623 51.987236262024396 0.0 37.90420318892558 9.191151812056162 25.466723239608456 24.52193985597964 23.758546240667087 31.48787653844252 0.0 48.28413708927779 7.742107697816884 64.71327578237872 12.620155265929597 76.8732433692915 25.237112454702824 84.7841619898398 42.39517644111177 80.66673182854 61.31221423028741 69.53371541364824 76.84847108766297 50.11172606280907 76.88827113641412 35.2975171326452 78.08361096648218 30.0575823085573 59.34458501360052
172.70441037421554 189.6849977576019 149.62565420264923 243.18063133113057 71.3689956782882 262.41617491076465 80.43916375310204 177.48834157328363 0.0 102.18808647190227 99.75796104815247 80.68544606183367 153.91226211127875 0.0 195.7649241279317 92.60881047449824 280.4164555859277 113.26191102622317 215.39330890776827 178.4804502080272 172.70441037421554 189.6849977576019
307.32018425054895 163.27708279978225 277.455509299906 193.6656797179526 252.1739825367689 239.29502508327903 193.43003696945462 263.0947344918081 65.40621061245565 311.4066560048512 0.0 206.75275321895617 104.08166573782137 109.43332642284858 134.25731329374167 51.47504185459174 211.21921336652275 89.56813726133007 265.5568591613778 0.0 315.745615554968 55.889119214617466 372.5883215606482 106.16011581526499 307.32018425054895 163.27708279978225
135.8783834604996 0.0 145.03341944031035 115.5036744655321 0.0 98.31353706422956 59.62288936636753 8.02061320243562 135.8783834604996 0.0
182.0889423765289 49.733953852747845 225.9791754874775 74.99672263892762 205.13422424030165 118.8822440187488 162.65301726055242 135.14291586000112 150.93922034989248 167.1722505260875 119.0276760479818 209.3736510287815 98.19239447507756 141.74503884179836 96.4535110767494 116.5831271752664 0.0 125.05650384382861 25.10158741711271 78.1556755680053 96.04840754149362 82.97190318501572 91.09785946402012 45.47754314207513 116.07354838364355 0.0 156.76443345671782 17.57028544919396 182.0889423765289 49.733953852747845
207.80408662658272 54.46388664697446 200.88804495660048 198.49424758857813 0.0 136.38255311975135 115.36301757969949 0.0 207.80408662658272 54.46388664697446
55.742664530891936 22.89472694985045 128.20551617018924 0.0 164.14621336628875 76.32728597518746 267.59690463868606 81.78307651024065 176.4445090961137 162.24215950531385 191.4050682307248 217.5000877438331 148.58286158293137 257.88876320103964 97.50754113251426 212.074870913644 23.629211182540956 253.05407634288113 0.0 194.18567945943974 24.089239773838443 138.87998115349023 11.600363936147346 77.36487343771937 55.742664530891936 22.89472694985045
0.0 61.092774608159814 71.851554912068 0.0 162.85987746733784 20.457968571951568 134.8914555205792 102.59077299534026 71.26078881817081 113.10203444106467 0.0 61.092774608159814
72.02056030322102 0.0 123.02182267154808 30.88351188907243 107.76287410113164 84.86129883941678 65.2756158176724 97.62194924802691 19.317113973513024 82.057806590127 0.0 10.931253050416629 72.02056030322102 0.0
107.18829051465413 57.542663802013706 123.55244260584479 78.41428496920582 139.46725513962247 143.7585968491572 92.63702038739905 95.85345562649631 71.30684165619674 100.46898011768938 59.45525280818504 82.45740972098324 0.0 81.20885598818894 20.911103276466037 43.66329953020342 43.57617180526631 23.1101701165276 57.96000315213999 0.0 86.62358527511908 9.492113293368504 103.94450154541721 18.510885699772373 132.3750567016505 15.916858034899299 162.90858111535854 31.898283666914807 107.18829051465413 57.542663802013706
134.02427217933229 54.248915117913654 54.6564512080508 74.87259739387814 0.0 16.29955091377137 78.35193993083364 0.0 134.02427217933229 54.248915117913654
37.12269165548746 125.7484930954446 22.555078201952483 86.95614880480623 22.806750349210887 62.44814050891971 5.0489943440818195 47.60617935338796 0.0 21.07523334901269 32.00248195743596 20.510960505194305 43.243612050791796 3.5479910367743983 64.79373704958859 0.0 89.76986318720606 3.6796622302843076 117.22838941592305 18.169997869059856 130.4745760960235 47.14583823243504 107.38808048881862 74.269103693138 87.91640972076445 90.33568481282772 59.020183271227765 69.20105154702507 37.12269165548746 125.7484930954446
109.76324722239721 82.32803467788628 90.04188179719075 147.7058192869937 46.335228300072174 98.17968958869116 0.0 65.85436775666605 2.2232479662615106 0.0 68.89407256871912 1.2952296917288137 122.70088940109173 0.5698126336959746 151.8121954154608 47.370885294847085 109.76324722239721 82.32803467788628
70.47992603153111 206.69166803921524 82.50663862472277 143.92847932427216 0.0 114.60373070753509 79.29479290906038 81.16180675452847 93.14445741505602 52.35446284951159 116.58916747615905 24.40718270295622 151.11407814831756 0.0 180.31235622908218 38.56196352495441 230.34161876068978 27.310982462809974 270.1135352647169 53.906454884852984 234.25596512159998 104.97897636505357 260.2074537883766 147.90773222941974 268.3726920868643 216.41146480973572 219.2875784667895 251.67019571104152 159.67781223438436 208.25657931703557 104.37239334843169 253.11823003785977 70.47992603153111 206.69166803921524
0.0 89.64373530242241 26.680810423567394 38.64659146536192 46.97748232245728 0.0 94.95099310377338 4.081814947519149 117.96842958240327 49.526233023027785 106.62441370886518 102.06716193072094 60.52478450548291 72.1482838127221 0.0 89.64373530242241
47.5089422449815 48.140630016576736 30.125080147428505 33.01424485693157 22.16730046930327 30.2912712383974 0.0 22.6021366506518 27.36672925348438 18.305555145676834 30.77384277486337 15.403625405721854 44.17431818704971 0.0 48.645691443305 15.349557926138402 55.16138890831024 29.86317957185514 47.5089422449815 48.140630016576736
14.224698941489294 41.62997668496972 3.528762923230275 37.106496112537414 9.206558241173013 25.512348500869805 0.0 11.701447499631016 9.121821930778296 0.0 23.71464436900709 2.746832455245311 28.242978175790938 20.09036125274355 48.69718214868335 5.841701949872046 42.81672099880788 21.760732459610068 55.585854884503306 32.85441651228663 54.99566168772975 51.99670071634995 29.929823998515232 37.11050528430886 23.475956932178136 43.567812102513614 14.224698941489294 41.62997668496972
76.54737265211904 29.107399062353075 104.08377115543894 59.38230744274862 54.364628876063215 52.31605348314721 44.92642600272823 82.60117841698303 4.65522240781155 93.92623326042244 0.0 53.80544068450842 3.1933844402804823 26.462551875379326 22.223694493016303 7.4748720288136425 45.8165418948793 0.0 56.88597666324133 22.156187033854245 76.54737265211904 29.107399062353075
65.58042363849047 12.051517508201364 107.38480015076003 0.0 154.0688662436358 32.03025195019327 139.06764378725848 96.65697422877898 67.55052992935714 107.0849252057815 0.0 55.11332723726215 65.58042363849047 12.051517508201364
51.6010463888862 121.1658683292463 18.265371838357282 26.210816156944503 107.02714512518807 0.0 162.23249011752324 67.67308940361353 221.81804594258224 124.66191617366837 142.24978726422012 163.4116679276999 100.49853718206349 210.2880814894071 0.0 219.39651777133923 51.6010463888862 121.1658683292463
11.13534538028167 15.118244650658553 34.33118826239449 1.6016384262785195 64.51227008391544 27.544724016767262 82.87613672711306 0.0 103.11832782999925 9.165657119239405 116.14415772180114 26.880799256986293 121.60798602878013 46.192509795810636 130.22483371757318 67.46185587789536 104.98761420771241 79.77691823056556 84.2720336977396 78.5292077307726 80.65277372578117 112.40076892233934 60.282249290779504 103.0698710346647 40.320706557111734 99.09132503106032 23.641082891743054 85.90552496723815 55.92603993592259 59.1342038833012 0.0 41.979932322418435 11.13534538028167 15.118244650658553
104.54835383118399 24.175970737026674 152.83387414573428 0.0 183.81958283795143 30.1963931692311 200.67557786682352 69.963886783788 162.93335969415335 104.69208795751824 177.75736740315034 147.86814017375488 156.62618778808798 185.9786412400726 105.32484354530673 136.029331790203 81.55995373480678 153.51541131502293 92.78527108275134 99.2586602092717 72.69256073936117 104.35694780510084 0.0 95.04973433568253 45.0812655479813 68.94503217936253 24.145072354063387 12.28995907440381 68.9888390507517 3.450186721901815 104.54835383118399 24.175970737026674
0.0 114.64143959518874 55.52683182443556 0.0 244.23618301305194 87.04730484122254 67.91622133488845 151.68495861121505 0.0 114.64143959518874
170.72513358411976 166.2249897204493 0.0 157.48663790696799 47.552113249476896 0.0 195.7643352180176 16.238688100881404 170.72513358411976 166.2249897204493
83.64225308911705 226.20199321121228 70.30682352249197 185.48245314970922 0.0 113.5496302169382 8.285298461140542 0.0 137.39589293930112 95.70878888275655 172.82345558241872 118.25669762439898 242.73353120388052 106.71743325482682 279.0327472713417 160.4528253943896 316.8616624781322 247.45650930119817 252.41578384065954 310.8057249435002 149.8342721213057 175.28820695239077 103.03756859251331 286.58753349402457 83.64225308911705 226.20199321121228
53.94032457766066 28.676169663953033 76.95279453530085 66.97652014253873 39.06935408992999 54.14845123266335 0.0 48.07447694405138 3.1946522505598693 5.573123338277028 39.50874016131637 0.0 64.60628724858812 6.225675928018646 53.94032457766066 28.676169663953033
94.46931929734205 182.97411003723622 72.11340991056616 195.0793869228228 42.06741960882405 193.72207864174695 62.435192716760696 147.5584564401949 21.336101260119392 144.51379512128844 0.0 113.55552629064796 50.55275692280833 108.18806806197192 43.32125788946206 67.59581494751791 71.17589670439916 49.63083537518615 118.28133323187387 0.0 100.41656631412667 112.69397366030324 149.06540426406988 92.97108566090787 168.56059605573847 117.67893526693283 205.9729830258417 157.89733835213198 156.9826561411112 182.41516896326507 123.79111599039915 193.64884999317397 94.46931929734205 182.97411003723622
177.14827853254715 9.403161798848501 247.01001593689455 51.90921701984425 197.40560529544143 120.60297022170712 136.60921597314885 112.59159772504111 113.07378252826398 99.71212178803954 0.0 101.51779428115552 65.30421630404766 28.56160358531031 116.27312740892947 0.0 177.14827853254715 9.403161798848501
106.8462308784111 114.5134997287777 44.62377610788438 77.51740631649037 0.0 61.64510414790799 8.526999288395224 0.0 56.812260732652405 44.78837166551637 115.11896105728447 43.83642479786025 106.8462308784111 114.5134997287777
105.74647209510684 63.87072153061697 78.41839685895145 75.96132889524907 50.646617074033145 81.34259306167925 6.2712053084330535 76.0118282019553 0.0 29.66353900696388 48.01048562646852 22.42444447801335 65.05282163422706 0.0 87.9298957845128 13.975489560771187 139.89323480438026 26.730922031117224 105.74647209510684 63.87072153061697
54.75979205834042 14.938280351666904 81.30962909263657 0.0 111.3552354485283 10.64896679971148 158.0082199019019 15.122048781104446 106.22568650642398 66.47675116597497 154.56926522449908 94.24739347182498 117.75420146500977 109.71716250815044 113.3358259074775 155.91426205079182 75.93623371815953 145.42892951535313 42.88185435040319 152.2567579191087 33.52675159993282 111.94364215529353 13.37651457020631 96.21101374780771 0.0 68.6787095173171 39.69787977268372 56.04815631768352 38.70426394602261 32.22689590934543 54.75979205834042 14.938280351666904
18.653877396559324 169.6280469598418 7.936832790981285 129.4802839201401 11.903921396606677 90.26415190566487 0.0 41.73355175268747 27.12261111590219 0.11513806076564492 79.85335115187422 3.4838633206338443 113.99805114186128 60.22043956928911 166.87815823676078 0.0 158.5835879047633 62.73813446321005 237.27912048765734 66.58931518331161 257.8780459106067 119.58761522967383 213.75661258245412 163.21212183554337 172.9140317568261 188.75541418433602 133.7218546416887 204.17525417521023 101.96035060392316 143.88243416774026 27.196984314729818 237.6655394317046 18.653877396559324 169.6280469598418
90.88155657999096 53.104091060004436 94.10045694957438 80.38610627554907 69.80117699812799 72.64009699375195 47.74346323131246 88.10841199585205 36.13830391084642 66.45289513197578 0.0 60.80625164156329 53.31446168682933 36.13592557294248 36.10009196086419 21.018991959392366 38.86765826464914 1.1667748077846198 57.705271003514596 0.0 73.19340917141628 6.8081196882556725 91.22240779422728 8.45165815518088 120.16952492552849 15.737463485040777 78.02197243162539 38.42666526341951 90.88155657999096 53.104091060004436
60.901578955678985 38.59463699774348 35.99190382778049 45.61109721370089 0.0 13.640892679830642 53.31763463626102 0.0 60.901578955678985 38.59463699774348
177.76868860005487 0.0 254.3854109422578 1.8613479102550343 298.3413177590012 61.14386328395679 371.3358452441686 88.69666649067194 357.3798227686684 163.83574685008708 303.6586056560327 200.97855636200023 258.4839278288151 221.88796469832135 225.78028179261008 170.94580451471728 164.50944287117997 188.0330516454629 0.0 139.00493651979775 206.64181571251578 110.72802026981523 177.76868860005487 0.0
96.08764932702229 27.026802191974838 215.95524557511865 0.0 225.75340445570527 119.57435869428933 166.0977294556356 174.41386113003648 80.80916977398212 194.29957008724665 0.0 102.38586947428193 96.08764932702229 27.026802191974838
52.69056140687749 75.92394315512846 35.43821503682119 81.73054203421817 0.0 41.57621573315342 48.36262495857824 0.0 84.28362183206717 50.90143001377986 124.63662349248263 111.41107803846316 52.69056140687749 75.92394315512846
