100
24.01901028052974 56.12482434002507 0.0 24.3603612555585 28.145615963137175 0.0 75.11560933470707 1.220847952634358 54.59756281489297 40.18532999194299 24.01901028052974 56.12482434002507
73.63039563792162 35.72140520876603 97.0796666001852 4.454633249974762 123.53780199231686 37.53384548264155 243.21685888872173 0.0 213.62267255539774 86.76418512837039 132.66276598103065 101.05617628623656 132.93376099905643 169.36024841305826 72.19483509187322 182.4998532105794 17.387860552599193 149.45439354829014 0.0 93.65067697044657 38.5483143425582 49.27337180680961 73.63039563792162 35.72140520876603
0.0 56.58845015056354 34.44450235458066 38.66845150152107 42.195132241944805 30.53696708986248 50.35574793218554 24.943401174509454 54.194770702004504 0.8059769177421288 70.80148305020901 0.0 86.39272986014208 7.864426184584126 81.88765228453421 30.83577522347371 91.61141622002751 37.952272499623085 109.56985017444384 52.73471599513589 103.03567475368627 69.37209294196691 86.17259577808102 76.8466297826734 72.84782328658423 86.40971593853641 54.023597163563934 92.5481445028251 49.7751268415153 64.51905247572267 36.28595261675072 62.177456688859884 0.0 56.58845015056354
315.29022824812733 14.034386028275414 253.89713063054577 68.60319116986366 295.01867452877525 107.14335518203843 307.89092611949286 178.88495390185193 216.3106127084633 107.91085746190971 193.82522608719665 215.55446485565705 158.98617412934868 156.3491005396349 135.180930708017 123.8842935019929 89.70980644215838 99.21638384018875 0.0 33.99359508057441 99.57137598277895 0.0 159.19235198956414 2.338493214746336 196.83411108510765 29.48511179638581 219.02068531583248 13.804894316257098 255.17172937214923 7.3976004049048285 315.29022824812733 14.034386028275414
50.66185747134351 36.27101107906499 35.737794194416466 31.860327236369926 26.777062910414955 54.45379806403892 15.622157020662883 41.14447969539549 0.0 28.68486367498572 25.751487153996123 21.802081191236113 22.820847205510574 2.191104475914173 36.58566473611192 12.139121248610294 61.500204809786396 0.0 56.352446387068454 23.48486903337532 50.66185747134351 36.27101107906499
259.7612627023318 93.597268029106 132.7670504899515 114.00828680420943 67.46514429466424 133.14996648137975 0.0 74.8173596479797 81.2509832161182 30.602254100736502 110.69759923180386 0.0 172.77314865122258 8.41451212467814 259.7612627023318 93.597268029106
109.73249431291956 263.6755478609216 77.22956839597592 172.58048121840648 68.77167359967595 118.28137949022111 0.0 63.98324009018938 87.79694363780672 38.139678149617794 127.91171166331806 32.919439338220386 154.08735068987153 2.029054302267596 198.61385731055833 0.0 262.5867884037588 8.364583015618962 254.87604250339825 71.83668040183387 311.3626588344687 147.45212821793598 261.946003019258 215.65465548611144 180.75993390487497 199.22149155546128 109.73249431291956 263.6755478609216
0.0 92.42838968396217 64.84471501437656 77.18617268572389 72.71767793168486 20.864702729580955 129.33616886749812 0.0 153.87520376993666 56.97213021906739 169.4426394460914 94.38966436146222 217.05550381811315 155.8584729829023 140.13925028339676 165.8404845685887 99.51330497152227 148.1172315487978 71.19518729931146 152.40317408587083 60.014358008634844 123.56460750621996 0.0 92.42838968396217
108.12306916674007 111.81212830901433 72.74665975375594 93.80185705492053 46.137830990679866 80.55700777251536 73.41161030982218 42.839084847764695 0.0 22.14657519721493 59.537161727747545 18.125840435616354 81.25040736236399 32.00318677362684 91.6368755423134 0.0 94.04150566197214 27.524115220716254 125.36035363847694 25.4715554209766 119.26624021989011 46.19764264939623 142.9930441906954 90.79648866472746 108.12306916674007 111.81212830901433
23.577890153281395 90.6136960473685 16.2233962502684 68.9591246201124 0.0 49.91327694702828 26.694867534139767 40.29811401961453 25.600545306093103 0.0 51.26380222418873 25.975001521338655 55.64008440705728 42.56977048293854 98.70985489763882 42.47426049598842 70.78734806914804 63.5258130549682 69.71252164418547 88.62036967620614 47.22129028765827 93.9411147923968 23.577890153281395 90.6136960473685
153.38039483685475 242.34750789407428 83.08088757475332 242.07241568353933 0.0 203.6934864797203 22.957582853298533 109.4365715488071 18.201303844366606 0.0 158.89422369360983 135.47086433116644 190.0835447887203 51.845028907497436 261.717738488274 60.12267735206703 243.89096426626674 130.39281535466586 283.61411479287426 205.1714577876854 212.96631335216716 231.7927233318845 153.38039483685475 242.34750789407428
202.76281770520288 155.55244359940318 206.4305310726288 236.20190480789717 156.71175381339225 197.08317170235267 109.45648525248072 218.14240080090815 91.06550274300628 174.3927244442429 99.29685582511223 130.9442361822043 0.0 102.82762343482112 68.12918371403396 65.72475181761355 128.8787567830152 75.23799020299101 121.79413747830682 5.377001623138597 163.4387126138945 1.9917919623267721 201.71154699820232 18.719374338013935 275.80095062295726 0.0 252.0667022823051 75.09504374973389 314.67793870895105 117.9002276275028 249.95283234995634 152.9199341913839 202.76281770520288 155.55244359940318
0.0 74.43399812876525 78.52191045415381 0.0 167.79531810312645 27.245246487241204 215.26432978558032 113.15411541499199 132.61801104875798 156.63342478212195 43.56063501869674 173.36682134985762 0.0 74.43399812876525
288.9319682136107 202.75546954384617 196.88571817835222 184.9038915166256 230.5910676497327 309.89600673632077 166.55243146753432 236.26017772395912 169.98951122694493 158.45290338425903 89.3916303635518 223.19938785252683 145.6808300633262 164.6683794879118 0.0 132.90871581558122 94.54922942305745 108.8384652675861 128.73753965485625 94.87789437977177 155.19233857787899 65.63673267084528 212.0285849729594 0.0 214.78041050082527 102.94812992502952 291.5182626288383 98.56774580374307 312.07587137868063 151.37096316611425 288.9319682136107 202.75546954384617
73.33012187506031 85.44606245775962 56.39721054679923 69.75648335536543 44.53901951808875 83.93034803807528 38.119993561375296 71.50137299113284 33.01643026444869 62.58906817757767 35.72582622460479 53.15044072897216 0.0 34.66122297925074 29.012586545996626 31.265174800239734 46.602621778643766 37.12984760451066 52.07796790795611 30.163146336418194 69.36741065560511 0.0 89.97267525191378 8.472516172337244 95.98075225732754 28.893204519378813 83.58657267013713 48.81993416632815 115.80743520278867 71.12854521001641 75.33038900777846 68.59254058987075 73.33012187506031 85.44606245775962
69.0593427882479 26.315084943921235 25.087890815887476 36.50854440074865 0.0 4.862248315145791 36.332002678261716 0.0 69.0593427882479 26.315084943921235
55.85022795179739 11.467979345655763 75.60316257424148 23.166669804904274 55.974651953113934 30.461913323873205 55.84627577938403 48.374633853620566 42.05475788372932 57.30696971212225 31.830069228926845 30.608382743091937 15.671520075754984 42.97368403823572 0.7831024506698441 36.61277022338162 20.0207873871133 18.827677795007162 0.0 4.740387490583416 16.801427473643884 0.0 30.391682461055495 5.62917201004845 35.6291508760433 3.6575615945752133 41.2953986681523 5.392402340909356 50.72633060141058 4.868213990575583 55.85022795179739 11.467979345655763
93.01841452886231 38.596827570936426 115.79774217858244 36.4823134544356 138.6285620245617 55.88038405188661 121.18588268267146 77.61247774836156 123.01575243708263 127.08285755834315 82.37889881726639 80.83450706875642 56.112012835464796 97.8327855808465 24.27781974095761 86.7665442579176 0.0 54.46484253267951 24.490619725284937 18.57634849405804 68.06871045150282 27.70747083981857 82.95082818456031 0.0 93.01841452886231 38.596827570936426
287.28869857593065 93.16147509232142 308.4293067224945 191.68840182600024 209.97370697739592 211.62409443805086 135.78268522210521 251.2948769895462 0.0 242.01239335514674 60.23430533487533 113.56188963110037 124.88651657936656 73.95500545822101 165.4790433011172 0.0 228.39022628477213 42.7401400315584 287.28869857593065 93.16147509232142
132.8404584026747 0.0 209.70010030362937 38.251928493487725 239.5415890307279 109.82607856477986 212.65616562775875 184.08883061775094 139.35607618016968 189.2473089826696 88.41051065424867 162.53621649308553 0.0 115.29672364188487 108.85507840657804 86.58529993614594 132.8404584026747 0.0
65.36786755237414 0.0 99.50174425828453 21.15229123264463 178.09225250137462 52.90430596790027 110.96697957578795 115.94631561865647 59.66444766611494 71.63536227017214 0.0 32.52532338368239 65.36786755237414 0.0
120.5692440414528 1.039625135808933 121.13493298165488 83.85871834295615 65.5002286910958 101.9295234926608 18.663562566226027 98.19730927219656 0.0 45.810423952716874 41.52775168909739 0.0 120.5692440414528 1.039625135808933
160.6226433290344 38.34689166718667 263.75154565240325 0.0 224.75162004425604 106.69805777182542 199.48229108339052 140.9763215294172 181.20455060218003 168.89641477684103 141.59218959213638 246.1363201460194 81.79499555340004 199.91952833910221 0.0 150.5103904039325 97.16443712475461 96.47226164563776 100.9199018603679 34.19814510760571 160.6226433290344 38.34689166718667
79.73583220794363 15.644370524200887 131.37015529923684 0.0 147.7878192115512 50.450562785115864 93.64234736348345 75.9693872299449 88.7637281555567 88.49477205207906 70.74909773403391 126.60057825136114 35.395787131059585 114.36460847888527 0.0 85.48954158618044 17.510769586800002 44.29779476560556 77.31018818862628 69.48963553140835 79.73583220794363 15.644370524200887
114.96726126893887 51.98834721435631 162.54784068084388 102.14908409194919 121.71401553251074 149.59930277313285 62.88651433840697 119.08170968454706 4.307100457586955 126.0017040376627 70.67348947719654 59.87525541492357 0.0 25.570646270601216 39.27318002781428 2.9234640585382436 75.67434253710951 14.640562119872506 126.95221753199856 0.0 114.96726126893887 51.98834721435631
294.27280394250784 38.172816412413 233.37804516749424 184.0150043846748 105.06501742213831 189.61063850545492 0.0 67.07838771487773 145.46720206637855 0.0 294.27280394250784 38.172816412413
62.41889346018996 0.0 90.49876402021928 16.011403526757803 101.72861303127473 45.14183755415212 76.34545535335188 71.45720483620775 4.700668824421371 90.0840202815892 0.0 8.310724509243812 62.41889346018996 0.0
18.087861844081843 40.22812446675928 0.0 31.060367077515636 5.260658683983195 10.142768978807709 21.49892266174534 4.804148736685988 41.71417983556596 0.0 66.94344791161463 23.518219742179667 38.64419359177609 41.81746117593357 18.087861844081843 40.22812446675928
24.093522621834822 52.62931399015977 0.0 48.22512786689474 2.838998430250655 24.317131746671436 18.970911167150632 13.96273654834306 38.18897248537334 0.0 53.064858175764456 18.285506278552774 61.006587911198324 39.49789459384378 42.96594620125106 55.17349114380151 24.093522621834822 52.62931399015977
83.41069758431814 93.57511912830697 69.32908355179299 81.95471241102156 0.0 32.983202244369366 43.50869816843617 0.0 101.23073257269309 62.70431119555444 126.51116171004753 19.904534248120015 172.46316911466644 22.230771174625254 165.64386556370658 67.16005469694556 166.48544695828483 101.27279351877132 133.19739906033962 112.56449567711354 105.15976887663257 87.48822792976108 79.35551000245565 138.60399780293469 83.41069758431814 93.57511912830697
90.13240980432879 142.54791838514416 48.540329046623995 122.4545262799466 0.0 100.89603361189216 7.10866185727393 43.41123024857306 52.37090757125324 16.52203640243618 115.51510377316642 0.0 184.24995386297473 43.3278113203711 95.2944563495079 91.97386945254925 90.13240980432879 142.54791838514416
215.63609067214742 117.88714072828559 134.60420418012706 170.99318853708786 67.047420562888 133.78583379740175 0.0 57.85429551712106 87.83073552623243 0.0 162.42878501546602 34.91903822302893 215.63609067214742 117.88714072828559
185.47665494669337 71.40081286880653 146.70599219382115 126.10181932554015 85.01275234162688 164.32860161777023 33.69255592689135 119.49225945963157 0.0 73.54555341350473 23.193088794450475 24.249325044492863 64.39224248930749 6.4269172493699 102.92603300265164 0.0 143.22006863946802 20.124277785702 185.47665494669337 71.40081286880653
226.58416415903423 28.602069515576858 200.6998708734304 117.65802525641654 315.2107025779802 211.87583880455549 203.71957926009202 242.28051167126785 122.89483850580693 298.2400608292803 54.549010106277535 226.00592305366564 49.52278446642582 154.78454854839538 0.0 76.83297670768741 55.16362846253972 0.0 142.01819475181213 76.84261222840144 226.58416415903423 28.602069515576858
68.3951185220136 84.29910989709693 53.97188680703849 103.77829727286029 33.168129781523845 97.29396718899919 26.99944384356391 76.27821824454047 0.0 64.57687148148771 23.57010085625643 44.88637015630944 6.587253924720471 9.97232766060057 44.6435212747986 24.607954565677574 56.90138208526669 0.0 76.72048439633926 11.288541303578292 99.90881775469644 14.231148615392598 95.32879985489448 40.26678672508224 120.05956460760765 56.71982817475363 96.72174297560767 72.53737856658516 92.90595610696252 93.02277917691946 68.3951185220136 84.29910989709693
107.66669977618879 12.195865118944681 142.82075250258566 0.0 151.47609945678363 36.4403529036142 170.23005360255848 57.466927904158666 181.3334785217276 92.15345621099381 183.42545272546766 156.9708078432248 122.5212821631188 137.76029477885044 96.7722446006918 104.54967990293837 58.80541445348041 105.46841305846125 23.488710667968462 74.73760878124567 0.0 14.01212111158955 100.41164133763903 46.96156253558307 107.66669977618879 12.195865118944681
120.34832755865068 0.0 149.39809571929624 51.27364987314175 143.24941178861266 99.22230743996556 219.88946927467404 130.04224280114076 160.3468239077865 162.8110866099093 136.5743658987863 195.17596957909177 100.71332275065966 214.5924432979392 59.55355987781641 209.18476089425513 43.71863319655386 166.69648717571147 22.018723940456972 147.58004920018575 0.0 117.38401612827515 85.461600728506 123.20405251624199 14.736643735672246 28.92474064035636 75.64618224761534 73.28171324097465 120.34832755865068 0.0
82.60788769237324 1.8491265072926737 83.75202787853085 50.431420846421844 144.595093477156 0.0 84.28916648508824 56.972040383432855 136.2191643402898 61.19235421301677 145.77340388852525 90.18256149691653 114.8281999499109 96.31259265987582 100.44457978181777 116.6662665524921 77.35592122627816 105.61464592959827 58.81036965891346 103.0434076390023 62.33761748463793 74.12493969481919 0.0 87.02250148144974 32.66618383642728 55.648588125280455 42.79860628140975 41.05425240226896 25.614727611119292 0.8980796070263324 60.436942012603254 5.655119220444206 82.60788769237324 1.8491265072926737
0.0 77.58938556225307 43.488418092067256 55.6994692774485 30.389850543776454 34.37719041441264 38.83260615293546 0.0 65.42147043379325 17.541503073902746 105.16268692517815 0.7319072694118987 93.50858481782731 45.84812735185575 69.78984487500955 60.92974919354664 101.74882763236204 96.95771575953232 71.55443366014083 102.15859129708566 53.279043105265636 76.06874739072485 33.99487151496921 83.58093734029114 0.0 77.58938556225307
89.25907715131102 132.97232080335115 41.35642261831734 194.07987982934972 0.0 129.8851814833342 65.41998974242213 101.70626857721626 65.62327182028734 0.0 123.43729097410095 62.497671285882 200.46451454744556 128.9686464218963 89.25907715131102 132.97232080335115
161.9507201522227 20.871532218947635 263.3503485638894 108.23446927834705 102.68249784109659 163.4556451864649 0.0 0.0 161.9507201522227 20.871532218947635
161.68725814041562 220.15800501804173 102.68309235648982 251.6448448031794 86.47817223578177 196.94912588696502 0.0 113.73050369605383 99.50749922795804 69.40732458291937 179.03071690415916 0.0 230.2490252508797 101.14426668489266 312.1977161576442 142.1375634539924 249.51219791916725 214.62598930305302 230.88303130701854 292.4332683057883 161.68725814041562 220.15800501804173
159.14624584018446 9.494982877723771 264.55240193521024 0.6998393702107109 316.92223732203405 98.39813385211998 156.054433368662 113.25562601935808 170.80732142171024 284.1926937106073 86.20750406944242 187.98967167369133 0.0 151.4654819887979 19.317347616770306 53.26230318136611 84.6243157793557 0.0 159.14624584018446 9.494982877723771
122.13191318026541 98.76894696882306 75.08918191064218 120.94978517745199 47.66926396949283 74.57457136022506 61.3541735966988 47.16038240910944 0.0 21.12947752635649 53.707853303052374 24.21912756361443 75.06924196045763 0.0 94.38346490456361 22.905120155586722 132.64755522366573 48.674602744687725 122.13191318026541 98.76894696882306
0.0 108.12690202959475 20.28280891714364 61.54287149816126 85.4911690798303 63.52633261296735 84.48216292485142 42.699460967674895 102.55226970033115 22.63951255089814 143.9545629413253 0.0 149.19018911974447 44.1742192928303 209.1133170795401 66.46331369087834 141.66388038357096 92.35160283561247 143.42092039174153 128.497356785355 109.89783396402598 122.98515569276795 85.61845400906395 127.21007674546512 53.622011998842986 123.99108755228359 0.0 108.12690202959475
142.50579913517421 85.51199842363611 0.0 148.39260024016022 23.704137365731413 0.3848486354134195 149.6927110738678 0.0 208.05258975908848 55.99593447468909 192.25473191192373 121.44917932380572 142.50579913517421 85.51199842363611
95.96837796107303 18.01760513156976 116.97792578558861 39.018612168109605 175.21309154871983 93.046467395706 100.08763677324936 101.80657587003023 67.52153859419906 142.7708241675294 51.97988576684788 68.56570775964911 40.69752954995692 62.58607033017784 0.0 46.843856833858005 30.182277301603442 26.175849228723884 48.465033633125906 9.914529822627564 74.75156178441571 0.0 95.96837796107303 18.01760513156976
143.94180565048043 133.37627295118898 33.047348098104436 184.2370029801009 0.0 73.86656091666501 101.46272638035316 32.89843784831561 147.63671868486986 0.0 181.33426504897514 45.833443266786134 323.91429919964366 82.93780998726031 194.39979039782972 129.47129839229007 143.94180565048043 133.37627295118898
123.96609944961153 0.0 153.13667980167526 38.08449936043884 163.37910284503062 76.64351438568919 195.88098668421185 109.54668086626539 187.54734839381325 154.72571863668315 147.55895059617978 176.75984946404196 110.1716854864017 173.94342931599328 92.05348848768543 124.6220460761541 27.427858564250812 191.17792519555348 0.0 149.8490852067706 18.55911279818079 104.53081452485637 18.820280615519877 65.76497883427342 49.885201765149205 41.8478186242302 87.14224826784671 55.91541336783787 123.96609944961153 0.0
154.87249562458686 88.0770978651083 124.28755839856163 107.5584627878828 97.13619933532789 107.32182610714091 72.91673907610993 156.3126968492997 53.360020431836304 116.37298406908144 39.3385066783903 95.81699217764952 0.0 64.78963179800127 26.25741973388196 33.505295280513344 70.41416756316727 42.01255381346819 95.24236712165651 9.358400141638242 147.74861125929166 0.0 162.86054048579825 46.13868343104079 154.87249562458686 88.0770978651083
322.9673995401257 247.7062888599224 263.8745638522424 286.0695552286639 198.7939457948252 267.53119860985294 162.22143922667493 238.09566376912656 119.50379925006405 219.59762768126768 0.0 174.56576900288997 101.96626028674802 121.92141722968876 132.35392590231277 68.68336113243217 188.81635574040635 0.0 261.579256233683 55.373977615317344 312.83901210456474 106.71519814559113 299.0053165277557 173.68128336597584 322.9673995401257 247.7062888599224
143.6482579071092 59.77379741631431 121.36904097075052 78.14261490375469 144.86389938633053 101.93576221401771 136.2386787331761 133.37747055175066 106.03563383126861 99.98051875195115 75.24363239026994 126.59310157818103 57.80414714402357 102.64101961500783 0.0 69.28774734510708 45.89688375981854 33.254172956311436 82.50743310376421 25.472714573365984 112.14553908168435 0.0 132.253332038512 39.521119965167536 143.6482579071092 59.77379741631431
98.0360027179758 0.0 147.77205780438956 29.23372788844155 144.13724756284017 81.72631303438459 197.19991850845435 92.30989232137736 174.42291700318037 126.09567686152496 139.55548041815058 126.7031417189763 101.97009161609594 184.97634567442802 0.0 194.0431636907756 14.933096838603134 96.19588130926508 37.2681561385255 30.185105690160086 98.0360027179758 0.0
0.0 60.359869201390694 88.83307236705706 26.386349720747923 156.86724854508486 0.0 164.35619145921453 74.54188780526887 191.01590142148075 150.20575642837412 112.8578965638839 161.3026728526849 66.39331669094314 121.98617046896261 0.0 60.359869201390694
0.0 82.61154639994056 131.84604858177664 0.0 241.40481832892775 56.690483179571366 231.0971307190523 188.01905368161204 95.94673827904653 214.95119862239454 0.0 82.61154639994056
70.52704486085737 67.76646096308754 52.16012182680697 69.5294518575049 40.23992607317895 64.5784196644103 28.40252983105826 64.14756015716459 0.0 60.15612967172697 18.320070804379938 40.02097719224382 19.87651084412687 24.370688143239775 30.43200571053407 5.826709071079151 53.86799843944506 0.0 62.97829586093086 25.20180212269409 90.11520920144541 30.304428950650234 56.06689601282112 47.93185174498318 70.52704486085737 67.76646096308754
56.300673561740815 62.42316108230582 37.88815789930694 45.26221671289769 0.0 25.98965575500055 43.080126053099015 0.0 78.49825757752868 31.228914964745265 56.300673561740815 62.42316108230582
5.950792758568525 61.561498320700146 0.0 50.58141143433411 13.948029362603933 40.782722145160626 12.779976186283221 32.004206793769036 8.46147899202299 5.6158952407559966 27.627249764403373 25.235861244156574 48.80153509772185 0.0 43.25942062879615 31.332116734328814 53.000801349250054 37.19013610520606 72.05548289266756 51.574284135134995 61.42036583864302 67.36345470474956 37.960270944784284 62.48702690375257 28.781220131761117 63.163701962127156 19.16850741196623 63.48201511736654 5.950792758568525 61.561498320700146
193.13474097105333 13.855369230654475 225.15243525216835 58.36656729953572 208.48855209335363 107.38062533089143 211.10160025435107 192.20884007500425 135.86024480421517 144.37374981684636 96.66459380087065 126.93436651817396 0.0 81.62038668499696 81.05621453991924 27.42701322226022 136.6087750253654 0.0 193.13474097105333 13.855369230654475
12.017128579514853 82.9640609257344 0.0 52.35570916617159 53.28748234938535 59.15494434038095 46.25324748325571 17.759154171030893 71.59382202666245 29.466308119826373 124.04214676758107 0.0 152.87627119398417 40.496754471344545 106.98587478545258 77.91424541830257 98.61328034751963 101.07760076347955 79.86233773131019 120.79656582892585 51.09153676424429 117.76756215927199 21.525596899450164 113.36041573842573 12.017128579514853 82.9640609257344
61.214928246647304 142.06283766729587 0.0 86.69109538170156 45.736686905970416 33.858944751735685 137.32865873287363 0.0 174.6715931994687 123.43258531867039 61.214928246647304 142.06283766729587
105.47421765425837 167.2129927250602 75.76132231489274 168.8963861179363 114.31049766533619 128.41793704325664 45.10637734066809 118.59484081680179 0.0 61.82444585566147 86.49090167160628 76.86954933670596 119.95402989634319 102.43942226682175 132.9657313174344 33.42680801535195 189.68763555436783 0.0 154.71173317686498 100.30244471880926 198.833922048854 99.06858583320293 220.21986724995594 129.77827263453477 214.04038265202672 165.38928424733888 181.89537273385605 185.61155290820568 155.5424365024133 209.8165138203991 122.01531606135707 211.97255649189998 105.47421765425837 167.2129927250602
181.54610392357893 218.75569924168258 150.96272836151104 321.3809047515948 110.02654046848576 217.12741576115235 62.59736426375855 211.75388965616386 102.44851527585627 153.68759548782035 0.0 120.70965720032214 57.77228468063913 87.35459239499632 85.20595615053688 51.96683026050684 128.6004723005209 0.0 181.89380028309236 33.582963878322246 214.41193929356734 75.44245550548864 198.1230170362085 124.63827429869441 331.9205293414758 171.69425822966747 235.70759395226887 208.51282122542665 181.54610392357893 218.75569924168258
98.1719947440009 17.692015196368118 161.1227936373307 0.0 206.02314192521052 65.8957437397039 204.3079190197952 123.31610592282638 266.28043854661297 129.99761801863164 298.62115029973506 178.8710999508587 337.8245100001999 272.0730134961535 247.7483535389777 294.65959619280807 180.47775798607944 282.85266255063493 144.7482743084359 216.08098774388475 67.41487133290505 281.64073826181834 0.0 248.26136557955542 24.17053248915093 173.74704332426776 41.09058944571569 121.71472476501168 44.55731446312666 57.91193432987406 98.1719947440009 17.692015196368118
173.81885057355754 20.090790241458905 241.4903319354623 81.88360528737259 256.7434639877338 196.49062287057035 140.95280911364353 229.90572850788482 0.0 245.682084209683 25.904070882338075 99.69834272384338 68.35557464228424 0.0 173.81885057355754 20.090790241458905
46.819154262140145 38.451874792884105 76.78658955220251 54.90167201418726 53.52663821214732 59.9821798252763 45.01326806480587 74.65924503505738 29.001909537746684 72.11534630172571 17.06560432337953 65.63250558241327 12.407432019828107 52.94144365257872 0.0 43.27738810548252 10.619457928966625 31.883042290569215 3.7966968707910382 11.289988219752281 23.6592731190469 14.813628819371282 36.41416721879719 0.0 47.51480578442968 15.567334693165726 76.21659652206048 11.881289695250707 46.819154262140145 38.451874792884105
56.11289383158672 86.62475755705391 31.78719659881496 83.83401174672959 4.739222416670515 73.1753778923747 0.0 45.57135865619405 33.1798144163042 29.74618882321934 21.669384437296756 1.0923122045989757 46.856059023599286 6.9365872303174 64.10069880661348 0.0 88.91901102091632 0.22437680893115441 109.86072791970176 18.560100251781975 94.44622971985658 43.73772150183159 89.42886306869971 62.87643725333835 73.3500673271596 73.31680727368992 56.11289383158672 86.62475755705391
190.09238703550272 154.17747546582984 145.78661519129284 188.06481597756698 92.79844920910723 185.59289265075273 0.0 170.3563565901955 8.901731819881732 73.90275991308593 94.43607795240278 60.06105771344645 167.24550383587786 0.0 234.12591614177785 76.46684557890319 190.09238703550272 154.17747546582984
181.74862616003844 12.64474517181317 236.9918449367033 7.406340900046288 224.25856890494524 69.88586861474415 228.89893676018332 102.72562069336371 188.79816299399602 120.33409494968463 194.10997487696463 153.38173353414044 179.03061948575183 197.9587528117052 146.05969738502392 146.71098483581937 123.33585616572856 152.05016374200045 89.76127555838565 147.22224015037523 0.0 131.0843152442796 117.75982718584814 95.47618844537422 64.66506248044124 36.84850946190204 92.98989721174709 0.0 143.99147487045155 10.431881017262867 181.74862616003844 12.64474517181317
244.10550551888215 86.35599400581177 199.20604406688082 128.91120616284775 208.5762999712739 205.86733955840913 138.09072801899737 152.47715964361507 119.91983016855451 130.25012664376985 19.383103647266054 184.0732803645674 70.9595092172995 106.23251177631914 0.0 37.17240916727576 76.54987889865988 21.062373444655336 126.44957426805709 44.311805967720524 175.74456345736158 0.0 233.65295415714203 27.788214770046054 244.10550551888215 86.35599400581177
0.0 145.7919537422704 20.56307791414048 76.39613724185236 75.42302189969615 44.53826686660281 142.2953404529854 0.0 183.6994918701203 62.19653859838062 305.6330216780407 132.51461275441255 226.91360674978327 237.42034228491735 115.74469584959306 222.21626991555934 29.424188481262973 229.86101974376928 0.0 145.7919537422704
46.91371198118007 0.0 70.05735586210555 33.27784390267854 101.98463719633756 15.125825272980478 110.16029201567113 42.229764171068126 141.27038567680043 63.18069987511038 116.89646741597255 87.51699935303944 83.43509464869858 87.95320345309726 79.67123899107372 120.75093852438675 56.95344169564231 110.09271472358611 64.2690336421798 65.72941615963958 0.0 100.11533171466363 18.635006745439114 68.5133698693446 11.328642057463583 43.56568521178713 30.642355800919006 26.753060145324646 46.91371198118007 0.0
32.959370071950055 70.21628631077277 0.0 15.349922565774555 66.05192054344417 47.174880350233664 110.2911393935012 0.0 145.49441593051378 45.72897023402187 126.2776181897764 100.92098153317555 78.02034843837674 107.92172383273312 30.244145035810682 121.50501296364642 32.959370071950055 70.21628631077277
196.69734358457595 201.07336523852186 152.01036986128344 250.75116014611623 89.73997470561636 227.13312191046762 65.22818557206102 170.54136760094647 8.57036825666583 142.32597765867263 0.0 73.53763086759959 60.176022898049155 40.799935748301024 112.94679449878757 52.48772067415118 164.4472575882566 0.0 203.19621730608623 45.7455083175182 186.5345694605136 104.73544171097942 252.50163549604338 160.28657233815827 196.69734358457595 201.07336523852186
67.50059176062352 40.24352014136974 86.31236044558426 0.0 84.00886868966593 37.87763878320425 83.39972467274092 47.78553740054005 118.69301391198027 57.54104947985293 112.48472668622688 78.5163919453794 96.70071093757991 95.63723351180008 72.91879908815416 80.69213952849462 56.783412034981964 91.01936359465952 35.05852721361423 88.13524715897543 31.493112828078466 67.52250996436933 0.0 49.09667673537112 54.52466966048242 44.65955369073211 37.017807715150354 5.572454146871365 67.50059176062352 40.24352014136974
59.45530614196775 16.342750637948598 59.49302969443062 32.55332813209289 59.08555022412182 46.29878185690566 34.978910657122285 39.77367966557159 36.35342442826209 59.349161583053885 30.783476353678324 35.42322799512107 17.30186234911072 50.02038900714874 11.498382624390189 41.74604304837318 0.0 30.675585402846565 7.882847066454801 18.792022420561494 13.505321006295489 0.0 32.473473189853294 0.5412460022371022 46.2458195729436 8.65748982465341 59.45530614196775 16.342750637948598
106.03653799365051 140.5926410211251 62.37508990160012 158.73451076800882 0.5921122277972017 133.3338575284292 0.0 58.800792481114314 64.87308068634508 38.755208688194394 125.03863101538461 0.0 204.61033092274653 40.38951033035219 136.07431553390012 113.59758807313048 106.03653799365051 140.5926410211251
134.58739174254333 262.9926833196099 0.0 244.3884637342124 117.52664951798822 139.5780657367947 203.58099018755013 137.5445825772419 161.6071262230341 14.773424421022924 240.8423340315486 0.0 262.5787728439312 99.89383415909472 354.17861660369977 99.67383566190156 403.2832209220803 176.12471525721867 326.51313439090393 232.8344373993473 250.11640868737405 221.2784641744339 198.75404252938938 301.80691346651736 134.58739174254333 262.9926833196099
173.90672368568863 141.30457674421825 95.94002981787136 108.48142949052207 47.02543939712119 165.45713396045284 0.0 119.36306750292157 41.70004802323929 66.61498792093715 46.27389158676873 15.455325039073017 97.29733176302167 11.44652355612655 176.73297779100938 0.0 166.02562288941783 76.50799563972318 173.90672368568863 141.30457674421825
158.19769670814622 171.44498101113544 91.31201890538922 118.0761469890811 0.0 27.05265694126667 135.1608108511859 0.0 211.37492017781977 77.4858976308174 158.19769670814622 171.44498101113544
206.63162968462507 68.59272030199763 180.7469495598511 157.21012135035716 89.73816341660624 160.7211781468514 0.0 105.86768079748657 67.60122825384319 22.1811742902633 151.05162323949332 0.0 206.63162968462507 68.59272030199763
0.0 18.21579492904111 17.946356455027967 15.57953613284532 23.06084879245188 14.826782918648334 30.049837870624202 2.948935211656206 49.570028358231 0.0 43.417312524050075 19.11390227914788 53.75310347475137 35.74142709505708 39.06877477368472 45.78561399227256 24.54508471071388 42.870079184477106 10.97392132128472 42.69575001569369 7.905826742592623 29.615898339709076 0.0 18.21579492904111
180.7442887472499 78.03944131665685 193.1445507386793 102.47972922683356 230.49542148106664 152.98914346357333 185.75434886878875 182.69288236684787 136.7845488045161 184.20212819929924 137.33693564028812 121.10899950454322 0.0 132.90915299797484 79.5348207382529 71.81015799579829 97.6787871873887 3.8028012475395485 166.35414069790397 0.0 180.7442887472499 78.03944131665685
9.949209162454139 101.77888823969323 3.5608102794733014 75.16409084081351 28.336317533388574 52.05217463814173 0.0 34.997810297067126 21.59436636519998 26.759021804694235 23.91028470115986 0.0 47.307031076856454 25.789859413170056 63.67171369047275 11.471246861627023 88.3038119127049 11.59721087003139 112.90280907695094 27.58297671551413 117.25249716569311 57.149040930944444 101.71640277558444 80.9137023164599 61.1155006463384 67.56591906869909 62.301819401737866 114.47675641703938 37.604961487287575 101.5715753688828 9.949209162454139 101.77888823969323
266.213968002461 0.0 257.40381339900887 80.93619475956594 319.5005093765096 110.36910506865829 336.9290844154932 172.70342913172937 337.0683570464571 253.89957106798215 249.1603128211512 261.34523542730693 191.77269246955723 260.496233575966 151.70230151411815 228.62417342635553 135.73969563720513 190.02644159771364 63.47154219225338 210.09033680705338 0.0 173.00460492576363 3.9210528888064857 106.25568841471372 105.35630333438318 95.43025172148808 111.75597999728814 48.44724812899173 157.62578273149182 77.0945985994039 178.6960028584331 93.1670883142535 266.213968002461 0.0
0.0 22.22192015369413 80.50053501056321 0.0 136.04633891027686 37.68582565018721 84.09130125267494 66.91132304461368 21.492919571128965 123.27926518987886 0.0 22.22192015369413
216.11059256178942 223.78510448254792 140.89402572214948 200.96138726513203 104.53631140045941 183.83163426054006 47.68730685509264 214.86222884444737 47.07916139048832 157.6245902878432 0.0 127.48213502756224 35.20814111606656 86.26977098716792 4.766086794232933 0.0 78.98220870141029 6.543146054080509 128.70118056775385 10.95944357158578 179.500233255469 16.017806934294256 187.8244291430564 73.15182546569521 200.51949530563198 109.25565305955912 232.51758236779693 160.05765123112616 216.11059256178942 223.78510448254792
93.05041942378534 106.77017478562884 73.47973888552404 107.8134961589425 58.57268048783894 110.91204352678686 43.75550194730796 107.07625713011915 19.215585702013612 110.02928952981576 0.0 93.76941374497879 6.80094677266618 69.4691229365188 18.276494493036054 52.933747077838504 26.703639319406477 36.74818569434588 32.0038786919996 0.0 60.076863671983105 27.269193851457068 81.07088376518729 19.786205439222456 85.26063498636964 45.821574445216825 98.19651446087371 55.69717764719525 117.03132895663714 72.1859618917229 96.77078294118837 87.74909780068035 93.05041942378534 106.77017478562884
146.03651749809808 205.5140973386474 80.96778734362016 227.24167440752973 42.86297392622666 172.41590261764037 81.35008360159321 117.31445597379327 0.0 25.925593739000803 112.25452403326189 65.11762039000601 152.24243433016437 0.0 193.28498650053578 52.710092047551 271.88913367028886 82.37993597870124 283.58854584984226 168.67164833730232 177.52315805367812 171.4673658279549 146.03651749809808 205.5140973386474
7.331563267080668 16.48755056552914 71.15212461681148 0.0 115.7655823309317 25.639209764973295 138.77144984561147 129.97788441507728 0.0 133.04497385712256 7.331563267080668 16.48755056552914
75.18680027321335 21.738128173325542 123.69559290847806 18.250242089064336 122.39802078694483 61.19674254438454 96.031944411096 93.66218954420876 60.0486087692847 115.99172924208472 12.570695873150157 100.27500338857755 0.19235050523116115 55.72140886345063 0.0 7.65513503549586 48.10927245137185 0.0 75.18680027321335 21.738128173325542
50.363571322074165 41.22428042861125 39.57312664155852 51.81848570607353 25.052261413810555 59.905761148603574 0.0 61.31435131381362 6.472185202767534 37.00103367721712 3.318362729269353 19.044158879699907 20.23564771341256 9.786109868084992 43.6721898672355 0.0 66.34402643289368 17.783424642890438 50.363571322074165 41.22428042861125
72.34294568779136 0.0 147.66304387048635 12.87321271618461 187.6788207282294 33.56127060447575 265.6803550886585 35.84273715655873 313.292735376771 115.3479639940024 249.54298616732055 189.29681510700192 168.79741770893293 175.27129258037633 146.71858708230315 111.41145596988854 0.0 161.21962345962135 46.86917571322401 68.66692041238923 72.34294568779136 0.0
121.41721105722276 145.4905800446411 98.53234359616714 122.2329973898003 78.96145770416878 116.07182457489553 77.23353795014437 93.39797203886069 56.2563709292186 80.03263146140056 0.0 41.491614277245915 79.58640211624906 47.859372567508345 72.46508835309109 0.0 106.93590796746072 22.430976012566795 128.56195004444768 20.376504593654317 148.586615763657 30.220754607307683 171.29571265729385 41.81750357542914 167.87024438909197 69.09599181010742 253.49040785699128 114.13290222760146 184.49028296991486 132.64577133451672 127.26114962141358 101.87476150005425 121.41721105722276 145.4905800446411
112.04468311281994 137.06946095608038 124.6660155012024 113.07795953511955 140.26774564150804 0.0 206.3260900202373 40.52401486295807 216.32908425513307 112.47860238174907 346.03349240082935 119.97244227980241 295.08040083068715 199.97238282366206 214.80538265422103 216.5887978376427 197.6187518059987 279.1128877214012 153.11554315736078 187.23861127123513 79.75191168848278 261.7180398688772 0.0 236.21440984542625 92.43798516360778 159.3115786221606 112.04468311281994 137.06946095608038
154.3011016509875 18.223589743004275 230.34397628237312 36.36716198010383 171.3722209813666 88.29656138309915 236.0621662099708 191.53276416944826 151.92665860098714 217.65664608188547 77.92320995811968 205.9413153622166 41.83635555676737 146.74803239056462 22.037655747561274 107.98527531480175 0.0 69.22375327778228 45.967887897802726 44.38973423789753 58.265147059691536 16.188419304071488 86.46740341437302 0.0 119.32302332689586 10.07923772137054 154.3011016509875 18.223589743004275
48.88049070650635 112.06721539373638 55.01293433751022 92.00934409158171 48.80836850791724 41.072750250581635 90.26319109302516 0.0 126.42595699037344 52.19558516613501 142.85646412438422 85.01376991562498 140.01275255330592 115.06009047217742 173.676213961059 167.25480576105633 102.74287389271595 139.44795904877785 88.80490417527247 126.03120846583613 72.20956501638953 142.17274662277066 0.0 160.98271280331244 48.88049070650635 112.06721539373638
91.22038222887527 23.515245018100742 98.80933392590367 60.478393794569655 154.79123852072783 0.0 102.19335544813245 66.12768584708542 135.7002587191306 65.92537425142704 147.52257590306738 85.22883762183606 134.33163611846328 100.49335052334304 112.75279444396807 100.43486064978258 102.53921616844993 141.63374200467945 74.14201060785274 143.6361517146574 82.52627388464421 85.95617377195062 35.655456847980446 101.46180881122363 52.90857326086706 73.63935768338304 0.0 40.922923628179674 64.3556127641734 44.47323769720309 76.49767825692854 33.91208660273033 91.22038222887527 23.515245018100742
130.06432194270167 177.86564192144078 0.0 135.90740610722042 14.278887441268779 24.082634323365028 74.42635676460138 9.384062549229967 118.48109343129086 0.0 302.73002992581513 71.38720347094872 130.06432194270167 177.86564192144078
0.0 134.29260168332053 87.30172410082415 126.10897669339634 69.20614825222506 72.80378678022052 114.79735318765184 0.0 97.72207490716113 132.3988445453802 254.92156052161266 83.70680293252178 134.84150106524373 142.02627182692606 153.7031858366457 193.8641152665266 105.24026501113838 177.74356790785131 56.97281341527986 221.90617365914972 56.451169182126904 158.52206425550597 0.0 134.29260168332053
