100
65.91683480102887 7.290633593124056 117.34151640339914 0.0 190.24468009308052 26.192944812956156 157.5534236691443 94.71071062054959 126.28197952377954 174.47792847364917 70.2181598702816 96.22184835242838 0.0 90.68029639111286 0.8164871773386011 20.23404735268109 65.91683480102887 7.290633593124056
127.60779557708261 11.426288849102093 177.94791735786117 36.85589487424954 130.38930672024432 102.33372102798663 281.0805006217176 177.53659347054486 144.6458254097916 154.94795060414356 112.57049518687757 133.391143600951 86.89825337850786 136.97726374913515 0.0 128.13356265716823 37.46665593458573 70.9996443378441 54.89751030655924 0.0 127.60779557708261 11.426288849102093
119.30480803830149 58.090935464539314 169.30616874713954 30.700193629354665 176.41357749248687 65.10356989887322 165.3803500701593 92.63447691199113 168.64662736937152 123.59554154581699 150.18318636577723 150.0754473614227 120.06629744440184 156.1924549751548 93.66648588088314 146.1501122506605 42.93383386501142 172.5453979380607 55.16120673507834 115.99548480264292 47.6909864660139 92.15542983626598 0.0 50.84370394912486 46.461152415129504 33.53957935472252 72.9727499000704 13.737253389899266 106.60316526772306 0.0 119.30480803830149 58.090935464539314
237.42292032307142 162.7027267225442 290.46596984573785 262.01280933911306 230.2978749606111 319.29881837356174 146.4098223997783 223.95747697024083 49.34607093886609 321.67681962481697 6.39644794545427 240.27973302465725 15.040598145780251 160.4525098221512 46.349284383495046 107.13254962732975 0.0 0.0 133.88829947515853 100.07905058669371 155.1865343914991 8.185837115659155 178.85225159133358 83.93438542157043 281.66226587235315 44.4369972772661 335.7904461706429 102.6218004683677 237.42292032307142 162.7027267225442
0.0 28.854877443633548 67.8074655990282 29.667044547714106 122.88968534785622 0.0 104.26144678655945 60.04042824373837 142.39690259389184 134.07328027293906 65.85440042685417 139.5691826862429 32.571681479079274 86.89945971742645 0.0 28.854877443633548
6.023605257788944 49.59453811894245 0.0 0.0 40.938771252457215 16.626016225643397 62.382586637909526 30.078451871275817 38.30754001605624 38.56629349392249 6.023605257788944 49.59453811894245
15.195001587177629 21.108010964385528 17.817570965806283 14.74229211759635 22.64201146773391 0.0 32.90730655243928 5.755497049641093 41.33689788262208 9.845719109821829 47.60479695967402 17.317771306899402 63.40833699154 23.64235414600462 57.37339390357529 36.61960080278503 55.617842359721564 49.98642695208703 35.98369255617408 43.53013041214322 29.823557057793323 45.50381930478167 23.610794423833767 46.15732513349637 12.187898410397821 50.66336229873178 0.0 47.04972786876661 8.92376630271636 33.25905032621223 7.717794897694958 25.454784541582598 15.195001587177629 21.108010964385528
41.77262873943904 100.79430857138499 60.61084702139077 66.39628285775152 20.65198714450554 59.56979984279952 0.0 22.56202144299155 52.43163503528571 29.6760417849735 63.31564395359699 5.4003034427945735 83.84360777552584 21.974028136290585 123.51984723119436 0.0 161.38047588461956 17.295425147917157 121.32076074029344 59.791493053117215 117.62547354729598 80.21504080117944 111.5063784645841 108.17046940375965 81.28501115224137 90.11571563990037 64.24798255040622 105.2972998324305 41.77262873943904 100.79430857138499
105.3225871829508 15.703542546280573 129.615585906798 29.531975515441914 128.24949396818843 56.909462377747374 106.6210055424718 73.35332488700995 85.53486376989031 76.62972086277848 68.05337650793071 84.10252498680056 48.19457281037988 79.77271949118322 37.59068378678481 60.451147695183934 0.0 42.83952339296778 35.527494650394885 22.665445337846748 43.133690764351456 0.0 68.43726283267966 6.570171842609312 88.82396854731898 2.4206013341904153 105.3225871829508 15.703542546280573
109.98417163159701 282.3927485006686 0.0 268.27092319185715 49.82083928234178 159.90517615563954 148.44430943692842 159.93388391380745 101.22285055315137 0.0 184.28847925306786 57.018747191994535 241.75004103990193 96.74936747961704 314.36477984336466 161.1014330298629 218.1467982354644 212.72292198104623 173.73345635618816 235.80782784616935 109.98417163159701 282.3927485006686
91.9149952181574 134.15278528680517 0.0 112.35259427671811 79.01378311062206 76.80625441773702 103.65594562987971 59.15913707314201 116.77888812783263 0.0 162.98641638892815 21.270022473205756 209.72740446181717 19.852827691013772 217.44380569417902 68.05787249884727 191.4756579899863 103.3803793211721 187.04125029019335 124.00190299617964 161.07558812450958 124.8170717846525 148.1483453182924 117.63317883917016 132.54025688357035 173.67027907690834 117.51448678074959 142.10438516740754 91.9149952181574 134.15278528680517
0.0 55.70085682721028 58.637425211078536 0.0 142.20854613997813 64.8265179876177 51.38223086762301 99.36843209092169 0.0 55.70085682721028
64.08914912883284 52.82233851763934 52.63103054693383 56.45130490551118 32.9965110130525 77.52495706601522 19.356728405975133 58.85619590346187 25.91537663602702 37.046915991872424 0.0 21.962118525339747 15.486362785289558 6.690060702386404 37.551165796259184 8.516060879968151 48.51126202953999 17.02133229341078 60.577741388612296 0.0 68.91095195626569 10.181405285136861 90.7269341390046 15.829518132769664 96.2967713775579 34.96315288956055 75.6262919688378 45.57123498643284 64.08914912883284 52.82233851763934
134.26795010408105 55.76451475956682 223.42625511015672 38.29528855629489 199.6205371168887 88.08415416018728 172.7044154711499 118.69821249437497 151.79580730661615 146.18833047069853 121.45255146171293 162.57048077658004 87.85287252109582 152.08999907980973 47.55004439147739 147.9424929083952 19.335509441608693 116.03723386086212 50.30214752421374 77.01615301150808 0.0 16.41970426313935 55.16107634706588 3.1281613187756534 95.9471842432258 0.0 125.41558630292559 31.086651567388095 134.26795010408105 55.76451475956682
75.94776431047586 14.302515716934074 101.43594883927645 6.614154807420803 111.7642715136081 30.87497379194005 127.95372605976439 44.6023259052313 113.13851174971327 66.36542551295572 182.2382518235607 111.02016180177566 144.15428037826683 136.8732834284999 102.28176239733509 135.57129616594656 74.06379917724003 129.82256534718672 38.76530492177167 149.04677804821512 67.764026953702 72.94746634833494 45.870818556772235 76.78461822544122 0.0 62.519992639592175 16.185860446859266 39.045777320274325 12.449364137277684 0.0 62.84809762817224 34.32657802639781 75.94776431047586 14.302515716934074
3.4450700714496207 227.15889670729433 61.30893949690226 154.49783434718452 0.0 0.0 130.42895690591422 45.87414818524587 200.8352974125006 83.64438680417116 306.2086319684982 145.50472027713482 164.56365545271547 194.95730445291323 141.5422240977714 237.37680775668005 65.75323568894302 299.4924194382226 3.4450700714496207 227.15889670729433
0.0 98.30558082517267 21.034126420823426 68.77055301520231 5.191529112233418 48.025891530462076 14.443971065608352 24.306441266291465 42.41742902272273 31.819301256935518 60.81489634436696 18.601727268655786 97.09629415189026 0.0 89.93793674342841 43.78763826390954 77.32339401169729 63.829766888426064 107.7486836125134 87.07579461351482 68.23429308691158 81.38134768612963 66.81334627912241 106.19137173662538 49.42339900147314 102.49230055348572 32.05167538733966 98.69127795520059 0.0 98.30558082517267
0.0 148.00551576776317 42.388060903029654 81.78223549046857 46.56340758330441 1.212004687311392 138.55293846075145 40.315092025744576 181.33899608906017 0.0 218.47369584651204 37.95770353997081 189.2454999539882 102.19245654185396 178.7415684079827 116.06410141280188 245.61528165911363 166.2000563237514 221.5261858873239 215.09763128562875 164.8350925862814 155.2991974820131 127.81974092621684 197.1797506427723 97.88433777528546 168.7674410919633 0.0 148.00551576776317
20.727823312332887 48.34244235812828 13.733187065033391 39.20389291904978 6.295190332970321 32.27309453548477 0.0 21.987535924905885 13.242070835268848 15.89564278809732 18.054592332475124 10.832847475000406 23.002932587097774 0.0 31.5023733407358 9.078783884127432 36.24132730214673 13.473816394623682 57.98998650709726 9.89736092173996 29.966975001902924 23.768936510146816 61.084265979702366 41.77542617574399 33.73658477132987 32.36429827256595 31.66301059366826 48.70047240839469 20.727823312332887 48.34244235812828
22.572451382442296 105.0264177865166 0.0 72.71469464930915 20.629406639238766 42.58803243938348 43.80788956392607 35.640547910431295 66.67957441867404 10.318552944190365 131.6274817241021 0.0 120.74628732767592 63.10185477955942 109.89420246710819 113.30765032960299 60.182564671829596 122.08337911047452 22.572451382442296 105.0264177865166
0.0 70.76358524902166 33.764770732898654 45.22100646637263 50.77434316179742 21.71469732295008 86.33560238219323 0.0 93.76595319962323 45.931521662266036 142.4189976767671 61.804784577865945 79.54933510632924 73.8103866693018 89.79883456195269 120.73088805772018 53.912179964973234 123.98581860883546 25.200132575744284 103.58744769814312 0.0 70.76358524902166
148.9045101509946 63.262047773243545 205.52896819976922 0.0 293.6964818037428 30.89958647169668 297.29358165075826 118.52506212801629 374.8799012601321 285.8052360835731 211.86491228593925 217.6588725755874 158.49212541637195 174.5362687403051 0.0 123.99035288875702 148.9045101509946 63.262047773243545
37.96207898419766 158.85791151764792 52.455093753639275 109.94180941504999 58.169021558516434 81.12613045172269 0.0 23.632798334955886 48.73023445865 0.0 101.63565486681013 14.39779494263685 126.04095232993348 84.11266678169054 149.55668460207625 40.90770767212797 195.36881161741394 26.996088084042157 248.13542654809493 45.1217564393856 218.94944442402442 92.34551567158388 241.14900957324983 144.34623000155844 181.55756958647316 150.54614640216485 165.50737013440903 201.44320285032788 114.8334484482922 225.45780392531918 90.35321930015506 156.39248768105966 37.96207898419766 158.85791151764792
231.28164810740702 67.32167838633546 352.39760800411943 188.95739879614248 183.60083933133336 237.7545742751217 110.60872433988663 209.13019665872912 0.0 183.3345324825064 72.2304089487837 103.1822467220922 135.58922953487337 0.0 231.28164810740702 67.32167838633546
93.50920563729498 210.53468410663686 27.58286333035248 214.32930640303758 10.67374622428315 151.27396923444013 0.0 80.13732403757254 42.88552948819972 18.13504714115382 119.14373032125796 18.4596480986597 204.78859591266996 0.0 169.87329195733884 110.99320191309944 267.4092449861808 159.23593953009112 202.2512294644552 211.18250171385623 130.18439599848972 184.19546323556838 93.50920563729498 210.53468410663686
215.8426018179536 153.62325085006 152.68281685545455 150.1853683682396 122.14798858132903 94.25069759360576 70.97482533951049 129.33597880487665 91.58544694884009 81.07757579359888 0.0 37.16828905755702 78.61373284900517 20.45471952547514 125.04306775065095 61.744975496698885 145.8363890794712 0.0 194.21090895419138 1.6780123520428845 150.74431691391158 64.6173652134438 246.78048436443981 102.05339397552547 215.8426018179536 153.62325085006
55.88507679845131 76.32320070263856 31.74000061323042 73.35273432746189 3.725733933581722 73.03842444513184 0.0 47.19961903899038 9.633018112424281 27.56748734921345 27.572131036578142 18.648450289352667 55.09112345313423 0.0 76.69207659933559 25.85030534305261 66.24176454497305 53.976612197534166 55.88507679845131 76.32320070263856
84.43439455953481 41.87156048011728 85.4412943244112 51.247650672519484 125.98063430512147 64.70692015454829 81.97306137462279 62.39425508434465 85.00895916022013 100.16261779751838 65.81659407308963 80.70713922441999 31.2861790003455 90.36443330865029 42.705154617559685 58.17030932845343 0.0 18.58123337999873 55.77096339657538 21.859168901557155 76.70394992144396 0.0 84.43439455953481 41.87156048011728
138.5666548975446 154.6398977935607 0.0 99.02392201282437 119.61513466899345 0.0 218.67136688860586 49.08166789766361 277.82322845118193 176.11636101422502 138.5666548975446 154.6398977935607
181.88390207062972 132.82406136757345 130.71326176061135 98.75997984646949 112.43335832585362 154.64342087991133 89.79210879150898 123.93910853181123 37.36260004571133 124.76349045963383 61.11648059189599 77.72742921054163 0.0 29.598424094099826 88.48214476521397 39.7722484937142 101.3969913537358 20.012769056420815 126.00179514660135 0.0 159.76441647208645 6.097317941885848 173.23010505479562 37.887350342531306 146.88387332952382 68.85246845837845 174.7608652104451 90.03601531602366 181.88390207062972 132.82406136757345
0.0 221.85810638244303 47.26272840979996 129.94251948795028 114.20336807768321 84.02729386114555 116.5351148487433 1.2477014231667454 195.65593834921918 46.68243666465145 250.52322524828148 0.0 322.56699394322953 14.755324224141035 401.8518220371241 67.70778921475227 257.8775185090051 142.33796920793168 358.501576802553 225.07362100589788 305.99204962983754 277.0337470465562 238.25923298612804 320.8706185552991 180.440439824905 233.74054205030896 141.69926418876665 209.51389203524806 0.0 221.85810638244303
0.0 81.29369504831058 35.31333003676275 45.59425032814093 60.26145803915429 0.0 119.13485155152672 32.04013357882418 83.88865564907141 81.89251064477445 47.3204666871806 96.46298836541827 0.0 81.29369504831058
74.86887542928551 37.66511698503178 95.98639336162644 21.09482244319223 128.31729858065836 23.951451695350926 218.26935102433242 40.207550861188615 146.78536495417956 85.27728473533972 137.09869505171739 124.75567657025044 101.90865018265103 138.31983376535825 65.59018171197481 166.99601739867757 40.34643098872178 119.16629735718084 0.0 110.00393071985928 51.16395281901494 64.27715528346926 13.827274414517461 44.36798272957392 4.071323726158653 0.0 48.8896187561586 0.8526697411981345 74.86887542928551 37.66511698503178
103.64920987164476 61.17729391619328 165.5933929730602 0.0 239.27999957845947 43.13410360140324 316.1374515149895 96.7239370346816 255.24422789200497 180.2242109010624 264.041110661992 271.88630905382524 158.56340166805714 193.92951650803508 86.54050096080564 300.5082227950601 142.40721362635614 158.44570406904785 0.0 157.05749647076752 37.60687340796005 83.54948344227834 103.64920987164476 61.17729391619328
50.6009022719782 47.43811229157134 0.0 96.70549275858153 4.744243067763762 49.07070155029149 29.668821095726116 27.36453042650946 38.545366453377284 19.073263973769542 41.65311056031004 0.0 58.552067636343565 1.430618326559241 74.3572228951544 7.2200696970569 68.0728430193954 26.319355614996397 123.86464085352124 46.08183525409683 92.97554609189837 65.3377370601477 65.81401314896507 64.15209177205239 50.6009022719782 47.43811229157134
107.6014412953311 89.18972668372393 102.1888564972514 110.67596376277442 83.09952120227231 102.24162140031768 72.50171438411697 90.24641824264783 53.26268172013249 92.53740504541598 19.30451010134078 86.06797487410216 0.0 55.660564406748236 36.13538120076882 36.98479121425801 39.999476443394514 0.4036639975483922 74.79090519454667 15.024091165700874 100.82788054515865 0.0 87.85435574925235 60.521658237349 140.41739731557968 36.34879820880366 164.4528879349293 61.74101278812864 152.35454064594245 91.06542886578322 107.6014412953311 89.18972668372393
77.27928901483088 144.50297954258122 35.487310131512686 130.22946095049673 56.08889633133629 82.10186340349593 0.0 23.45297053271235 58.69710008761402 0.0 103.8715638577957 30.374189341677997 155.46737886134792 2.9462763009861845 177.1034870896323 48.81287501260449 111.51459869665676 80.9378291007394 162.55162931476238 138.08061264625718 113.8857433574456 132.39587580642763 77.27928901483088 144.50297954258122
46.49897831593113 91.57401345517175 40.12955554046865 55.3636705866662 0.0 31.808431623217828 30.419369862316906 0.0 73.88548575134485 9.743705622879126 105.3540345790079 41.493339472133826 57.81410610388837 56.5748188501494 46.49897831593113 91.57401345517175
0.0 98.54151688972473 23.703997628090853 60.77959137625132 29.622605481635453 39.74199034889786 50.973954515950105 38.6201978744343 137.68139172443236 0.0 119.07278016842562 78.66533650227997 79.40822446897803 111.64706286422086 39.305383362252876 106.49195382836999 0.0 98.54151688972473
229.92936921254133 0.0 157.37433739820938 162.07783090814166 84.67708639013911 163.54902705756587 0.0 135.3758398147623 51.70857122490804 33.19389377606629 229.92936921254133 0.0
0.0 66.07904991398416 40.76004569429286 33.00135353762027 84.1256181372755 43.052625292587976 104.30451418881272 9.22620563022052 152.05159248823435 0.0 204.5078539559317 28.999484957235516 195.72769382961206 84.38976726121243 158.53467720761108 116.62589237629163 141.51149903544547 163.4107111532987 95.30964957680892 142.24601291921994 64.38985613821801 126.42773259287011 53.348313877336004 96.08581290781906 0.0 66.07904991398416
103.75327866519457 0.0 147.17296573596226 2.05067245812063 196.07009738926416 31.133456932058365 173.42427576008174 84.00729397495913 141.0998010403908 111.66891659863718 115.52308622716633 139.00153398517375 75.90183800587175 150.76447452089855 25.157289711119063 146.01448350310858 42.252476169838985 87.24204648671702 0.0 52.49149213111447 48.269661462708086 34.15490850478717 67.71517752226949 4.719380996187468 103.75327866519457 0.0
62.11371207097629 60.928860963585535 39.491321477564085 39.681826767378936 0.0 39.597722909180646 14.526888679276766 0.0 52.13067812677771 7.535815608608047 77.03942825759609 28.956294090195243 62.11371207097629 60.928860963585535
164.76209784725592 0.0 194.2549425937487 33.409877809534244 241.44281233408702 72.72512000185667 203.38134934018223 122.91728340792004 120.72185153923324 114.36651391990802 132.75903414565028 162.55652008189145 102.79953071608253 165.4424049792682 71.6302626003067 172.23389519886973 61.202893846974035 131.40145712467512 29.806025380233137 125.9185239764263 0.09289305680343318 100.20989100223898 28.369728393819003 73.23041560619218 0.0 16.26445377634451 76.19315459797953 62.33583282333841 83.88636012831074 17.759200525044164 107.51967596943719 35.2475128978059 164.76209784725592 0.0
2.046590772364752 35.922864987446665 0.0 0.11644120385233236 38.369576169840045 0.0 57.31114142266219 14.683250609075039 75.97615929482417 18.50299399616288 95.19653370912376 37.524677994944675 77.92684603374632 58.13483246977902 61.57189034649274 77.98881417211578 35.17023058197495 74.83098448489142 13.05961961477631 60.79135667471946 2.046590772364752 35.922864987446665
75.4145083400381 71.67534248129262 50.881860596910045 65.96292829945365 20.663601101404865 87.12947676803448 1.0214152696521381 58.89902028877036 0.0 26.46077313693995 15.896316351810142 0.0 46.516339886137686 5.674060540023746 71.20052373336107 2.0512393320055864 90.84133410727019 22.256259930561455 103.83305394592615 54.57329207642404 75.4145083400381 71.67534248129262
44.039919628193246 100.89754803506415 0.0 98.25637474523987 53.511310392668676 47.21025973680228 4.989309657837282 24.605604546099634 40.46967511409281 18.626661494169944 56.153273107770076 0.0 75.16928070434584 13.609298592249921 105.70263233593153 12.144189699675458 123.62646241963674 37.50329392750262 92.331121505275 57.31024935235144 105.82459879585905 98.63302994279562 76.20866886442899 122.55310459308936 44.039919628193246 100.89754803506415
0.0 42.36435058566758 18.96944893561343 3.523180018658195 47.38838961542464 6.408541123671114 70.53432547226623 0.0 100.48535528205664 26.05884399753019 83.43341644779544 68.44563637794951 40.03069216648515 58.86759078127963 0.0 42.36435058566758
180.68108094641647 168.9453984446551 141.94838668156157 190.53575913997298 103.98012136800264 201.15113868510417 70.43986902924254 171.23786522468743 34.838360777475735 167.79186195492747 29.895554651971757 132.15619443775793 0.0 107.0784774460066 7.213441712073774 69.37247206300329 14.02667539915386 22.222069996702828 58.50591883276263 14.98394054900669 98.67896168398194 0.0 124.87025534788805 38.63935733399775 187.3225713907162 27.36974166061144 180.79317497340784 80.98850490427095 204.28210156940625 125.75727875144351 180.68108094641647 168.9453984446551
49.389445293323234 120.66467076482942 0.0 36.16152817292066 61.78589083201801 0.0 153.88289342386324 47.25326765665074 49.389445293323234 120.66467076482942
257.60378109512436 12.745568458157443 172.38797566018633 102.68175145815643 73.90797065016824 140.7750166072821 0.0 14.1408001379287 134.33979208395579 0.0 257.60378109512436 12.745568458157443
80.56511834840906 150.2132043817462 24.851220417138286 135.75007585645847 0.0 75.79266601368872 31.25769180587959 0.0 99.86027431445291 35.927093253024935 131.61906657182044 72.41417739455873 159.25071052989588 148.76293990633522 80.56511834840906 150.2132043817462
75.43082459860673 110.21480792300554 33.162823955371074 109.57062436839874 41.38283843302274 62.59452333955692 0.0 30.977960199078048 57.724225177646744 22.053532235371854 75.77501985466901 18.94452454915234 92.2519026111324 0.0 118.83713722663644 4.450991766399014 163.29510654462575 15.589423597176442 189.446415683125 61.67047958039566 123.6887629004682 75.66050824071795 94.31581504486006 68.39232757018718 75.43082459860673 110.21480792300554
295.97068429074756 0.0 301.1380138828006 161.1634561822074 101.34322622288019 203.51918532193824 0.0 3.1944358648798215 183.94579214182605 4.367298566029298 295.97068429074756 0.0
0.0 82.96880019307233 170.33904700574593 69.56670818671088 198.4287908987435 0.0 269.75420027730456 20.17310508719646 334.6685870697679 72.15752058960862 289.9369501418441 141.93092720809477 239.0314207097819 167.56838014465654 183.86428765162364 210.71324990399881 11.199064444032217 245.17498589087916 0.0 82.96880019307233
133.2259984845811 106.85465480968645 51.33400346321989 95.18401129853973 1.465712955404726 70.03086480983802 0.0 0.0 62.19545172372371 15.489054432829299 138.2505484393988 18.616614787865764 133.2259984845811 106.85465480968645
164.35793986215634 68.33350346695325 218.94468322873925 63.32487341079114 239.0703794458989 96.1303081784757 222.6838459595822 132.98720357236064 208.09482645648208 179.81568127749975 161.61013961862582 193.79243546426895 113.25144681683491 215.03812204701117 104.995474089559 137.90705722868503 64.23660218999157 132.32838984590398 131.3639646340108 88.02900662183873 0.0 40.38559584643198 52.673207848554625 5.385938764502384 118.69802907931529 32.323268172683264 141.97218279038856 0.0 168.5956696439706 29.61782956328075 164.35793986215634 68.33350346695325
60.17270861509801 2.132957510652176 79.98641842797315 5.523254945895005 63.64696586208711 28.1590737123213 88.6211275712269 44.31002154953052 63.96743676577618 49.989128895785655 54.472727991680266 58.16346318882688 41.344092627781556 80.37654557822077 36.434790245553664 45.64752973061442 19.43886348985351 49.88960649972641 1.3744791891638926 39.81310625723654 0.0 20.655426952577884 18.95416503275319 10.68853505478593 30.117370885072766 0.0 45.75669101061016 2.8503696635129643 60.17270861509801 2.132957510652176
27.908668276311886 0.8437975830418907 56.054017211004094 5.337961970584196 75.50689462762784 0.9720241384152359 98.12752342568669 0.0 121.04979750236794 9.93025307405447 138.8825809423463 31.806023550596876 126.20747769511108 57.61286408975292 122.42912420897639 79.6311386438986 90.39153499682202 75.59019546279933 84.66682766611348 100.06796228279305 67.05629878472166 78.3747697616955 61.342965787606516 66.60579346793455 34.916102433319764 79.5046525455858 59.774976102931944 53.78847345510336 0.0 43.30333964258102 7.491805903744364 17.113164589757815 27.908668276311886 0.8437975830418907
66.29422018509794 2.187762862035086 135.54844192611282 0.0 111.41899369277249 68.32159465224566 65.98614238550593 83.5868583480865 46.9965374167679 70.26646080942753 41.6574605219682 91.02599658731424 0.45594501325163606 109.58594677915785 31.027795278296658 71.61856327376776 0.0 40.773229347103936 28.812610617177434 24.541572881885934 66.29422018509794 2.187762862035086
186.7331413386051 33.24652024536495 268.86983208157994 44.864602540671974 226.58663320461528 112.83610710808796 187.0618308182577 142.53160115663144 157.15671961356674 152.82882371200014 135.82021873334952 207.10564600268805 99.52654432913185 170.96939914584982 118.18232775870244 115.73575487315534 98.4821683504798 113.33154395530639 0.0 67.88327819601898 18.004700170414452 0.0 124.20917983751688 95.18097652374327 147.3497863028541 6.301382602570115 186.7331413386051 33.24652024536495
0.0 126.87301302917231 13.912761683692366 31.36148387594789 88.34461970686773 0.0 128.6116126602741 67.08415098970934 240.46669060790407 45.69801288849317 214.83956107626705 138.07411676518214 145.0287654659969 165.24299939527376 72.95662173912831 186.9953296446979 0.0 126.87301302917231
102.67532046249704 17.1360020593213 88.97322728798548 39.70875812708226 67.10798078323144 49.367210519641105 65.36780140309232 73.377639657385 44.2816412842359 60.92573820483537 40.473759551980834 29.97388951726205 20.21322448441971 52.95206556694771 13.520376230304933 41.96404138731074 0.0 29.78470274662105 14.413216982972884 17.874834315534002 14.010792027758228 0.0 31.402313194557507 1.7395649859902846 40.473759551980834 29.97388951726205 56.439989115579735 2.758105876375083 57.69224150077801 17.407145292052576 102.67532046249704 17.1360020593213
192.29465224162414 75.20849704681007 59.53865621994605 101.54580790530702 0.0 27.180701387080738 82.92610651934721 0.0 192.29465224162414 75.20849704681007
55.57787515014864 66.86476068618519 0.0 61.951789652821944 26.60812165306237 14.193288577378269 60.180061408888506 0.0 102.42332833290216 0.6969497825522808 95.8515969363747 42.27606713772107 85.95295435011147 71.11021556939504 55.57787515014864 66.86476068618519
139.4386556178571 0.0 170.8730325716587 49.2908820045965 206.46634272570262 60.85107484490703 247.9079374255483 88.53245810657262 291.39682428359686 140.2407908173948 207.4310545551617 164.23601722968954 187.84846010955124 192.59946882318752 172.81348179182078 253.91504553892008 118.8474346476842 260.20441922068784 87.99964538693982 209.60784368383753 44.447360216259526 201.8288390612796 45.05579931980053 155.81251465774528 35.94367799480891 118.67805965040151 0.0 61.81131389051228 50.61199416867284 36.55524613019705 105.79310656462343 51.68770393409878 139.4386556178571 0.0
0.0 59.980383523251625 30.705137202364156 6.616671635790674 73.40003659847758 0.0 93.17449837908441 25.36527273512987 137.25931652161842 26.46316075867079 124.83979518078513 64.08134751675496 92.38437302093894 72.33689880898984 52.07577748588116 93.2795901954195 0.0 59.980383523251625
24.940021089424974 37.63724020506745 20.982336140001813 0.0 56.25014585907667 5.798693774638089 76.64501230632798 15.38881059985001 100.1915653889914 12.490883325745664 118.01677901242248 30.765049664428368 144.06321431788353 58.9319384590469 146.8954691734162 100.91565108283484 89.65004007037273 85.392314565335 71.3007772813182 83.66952780544057 43.360899401174905 110.27246730655463 0.0 105.80676593977921 30.84994604146643 58.55299824597429 24.940021089424974 37.63724020506745
0.0 211.10565291432235 50.87814063767064 0.0 244.17656375869444 48.65132155627174 178.84020497122341 205.83382373925187 0.0 211.10565291432235
96.4983178119758 60.513538104502416 124.40745174396145 123.59661371043111 76.98518198631275 102.10070074574188 60.692954515233694 77.78577889997787 0.0 53.437272725298726 47.49110551420759 21.070821449104898 79.42648115212779 0.0 120.84157471676835 1.775693984452218 153.7370994873033 34.0259650959662 96.4983178119758 60.513538104502416
187.42641876367412 165.450725599991 91.40119374456673 156.105742778326 31.124393168599312 155.93295122260326 0.0 97.89933635302773 43.487551513749054 56.047881604218404 72.76970881854774 0.0 120.58203066456284 35.499526250660296 126.2676941162631 80.14009796909569 187.42641876367412 165.450725599991
142.48750325672103 43.420441884106616 197.5177280856634 98.44880276285957 127.51694314227153 118.70161895315482 86.80842813131207 114.81487467698267 42.604852401095926 102.64246319625309 0.0 59.31740907477893 64.93690631164543 34.08141616746655 85.95697843534063 3.667602020571678 130.54847686040836 0.0 142.48750325672103 43.420441884106616
0.0 36.18814995987151 13.79241880491503 4.549904670603965 40.97200299789182 0.0 63.050886934775505 28.407482658152034 33.93753656965596 48.24256997378866 0.0 36.18814995987151
96.47879615046335 97.36418815483324 0.0 18.467237349242055 105.5672701559536 14.727852386140128 155.81356255688635 0.0 211.9186376195741 13.285937887403122 240.6368326858436 67.3210920457887 182.12599870798263 101.04271898825753 194.6517225568097 173.08228145788325 136.81027414960124 187.86328872687486 89.02067776171651 153.85643994376147 96.47879615046335 97.36418815483324
229.18333860451537 136.81052871513475 188.62863097325467 175.6956837266502 135.21331625422152 200.98537819121754 72.27555407057129 183.81638154110476 0.0 148.9975157628176 50.059568591782394 73.10479074547298 46.41393195337511 0.0 131.43645001286808 52.529694554797146 148.27092971161233 67.80707380129063 215.72476337006609 28.259960949042167 265.6279044428687 77.81103975407929 229.18333860451537 136.81052871513475
101.98147677271419 101.0628593433428 103.96096909932436 9.79569774431566 172.3568379189408 0.0 206.19636280793196 64.65324462415384 256.357535837569 118.88406245782554 185.95875891887738 160.36155014209942 130.7613049112047 143.70980961128356 109.7180031415588 209.75855686042468 82.16556609057872 164.89209156008067 74.20662867202185 135.11183838472297 0.0 91.00426528361032 101.98147677271419 101.0628593433428
327.8573673235069 139.88137433553726 275.7649489801797 207.85000615825413 206.5079863617868 282.04815805223484 187.61265990807772 163.25705941609473 0.0 145.51001879083003 100.69745382215527 42.340718573811685 205.01371417172965 0.0 274.4853645321777 72.57186903045633 327.8573673235069 139.88137433553726
6.134824696725829 216.9796491407755 32.92837321766438 123.36958501430122 0.0 81.19297303560309 16.87304762611908 3.6566141747911445 99.11929543664974 0.0 132.97519842601952 66.51526275068574 226.35319731276581 116.81060035859745 163.96804341249987 192.2246781189948 90.22439441595668 224.13057205870268 6.134824696725829 216.9796491407755
0.0 85.53655069462889 31.990548829222035 50.13863852978498 66.2089358641955 44.35212587334882 34.04596162756724 12.746330116137479 60.30722545435776 19.422485132327743 69.81505436669161 0.0 81.46290910775573 22.741324718091413 104.3177566391588 11.338827718970727 102.56068900877433 32.91194121813145 110.12817232672897 44.62560806665227 122.79948868177894 63.455691695276734 111.00292855304653 78.44526316547453 88.28029797150326 73.77928587675473 78.25599275746828 88.21574830350471 57.682802573181704 101.09735048006112 47.26827646252811 79.73590895815161 0.0 85.53655069462889
118.91530190190235 208.7222270469647 65.65776727252319 228.15513906680678 48.631127374189305 184.86234598629036 0.0 143.9483685511641 43.49921589196521 101.03291339431618 61.23021116517191 57.995695407719666 101.24231099301488 29.896528544694434 151.60379136574923 0.0 170.09983370200248 90.28257914553598 231.88163890738278 76.23743883001728 266.90548346022734 116.97935411324991 238.87930782694826 163.79431152096183 233.04782243380905 210.3991327342293 178.9412418413441 208.48941670221672 150.6580812418605 255.0949913329597 118.91530190190235 208.7222270469647
131.3532747403729 17.299903979969642 125.6246452440705 120.00479013277092 305.3644233533828 32.50364008971064 257.89001568599224 128.34503970455748 177.95056436301806 152.91682622082956 189.61295326075356 247.6834295333003 123.31285563457294 148.38425551958053 82.7319388904503 184.87447601984465 14.371476135688965 173.18852479844267 0.0 112.44166570858934 33.86357714653411 59.03289863225383 65.40599122076424 0.0 131.3532747403729 17.299903979969642
1.7523726924161451 41.0787840035146 53.53415619772302 14.066260269611135 98.62274304172487 0.0 135.9296197799626 44.784367739133806 198.58714163746316 20.08935141344179 261.7737120927579 52.549944458761125 216.2909158247915 116.68694931548697 212.78712793182746 163.64951430611004 165.51012103316748 179.56851467117235 126.1448097318047 166.2021155764977 103.83907436175375 148.1611394418547 84.0058584058588 142.72795703791573 45.340417028351354 135.04763442032086 0.0 99.33809529258956 1.7523726924161451 41.0787840035146
8.13659028478348 97.31007421410473 0.0 68.61188031763302 9.219781743357025 42.03152539252738 42.985261049764254 39.85886626154578 54.74570628849319 42.22205568629469 59.55982583256601 16.679026919824487 83.25372307683628 0.0 91.81482418024052 27.069689500639548 112.8335210848847 40.332014683971586 112.56056029218195 65.2179693528725 97.09147512546002 81.20137085445188 83.16929281105794 98.37149841888854 61.190380167362186 76.81256862816383 44.486229701197495 87.74461861342863 8.13659028478348 97.31007421410473
251.358124942565 185.56687941906137 131.03618723489308 164.90411332567083 0.0 137.3078040750899 86.95547398442909 0.0 179.8625275005774 80.33616879765736 251.358124942565 185.56687941906137
34.29915087322425 42.30295818661577 9.058727064264943 53.70821213401388 0.0 39.31160374607411 20.618965418874296 27.384047616632543 25.85670920733702 20.880365392717735 24.4365397995889 2.6110783355729694 37.45294496912271 0.0 47.6034727532158 10.873002326917387 50.837682633203315 21.12012648679945 78.90727592118301 15.829396517793143 62.82364592995273 32.05977086239329 62.53348395803246 41.76322790918405 57.71638650274173 51.716740458195545 52.62348801968821 71.28590668247901 37.24058319621447 59.356975721051825 34.29915087322425 42.30295818661577
126.35305741232574 32.567672980604605 159.61020615506055 62.00397623693661 149.57126653198623 106.66637055110425 112.11205207565753 123.95271719966286 81.47258270316104 103.83272350641333 36.60292033318689 129.03241532846027 0.0 94.95935894870004 54.03770369506432 64.20342858171796 64.25327165672464 43.819289094643636 94.08146445474439 0.0 126.35305741232574 32.567672980604605
44.130755503291084 27.77819199467001 40.88841408791012 18.30013427751493 42.2905193386389 5.252996646191477 56.171924530765864 19.876180669647567 66.01389867586208 0.0 72.86076933717636 12.113520145618807 75.9997163383214 21.024585552510544 89.92194255882012 27.776466945624932 86.93631248796615 39.94097931423201 77.38295478125093 47.17732818703527 69.4884676606374 53.32004348028282 59.770009624543206 54.45257326569234 45.699670121844235 69.01636992377611 30.759095290845337 64.79312065955172 34.893527254904114 43.900456740479555 0.0 37.42314740004876 44.130755503291084 27.77819199467001
8.813404147818517 46.68061304258039 23.718998779474646 37.413677785425435 35.31507302395232 31.920510384672554 45.70434713918257 0.0 69.22048798468501 6.612993331200165 87.55334510691148 20.97018811691558 68.31244762676758 49.03428429920896 99.62317209816916 65.29224541345143 77.83938558316117 77.1193330329056 61.97939088621308 83.22243170220062 47.81837585260719 80.1791817013208 33.00843542320612 85.55428576022754 27.791226590267613 70.31918448469457 0.0 65.54935984512457 8.813404147818517 46.68061304258039
190.17533099666562 281.58939568072486 0.0 206.2711198654432 107.97401881690055 0.0 294.7094676336494 115.74496401667187 190.17533099666562 281.58939568072486
205.12589881172704 51.625560678033764 109.92276824393768 108.40303009318042 187.58292712055746 132.8977625224988 132.45434292698303 131.28394096370556 143.30075475504054 182.33014346349873 110.47410081325418 169.2701292387551 94.65741250878432 144.48892646545966 73.3303258797103 148.90857867761918 21.99313640347603 155.77272226232108 22.513187169106715 117.40808931771272 39.818859566291366 89.26798951321126 0.0 20.036509513439313 76.01839326456067 53.63429971045133 98.3453002457491 36.02369324773538 138.09492051483744 0.0 128.63404406591388 79.94738494181077 205.12589881172704 51.625560678033764
128.56588432666138 63.269168015080794 233.12383039657027 155.8231323946556 99.19567649385839 139.1089536014196 47.41303088350338 171.07918059916983 15.059085541082013 121.48030511183752 0.0 80.78154568471949 32.81948520100913 54.92935417984039 31.965984379720553 0.0 76.11366706226619 17.242500199460082 134.50728872297975 6.97812265695552 128.56588432666138 63.269168015080794
162.52814793761272 64.44976201556486 198.20950849708845 109.6842232879391 166.76297126239774 160.40135420756985 111.88437615601308 173.39879556510743 63.47334584731115 167.93756550406368 33.37891965326938 132.05606331615832 0.0 92.08635715594666 85.92423395197292 82.91933786645882 56.004326316951676 13.89485364756979 97.55784356628604 57.55849701170027 163.08840991850377 0.0 162.52814793761272 64.44976201556486
265.7749603248987 134.00819641613765 297.7483728206824 235.05590760234458 200.1631417287158 209.98477460708307 110.31694805390254 235.71953755598395 0.0 171.7389311865465 118.76118207601945 90.83968882759191 136.7075567078092 0.0 206.18659025902045 81.00450953470677 305.73645626799515 51.48191077066954 265.7749603248987 134.00819641613765
95.5954444504195 0.0 90.1497883787701 85.74648251033724 203.01717842270773 44.51271318448517 226.84008510116985 115.9090533954456 151.93046070778388 151.37243003446903 101.58721093013502 149.54787460296419 52.30786166617452 188.3018580642409 11.245848006424836 143.54980099177612 23.668315910134936 91.46829592500376 0.0 35.222180044869674 66.22461806427708 44.257715644834306 95.5954444504195 0.0
78.1952361025449 125.26510201729312 69.94627441687464 90.16006128352427 0.0 21.951125025636443 95.37571699078386 35.76914889137901 133.03376390739632 0.0 174.88117095119318 27.33736613239892 186.67928851202262 70.76788623079341 179.42734995044887 110.81511520257298 167.52429465491232 168.92910838389412 111.65996083553952 147.58468242629317 78.1952361025449 125.26510201729312
67.5402722615843 27.409566558189837 51.61959923837893 56.872940842658465 0.0 45.273126938336915 36.290093405721315 0.0 67.5402722615843 27.409566558189837
92.65815482438448 35.88422392991649 72.55037748489517 47.56810885372015 66.67104363966249 65.34148512322122 47.38089307840623 68.82864170708206 38.44948524952376 49.18826496682277 18.250369233226962 46.137970189446165 0.0 25.952255205529895 24.11157663639608 12.421416206135973 40.726993553295 10.169196094799304 53.51819806827467 0.0 66.5561126514952 9.658340585484268 77.47706108990226 19.606618804799524 92.65815482438448 35.88422392991649
98.01568790714445 41.92599805604182 131.22796441972866 61.22101598831524 160.53857787676972 53.51108463334988 187.0038490221222 70.49911230254696 226.70483083022498 91.7049486145721 297.81242233597516 139.37979769670528 228.33047902038615 178.4825956124393 131.54628016405442 119.80491938931846 140.2611040299746 167.1514130382995 100.04599826539643 260.5361094071591 97.25264417547561 166.2984419357471 46.490155301435365 166.63716089154482 61.812394591989374 126.89466296544029 1.100605460457416 76.36193374797816 0.0 0.0 98.01568790714445 41.92599805604182
195.26590099149456 294.66139598075574 139.21876236975055 289.53249167113603 88.81866863492726 258.53887670587284 35.78394457651859 220.19211519682761 0.0 151.52283953709468 114.8743840297098 117.23498650229023 124.24939972080432 78.44209676619951 162.74154075735447 73.01057036853724 195.15579586927348 25.05451200960691 256.93483990775024 0.0 248.43580136256816 97.24031738300593 332.56152854595535 93.00948554747431 287.43942647957226 150.96261588787476 272.0813890009025 181.92868887444334 313.17366106549406 269.3095552353956 230.78073431052087 239.83728583831288 195.26590099149456 294.66139598075574
10.362377999714695 34.05494736599229 79.66920736778452 85.64326346396828 107.65129921084619 59.664589682114965 187.9564760397918 0.0 198.48819754239523 73.99177281766131 220.76394111231193 121.3484931493131 152.94286783301962 157.46690743504263 128.8286175202098 169.40336372677712 118.99696733916652 189.6845806722228 97.7813538507499 195.37694152001728 93.70467091173154 140.41457036533944 23.71341134322803 208.5599159586572 60.65956002799243 152.58518986499857 0.0 134.07916502210787 17.600183805148674 99.14143994361508 10.362377999714695 34.05494736599229
