100
72.1747522596725 51.57962719750952 86.92161141000224 64.35012257687612 78.670107713519 77.72175680903078 56.871659439898366 72.93011790115 50.49797861940819 77.4830463971663 41.96864673322315 81.69961745761299 30.850781342525877 81.29016133504712 13.093018682735504 80.67878147823282 17.564831777948143 63.502044311845474 0.0 48.32342583274474 1.9597445532542395 26.94814727612016 28.22353202994219 30.93616748453575 34.22957561892005 0.0 54.42734514335763 12.29698291645439 55.93537587524584 41.891503651736365 80.1224931546343 32.857388952265374 72.1747522596725 51.57962719750952
0.0 32.02026686538255 16.796162091533176 5.793013095686334 38.62038267034596 0.0 63.539872178848114 5.8579683052794 55.18012725928661 30.37077387615561 49.41563074098298 56.41178717862377 29.20287518713579 39.43360501748947 0.0 32.02026686538255
44.176458357415825 35.63666987700208 31.948799909227688 96.2485524690117 1.6452078312833862 49.95741787980363 0.0 2.9903116265651875 42.90085415098807 0.0 98.27843770291011 7.715553637819156 44.176458357415825 35.63666987700208
47.99088720585461 58.29586066643575 42.67258075445924 79.54814006254776 0.0 110.1537332250191 22.36766132505111 55.32428633400702 13.887808900892672 37.213677496112574 27.22922942247819 16.737565510532356 56.44192705346533 0.0 74.72464355395806 27.318566622641804 129.71296373523654 58.60731222572715 47.99088720585461 58.29586066643575
40.77925754885135 41.86262541408888 0.0 42.781708627261224 23.931405177366216 0.0 63.51072340563579 17.40814693056589 40.77925754885135 41.86262541408888
268.40160694672 32.31942542161611 257.9878815215354 97.82451262971851 279.9144720284685 178.12700186357785 189.2091215992598 162.7415461073823 152.67070388832474 141.47743057013076 65.3064346433047 191.06626900690833 77.39233102088971 112.292003871441 0.0 31.146764785559235 98.8072088703012 11.757755895064534 153.8678045156708 0.0 194.13552953275908 33.62824836295204 268.40160694672 32.31942542161611
280.9922777071878 188.0867521514132 177.5520051071079 181.38329132417138 164.16985300523868 233.61664673043023 94.63262989415193 292.44112825861095 101.72945572594179 178.0519112196152 0.0 166.45038791618427 82.54845705055092 118.7299959470589 31.74590468794287 0.0 129.2865721311847 55.80853675877634 177.76653474410847 48.568279942195545 142.48921198638777 142.78953881859834 324.8048812026824 105.80476588233302 280.9922777071878 188.0867521514132
88.53338508904474 109.04441786167044 0.0 77.31826180900018 53.60059837035982 10.908737175181187 106.64684224457989 0.0 157.8839855854656 59.06673506266807 88.53338508904474 109.04441786167044
147.31412924692117 27.226751732448065 193.09195792458982 36.061193675745145 290.4375480892264 0.0 259.0960512715398 94.1975073527643 294.0527359911108 153.38768376372678 225.41490672358546 179.19133437952456 180.70078835721102 169.2528674607692 136.0004276957405 216.27369301457202 0.0 267.27727230144393 88.35253802092865 132.0098320662537 40.32911164242512 75.80071782723252 94.48749904639067 38.1392464725286 147.31412924692117 27.226751732448065
72.96331413361304 12.410155501460068 99.78784457927766 0.0 123.43550680617197 14.954355139379246 145.5187378579735 27.425025810236725 173.56874252037161 41.45700592699441 165.34987464465647 70.67834705185726 226.7764964499879 116.92802965381046 176.76660718194339 139.6940083294565 131.13760600154515 128.65361682227243 110.49956853637403 153.30399343713384 73.53451838498029 164.241569401714 51.44717378837084 136.52935797106858 36.90772354378727 108.68110202760758 38.394695074380266 80.1370047328607 0.0 39.99422685383786 77.09522068483857 50.772987836939976 72.96331413361304 12.410155501460068
282.1017474262053 0.0 206.71774533242015 186.28730924829662 0.0 160.01114774780442 129.8177941833418 57.80653993457213 282.1017474262053 0.0
104.44947767876965 66.91123928377819 61.57553419845661 95.7564550436347 0.0 99.80378514650408 36.8137953940289 51.05918204839415 79.02438686732025 0.0 104.44947767876965 66.91123928377819
152.7843003358924 45.96704477730087 102.91797533144918 102.35839424485845 0.0 96.1417395756071 69.04851937748131 0.0 152.7843003358924 45.96704477730087
95.75817676227648 180.72647692000325 88.65365564512325 76.80996268570871 36.973714769989925 117.11615862804788 0.0 93.70517412805509 51.12362913052962 65.5316202654609 51.23302801606141 38.65104891004397 67.80351259934214 4.396048053481223 106.32152792448211 0.0 108.59190658645083 53.13946582204409 151.0573435259312 51.447947894515664 203.18931581542995 86.98970387639179 185.08074690777767 135.64453270597653 128.7298766820586 144.04462948159753 95.75817676227648 180.72647692000325
80.92332916861176 0.0 196.46561215783157 76.90966549894631 277.927528889937 127.20438887364531 258.1254277605596 224.87483016512647 175.25770401478925 237.88415787344093 113.62221853369982 272.24501014509576 71.3468960216741 216.2981899912566 0.0 113.06608055213773 80.92332916861176 0.0
0.0 29.83950583749217 82.5960895789224 0.0 154.13986399974803 3.8433596750546855 199.0628877912871 80.53621589518531 113.73380133592161 104.44489620121654 12.077156753100326 146.92390454947417 0.0 29.83950583749217
50.53224322339227 63.09308251626878 10.798871592283703 69.63093825265274 0.0 27.742812759875633 23.751067544728755 0.0 53.69684248843164 11.750755558706047 81.06272082177892 37.46895725042178 50.53224322339227 63.09308251626878
79.51904106618969 0.0 133.04619389435697 45.98396728838529 76.9874390488173 87.09344938870076 39.348883119407475 95.93482238655302 0.0 80.84687745589406 21.314479870938783 43.56199103978082 46.83724046167562 52.17551210761171 79.51904106618969 0.0
4.6472138079063825 24.65604456987927 42.18356982063273 14.811847135936475 69.86101918025062 0.0 99.14335340726137 15.847646161486544 110.26763508255777 41.77208652854449 199.8227491049772 50.27160245801761 148.06081131383294 94.94619837021762 140.52222656409052 141.5851594508815 77.52158940223953 88.71885125061395 55.6871371153761 147.1336301048161 14.120244359448414 137.7963192048156 52.63243454439194 77.94012390467796 0.0 62.14476758066883 4.6472138079063825 24.65604456987927
270.69492602237926 133.48916871796052 312.05087773386344 197.6157293739177 164.00234723034887 129.1916843250063 192.1509338529892 204.50355093683828 159.2778077743743 233.3882349449742 153.47001378579242 152.0438187333795 106.82195402484723 180.6627386007669 69.39608488917652 162.54309118654135 0.0 117.34354405851718 107.1025921257694 100.36038610387209 97.72078014619726 52.57155763940055 128.04024469670355 13.940879782093845 164.30456959665116 124.97054209379357 225.65097004254986 0.0 273.7181427156787 33.20610697167908 300.3189578051941 81.79412748246932 270.69492602237926 133.48916871796052
24.111405160208705 54.15739567116749 0.0 45.44586496669602 4.119108003756082 24.48583245569077 17.3683593669615 9.455785680352562 30.84474926553834 0.36899808906758835 47.1286044410748 5.839637051300031 59.871963398459 0.0 68.30185091839117 11.30413910010948 95.62710422270436 8.903311882438814 92.05332880154157 30.10310080791558 97.09688340308801 50.099701399751666 70.1782876368971 51.682959414290394 67.97624789383367 76.34448703109146 50.46253658836997 52.84757587933129 26.710310888876435 79.07509918753894 24.111405160208705 54.15739567116749
139.20209579930605 59.92478945734876 141.0456250396145 93.79810569809877 118.2488848709783 120.13847655226553 82.4628390839324 120.9706928639178 52.642153807686654 130.38547242929062 49.55012137838385 80.32091032224429 0.0 96.15680471392577 6.557626046712926 63.93848534961233 6.755329258805233 37.86112128464034 5.08592747743765 3.590850225987232 45.133537571029194 11.709513010623034 64.88666084335567 9.490969555346283 89.37516227923578 0.0 103.82591749475085 18.979031587428153 129.21269822889144 33.24685085105154 139.20209579930605 59.92478945734876
50.31200048413869 0.0 91.02804580672469 16.490750757696382 99.27315693733203 57.97509592328257 78.15361321584298 93.8709458730194 38.18917353027133 97.76385322156531 7.698566148035638 82.38222099651739 0.0 47.11573885569387 14.819908922724863 15.890651110545626 50.31200048413869 0.0
64.77903611546446 8.85836957761579 98.5661104774358 46.15104885514431 144.68895527734173 0.0 179.91417855026822 30.201336599296262 249.3442812311338 73.3102050614795 139.44835429748773 100.95490225534967 144.72346147349083 145.9311713588981 105.67064378968928 137.4161650097551 76.96767166545115 140.88534851543415 49.69951020668245 127.9501041024685 2.8148129111191906 112.47575143652445 0.0 64.22809677616925 16.668486191718955 19.0957612825959 64.77903611546446 8.85836957761579
84.85614580780047 140.2079115285703 61.218300750038054 109.67902480420676 43.23688624074475 82.36658637423541 0.0 42.39347420914626 52.3245867247946 20.689497303874298 92.03925727607185 32.14962159378831 107.31474654767364 0.0 138.73726950788617 1.4629100009443121 137.23711703015206 38.38894472914984 176.16715737558954 51.03271655294306 165.1105088242955 81.24881242942693 120.32596714461019 76.10043879227426 117.45204587026333 111.14329933116738 84.85614580780047 140.2079115285703
77.06574806455308 0.0 100.3933008245222 44.453098197431046 140.11472700225346 69.30213238242422 100.84791202749324 99.61763166906556 88.86965256722623 135.74649845161096 57.11035731097607 111.33242126807178 16.162328788880757 122.66633085669406 0.0 88.28165345426186 5.436680256576011 49.622000271832235 40.7935023920368 35.063803098905 77.06574806455308 0.0
45.10947020119508 0.0 56.9538354526652 17.485636639818495 72.6143129668998 0.7331320303786413 91.35683916478254 4.55351618699018 88.10922985477245 24.12232580927764 103.47156434284494 40.32709071907132 82.46368442165252 49.327321062589945 70.51072123386493 55.40731566545253 61.93962124056796 85.84697062205058 34.21705725071848 102.19899670716444 26.423864085227507 63.562412516798474 0.0 55.145381410493414 34.325930150277784 30.184449893133475 54.3032583529091 29.889287669272093 38.00525112995035 10.669968207565162 45.10947020119508 0.0
147.12631022738566 33.13496152548589 220.9367767413264 33.80653998675156 318.0503128140988 137.63264874952642 218.00896116981443 274.78203121799436 103.29625096102123 167.17634690719623 0.0 114.89917076631806 41.685665109955124 0.0 147.12631022738566 33.13496152548589
42.17665942287138 1.4701284527285736 57.28367948880886 0.028905034499260296 69.14909225957152 6.419426061726185 80.1176805065923 13.171101294853074 90.09101493916788 24.89651687923157 84.87557533065039 39.71098063965981 60.42713202762613 35.59580937842286 67.52791524003385 57.51331820843426 55.56733332273967 82.26398308601928 44.71448462415691 56.30473957451595 56.21433456863201 32.1130133686968 0.0 44.767968267287415 41.271526818655076 28.717917424779543 17.19225347506338 0.0 42.17665942287138 1.4701284527285736
40.122020118318076 49.52467054843791 0.0 37.926716342858725 25.107632547524673 0.0 53.14152508427915 14.730283599908716 56.639391805680035 33.34083550654971 40.122020118318076 49.52467054843791
19.546092197482935 41.513024505663395 0.0 42.3092194305257 13.946697950058606 28.69985650801624 7.772458823773164 16.293538783600823 23.233912484425673 20.540697649271948 28.25415829270159 15.43805663841664 43.31332695143014 0.0 39.59328490377635 21.681387692328215 60.15881462217037 24.342374839014212 47.37653296759409 36.369863108585406 49.17242841976126 51.26246714312032 36.31321540709041 58.51008735044974 27.45270866353019 35.87683128720262 19.546092197482935 41.513024505663395
0.0 34.22213240560278 8.391872169403868 15.163174082860692 27.733591918530465 8.107646455332478 48.13957696387445 0.0 61.56213599577141 20.149033522681663 91.38327855131074 21.015012341922557 104.59735314764676 44.37386919692071 93.15787907828327 69.8677142396381 48.39513988448407 57.63078645318457 48.56611922053705 73.60910971156343 35.21021533468608 94.37065752756763 18.917867346127423 85.66015396921756 9.8743515751122 70.03521334668149 10.201145839240539 53.09435364253703 0.0 34.22213240560278
87.32250236660192 208.97177680850749 0.0 128.8001772735024 113.22503446472075 0.0 227.45432823027713 151.77408909380506 87.32250236660192 208.97177680850749
134.08506615708802 35.26203010577188 151.2948413396908 47.98523546853157 192.86150024242767 63.285327401222744 178.38134558943207 95.99852374585285 163.1693724214608 121.76884859549777 136.64541222445436 136.33385909329712 107.2186745203311 137.68226176298538 66.74970265688789 155.88530183536477 57.238521742381636 115.0603529349108 36.390173183422476 89.74726849992756 0.0 43.6888705301909 25.941578974346058 0.0 94.4546054705509 37.71401154330546 113.5668690665631 21.651855065793193 134.08506615708802 35.26203010577188
23.229019548251614 40.24008302735929 8.698415779046513 35.82918849720973 1.0751597798615506 25.90000381363025 2.3204005922731596 14.95645601365355 0.0 0.0 14.52934917963178 1.0567449687614925 23.794648928930798 1.6662548622891649 31.94526982131309 7.496357142560953 48.71102549064774 18.535792369818495 29.909808213610177 26.54521389205547 23.229019548251614 40.24008302735929
215.78056454751288 190.95746821288444 0.0 144.86048902553588 168.35055040973214 0.0 339.9692559908724 56.807715508949734 215.78056454751288 190.95746821288444
33.71798178723283 49.625806966359335 26.806677230141474 39.977118883512944 0.0 58.369366046985974 3.680010682697855 37.18718420639523 7.968041420143521 24.269823543363515 8.276432170883524 14.071534498476893 16.386694654118898 8.135978028658727 25.327522134662573 5.499655948204122 32.897971737683136 0.0 41.18032282494593 3.19779970302676 48.97278100239215 7.1770738907707 40.42098444851331 20.43091666374518 59.07856689418996 22.629455214249873 59.519488492103136 33.382832935340915 54.33000125937613 43.88568260107104 44.98593213166387 51.477021533940956 33.71798178723283 49.625806966359335
182.1570030559873 238.33876188224514 125.36614974078392 245.66506102248968 75.82809285030936 216.14117021870612 0.0 180.19027737133734 61.1308155467313 113.5611357987863 97.46794158298218 80.08155080857027 143.7389485297933 92.8016953264622 195.9285290901426 0.0 226.1248834661206 66.68436281334722 253.44722447257757 112.69815139255456 216.58650104762762 153.57285486271022 241.39747126944974 220.2428185494404 182.1570030559873 238.33876188224514
29.984356563707053 162.81004498719346 0.0 100.62157785394389 49.073779964364746 51.41500618180986 103.05374288554651 83.20105802101102 174.11882551116253 0.0 244.73121596605398 67.02181974228321 156.6798587610213 131.20484442228138 135.25651805101478 169.22003674870155 74.78793285359566 237.21587441800065 29.984356563707053 162.81004498719346
17.905590314548732 12.207384323189089 27.936401802946065 0.0 38.388182802672105 6.739300010729295 38.33789005646028 19.0644757804409 40.46853496222431 30.01415663682424 26.595115142933906 30.838643107260452 20.20823326012193 28.28703665648291 11.492773231070288 39.95570157159652 9.481733771207175 29.30388725285718 0.953130513807281 24.29991312143875 0.0 13.877867652785753 7.808198869258973 6.973626875733501 17.905590314548732 12.207384323189089
131.18339206176938 54.50657454814757 52.28732036079499 72.57825750618859 0.0 0.0 76.5088799019569 11.397792012524107 131.18339206176938 54.50657454814757
184.0653782309185 101.24714509312936 77.27685618071118 129.72429516789407 48.47773091243597 130.84816784963704 21.976572287015216 117.53002904938988 0.0 74.30901292537357 31.969887399302706 4.125365365904642 132.7678135052342 0.0 184.0653782309185 101.24714509312936
127.70738373317536 127.31717217445271 66.82117114897494 146.72415379200223 19.52495171510128 96.53713258857056 0.0 33.388346262127804 62.59168579151904 7.7170351973109845 104.26505251247238 6.271567748111195 201.3261304814378 0.0 164.98974939957571 81.40441946566926 127.70738373317536 127.31717217445271
11.199285170423082 3.2488050313028793 26.91565801140507 0.0 38.718887018320345 4.320910816960378 45.30373727969774 11.4015633580061 43.76496216154524 20.12725711465862 76.83494438650948 31.63745392883024 53.95112624986747 39.874566998034226 42.937855745030674 48.53797538776706 25.912587408577252 68.55991678354508 14.066629118311582 47.0756219507776 0.0 36.37910530269505 32.88421750725662 23.07279613023408 11.199285170423082 3.2488050313028793
23.68553201286197 2.3423629405524053 47.20467683597087 1.0838920292578962 58.794293054916544 24.62381908924415 38.19006552133355 42.052965647129 19.597806298525725 41.938802986346715 0.0016899071655700482 37.33545552248749 0.0 18.43373107008354 5.530605296879756 0.0 23.68553201286197 2.3423629405524053
0.0 55.05228808095737 30.426217741882255 0.0 94.35174919297643 5.56127022168404 77.15409637057184 86.65376258990526 0.0 55.05228808095737
219.99847242974724 140.47672763055954 221.31089079460455 204.12089249911986 164.7643025531371 229.5125748891336 115.122114682702 191.73940420498934 60.07895960642823 208.10006745710052 70.7199038180618 143.07763123919193 28.391424605131874 115.72073190444851 0.0 51.5247521061574 85.60557005179987 56.0395593939155 117.28503087234728 30.055127235810986 172.7281405539276 0.0 242.07152022115102 18.511106440904754 207.16799742211262 95.7133477947191 219.99847242974724 140.47672763055954
86.10636888805388 13.866438590853306 169.84072618156767 31.477896458373998 198.32620231372948 81.43550992390936 292.2934688237757 0.0 261.3063782078335 81.71413876730594 311.6007401049775 142.05702111617694 280.0665050338491 208.1060451799885 203.05746478322257 224.52260931920284 110.24412923509783 246.24805755969345 80.652381583322 156.29245864004875 0.0 76.88583610285747 86.10636888805388 13.866438590853306
58.20946909213285 86.07675663830199 4.292360779879758 59.369366084782385 0.0 15.75891743981444 37.201477553858325 0.0 75.6935005412333 55.040888098426805 103.32599340477657 17.11267996031812 111.71524855355045 47.6880860064117 146.2007430438928 53.81983571646671 117.03926195484479 83.26109465548598 127.29610788434945 102.66910077236297 127.38418404648135 129.057048607046 96.15199629261616 123.5124583496064 78.21304730433886 111.29632164389933 56.236104215074334 146.0709869460607 30.205358662007924 136.6467500652999 30.775563965798803 106.48205262635902 58.20946909213285 86.07675663830199
0.0 103.32502329439998 10.842410015699329 68.72588239729853 12.289724880099357 44.12786837932083 18.342092769995418 18.038153582573308 40.31159457910505 0.0 64.6864786233132 36.64037198053485 81.59588936382494 30.165301831262624 118.30440336195045 23.58690288510926 127.24162812069652 51.566178175936685 136.2593755310046 84.65617803611269 115.2488907623568 110.8436596028271 80.29136320658867 104.83854901025961 57.73185973071308 122.58797770417445 22.380225202840222 129.76886398657885 0.0 103.32502329439998
14.72658847249734 0.0 25.869656638797608 2.090059752815691 46.129444014776226 8.04010549466561 31.745609924658936 22.819380989457642 27.793207989673817 38.97218847998518 13.205169427441021 28.78592938676671 0.0 27.43092699410998 0.3242512457672433 14.611569963452084 1.9244713889009404 1.2571361874102678 14.72658847249734 0.0
171.37971152920375 133.78965683793066 124.79342157379224 171.3640863389593 0.0 173.6664923866908 38.180752959720394 65.37594550741169 86.99157817644434 7.741086424456455 152.0022796055793 0.0 177.7606059972352 56.60014489981094 190.59852160122023 80.56352132017956 237.73813801344397 130.64563432250847 171.37971152920375 133.78965683793066
87.37850263839857 221.38174687077793 33.05482396644133 186.17272076316942 57.011882951025626 111.01760384925818 0.0 67.77807245821965 54.398177752259414 34.950349526674266 86.60166253185082 0.0 128.2569684143502 62.52850114760828 158.77489855726222 35.92073475606855 196.57385441259976 49.0668116743921 185.89026130260186 86.45087702263368 240.7310204963699 141.90374593785282 176.10133562521133 152.3784997060023 150.12945034843128 204.37235152415428 87.37850263839857 221.38174687077793
232.78142754376722 232.92791828246925 168.75759571692626 166.0184424774664 121.74140786737823 197.14019694116575 0.0 169.03042223370977 106.96810210171282 103.80532004496087 146.63500636272823 64.84193165860674 238.20868227121193 0.0 271.6174800755981 95.46423950934212 274.58372795859066 172.58065844500516 232.78142754376722 232.92791828246925
14.810554179636704 25.954963539303478 5.3203904525298285 0.0 30.366943844077518 0.5802930808088291 45.49736448275109 8.693841430035448 46.520271020644024 26.4513674892021 65.06197097716915 21.993007942724446 80.72000557286194 35.66405993941264 60.54354970289865 45.55594567882919 46.369880947211406 43.30879915993427 41.777074675894674 55.850929442130706 23.179337320422952 70.15853839154651 20.48828093639475 49.06965618345225 0.0 41.1583488112704 14.810554179636704 25.954963539303478
154.71957042224858 58.78742919137845 241.7794467023817 0.0 266.7062758761266 73.71672323875723 319.3919582275041 141.12226358321107 277.7971448717512 213.2186237488557 207.40065686629958 240.75816614727333 144.13960778920327 187.8004789514712 117.65922648435011 178.36078081704625 10.098216842643666 228.73680863310372 0.0 154.32730661945166 24.433502378323738 90.34935485786471 52.253794599439516 33.05304569759984 116.2169927046406 44.49401325055369 154.71957042224858 58.78742919137845
23.311431464753227 34.59606680675482 0.0 0.0 32.30892814785577 7.027671730765448 48.93440000508713 12.776098325732747 63.53292068927982 6.290707312866722 62.213621738684054 30.741838528590478 77.02897831597579 29.870547184583316 101.49161263608391 39.08873987625773 78.65620624069186 52.35493823343366 82.7410881276872 70.87801023341684 58.97630145721273 58.42691277777877 54.518730451781636 85.5015978138684 37.74557428475268 84.40699035470526 8.19115581192085 94.1241357568802 3.0176340990653614 68.99637426457205 3.716893384700313 48.199477712360974 23.311431464753227 34.59606680675482
76.84197864792945 15.715798572995972 114.76722429493395 0.0 104.7883317342733 34.17843462361156 138.7002292509969 66.69376552805184 81.56219220747076 56.59411422004897 83.10902374631524 126.84525477034305 45.56611751841285 101.83408101382139 0.0 95.34138740558066 36.29344461317716 45.27360314650874 13.492014453965616 20.970291937886465 59.325046188627596 30.115243079019145 66.62273598346638 35.10940588939247 76.84197864792945 15.715798572995972
97.41966007781622 63.35874868406506 82.66631957963904 95.44876285768592 54.4780618130812 82.62124731333094 22.184820924516202 68.02754993998059 0.0 34.263717934568376 19.584095043778632 0.0 72.00845420787644 18.184037720300353 82.27379279540911 9.262035419315637 93.11630349824878 16.482185812546334 130.90149123582893 7.780334198911632 127.73851732246509 37.00977295123565 119.14521591898605 59.03028890758873 97.41966007781622 63.35874868406506
131.5069494287755 275.90384278672315 101.93431959210784 231.24280721722323 0.0 202.71497811552368 107.62661868029303 149.23442864918945 87.23705684891866 80.2469765123702 122.02987930672472 0.0 202.70740001571738 39.20937139727883 281.35100952170126 46.88264112483533 377.52811032129597 83.29696045638221 326.8065911075494 184.35642152436944 209.5459018439505 194.2150550411431 283.7778211132284 356.56685083634653 185.2387089341395 304.2880887200807 131.5069494287755 275.90384278672315
36.98712332602754 109.21900641749829 0.0 97.00797355866479 35.363180152663354 68.96545973267777 23.502741509069324 38.18078507034733 51.68112289525247 29.351265993219144 75.05770577883038 0.0 97.37801916088613 32.47369757793288 114.42069872211624 46.40595189521487 129.44374756305587 64.51265303199371 132.8099827283732 89.99166778783423 108.37617569305726 102.08613000239231 87.85532466696155 101.05979708555225 76.43789547330134 111.48499954384448 66.23794231930843 98.06486125814334 36.98712332602754 109.21900641749829
0.0 74.61094004004059 65.75720814384022 0.0 146.28911564057734 55.35590780665185 230.81283680627715 57.14694564775625 253.72428543393957 153.30420160315026 146.49849078052515 151.29753390052701 105.79692615939291 191.77283820254542 42.77881942027406 163.7380039274292 0.0 74.61094004004059
124.61429039860721 186.894741574678 0.0 137.45349268389486 42.713770952761735 0.0 187.59446017664862 64.1307466223839 124.61429039860721 186.894741574678
28.051801966936324 33.71616624649704 52.60916893734469 29.45697923772802 100.84828619679266 0.0 111.539723737766 48.294942653265466 103.51526166657075 84.52268463625637 63.98739957369774 80.95682303292074 48.61740991363736 90.32133572083556 1.7572830328211921 101.73795062622983 0.0 57.28688470910683 28.051801966936324 33.71616624649704
196.6872216221606 67.4313728887015 307.20611458329336 62.50944993339711 387.7688167837108 154.75622006909003 259.6205611217922 212.52906200978487 175.41238285914218 195.60344444980112 151.5620451231792 251.9153588548172 93.92753142453088 261.0045539981767 0.0 266.43965740465273 72.90035666934746 157.45696505776596 28.91148931766311 110.77657384380123 60.80935968187778 65.99987577705669 103.59825954859778 35.67130741445459 161.98886238182104 0.0 196.6872216221606 67.4313728887015
97.8206936505537 4.477184387971846 143.28211878068657 0.0 194.21549787361874 13.303789903364304 253.03278692690958 54.30668490301875 215.23578605183874 115.82916838324027 179.185184561359 167.3566710104132 122.3170217029184 131.0619652213925 69.27320569188808 132.96352526726054 78.20445603790014 81.92363815584297 0.0 7.461078053914122 97.8206936505537 4.477184387971846
0.0 142.8135491886571 20.297696660688274 59.8895938767481 125.60443745274063 0.0 186.19560372885834 129.98082590734276 74.71257027462907 154.1385319326426 0.0 142.8135491886571
101.52289097541174 54.40758752848651 137.7934261938797 73.60434393109082 148.0303491841328 115.80127747030718 103.30779951252893 113.4577674071198 78.71920122150496 143.53855033094194 65.20961575627479 85.7437897372271 54.496565663774376 77.31909457518628 0.0 76.78858910361708 34.607556407310035 48.555002925323286 34.684499221675736 25.0013514441927 49.94011704668027 0.0 78.50041487796886 31.953467222094382 105.50160762556273 5.844555805113302 123.51452980215424 25.717296027396465 101.52289097541174 54.40758752848651
147.00529589197245 19.48626561661272 150.45082927275513 97.53543976238774 76.6468705645822 127.15294700274819 0.0 59.653719578523514 72.98931219956994 0.0 147.00529589197245 19.48626561661272
98.10211705897203 61.27587606361013 65.89240272429538 86.0226362676444 31.205957451398433 78.45278645758148 0.41082000936103213 53.724910133814035 0.0 0.0 53.43932503222517 2.5677803814531757 94.95568288202963 14.786851905333492 98.10211705897203 61.27587606361013
131.1917366721175 86.52613954251589 96.523652969269 83.26387623508268 73.82852364568629 95.29449927679644 67.20874102253704 59.13968069974825 6.915534040316558 80.03873205367478 0.0 42.35828022302294 68.88340683215931 35.03389808310926 65.9418832222486 20.680860615790756 73.6902755635156 0.0 92.09129160312908 5.879682079658032 83.6847612379231 36.623858543245014 130.15221004130976 27.151272474701294 151.97615509132794 57.15257777333024 131.1917366721175 86.52613954251589
56.44158273896743 151.35319855116256 0.0 23.356638332149892 131.11253294375396 0.0 170.4513800143524 105.88492019362751 56.44158273896743 151.35319855116256
75.28545574746151 59.69602436035344 119.8132075292387 82.84259929625208 99.97888132842772 94.46553622299467 80.85802573976407 92.74400567449993 67.98361739613507 81.15443140852403 40.80541473252654 98.27602935920984 38.398964939935524 75.8059908207697 64.26036747631886 59.34352026333679 0.0 21.073607443926612 50.7756499718957 27.98806699033718 61.68206259596718 0.0 80.71419466928307 31.313665873063307 111.6529822216155 14.847847269096455 124.82996735519703 37.03671412904317 75.28545574746151 59.69602436035344
57.753163882237104 0.0 36.52534066545945 27.649910472328102 30.301671955734207 50.23572411098651 9.896192145120096 37.06401733484233 0.13018416125582633 24.08332657236518 0.0 2.776088426153109 21.405230581574628 11.882848487638284 57.753163882237104 0.0
92.417344913872 179.9776254112057 0.0 150.0329959106935 39.894607345102855 92.33637234490715 112.79552610267416 88.66299271285084 135.91502450506715 53.951947374054626 180.40808035156718 0.0 209.65971045330784 69.53571264852121 301.12166532311323 50.16633594793895 329.9809353534213 113.18878787037261 235.5925735250138 161.48689981291716 303.1126758931319 247.6967234539884 263.4997740541472 318.3044754952533 180.11860959523557 296.7182163798301 123.93314363915874 272.5939180116891 62.285713875610966 260.3038303196828 92.417344913872 179.9776254112057
51.15248701403719 70.04868448901153 10.933270162993708 55.47155405786994 0.0 30.3815374984747 15.984940135114712 14.21848058457546 40.28657658477236 0.0 73.13077526110791 25.112822708237516 51.15248701403719 70.04868448901153
324.19553321419073 156.84669109248858 199.6911968357666 271.53267974049885 87.67838267535261 250.01972123052616 0.0 247.19070812462678 4.5444714799352255 160.58722071582702 20.235264494831554 91.69732449396037 86.54953984690731 22.20075085735772 240.37058794581432 0.0 324.19553321419073 156.84669109248858
42.30298922078191 13.549280428343515 47.58316657527634 30.60513817828751 66.23761769895086 34.42271698053377 74.59022699144825 59.035737988865556 51.84277350247049 68.88317539708822 32.216529205539146 59.66417499414971 0.0 59.46773896631806 7.942057220389557 31.571407025559488 11.5854039824614 0.0 42.30298922078191 13.549280428343515
119.63273486696579 0.0 240.31571028687378 151.57350949703516 95.71152399432226 225.49127655232996 0.0 122.00072907282755 119.63273486696579 0.0
128.29857109389727 43.87029021263684 65.75391782604868 74.42508491539013 18.15796705731895 88.25402682092422 0.0 22.785994158589453 66.51307300267084 0.0 128.29857109389727 43.87029021263684
78.60613015321869 17.897279249395297 97.93893556611977 28.477263468957418 100.64372124709752 50.13665514061853 122.45679892527596 78.91673992648221 99.75696650852473 103.6397193416877 68.10757063916502 94.15063869160228 51.849044232639216 80.86917131485697 21.822804539672035 87.03621247393481 0.0 64.85944223380683 14.333817682874042 36.29907449462168 18.81224607185672 0.0 55.32214046547854 2.7940877471818055 78.60613015321869 17.897279249395297
226.3455383089823 130.65211727457364 252.73812070651354 184.32201320736948 170.53882626153745 167.24372058891907 176.81678128670623 252.57620400443938 127.25726283807579 203.813721500018 91.96304685967803 207.4805340620639 8.989343937106895 229.8682333332883 0.0 168.24711340577477 64.78156842885485 119.38303481321925 38.56987005488688 77.88446850935951 69.703093400542 49.99819809513643 104.79237728983051 37.930282771608034 141.4088196292128 0.0 148.37949943524754 92.15581905311082 234.02239040144315 32.70759324260405 294.5737346865962 65.48349234555079 226.3455383089823 130.65211727457364
0.0 39.592479993391365 46.720134013468254 4.984858928632278 101.27425621180709 0.0 146.48311244016776 7.711176193049042 195.56374108940977 7.927244318802337 150.05527218186558 98.06340919629382 246.8844551315868 84.19779758624895 290.8980407874544 134.46042764250416 236.08396899389177 173.62951519631812 243.22093545020877 259.6871032746208 168.12553341918542 262.15182900298464 123.41762008837506 156.58187643372884 75.48660584527252 207.77831864674042 66.09807743434368 161.51969222255482 17.941524201422766 144.4385853318293 61.090790023000565 104.45401323484657 0.0 39.592479993391365
196.10015655245962 79.95749349329917 173.2477169337517 92.0696789004855 140.55722881313196 176.09518346843691 91.62053935547263 119.46469929385908 0.0 46.91652504062674 126.22098113944875 26.119497863787807 171.99563401066013 10.258160042593595 266.6683308086599 0.0 196.10015655245962 79.95749349329917
121.81290273902643 142.80324870515332 0.0 118.37176082663524 91.7756389104774 0.0 201.13485613258848 55.03109321561846 206.42914257360673 163.664064364642 121.81290273902643 142.80324870515332
94.5802781489377 0.0 251.29539971633034 8.299414396708443 180.48007840155844 154.26802269418994 97.6961616015257 227.3012399346349 13.038781458372227 151.652746813359 0.0 48.2062233932001 94.5802781489377 0.0
92.74156322298506 0.0 115.74038007335604 11.686590578363536 111.77187882767892 41.334709126093465 106.06413246896044 59.83864352207332 106.38750631709534 78.22588757235764 109.10566024885547 115.49490679965027 72.08399487366184 75.80301980867654 55.857542963035954 106.11616777890569 37.443212610800714 97.0609020872254 27.03932323410237 78.38199360205525 50.767632922701765 56.706639287988104 0.0 33.98734691348759 43.18404796125738 32.83004171900976 55.397611753965705 26.843220854153337 68.21304265649759 2.113977246548025 92.74156322298506 0.0
84.973995871114 53.86434466209387 42.90557433625759 67.47410336639258 6.032907001111397 71.70193013618278 16.389387179806548 35.31110475253311 0.0 0.0 37.33695365508905 5.530511862457232 72.94432953345901 9.715939349779688 84.973995871114 53.86434466209387
279.4889027923971 166.33546035372285 206.77509073746666 170.10997453154215 162.78931197218577 141.4215751396992 146.26172422298168 225.4864098690594 110.11723100119664 197.7507929883779 81.05983553828037 175.82784476331898 0.0 169.43149244471175 28.386669117962043 108.1617379459492 29.48471048661108 55.54304987255716 44.91542525018113 0.0 108.27659293941332 0.4814266121803996 152.9329657280996 26.912394478855262 180.82475494599873 44.96674711642055 180.30917389452534 81.83284887519946 221.81037715303046 82.696741759371 279.76525039989565 112.20280662327582 279.4889027923971 166.33546035372285
39.74269149570779 44.276436119137436 27.673025152055914 0.0 66.78539698962474 3.018282588824057 92.9872812534194 14.94738998955117 152.5702253212284 7.82271866237123 177.0731521971111 59.597076919621806 118.57605835639811 87.78939240778342 86.22566581800275 89.68534535858339 53.95376555043492 154.16468007321635 0.0 132.43586558154436 2.914809083197298 73.70450752632277 39.74269149570779 44.276436119137436
204.92362778662 0.0 259.45915698995873 7.008132096583523 269.49639952663495 68.52875734667268 296.7797747216561 95.30173242956654 243.3659166653373 127.5626176469962 266.4562024568754 162.62531952359024 246.33556606331365 187.48682679153546 216.4481726799005 251.0912723966673 161.7206736950572 241.64332494114387 140.74814943729078 186.66672318543135 82.16155992682866 160.95757679971211 0.0 92.76742912209967 124.44137687604342 63.130589524554495 176.62108426238714 61.77399626409143 204.92362778662 0.0
145.73367022987833 0.0 249.515747494079 189.00292094795793 72.47638563142583 114.40521592590746 0.0 9.312147682313892 145.73367022987833 0.0
76.30361005348976 140.2350867271669 15.021224381550823 113.00930658994515 0.0 46.907040530885375 93.14326471272193 43.85611133558966 119.60164409207358 3.4074999484281534 151.37667306833362 56.094440153239134 231.75391134794012 0.0 317.06074417381507 39.98548354057219 234.20610624210923 113.95046747614481 243.1401585594436 174.60552195448312 202.34117896891425 227.9855456367624 139.51501690857825 184.22908320453354 75.00258882215961 217.55081510357667 76.30361005348976 140.2350867271669
0.4576718381724447 26.64932203950862 0.0 0.0 26.93641285561131 0.27106563563035024 39.52643874441809 2.6786344100179775 52.74615071391972 10.430942193560824 33.61323950799212 17.54249233347123 38.38044666839343 37.72504907581286 25.190667521795334 28.837944848490494 0.4576718381724447 26.64932203950862
14.004686631463528 76.81940589481255 2.455254344883592 47.351073225621626 0.0 7.590553320558158 40.465819373654256 0.0 63.27946544488856 32.22494098056847 87.86338258105091 21.39001668665845 98.94915938923752 40.88254037083494 103.78999875122237 65.2875931190467 82.63822193132278 78.66531844441445 65.10811089260291 99.50416785522512 42.41561203004143 82.88179657571123 14.004686631463528 76.81940589481255
11.405519451468976 63.61326373350383 0.0 30.742707431328753 17.524773913442317 0.0 63.996825962341546 10.392579505055366 51.9729611482563 59.26779010314354 11.405519451468976 63.61326373350383
64.48836279103783 178.8284169460581 25.587420757138176 108.20453518374444 0.0 58.20732333348502 42.22494236933221 20.093717368556064 80.82483099690089 0.0 126.4721675305656 2.1095168808404523 221.3403847614139 22.474461510333974 147.82331643431493 87.46530605886075 101.21397429212178 84.2253713665026 64.48836279103783 178.8284169460581
40.040891973766904 0.0 72.0304026625399 7.26021551370178 64.85753703272817 38.23400587697307 42.714740204640776 46.9976831208552 30.923202185143225 40.320153159400064 2.410208315499162 51.99218270457379 0.0 24.7867644644125 20.09463336306868 11.510502833761663 40.040891973766904 0.0
62.90134921439733 23.243301595466804 40.27632748372196 48.86211333396872 0.0 30.409095615012987 32.1563604275711 0.0 62.90134921439733 23.243301595466804
253.96602488545574 186.5555429116601 0.0 198.54993988396274 108.03044468099822 0.0 208.2879340267075 34.47820543875507 253.96602488545574 186.5555429116601
