100
0.0 54.20944381879433 36.71555778077584 24.565444456195976 62.45013130146664 1.9025795909345007 97.90657280633032 0.0 136.35790414187835 6.973837172774211 130.3686188040034 49.86420884481025 140.58830884574263 79.43983992530279 111.99518054139013 93.77675465137857 91.91911948978606 129.09830962929362 67.7997023463393 93.33660739629606 37.14991389878866 87.60715036925926 0.0 54.20944381879433
291.63111132810974 163.35293587052695 166.35608402927807 174.92363488092522 167.45629912248683 234.49394812005295 119.59269980984573 214.23707366504846 103.97785055097758 176.17230337146623 37.30998679323537 199.7171671036289 0.0 156.61188703554714 46.45796411801334 114.30696329514848 58.63913560041388 69.66200150367558 92.08093321182662 0.0 156.9686090301127 12.343506217611008 121.49693554809502 144.43994525352835 202.63276565471926 113.72167718070216 291.63111132810974 163.35293587052695
114.1845420376004 35.40344690920543 177.09309762602874 0.0 160.00435911164894 67.12741264607912 207.76581509830066 92.58448238323548 221.53842288497762 143.962707810714 127.22550595844264 128.21582491544268 104.09941464380317 117.01961614511617 96.00011354284776 190.7094410113525 68.67267230760757 165.04174019219766 57.69839128799879 136.62817673534926 11.319608464043995 129.6710496499477 0.0 90.70462111647618 22.794308165382972 58.83597689704972 40.55963554236641 21.948848822749895 88.79811592107365 56.41846096928147 114.1845420376004 35.40344690920543
127.71499115047162 21.62010137506134 157.6882282991736 33.739091951848266 210.3661325123873 55.498979259547426 214.93685601844794 106.113646195929 174.68766758697558 137.18552811806535 110.59988083393075 98.95942903578727 101.09632919749048 130.71616376866666 65.36714826433229 157.81694396165614 42.104951361844684 130.2396151609018 0.0 105.06647522129806 13.14157334179211 62.43791792957367 44.73491540713337 39.55990423840384 76.39554787898867 34.151944096629556 98.41551250102326 0.0 127.71499115047162 21.62010137506134
62.044232243617046 24.65271181441279 79.28174398592077 2.5421861204802383 106.4709769914742 0.0 109.6318473250879 28.32723720055396 158.9503755375243 43.85844095882866 132.55494849801056 73.03647331823225 114.25496749625667 93.82918383408733 70.14404021167533 63.1439996044246 64.40049667278112 51.56969574335694 54.56966261169896 83.82703600204891 43.639563340658 76.4427499963981 0.0 84.551309454716 17.394013675182407 55.206291364460974 24.068019836556317 39.24361088482508 53.09909979184421 42.38713565676867 47.240003813057086 19.047016140819387 62.044232243617046 24.65271181441279
45.764596935969266 0.0 83.10908607462866 5.403966116728398 74.5770433207287 39.894618744691556 62.81965572666441 82.75533305851552 0.0 77.77466900803758 23.818267582155272 23.600703199904274 45.764596935969266 0.0
94.45846966263045 0.0 186.8977439262385 51.92685880828842 335.4056288906768 139.50614494898528 213.92182625923445 293.5977595903812 106.24018484201113 158.09988151699935 0.0 90.98525165708753 94.45846966263045 0.0
343.1999436155338 40.6541027123225 372.1144493973195 92.12804103500956 315.68963348255556 136.75007623003108 303.0476212866405 179.76001176273792 253.79054957421704 176.80437791919653 218.5565433497842 151.77119541778478 202.1320039022152 138.29549138558093 96.1792098903925 228.28118571693304 0.0 197.5204257936218 99.20281407664369 104.44737893372796 152.30272210396055 75.26020500707983 167.41747923197238 51.17694407679371 183.95092879346123 25.569311734750485 214.99363869126526 0.0 221.59425966008436 88.03610777325821 263.22654280545197 50.08869307232884 343.1999436155338 40.6541027123225
0.0 34.92035973780128 30.910923122189246 23.347087234421394 8.406759965985898 9.17437974681144 19.099056770899338 4.23075739705024 28.399236318779614 0.07406291066666881 39.344035504631734 0.0 41.93847442249155 12.35960866308686 45.78805374502964 18.3413213261597 55.4471634858013 26.80345044488837 40.09823504309375 29.41710873806599 36.64665608922455 32.53999347263725 34.47691505524544 50.31702419912986 28.289058475612023 31.060123237324618 15.914894156265731 38.74460210821081 0.0 34.92035973780128
39.28747097864037 35.22878491899351 0.0 35.195095476772806 23.42034687213726 0.0 72.59558168706833 5.050539072787217 39.28747097864037 35.22878491899351
210.42102578821613 203.11996621603646 132.35398050430734 132.19061326326653 102.49727176561835 199.9951240749553 114.59026208026589 114.72533132523613 9.20671319876297 149.22408477176816 2.999994036720608 90.78054397918494 0.0 18.62958263877526 85.83793333556565 28.91694511914511 124.4831533489829 0.0 176.01860484336493 8.115893494714427 219.1282787368736 40.04513056211248 246.71918597526036 89.79395541733383 270.857433334343 158.3278566417049 210.42102578821613 203.11996621603646
59.26060929434149 53.615838796161725 40.62267150929395 44.52992042569231 31.230873233486477 45.865607692011736 34.50814372704795 25.91740216001766 8.392417152937995 37.07499933677053 10.59518134058537 24.125377327120873 0.0 6.8247225808875385 21.88274298283376 6.531410181064629 31.239821904176736 2.7995020783272793 41.456508310277925 1.8482319947593027 56.038770925538756 0.0 57.70205863925335 14.091823714098041 72.37109319232646 24.943860047286336 52.607026917029856 32.24192701070437 59.26060929434149 53.615838796161725
64.2010975679772 41.59831869015592 34.42159365540009 34.97089973825322 14.429533152729846 47.59836091391948 0.0 24.57943841792749 27.278695468897155 18.820300319214596 38.48933145768328 0.0 71.24441348388814 8.187456019034911 64.2010975679772 41.59831869015592
0.0 20.156229983401545 103.73038760278357 48.75325793849754 165.82858166632278 0.0 192.23162391549224 84.72598523950575 113.41178811267318 98.29197998152625 31.489603690176637 120.87117130227807 0.0 20.156229983401545
11.174643429676578 2.3368117325946827 26.266739539097216 0.0 28.70717729669248 19.512884002825274 38.550299746888456 19.791210986225835 46.86080594354635 29.467157555904762 40.13381147012322 40.238913043030536 29.40604013547687 44.54871399835477 20.757904197953636 37.01294145086891 5.956902051537156 40.22952776339022 0.0 27.67068570460856 12.240113405494412 18.74674266295736 11.174643429676578 2.3368117325946827
51.97541744721867 34.46562631849787 47.297218250521475 57.750709369963886 39.82251142330919 30.650215019715944 18.49574481710271 43.4521789366338 7.298263310421866 30.626347650586112 0.0 10.754635516752415 19.99611361098409 0.0 36.62505958641517 3.3323791510321996 45.41832241254486 6.392213934919155 50.23745497986199 11.949773256475396 57.90517285220938 14.048589496563778 99.96424436366391 21.678519548697864 74.61600043588373 37.955570514999266 51.97541744721867 34.46562631849787
41.39569926605833 83.03132099924888 0.0 25.663685646905286 63.11451580721954 0.0 111.24100700748228 24.21629023367519 144.49208665934322 1.3333614105761882 161.84490696467475 36.46052220591538 199.21141797755007 59.36406693604198 138.0102008680536 78.1465817796334 202.72190666404407 174.91862371783134 130.2292898823314 146.58288796294852 97.80061872789649 125.94090261489139 69.0116841495971 112.68783015486026 41.39569926605833 83.03132099924888
0.0 175.05632271945646 118.99310578752653 0.0 275.666878521862 32.262806346028945 209.10293964797643 168.1881413005191 0.0 175.05632271945646
81.23741797001868 48.01113736650376 36.37440258749746 59.539007866171104 0.0 52.463289842120076 0.8884243709355815 0.0 40.472826032908316 26.29141776345135 81.23741797001868 48.01113736650376
120.1786539721862 5.203748377271054 174.94214415994992 151.63512306463087 58.227255591616554 76.07028966231243 0.0 0.0 120.1786539721862 5.203748377271054
0.0 98.66074339425937 156.04985140044258 58.530048649669 232.03646863029115 0.0 300.71909224406625 75.1628473649632 353.08593345963374 158.10065392746458 269.02972352415463 212.35802472252274 201.9445229712635 211.62504564870804 91.49681889534403 230.34301977753785 0.0 98.66074339425937
100.87692361517577 0.0 160.98496419380007 21.18621919230442 200.58995111336094 39.68835602312893 277.7108905341136 23.051963615015012 235.36764348386254 106.96290728036126 318.0543371948697 147.19043715935808 236.66405145892253 174.90669142561114 204.00295203186073 190.69487652709222 183.95161128084115 240.92746404982742 155.5958913022887 140.58039795185704 143.96242733609967 150.30522216735045 99.77776311835606 165.8255868594562 0.0 151.72559355191711 28.96042999271009 91.6279226428627 121.7506781425574 99.55684810357604 100.87692361517577 0.0
79.44726798892808 41.59868482776739 102.33140168554377 6.846546812003538 135.25883811101204 16.19735520246857 168.94474906805175 33.11995973615527 228.19398136356972 60.87208258845928 149.22984693574614 99.10841679076728 172.9989949738631 150.71512250929229 146.60768852734986 197.33128414873713 96.15460889425425 181.1094150839293 70.97376233445037 138.77523619747205 37.907824406122735 138.96093290411878 0.0 119.14403601242961 21.189628064454396 80.98589580061515 63.47355299795059 70.75744352816234 22.240907517368157 0.0 79.44726798892808 41.59868482776739
18.740355983558715 61.54762398478128 78.56834441427532 45.65376041833099 137.946757984925 0.0 191.14359662610536 55.31869729466551 242.6273697901841 92.60737393195537 202.46967657650305 159.10811709660481 290.6193670919413 233.14995704944775 201.75026277053766 257.8652735921329 147.56941949418868 270.56249376554155 101.02060468939142 263.9929069379473 79.14730369901955 217.23803403846338 10.1720339989551 226.5972243443493 7.7665725089727005 171.9319456213006 0.0 119.82344201315361 18.740355983558715 61.54762398478128
106.74512165423147 206.23039767620588 28.694085559508693 198.58018484020516 24.215336827227205 119.19255079545027 0.0 49.11684566252179 62.872294435781704 0.0 115.66650213229975 73.83617040142248 186.00248554526928 57.87588768673594 222.8307566692111 126.40111964112849 169.94233768000873 180.3922458358158 106.74512165423147 206.23039767620588
142.57431791911412 111.21657613682602 0.0 0.0 174.37989423411688 9.369489380692528 230.29865095101337 86.83365401151848 199.48599363230008 185.3922391651986 142.57431791911412 111.21657613682602
147.69768830360445 42.79669993682042 105.28071487383079 82.73337842682102 50.9593741629742 74.16952835620458 0.0 16.232480420131708 73.71765465617254 0.0 84.26370441456322 29.91521407819343 147.69768830360445 42.79669993682042
43.82029953817676 10.059036133530157 60.593444166206275 0.0 70.68615587388834 14.673873382632706 67.87197187484364 29.82300301679203 71.98542756564302 41.52674189677073 79.97759082784896 63.966075573898635 56.72506897073949 59.247600724154566 44.06204441778328 61.88307700661544 30.115540533347477 61.316061662412096 0.0 61.41819061900772 16.816174798045857 35.62877828768933 12.256328401310604 17.805326291361965 32.96423185140727 15.115065094397295 43.82029953817676 10.059036133530157
18.185904015414835 46.31550009237117 7.324910118344945 36.74836150817673 9.052269141260567 23.15401398109178 19.973820622421812 13.44912468157662 35.28342961562346 0.0 48.65863967441361 15.219134149641562 48.54924792884691 32.743677630470856 76.11840993752955 36.78890533961312 87.69179773871218 59.482928821870814 53.687096677777475 62.03349543750936 41.44032451494361 64.69169975053924 31.496143614991084 76.47765383357618 14.087152652564043 78.6781765593796 0.0 68.15499539242994 18.185904015414835 46.31550009237117
59.71972378164129 201.96109685361094 32.57329478395451 159.3313812105904 112.79564277992664 131.65406381605294 0.0 10.838160262706694 94.39867718184965 20.34649192438512 157.88763223902995 0.0 218.86170962585422 27.623397146395646 250.14190082750397 85.88535827632523 164.7052304151094 139.70436505776482 280.39863328593594 219.9601029096517 189.01623311898018 221.90023135755263 143.21358097668684 240.2597085168974 101.56326561100707 220.06728086906816 59.71972378164129 201.96109685361094
30.295086018499084 0.0 58.10940970176164 26.364192372334998 96.8682586104299 18.14810299306346 109.76016663807584 49.20666954295824 127.92312972221157 81.08875876326626 97.75050812843813 106.06184720268548 73.06801384296864 118.16519572003163 48.64809062231701 104.84321560917506 29.796293183346528 126.92693262206295 13.163966539829524 113.58913130661158 4.582722643044363 94.26005819699388 0.0 74.87396784451522 8.25896321670296 57.91466136192007 19.29967273465933 43.19252098411147 30.295086018499084 0.0
45.212427843321564 130.30109552595295 0.0 103.42548696641816 17.400971271299568 51.96339560331266 47.76488284049354 21.206451878115097 85.74368744560326 20.449514136543073 124.70389561578449 0.0 162.5701327176896 28.733082838226068 150.50603626953927 72.15865883511034 92.72794616041455 73.52276160998522 134.8749149787171 160.4788785874794 81.20071049299457 153.5254827209623 45.212427843321564 130.30109552595295
0.0 30.35775115692163 43.19939484786141 0.0 117.39721753454404 40.38437437756934 51.074095435350785 87.33720977645063 2.8257204760605816 78.47857972133633 0.0 30.35775115692163
10.210868197428425 60.42832222799294 68.48564762278697 57.80602622504983 49.67596714831788 13.607210386420775 76.70596501816858 10.987129077917984 109.67681233035545 3.228681503725923 184.6491205264552 0.0 144.82683280587497 61.77620882792598 207.08814748440926 140.37977046588236 114.21800272698484 133.83005554350018 75.34462504633392 101.36260566572815 49.86814583978855 105.86696502044953 0.0 103.90707536323859 10.210868197428425 60.42832222799294
76.77650840129935 153.5462852110836 0.0 141.02768950256936 23.826118352175172 61.974651087401895 51.89499100646549 20.586077735922224 94.16207568473136 6.3943729385310775 146.39784642632702 0.0 169.4490434212991 50.90723559136292 146.6373527116669 92.3219715760911 125.78577786752567 125.65720424944016 76.77650840129935 153.5462852110836
32.44167774020535 0.0 59.58067306322553 22.20530951276045 43.67138595349776 44.10700083601789 0.0 37.38208809637432 32.44167774020535 0.0
88.47591704658387 49.92225763758718 47.85043160074614 77.96994281269119 0.0 77.78744874736557 21.42641863346679 38.708125743578236 56.278968331651065 0.0 88.47591704658387 49.92225763758718
44.35950680855734 20.54113864833134 63.037062194901466 0.0 114.27026283448157 0.4223086368837272 88.43299367259013 45.45264772659816 64.65925912811781 94.72259573839618 0.0 68.47761951228655 44.35950680855734 20.54113864833134
126.80744216994796 52.64024396051998 102.87255125789652 109.21385680469727 59.79360714646231 67.75415772419824 0.0 19.615957998597807 74.49623052231718 0.0 117.62881937216264 10.212188207066689 126.80744216994796 52.64024396051998
167.3722666155309 38.22143845320461 184.80159757063456 92.80949606147857 151.6711225217147 157.2558100334141 77.24747602337078 140.91181332485735 69.54625889313394 81.69493023985835 0.0 27.6799599193126 75.92044051950398 0.0 126.42843252079017 15.902044655669101 167.3722666155309 38.22143845320461
106.98456790920662 43.12318841698793 148.47311995244212 110.96982816163212 247.36788111645328 0.0 156.23427813991856 131.90629607101232 304.3690595536075 155.54301259201125 298.2030360791256 252.77137390745688 203.17265557687168 270.1136303587351 132.01128698165815 247.92964392659061 71.48733093636723 235.85798627757006 77.25205550019919 164.5825788869111 23.130677076265926 120.47039674848685 0.0 24.98689220975264 106.98456790920662 43.12318841698793
158.02609168920628 0.0 151.61683542539592 61.590752397098825 142.1100100279645 93.18573359648705 200.96809046803355 153.88052514956436 116.70895976041714 132.33972646916544 96.54496884849785 171.9107822974018 72.76234846471601 131.04139794070997 66.90381294240919 110.54245911088388 16.397238325611056 105.48328761622906 0.0 66.5168420063641 43.38071856925387 45.95113959763166 69.45201943155575 32.49976543430159 96.01119864376314 51.28595453345919 158.02609168920628 0.0
45.65356747179224 95.98086508682168 0.0 67.48451908765482 34.199323906730356 40.300215210983595 66.57382210705313 0.0 111.20834080048901 60.54996962016109 45.65356747179224 95.98086508682168
120.13073284308406 0.0 205.50258883893326 53.56086645551662 172.63966986177812 202.83213432665764 0.0 162.2185316713838 46.57167589289728 32.846186373976096 120.13073284308406 0.0
0.0 16.192511178486285 118.2139635347873 39.771309355820904 157.89114362783826 12.30108980839735 208.38904691163225 0.0 226.51294694609658 68.88852367420775 235.16610510723805 100.0019395944817 286.216422120936 121.60542453242104 303.41699960739555 173.3685276897578 207.2980380316962 154.84712999744147 208.68284824048447 198.0102391718984 179.605893762705 239.34649916084643 178.29452169648886 138.76951601039286 6.401194901571671 285.98246873727874 40.51148703200036 173.09228242773204 63.02329914028317 115.68813249314027 0.0 16.192511178486285
87.35440477713352 137.15725369458704 0.0 96.67751022418277 81.89084911507783 0.0 167.36884180750926 63.1617847559492 165.97246063399172 156.17330055851858 87.35440477713352 137.15725369458704
85.85162578127115 0.0 114.1800115699402 7.545395817233974 124.20210782274594 33.69649086197462 125.42079123468787 53.323932351319336 105.46649754764844 63.721351518074236 110.05154485786133 87.50766592576727 91.81228370057038 111.10938118804614 59.109982013273196 116.43964888839403 43.79349988657037 85.7518661614605 0.0 59.445432962350445 23.119360243462154 21.27796741495488 56.42201594995689 2.8835807559477686 85.85162578127115 0.0
58.30989260768422 79.1119847875591 0.0 55.860328259810814 5.692674440106316 0.0 44.85190159703819 11.317940379989665 90.38615530494485 25.920627026767136 58.30989260768422 79.1119847875591
47.30634986260819 3.3530872174020203 60.41975540111463 9.530947844469935 43.04434561385219 24.10302867871728 57.31181659903001 34.48982452409024 46.78151088987482 39.78293089855687 38.39069174508373 43.35374360120218 30.530179554953563 40.23593391791641 20.118855301268766 48.794098037034175 11.416703048581695 41.89376293561678 14.288141096090072 29.826545390005293 0.0 20.950325834208186 26.57476049644451 22.47162302022663 24.703247329244334 16.680095725408947 25.81146911265742 0.0 35.79125715404008 2.3473141085684404 47.30634986260819 3.3530872174020203
76.8446867397939 83.5465910492421 8.899073944201945 101.60379959808664 0.0 65.9608472909982 45.07986685633759 48.68571355882523 34.22947715183008 0.0 75.55966861738668 10.102001899409359 102.95447297173351 17.992563357477124 108.32546303305722 49.188665256395595 150.76746293675086 47.11480334729234 110.00783702200648 74.12681553646219 120.03200266476244 91.64822789254501 120.61173606652221 121.56844476944117 91.63690391725072 101.4645132669359 72.57612623565693 117.85851004317477 76.8446867397939 83.5465910492421
0.0 69.02225854725592 1.7130549503636132 40.54782378076266 20.221357128776532 24.067181761532247 40.29589167875557 16.799506814011572 63.4938043786716 0.0 95.68544892347683 3.7229408667380284 124.40052632905804 27.549576595283206 78.48329987261997 57.25258140043373 83.23521181623892 79.11007669913127 69.28259840985417 105.70178999604485 48.62078381323282 66.27445756554812 33.72411849083031 71.71583668773442 0.0 69.02225854725592
140.34418507458741 183.64223068573568 85.48048545058255 195.55440097560518 95.17232689109625 107.67725218190516 48.68174199428467 108.46047191282872 0.0 61.226817199890974 71.73325888615923 50.49032934725487 105.07462477384529 68.45199077665836 135.41910613725537 0.0 187.34788566470604 11.820112345120336 216.20765395852763 58.93859527651907 194.88737165378677 111.58019409126726 178.34558191229934 155.67601709848262 140.34418507458741 183.64223068573568
241.67495659893683 57.11878462474381 135.05628273224437 215.74512567140465 0.0 142.317481793818 62.24742488439517 0.0 241.67495659893683 57.11878462474381
254.74770038422173 162.76475864696022 236.09436304032016 232.51183468533145 156.9683966714215 319.77709042268594 120.20108447101403 204.8832907592734 150.35189358250997 125.31863062366278 0.0 104.61272542530567 54.71384571856572 35.422508353075585 144.1572627693757 33.31763766886036 179.93480768277692 23.444462217056625 206.9278479494527 63.597126494704355 276.7407118901192 0.0 314.3417046801816 44.43321839447416 358.45191591983564 97.8765007583758 328.00208957167587 156.72227502958248 254.74770038422173 162.76475864696022
0.0 57.40285418798271 3.3512027295138296 29.49706438477294 23.43732264847843 0.0 51.30768604918781 23.64349948147367 64.82981263182528 61.905927918998174 26.31043921915102 54.1247920749184 0.0 57.40285418798271
47.401342300427345 0.0 175.25697401205608 49.69788731392737 93.36248627392614 158.144181641477 0.0 105.56101921095768 47.401342300427345 0.0
8.128635090174427 2.385110293655643 16.363342238106995 4.169807437377557 30.80364539640749 0.0 35.867846813516294 14.625122461576282 26.547061250762553 27.540629423179723 13.267395343774552 25.014301059822373 0.0 23.060237497522706 0.27085706038189983 9.289616702258598 8.128635090174427 2.385110293655643
161.27526510971717 106.31801122333496 117.59390219926696 113.54501303433113 86.14286957252638 99.27877863016228 83.11543421908812 135.54482213089028 59.10274211157139 142.80689020699413 23.196087335273077 147.1962328406567 19.684250071734915 113.21947795868252 17.235241273040096 89.31466402068725 0.0 61.44223497809324 14.281078993040886 33.53733983056879 50.51992371480448 37.09593725777839 64.15734550639057 0.0 88.29464959806533 33.547034914571114 121.59325935378952 21.326320448574016 153.00921226378836 38.12146023114092 121.10697904749871 75.94463281192881 161.27526510971717 106.31801122333496
76.33967762562172 3.733160231268691 115.49572386461102 16.780403213214463 140.14366103848405 62.07718731901229 96.43754900449548 88.98800035368535 75.2143417959057 136.5010855279767 28.930113942852103 122.61961882995783 0.0 89.52333203616251 27.849151285983254 51.56497507984739 5.177206125568986 10.660042633779995 43.64436769135153 0.0 76.33967762562172 3.733160231268691
27.998957403087033 6.245792796050779 31.1066464680776 17.587853042563523 42.23314126741393 0.0 39.10610716921043 12.208223613981929 43.605062163570565 15.071403436201834 52.073597663290485 22.54048089622762 50.70574883433166 32.54419050680589 43.59040058241344 40.067225132831325 34.08130606746322 51.65067553057753 25.622313394524582 34.20884932904758 9.485607770490134 41.281676284361296 0.0 31.07741238135695 16.48554670333695 17.433095629384653 22.274570995099296 13.375601978010678 20.404135025001082 4.855443353631685 27.998957403087033 6.245792796050779
43.555557232069575 2.3677605408535243 54.566345245641486 9.156763124726425 73.07995423321276 15.255096040533942 85.45257910953369 33.44748130900898 95.81485486273549 60.15731521077791 54.02921516040948 55.24915020293119 33.00137497961387 37.31761285633472 30.04552162713702 49.48100264332706 18.799056953334357 57.161850478751816 8.996632790637221 50.78506398410573 0.3365553805546426 42.780520617727646 9.564964089678881 30.248633406029953 0.0 17.73896224757901 15.507019503700093 15.14902200053119 30.383053542287655 30.891800796777716 31.77305362662618 0.0 43.555557232069575 2.3677605408535243
93.03712022933317 97.70045252472588 111.49284913779772 87.9106583354658 144.65260489167542 0.0 192.29471289723256 23.5089801205782 239.599919730525 56.14619501362253 240.72923649818995 113.52633198682811 287.17434363754853 166.03345738682611 230.5666120951649 202.90006958363387 168.63368665613143 197.84721464882054 134.00364464781325 171.56173348706187 119.10402228481759 191.87421379208274 125.90596020209702 140.80987979731523 39.02311947006868 210.06918051077363 117.61692731069452 143.01278988246546 0.0 124.10137306757512 61.24532800498767 103.85034894485543 93.03712022933317 97.70045252472588
0.0 31.419264269867213 47.198187753499894 0.0 68.28736745610752 50.91563243665519 33.435127591287255 46.03061956878433 0.0 31.419264269867213
40.71430065966922 0.0 117.67670303509674 75.6476442047501 170.746873817018 75.87223444015785 208.07978958300959 154.10436610515887 118.42201797988542 144.03466071763808 64.45274793452319 154.07117496124425 0.0 96.88955777572225 40.71430065966922 0.0
230.0381367801965 43.197573594331516 144.81674799423837 78.38555549446843 158.03318112159843 131.79227219139898 116.0381854433148 140.04902697745143 70.7086617621841 144.56724259555335 82.7069682682877 79.43708538914132 0.0 79.97651709103985 12.072294652321844 27.993774017905054 66.9734883892079 17.123363438664597 93.90330476701602 0.0 114.63490856934477 33.49164317441419 162.83069335475926 13.229170996197837 230.0381367801965 43.197573594331516
40.24962797497224 21.40726126811812 66.24273264611828 24.075690065480643 69.14183872602358 42.28406434900279 36.07896422374553 31.37840426686921 39.07236082251289 53.18863707691497 24.031707721990685 64.35807829500453 1.6110129226465943 65.27028338411557 0.0 42.5326384658469 12.640417725279192 27.03240472635939 7.7312229199735185 15.5615375790331 23.46526615782865 16.78812469225366 29.690813032622927 19.698957830932827 34.80968740755071 6.329902888009542 49.32274375243027 0.0 40.24962797497224 21.40726126811812
265.5864463572067 54.7599838487034 253.2625679472686 154.3699620023499 193.49967489115764 256.27057742074015 99.65281155390466 188.94649442539568 0.0 144.18607016193255 66.34031976392666 60.825137570073586 110.09750623653179 0.0 155.67168034665065 79.09522453121663 265.5864463572067 54.7599838487034
0.0 68.98147953193057 24.742135951496394 27.25247168218074 49.88302669070036 0.0 90.06072051190712 13.588566577097367 119.73944160034951 54.619632567966875 92.38904747531423 99.81130537324728 52.44082630345635 62.0266285042069 0.0 68.98147953193057
85.71809800851798 171.41263322438613 0.0 90.51743315163343 138.26599628249713 91.53601904114483 203.19084363405344 0.0 278.94850415119004 84.24704396036985 194.59939361855075 150.5588744321571 151.54164947183938 154.1527301409322 85.71809800851798 171.41263322438613
234.9387589807296 140.1091929609319 221.39978807633875 166.07561086556 230.55199072173392 259.0525318862662 170.15640727867955 167.22237869824977 148.08499053858515 163.94838982012544 45.717673377353705 196.5658518120697 0.0 132.18301025488813 86.17312687885952 82.20266146500828 121.58053529131479 54.01475021195371 172.46399628564086 124.26656214163965 220.76721047592298 0.0 227.91968580709727 74.53594857932683 292.34622189461595 94.0264953343063 234.9387589807296 140.1091929609319
20.752781719850503 37.170929194662705 5.414244761285616 28.017196445443403 0.0 1.7920628762093997 30.792605867182957 0.0 41.277191688759544 25.96913309121892 20.752781719850503 37.170929194662705
0.0 38.582051415688746 52.671525229525855 41.0268282940411 73.01956350231005 30.834138933660242 100.64590423015567 0.0 108.98224297447264 48.86309723714702 159.90965018068457 36.63097012300354 137.7037230815465 75.58650575341468 152.71511345478703 101.98477238790187 117.87920820671891 110.69181797410704 102.83770588238627 119.93237799439954 86.09511571957631 147.12287092214063 69.07953902405835 122.1388635855176 56.033982789511725 111.62770535839466 30.8592925795991 102.61758171331546 10.531530630348641 78.95260546813932 0.0 38.582051415688746
287.9517361868496 74.90630854480726 265.2719605625135 133.78883090620434 257.9679102951528 179.31001425936125 188.79738580651718 158.83203116946353 183.89166832644602 280.9607993217629 147.52285798047834 186.03351017949666 102.37466838389055 183.83443860695976 37.920380649042784 156.3899193867178 0.0 80.5188342390326 39.556786824950024 0.0 145.1569571189012 40.54207268671243 194.68327040226922 6.50475837214627 201.74194286570295 91.71195850248708 287.9517361868496 74.90630854480726
204.14679615933971 151.23738118154336 152.7174212291921 180.3363922620489 127.21303466805713 108.31874701699915 50.284442428206006 152.63226624258164 0.0 86.44285931372595 64.96522837275177 33.071725364581724 126.50284019717226 0.0 186.05970159166964 31.820275059885887 189.4824369046991 95.55309738728694 204.14679615933971 151.23738118154336
51.13191132116104 64.75652561536049 36.30817873822488 64.72047648403364 11.431586125867682 62.422893931292926 34.51311883917816 39.289434664935804 0.0 6.566440398934752 32.68775572970486 0.0 56.476507075303886 2.068748759651804 69.54012809926462 17.96389233004114 75.58739531450317 33.72920461085416 63.969329308282695 45.76301269118732 61.675469223986525 57.000216021859025 51.13191132116104 64.75652561536049
138.07973100983878 173.2221110022196 76.61346172871845 186.68262607478863 28.371217597507922 152.64864987624307 171.90660487043957 103.68404462188278 0.0 25.103708223297488 101.87241257939235 29.557212807562863 133.64192580319016 0.0 176.092795594238 30.12656453479427 185.2680494486138 77.16069292486377 254.61058468853096 31.145302197107142 248.9874243015935 78.78785829613435 315.54512866059207 115.15019644941536 284.3819563868676 159.4746582058993 292.79792333602484 240.0812887423066 187.1981616469946 147.85162672938011 163.45888140613633 251.33699847563437 138.07973100983878 173.2221110022196
73.08080670283141 48.82971326275704 150.65372119060623 70.71848734367859 209.40616595914565 0.0 233.09934424824993 82.07671791575149 213.4636241049222 128.8346593221916 285.72434509044 193.0814946979842 214.45620550124403 213.12885431483323 162.5799047061087 255.32187783153307 93.58725475396477 233.82382956033643 48.35005771149764 180.10285972956402 0.0 102.01960582345093 73.08080670283141 48.82971326275704
173.83169124543755 122.70658862074393 108.19113931419005 100.23222358794868 18.68897945706516 133.44500482541326 0.0 44.54315010193885 79.6832433861129 10.517233725178677 115.55990254232651 0.0 135.7640579908122 30.157055442605042 152.44068457400022 52.00385246563678 173.83169124543755 122.70658862074393
105.45365084676455 122.60157520839712 75.59920457512192 126.4694720372205 47.581872957537385 123.93903160215979 12.637028805783132 120.20017134526378 0.0 86.41946159377216 25.31582547059802 57.59874094890986 5.875933967755543 22.685513567700717 39.27656267795943 13.720648439915017 65.63175159509227 30.4221745635893 83.71624246677062 18.50133917420228 131.82155464108422 0.0 158.34520304716295 30.64645328566528 104.8745964954433 65.25763352038689 123.51889397666785 97.10532217144089 105.45365084676455 122.60157520839712
0.0 12.710315796396145 55.30733867475456 0.0 97.77246916802396 56.72218887947041 121.91325562096446 39.53817654553939 151.68526122336263 48.09933164957011 175.26588550107488 74.45094796436587 162.9607002524079 108.16933471437535 144.70692959390928 137.06483504534262 112.35206747641922 145.4539069095824 88.72569563036733 124.7090362189569 70.96784854416451 116.52331683143484 33.32586090151443 109.40635048270534 70.50213988526184 82.61866475873288 0.0 12.710315796396145
15.339529095478937 38.654660651248776 0.0 0.0 35.54262817378941 21.163190042823146 80.04900683060177 18.34230687547705 54.62483023878633 65.47707685928654 15.339529095478937 38.654660651248776
103.04001490337546 267.51811455599955 0.0 190.95497985123805 33.04219945999169 72.13234124151698 125.94974896482839 0.0 225.31447111369388 53.586593671073345 294.66514095826943 147.10625696524986 171.64400111591712 172.37847811215804 103.04001490337546 267.51811455599955
60.550805783160456 152.14976374241826 25.96410510169892 128.71909058149168 27.378842583660173 87.56443385316824 0.0 7.78834987031523 74.76161394093987 0.0 123.09737301231362 21.522216564678445 177.46784658188182 12.838277324020396 195.72514550246254 63.81679908858564 158.4772852624576 106.75970939574708 236.8339500265055 171.6676822744626 161.03820574364357 175.47130405738602 120.32225867006478 165.0421019845001 68.01606618883551 220.00674295988932 60.550805783160456 152.14976374241826
39.0418936205748 57.652661945139336 28.794682468715152 68.85243759070889 8.624494201066057 72.85120120460479 33.26975481293479 41.05548056554111 0.5764569076060866 38.52472725683531 0.0 21.02159182742313 18.17793670548204 17.2047182312999 30.23897937810709 0.0 48.04318954096557 4.822070571732766 64.21180585195779 15.910371652155682 55.57588097241154 36.07019988572133 75.16532212055486 53.026824544054854 53.36661162581598 60.59205959515425 39.0418936205748 57.652661945139336
186.2440313369758 131.93626259975989 127.94085504408095 154.44795092367673 85.75843570150295 144.55229852715675 54.94880125769521 145.8027924637241 12.393682455807891 134.20351320138911 0.9003594380676532 88.16399886332249 0.0 31.222365798785546 54.52822139887317 22.185109531379638 101.92203898374238 0.0 136.2197545304075 37.214901724865605 110.85505821924558 87.42702411567464 186.2440313369758 131.93626259975989
0.0 79.71774650598005 181.01555504876404 0.0 234.34286207213756 155.8762187580259 95.35156675029344 227.33584895594407 0.0 79.71774650598005
32.31222295361911 59.103310463182595 37.46318475443809 0.0 73.55132147062325 57.43230666875108 90.94575484493754 60.88557424177735 179.6121820167554 84.76103731249265 131.42797270974805 141.13990854572228 74.09779856865268 149.9492650009421 0.0 167.7787677030675 15.062903119599184 88.13954114577167 32.31222295361911 59.103310463182595
258.65102694792824 42.627796647233666 343.56537823469796 128.5691994291484 256.79357094849337 214.1098529124241 151.83187311165437 238.60269046399242 0.0 132.0493922910677 137.71420202469488 0.0 258.65102694792824 42.627796647233666
104.10798264151721 59.553489529751985 164.0235201954385 53.61130343111715 122.03464090663846 83.85278114486348 96.7808392359762 160.12615553185685 24.090571300405315 122.7223094759215 0.0 40.53222422490262 72.31624436217953 0.0 104.10798264151721 59.553489529751985
101.66532674917424 0.0 118.33156427839957 84.08929706112902 33.87960462246694 107.13176864645685 0.0 44.22942810212882 4.3945636037282725 0.8746187923748181 42.744280378807716 6.705520288858239 101.66532674917424 0.0
91.31707456875068 168.52095724301972 58.50931382808682 139.19643951661752 0.0 103.03270528532882 66.77256608947354 59.73570276642539 82.41955984846008 24.082131134611913 123.61392757122184 23.926802316025118 150.0966602862434 2.9246316338824414 176.6916932208825 25.11421951252418 228.3283931530902 0.0 259.1495378065349 34.41355915317556 241.83295117708198 79.24950602022084 230.54435988389722 108.711297234878 194.79880617483482 116.91155369124013 209.2403640166337 184.03645865771975 170.87502941946542 218.17484292611914 143.54287278449831 128.66009298804764 91.31707456875068 168.52095724301972
51.21707481049451 12.06263949254408 39.01683160774485 21.82691857359191 41.95743930747717 27.34031437801754 39.770917284547664 32.89254155064397 36.40595610561476 40.066489445292206 28.63478852047436 35.61094246988253 26.596491841235633 26.927009086511575 28.282643743747855 22.369482849790472 9.590827296864688 30.79692723648634 0.0 23.343212753407585 14.423766964886397 17.287508855621553 9.188299237458367 4.463405955619436 21.329328797299397 5.952761837337974 27.84543422619268 0.0 32.64300736561238 10.838751845806456 41.60752992720053 8.438265922232631 51.21707481049451 12.06263949254408
139.04846515242568 35.86671103179152 134.4660564024933 60.74924245023458 133.34023794694195 89.72804820346002 106.1159698119513 99.09229969387448 80.13102802234397 89.34227112841313 48.74477463013483 109.27583823035897 6.566942427161763 102.38949144821399 2.6160336267281252 62.50891120412171 0.0 25.81245492811589 28.99144959950283 2.5221535009661764 61.99559860228021 4.275107046666307 81.31897614854293 14.30499628880957 104.54072076023172 0.0 113.05288757735146 22.841651769385884 139.04846515242568 35.86671103179152
156.9727385042424 0.0 219.88227999395252 69.24740920781272 296.40015701442155 165.33262209577745 170.32036012342542 188.48178375948683 85.84918893490439 203.5096659792597 0.0 125.51623323700827 61.34522264260926 34.11453141667414 156.9727385042424 0.0
52.65327277516377 77.78723202086076 31.571869849611403 70.47690016843839 0.0 71.19339155224247 19.640385325457814 40.949271770138395 4.006154902325875 12.691568124951559 39.4736756022875 33.24682321718683 56.995373799255376 0.0 77.9511440816882 17.27624497847151 81.01080572719553 43.10269138150028 90.76078662189032 78.66502414256428 52.65327277516377 77.78723202086076
43.5304062835109 48.01424910254633 0.0 35.344426285558825 24.002071514613874 0.0 61.61486992948025 10.157885907747385 43.5304062835109 48.01424910254633
209.94015564084089 41.124848661138955 282.3436634661068 20.119251028110696 287.4971717002868 91.61206458780194 309.7969403556134 135.9621685920592 293.36853352679486 184.4221834375811 263.9578254775744 229.11425381827928 226.4569902240087 304.6502210571511 169.42397804560733 227.14004591554334 102.15610175432462 252.64295799831982 82.97512666956953 191.52402450073154 0.0 139.11167062276223 161.83017555772932 123.42812111203948 122.12967265287045 51.853215230112525 158.5395605447594 0.0 209.94015564084089 41.124848661138955
0.0 36.47168351411028 96.2341578837074 0.0 148.3745004039912 47.06411185756599 205.27872999037902 118.10929354853172 125.78965847013733 201.59885784639272 46.58494795606854 130.42782430362928 0.0 36.47168351411028
49.36590526618045 0.0 80.37143611847354 23.769404731046826 114.16240388324834 65.04359624486489 76.77283515400359 109.62247762836301 36.30082569817927 67.98356733014592 0.0 57.079486012182606 10.620078876216184 15.84875041541897 49.36590526618045 0.0
153.80081316815426 45.592125997561126 166.9672041220524 76.13027224701582 143.55490202911602 100.16077005884662 138.66882242484644 137.3901316150601 101.50566474988797 120.52207931947834 83.30926147565576 108.44601007978864 22.144074332691233 138.75718709580718 60.83328347896581 82.23091142887895 0.0 47.78332682414272 77.30227961302829 57.49116848441351 79.27885028598392 29.919485927755346 105.77708793635703 0.0 128.11466839381694 29.34367322357359 153.80081316815426 45.592125997561126
