100
0.0 72.21039009061668 4.85066244982508 0.0 69.09485119205287 44.32918637442593 64.57515485435434 73.43243437494287 137.32509332037716 114.7491199290915 66.01210892778899 110.93985841395914 16.402019694564608 123.76209857680482 0.0 72.21039009061668
263.98826477136777 188.89012958995738 181.12828838656316 174.52402277810063 125.06415291536521 233.8414658196089 89.98541437703193 165.35441392361696 0.0 115.24681340841492 80.50843819899416 56.706191008646535 125.73276177604441 5.6859465111667475 198.04191159290434 0.0 297.5358048018262 16.212681905135938 252.15233838001492 115.30813029019895 263.98826477136777 188.89012958995738
88.17422929533677 69.7080561138223 64.49501326084584 47.78354196995517 59.09511728771489 50.35087612754475 56.33415783717944 42.10236644889493 48.59510866570964 43.89826549646098 24.277533914531986 44.694577759590814 21.295914730126604 30.561242237157842 0.0 2.1896111560862153 34.45666311768432 2.4302832202390334 54.304991525377496 15.035930839167591 62.807991382998814 4.0376012852646 78.6142031166379 0.0 99.75179248373087 2.7439619633093173 105.84639791573818 20.86707809053921 94.17202734236523 38.255196861534685 102.20421217938431 58.00279914146948 88.17422929533677 69.7080561138223
0.0 101.17228027611267 42.18728060831552 56.69985969057619 79.82256525488631 0.0 147.06140053787408 5.557901671999389 142.7638132936142 121.98632466674465 285.7231885251315 37.61569028147831 147.82097263675098 137.48257097297125 189.765017281552 158.6677514200054 186.47536903747746 193.4716475635861 139.49998022601864 159.26506010605684 120.79986090822345 263.51334309561594 58.287513350589165 266.4332287312984 132.0078192114989 139.59160173275006 30.29093365733121 154.6576751628453 0.0 101.17228027611267
113.67469059060322 139.77375190186538 89.6906784013731 108.90281155913013 38.98628982627008 179.80843335920457 63.647881251183605 97.69037664895566 0.0 103.57077110460216 3.769391574523212 67.93962940357397 39.612415089071305 48.597911983355445 28.380861123512176 0.0 79.49097924322702 37.70389532193349 96.23174580306328 0.890216060777945 102.88441153838404 50.945993384396814 170.4114728331086 4.293470351837001 160.26399669585248 49.811546309886225 186.84361451960098 80.25577774555883 148.5094718731822 102.37249248879473 147.32690740859584 139.8998067301733 113.67469059060322 139.77375190186538
87.61788398645021 9.322872457098718 96.74281819391506 32.55835205889006 142.1065650568138 27.173513524502077 141.76471461960278 60.061668814596224 148.05156498151536 98.05810015935532 118.64140566831429 122.5323028343586 82.88631226189939 127.10790763630254 44.30876603125449 128.61335686913674 30.779144380325874 92.02351220908832 0.0 69.21956384848198 24.16020440592078 36.39600028523065 63.2188697224793 36.73812643135019 63.574034055081555 0.0 87.61788398645021 9.322872457098718
191.3668324103968 0.6345090437532548 160.57666253639212 129.327182839797 77.52582524807082 110.00082691658699 0.0 78.68550338276482 64.59216531738642 0.0 191.3668324103968 0.6345090437532548
114.79552996537205 53.54632896396673 154.632496862262 58.72805168879841 170.37580834703886 95.30610486179798 115.58203083567892 115.792912672513 130.15393340346418 159.6703931232753 88.91643040410392 128.88299588203733 62.746126360466036 167.39401764455755 27.097770642725266 156.17460306942218 0.0 125.29257023789745 18.009057814623617 88.90154074864492 60.199388578071506 82.04159016883246 43.85294157526619 0.0 90.0107521834808 33.03282939520999 114.79552996537205 53.54632896396673
177.0155092249047 133.9146968307585 148.36735198400714 192.88268544833855 96.31699136095929 166.3647298414098 54.95583412501885 141.07626419797435 0.0 101.64738946341942 0.7540012881212022 36.2846112496924 66.38878078166825 12.71709941832546 111.77056984723652 15.393317318085842 149.97382460102864 0.0 164.68820325879415 41.718173799205715 259.00484578037623 50.20249497069803 231.36534294230432 112.3578216727787 177.0155092249047 133.9146968307585
226.5162276997712 208.42940374895147 149.5758661910777 192.0181577772742 0.0 231.90104192619452 134.71924032154217 99.16038075280329 68.47647159987275 0.0 162.14062321221775 17.88683105992976 203.1810986289392 53.225790550463664 274.61688723548855 66.97761448218458 267.4351378340652 141.00424419168786 226.5162276997712 208.42940374895147
159.62050525989304 70.1943893772463 55.510963303857736 64.24875451115597 0.0 5.060393099482724 80.53357204362189 0.0 159.62050525989304 70.1943893772463
43.83712981874281 29.574487128242893 34.140932098514156 38.0367590603949 23.11249639090289 28.527507420064182 6.398279247874612 42.030465369552246 0.0 27.04977885865125 1.537367607761965 13.220914658463059 7.767675507825643 1.9730103318275383 19.773842407360405 0.0 28.280611288898157 6.06400921639721 39.36066855187268 6.164407824337786 44.881053581257206 16.368822240219913 43.83712981874281 29.574487128242893
186.62857419915517 0.0 334.4595513467442 136.58203722836737 270.02857313903826 294.0824212464199 138.2208329415322 254.18793022860552 0.0 124.89456664889522 186.62857419915517 0.0
15.343800197244548 56.54842636597178 38.44749937113437 0.0 80.00664262293216 48.74272761813998 120.93255542413266 63.09860424315441 131.48379138635988 119.02392623491073 73.45109581993108 117.51245472133326 48.91232266863675 107.94995099215679 0.0 102.91725807305691 15.343800197244548 56.54842636597178
77.09599135827469 72.17365499390978 43.59730326839841 42.76158398036043 31.42626055112499 61.32709631254629 23.34058098095388 47.35293303570286 0.0 31.07910807995077 28.4551413689314 22.826898229204673 37.8672955126814 9.566599478724555 62.160011667917566 0.0 90.11730239240242 13.470610033904151 89.11940508960183 45.67998545294709 77.09599135827469 72.17365499390978
95.57086982155306 69.84423196208634 0.0 62.087313926266404 34.363904880996984 17.980152898735284 70.98791262431843 0.0 105.46671569299552 3.987633353426517 124.69107710642831 27.977305851712458 149.10766510189114 11.907673880933345 207.17760191616955 1.8114664860814003 239.77994672980097 45.0615055213858 195.21920750799762 83.77647014018302 184.34272152938834 122.7367132612886 149.08631845587132 147.5857997716327 108.30345166125757 142.5567076004127 89.79899557458742 101.07606427494463 95.57086982155306 69.84423196208634
57.91788479700314 95.46153027257895 0.0 50.45203530996034 54.05369156822445 0.0 80.60699288000964 42.4296860648175 125.59616590506164 86.73257394760634 57.91788479700314 95.46153027257895
0.0 44.54486269773834 16.606611295337103 23.16920460438662 8.443625321429593 11.157154219437231 16.426489668317956 0.0 29.089069263157512 6.966073675753492 41.632783359423684 7.793082142145636 48.55436595969586 19.775666209282477 29.822041597403256 24.139991908209012 34.04308529513109 39.261709830854016 20.58379116807501 48.056594369351586 0.0 44.54486269773834
3.953168235633825 91.20511068234288 0.0 52.82090867983594 23.409876811596924 26.524643699334916 38.13287979632885 0.0 67.15797412979583 4.225027096005306 81.18018866757285 28.821428998754982 143.7366812469485 5.338526258809914 115.06776228421523 50.082374357728156 113.78911959687946 74.67136318692383 112.31559753997874 119.16673562467025 72.31058730426527 110.51845539087148 40.661660095943944 105.23034842672914 3.953168235633825 91.20511068234288
53.196291052746005 32.22284709686974 144.4507078362743 0.0 187.7402286688622 115.43505316417243 294.2582847978013 87.1573058136341 328.07389407426604 173.6283985224621 193.65566156422625 192.5821868716634 194.15470918157078 252.35110998116005 143.98456999537046 257.7664239813968 77.09944205728118 254.56188517929093 97.32731208746415 184.2833603186093 0.0 109.9262021047979 53.196291052746005 32.22284709686974
47.17919604680009 29.015132898480516 90.71710118668972 19.501553719657537 140.97597018184547 0.0 160.92375959164661 49.288489061394614 189.73420119491 83.12968424798774 169.7790534138053 120.57798762863405 166.96734423450664 171.30699477575638 110.42785514754458 137.1604036438689 96.31427037454598 112.34667904169208 9.658712563662377 169.56199813440065 45.616039858563404 102.53644570761902 0.0 55.43885351802936 47.17919604680009 29.015132898480516
50.608112429173644 71.3713084836709 3.5984940824150726 95.54561657654475 0.0 59.59027142508891 13.244092165784537 31.6075302780039 14.181475248132358 0.0 52.89908772682989 18.607191398430196 66.61834658923148 10.588342853411326 79.73229457953035 19.065497074350468 115.01646229859942 17.339521136178043 97.30528237826468 45.34396367200576 88.31184740739124 59.07568518642713 92.01230673078649 89.37506010895666 66.619633231466 95.79325449422623 50.608112429173644 71.3713084836709
207.92008551497824 28.536225688079966 204.0217401661643 66.74174625505916 272.7043407049413 86.6500395334433 263.7647158231414 136.03765490021013 229.44706692484687 169.39467041365307 188.93284674063364 185.53869157312636 150.97569502196177 199.85902718747477 115.94216293721922 181.61088222055915 118.65242666647538 126.37502050183636 0.0 160.86527159077664 41.27372820582315 95.95098770313498 103.39168297796351 76.68302467222117 77.11681619607589 27.96145327293985 105.00832843297727 0.0 146.20915856127368 38.794409220802045 164.14678276983759 48.62631392512935 207.92008551497824 28.536225688079966
8.30243387651484 10.3452012172513 95.0561276332059 0.0 156.4741009947374 35.30561149689818 183.28122048982104 97.48387996528305 124.50592335115027 124.61882582011785 95.62182016948694 122.60775742877996 58.493005551104574 128.7379070221912 0.0 94.08872183093754 8.30243387651484 10.3452012172513
12.723479833764891 31.594504088663314 28.686471104295023 1.591056025793577 61.03629081603593 0.0 79.09230239445903 42.608278317882565 105.95049592697757 25.485125396530627 140.388793063739 30.775586284496228 118.73048998493772 64.98738874805674 109.80255607428268 81.96844993434979 136.84001069498103 131.3729060943767 89.26955628850723 109.6462095314561 71.55650003340816 107.48177864938245 53.4712508049701 110.44086879503024 34.25375498432496 103.68005258084958 0.0 91.76703118492436 20.336986277119884 62.77068308077993 12.723479833764891 31.594504088663314
170.1631251245771 37.610053015129445 140.6696040000303 72.34645182612675 81.3113210876071 54.63146333661616 90.67288386356226 99.86504839219498 62.34553682905056 132.97163389466945 19.427926224137238 129.69605513636137 38.42437603020997 70.81104359237307 0.0 55.967001926701606 36.64646097227414 34.3951449895093 28.44724074850918 0.5470431319017877 60.4779245976936 5.838871072918543 75.93310545651377 48.85654115701907 105.35100399530197 0.0 108.29329544408839 28.332566799450355 170.1631251245771 37.610053015129445
0.0 105.76069516102757 133.19331321275217 44.24129980504438 279.79866712339077 0.0 365.6230547214667 182.85583230620998 220.5872478792515 296.7699160528007 137.76250621522445 174.16289958091386 0.0 105.76069516102757
97.19308190530272 65.98654476560424 37.74193550016733 76.84147983073407 0.0 38.70680648812117 55.3069661130491 0.0 97.19308190530272 65.98654476560424
44.421777755763586 13.159288133704877 51.14527749722352 14.185632387828804 52.77598705376238 20.948804395164828 47.17562013536241 25.7732835038355 61.822591861075225 41.97814483953732 50.63096430591803 48.5579801065648 39.05912989834364 39.304271265352966 31.870893895220007 37.34063557917234 17.19703222936826 37.5299433552166 0.0 26.38248467392367 14.315967561813522 11.908568607825103 21.76819202288256 0.0 36.73834233528591 1.99226992308634 44.421777755763586 13.159288133704877
0.036532029747363026 31.706163836958865 0.0 0.0 47.71444565750413 3.443242864273799 21.22105511969741 39.785457926140694 0.036532029747363026 31.706163836958865
242.2995977276976 121.3916079616588 211.52924805365214 221.36902183083248 120.22262810722793 153.72761745386686 0.0 152.66590521855312 93.85940283958925 65.27779620653776 132.48488627551706 52.892839016072585 180.54871355374829 0.0 199.84962496363613 62.977333366130395 242.2995977276976 121.3916079616588
56.60827669160889 107.17126567084345 54.7949658876457 32.859315400653585 118.27948712993796 0.0 182.72726632166808 19.553637472359625 166.98145387054257 111.32144540691806 254.3122456809455 133.9141630495211 323.1173200649283 237.13968478078618 198.9383284546433 248.90473841746805 143.690946997238 273.74723935052384 79.82750792833423 271.238620440969 0.0 273.8767080354885 10.310394062403617 183.25956668898573 15.477702097575985 131.95131126821775 56.60827669160889 107.17126567084345
195.94615927377768 144.553372813905 171.21671610805106 185.18677025788224 120.81774270305264 204.93050434937317 84.81632063612963 168.37322403685414 47.22900378591601 132.52018416472345 0.0 77.68307358752323 92.17854779901991 45.39221343504444 133.9303510086265 41.71889983329369 154.37648624411162 29.95096752676438 183.87672428755866 0.0 224.21325938625486 4.238381507214939 235.95163545029874 44.51797546212162 244.92983272256862 78.04255077016352 244.62486763825763 109.57366553444632 251.80860561730992 160.3279818459347 195.94615927377768 144.553372813905
0.0 63.90442814213857 88.84743031913062 30.79896206820689 137.43699429356568 0.0 196.63598179200562 34.47518918254836 211.85054934289212 122.0707337466399 136.69011674737874 186.51319033454251 49.67646281145156 142.4001226239717 0.0 63.90442814213857
25.06590071151828 0.0 67.61361746470699 8.88012178021355 98.63802213628212 29.589840587564552 106.70088729617211 75.7197547754236 62.00408734541507 92.33981208290184 42.24187148277889 60.51074382240152 0.0 42.743515744929695 25.06590071151828 0.0
105.25278529999835 141.07532751191832 77.80890350782238 91.97597954735735 0.0 122.23181268477975 3.346927386825783 62.56053347269898 48.407850968045516 37.19397476627745 72.33123448133634 7.271570316035088 115.18133341825319 0.0 118.2179418287304 49.917514459325716 183.04518473362998 75.11465348180134 156.59269935922669 124.08440317661322 105.25278529999835 141.07532751191832
112.63687598245882 53.27378514582429 131.6805927063519 71.71869317941902 132.65352904549286 98.94916448999871 115.03963866366801 122.01289483618962 88.733643763403 130.07059375167157 75.47357577909473 68.88373467286142 70.41456972900828 69.53843689487282 23.902307473099306 93.72192044008938 0.0 72.44221479791526 47.32138293585189 52.45029905425595 38.00922476667494 32.21682256896085 41.698418807571244 3.7534339416187663 69.00586508968543 9.432737921556509 91.33855427743056 0.0 119.35857007897407 0.08600492644315239 112.1782055931004 38.271629191058565 112.63687598245882 53.27378514582429
83.33235761666214 0.0 162.49218266922537 25.10195332399323 144.17397466232265 110.40268427992996 66.44352491931863 133.17050098170907 0.0 53.37798519626233 83.33235761666214 0.0
51.95115676865939 77.45444979929573 0.0 58.05592717978226 17.213424664512956 20.759442395274846 36.67517068423622 0.0 85.43100188621523 20.25939948712113 51.95115676865939 77.45444979929573
150.80780328750595 0.0 149.89093661879716 69.38548121214174 215.45917219845904 157.35932828472724 115.94674821824903 136.7564563126309 0.0 173.45480348043262 35.29401044307599 61.37150683823718 105.67747066779056 57.31210931590202 150.80780328750595 0.0
243.73219072158983 162.85103329765383 181.10358295747093 160.90932085575793 164.094219548227 214.8541613523202 117.64453396381732 206.45935501820168 81.550442699884 183.5683069352308 0.0 180.3463668912371 66.37084748142689 110.95614755034029 106.6526108835792 94.39713936057304 103.90262736656763 65.36499086086764 123.04212988133055 29.47563999718244 166.85578200672742 0.0 178.71196072744166 63.881158258935294 242.79013756082028 63.04816057920191 201.98527529677403 111.91475838379202 243.73219072158983 162.85103329765383
72.35854695014231 140.4920138855287 0.0 38.98712836559068 116.44948925382656 0.0 235.60624298046454 2.069100760158065 263.4381141086807 120.97625827466071 175.97780344743398 168.87138738791722 116.79706826497656 191.69815420520115 72.35854695014231 140.4920138855287
153.3567164579756 74.73003342144165 51.94347278922206 198.4323248457406 0.0 22.031275249946454 143.5279257766042 0.0 225.73043558746448 34.024450370019565 153.3567164579756 74.73003342144165
19.382704194780985 55.796458122752796 0.0 47.953468895571746 31.256183242192037 37.87961925220635 29.656019016500295 29.924848371127723 26.12081476973998 0.0 43.99935846792761 10.013402240876587 52.75502167573583 21.429750852008937 70.21918658181549 21.179724847916262 83.41659968437833 35.30802860075532 58.48395712137538 46.83740286459006 63.54443676563676 62.881844659031955 52.411301232111285 70.02196207332013 38.31039130686524 75.97452305285329 32.959660774734786 54.78974210081641 19.382704194780985 55.796458122752796
0.0 43.86851558906811 15.671633490680023 26.341780352393272 16.682819038145553 0.0 47.640964222837525 0.8425977110657072 60.5240572351116 28.869415509414978 40.4483903614496 50.0439781838317 20.42964784439667 53.26072249859604 0.0 43.86851558906811
35.488785165502435 29.562868322762057 58.14750557909406 0.0 67.71491331621915 35.0219854260944 85.03623479548287 77.17591437892192 43.30562492651646 63.58293843749796 0.0 55.617215045967924 35.488785165502435 29.562868322762057
0.0 0.0 112.36609746548564 11.90817610718625 94.32496184204655 151.9952511199833 323.27568458074256 151.08713776546188 270.85207695207674 297.7945506497344 113.22753467440492 242.8775040737543 81.90385172492402 174.38196938629986 24.403704035934936 178.4164159286952 21.404361249758438 127.29262235555177 0.0 0.0
0.0 64.31721813637326 48.1109615413111 49.27732704311954 46.5388194059158 27.54304955054893 57.979199102159996 0.0 82.49263986521416 23.017742771680503 90.14334251474784 41.131454416290325 119.56769101160567 30.157308751237977 127.63873244909774 49.07827491868488 122.55407354687003 69.16035257621537 143.8503676066308 106.72194624657418 105.56546838469644 104.47287852378655 85.16649586184877 111.23701538786013 66.64674535471919 104.74825922492151 42.113327827174686 104.93039910800526 56.43272400597078 72.80351881649925 0.0 64.31721813637326
93.68680088276112 116.97082751646849 0.0 135.2623453163899 2.097719500420723 0.0 147.25947497366212 24.209251721800165 93.68680088276112 116.97082751646849
7.948591179926979 86.11021468409083 57.22871869800085 21.60285722190794 129.47400181607088 0.0 175.43020856801292 57.69048165631711 247.7329174441348 70.39380309815208 238.60817382861973 138.71856844103883 162.93990900797533 138.742741941768 150.0064344839903 208.1557656343566 98.01704766269378 186.41519729031407 0.0 175.72584401253295 7.948591179926979 86.11021468409083
70.30589663601125 29.89088861123343 77.77311694944564 40.39358217196459 72.57081614957352 52.239754576833086 67.6620375926185 63.26424665338572 56.09994837669661 69.73256042784331 46.24092616072678 47.109669057304565 43.2789284764473 46.68355916759311 13.172631640381063 64.23790377530918 0.0 50.39417173995418 15.036430920550707 34.25824694489747 9.993008954422145 14.44020656597106 39.4682450085057 28.246127638330073 41.29074070041178 0.0 56.815339180594 6.287445904141613 71.09843198303972 12.358955252638289 70.30589663601125 29.89088861123343
0.0 33.06715929525328 74.1143752645235 0.0 149.9943942155179 19.255766842867082 131.90227256119744 110.88042456996828 58.080542668179916 85.86254389187167 0.0 33.06715929525328
0.0 145.4555066486347 9.285722040205314 51.374640557259596 95.18524365286163 0.0 173.48992731724385 88.6879508153515 174.0634784936907 135.36361478328126 318.4845573671837 85.59272848011103 250.16503285131768 159.21446714800146 253.13002699919838 227.99194214215993 180.27636710451603 188.97647183018438 117.57889160782315 269.954817143372 99.124047125436 188.6238764552966 0.0 145.4555066486347
60.82727758148242 0.0 84.16630591309257 50.24201539871889 42.0900950722647 77.08469286553864 0.0 55.22203403890795 16.613581114547458 15.861496165000702 60.82727758148242 0.0
194.2085737387629 0.0 210.27655348754368 83.12542630364152 190.91195310492122 148.7330279403339 105.14369219042706 174.8454947903556 0.0 92.49422624149143 124.80953890218152 49.607985946782364 194.2085737387629 0.0
19.586589263987747 45.27705701610027 12.58973254150392 29.832594658209075 0.0 12.577038495121357 18.695638213632265 2.865432630482914 35.73500442845068 0.0 53.59683084897016 10.105908463522496 44.08509503596677 28.240252662510628 38.745502443245655 46.7263413688969 19.586589263987747 45.27705701610027
131.14007071517693 0.0 169.39234477956137 75.01952863341893 250.759004525273 27.151075637958044 208.41327181123606 103.44874974067363 314.196245561538 158.785542372898 217.5837137526616 174.82257443521982 168.68585024123126 157.8502981280779 139.18126249054103 180.76416503786686 65.36066172372075 200.85569811029893 55.54206780928219 136.60622564729488 0.0 63.79899342416334 122.09790725467496 75.47589085363552 131.14007071517693 0.0
45.6071356448026 0.0 179.13162190023263 67.51477499879981 291.3753640494176 53.418396415664205 235.9300634794659 146.46691163779553 175.20269811894303 133.54544815270327 159.30655013522963 146.26599213269603 0.0 149.17865447978505 45.6071356448026 0.0
179.457466241058 24.436475341594907 315.1808284458998 166.39442774539071 113.81191374709452 165.44001464868123 0.0 82.10045861046652 107.91714045692041 0.0 179.457466241058 24.436475341594907
160.47150691886327 141.0077539659777 196.67609657274176 244.54044511385 122.66092017667222 192.11586353112614 78.33151615011451 216.75021657643083 50.695355705804445 178.0916449428904 0.0 158.82995077415148 57.593082407179 107.27822496796992 18.231953015604205 63.7386925794722 79.95200632010665 70.18928177806339 77.26713761235203 0.0 124.5593122978923 8.005213807704152 144.32135330795222 53.71275924922773 117.39807209059254 104.99944782519907 236.3575802172516 80.84209059490523 275.2074915049127 140.50010092466061 160.47150691886327 141.0077539659777
140.5675940145853 119.17299253587748 0.0 128.67164494059656 101.1981252436793 103.93951988331064 68.31344547788947 44.5622220038979 96.63954939973647 0.0 145.2225919406361 25.414837803360072 178.14159684560332 43.17099990863615 198.98677277063072 72.76500428031972 211.53794951163405 99.63629220556324 231.60810140468163 134.25637657937506 196.8954155679733 155.9800959317447 203.48828243654677 218.0333022358368 153.3635796774471 201.2388352936843 119.56433065031165 199.62150900269665 118.29299666223689 146.92640447144177 140.5675940145853 119.17299253587748
63.16036527814674 42.52910222207157 43.49638384486062 53.45328559730585 25.915600627068642 47.38230797222235 6.178975249234625 57.92448921145768 0.30247037487879425 38.416349376102445 0.0 22.963935978002482 3.803798615054774 7.485699085285617 19.926130452864655 7.8700408578067 32.336864508499545 1.915411606571567 53.81724626876115 0.0 44.96868085243861 22.830898943576855 63.16036527814674 42.52910222207157
153.3580579531344 195.06923950611463 116.10495512644246 198.7220583243849 109.33249773436368 145.40637497354513 37.53174725353156 173.31150221562106 0.0 132.16280254257595 47.67637330192491 87.9315022223876 119.42228919510478 101.39239077615738 108.12531515150465 61.85117476200602 130.36393029860756 0.0 154.19227755959213 56.560873087391265 208.57946442985684 37.01610631770478 195.70377057801096 87.3944332446645 225.89003731307855 118.05019881627504 187.74225074977852 141.33698991365065 178.32023354059007 170.074476795801 153.3580579531344 195.06923950611463
30.104004175332683 38.8567562293329 38.079914243887316 0.0 76.42272417801145 10.279680843912004 103.2680055610515 18.45203085099554 167.93326010937295 41.3565291173563 121.13715009852646 82.88796867126938 83.18998609681843 90.81294663277676 41.28483688161734 112.23045521842967 0.0 82.1840205372818 30.104004175332683 38.8567562293329
164.60105562271764 201.32119502494538 111.88216151622191 183.14608541116965 28.25267825077097 176.22449160041597 0.0 91.46797464631578 72.56109470395094 33.84568174283554 143.14900938083423 0.0 216.03331800984586 41.63685499451064 248.7148259610031 108.43364780031203 237.8202541027397 184.41070536383717 164.60105562271764 201.32119502494538
132.24152518605612 43.863237400644564 118.94786675681885 71.7250739008061 188.4087823145072 127.26051098674242 120.57290006127144 129.4094558976922 89.64365567256351 142.31440159467095 62.99681596230988 119.67420539395187 35.089723769826264 119.75003721106006 0.0 104.66605127407621 12.421441418941384 69.92213507856962 9.129864872839903 38.33973014317286 36.9075612519506 19.618773619834784 63.764527298663836 13.887498459040103 92.28468788122228 0.0 123.76140821481872 11.997686316039477 132.24152518605612 43.863237400644564
0.0 144.23542851620056 36.47765929521965 17.8329543502983 108.07266886937359 8.807599916141577 186.0783753210101 0.0 159.0269730566947 69.73436496339772 120.94854287360978 108.98098578372625 0.0 144.23542851620056
116.76155876580644 41.53932064014772 115.54954545777015 82.26219049578359 88.98557066775336 111.50318257977948 50.47513190900942 105.74696027830912 34.82443982312016 72.40563046404658 0.0 0.0 79.71964965544144 11.475469930620022 116.76155876580644 41.53932064014772
82.67529263179337 24.51047443346163 111.3109106260393 0.0 141.42769413083943 18.913743361132816 131.3579325668589 57.3182309207743 198.63179983503375 81.23552829536115 182.7247200360734 130.83378065907215 136.61969490499771 156.2352154052058 80.92750360470866 162.84960130997325 104.08547649599284 71.13426784651051 64.97641967750833 72.72541805315487 0.0 12.075550624719547 82.67529263179337 24.51047443346163
109.36586313630042 63.816487293951795 78.76795355055062 100.79956408520867 30.02787176056931 99.0386834920286 0.0 33.36213599592443 77.54013858169378 0.0 109.36586313630042 63.816487293951795
147.30748199666138 0.0 296.41294817112475 49.717902643994115 149.3553768930983 194.2205037763008 0.0 56.149424196558705 147.30748199666138 0.0
166.21511677046496 0.0 176.02562806398691 81.16723207828971 136.34010252418818 136.77685148672663 83.5233425888233 109.58366510099215 0.0 106.96479943731846 16.56380856251974 27.036898182945492 92.56202918458177 46.991959445196414 166.21511677046496 0.0
0.0 81.20304301287482 61.01771780331532 53.81352204240939 74.24060812698855 3.045182777594462 119.72341760195773 32.50383537720912 176.22926096042403 0.0 161.0341604731455 66.25938429908295 248.94895642219728 97.53244354466082 183.3388323667763 134.42689443939977 148.59604558713212 158.04123769894952 110.16951514721032 164.51382595409515 18.62126734984861 228.9618864094775 63.616152743964676 115.17631991332075 0.0 81.20304301287482
0.0 81.98134516318177 71.80925234473703 61.77661028316518 126.46041910146727 70.64256697042899 158.41433419355192 86.80774956490981 181.9160797450256 80.38336659715428 277.5792040959655 0.0 246.99928539668025 96.9613969939185 333.7536608623048 125.37869708128176 262.9219748272214 173.6747675228918 247.7698718210404 211.3526198282594 193.21918437593834 200.69134487566126 170.8558671273159 253.01769998399485 130.60351681681698 236.33161286154612 84.85426618449394 228.15254302933042 74.7375948023354 183.35718891540213 36.33273868635604 146.39644486609177 0.0 81.98134516318177
85.72782700431621 126.80661867991404 67.90682771265078 96.3187871323054 54.85047184608271 84.18297241480752 0.0 80.6878644884967 26.331706996813168 45.436741077532666 33.215503357160195 16.280377328251554 73.97516287556837 34.32451156110104 86.57924545830693 0.0 109.5037483860759 11.233865735390857 119.06062149377038 32.84257739972656 141.89423064561518 46.67586412155669 139.65119212796253 71.43622036681325 102.53727107801832 72.28446542455043 88.73115439718961 65.35611356098426 85.72782700431621 126.80661867991404
93.48295879164024 152.28038314544642 0.0 87.14952188430203 102.36399117394706 87.34400901272626 139.20469156385693 81.76130116146349 164.39836702967827 0.0 201.94897103008472 61.35685827597446 270.8892743888828 36.91910661492443 267.72710315121395 103.0212160948392 258.73773814420315 145.50317224483098 206.41606973917536 163.03746804886225 208.2309138780342 183.60644697411786 193.86631327239238 197.12774048178136 176.75667688539727 266.23104071503974 145.1927903304459 218.5958745999297 112.00881770416038 214.94789796475123 47.607864159404926 206.23880496732284 93.48295879164024 152.28038314544642
79.78094120154103 48.447597526187394 57.40035664050163 55.040648983667495 42.214624533135066 53.16198770144881 32.56853780062744 62.25293297278867 15.660768929421877 68.28604258573478 10.86440858481464 50.2230966400906 0.0 40.26322865561541 0.08051573154691027 25.189797678650038 24.716240107909712 25.15979290094657 17.872668694811253 7.167804307813299 30.512219119208908 13.259966940921132 41.11089431968517 2.2867108634347346 57.914927902712776 0.0 54.534541780787094 20.06625508414659 58.519204999545025 29.69860380003186 79.78094120154103 48.447597526187394
170.03966588347154 79.70629193957879 208.99924776122617 114.38373849470959 189.6621030399558 149.5898034163123 137.052071974417 119.01134743498154 117.18019932457497 152.64709582083304 79.50491138026445 158.30165534073484 49.533065310198594 136.979314273105 56.343548609163975 97.42099663651997 0.0 56.80075282827458 61.25073306915553 38.624034558715294 72.69473819980453 0.0 116.71512905365438 31.408908916977573 145.37555934122057 8.452598483030314 190.53712122942875 0.5836697348937747 223.02924645779962 30.966613572731134 170.03966588347154 79.70629193957879
170.40949507040943 0.0 214.87116046952062 95.76804041397074 114.59426506847795 77.86732615213407 0.0 41.420546120790604 118.82281103899831 12.119149796193483 170.40949507040943 0.0
9.917439272913143 5.608181231573639 89.92878542891648 0.0 157.57054239842807 24.81399518509958 150.94426702604085 96.13156205150138 115.19519117715917 150.77415705650313 71.83472417943378 93.1867627972521 0.0 85.26512788261957 9.917439272913143 5.608181231573639
37.2130939448967 0.0 91.46139313050249 11.807406339516575 159.8338426988086 42.52603457267823 101.94271348304692 94.37794533979583 78.44962072270488 130.1153201074128 45.41761340125751 100.73257906091645 11.385611904229428 88.26387779242006 0.0 42.66166494647945 37.2130939448967 0.0
11.896483945988308 78.98429495930279 6.809882053809247 56.332034403137754 0.2011797998216167 45.111996553898194 1.089500506420464 31.908047381632386 0.0 18.897556696747017 24.623296953565912 24.743150063883235 20.418930118114318 3.3534900263285863 32.024260888221306 0.0 37.954056750645634 17.37716368054471 62.41385242271966 0.4954157297318176 67.0880308198646 17.53894784256292 81.71905483350915 31.919045259643184 60.4894864814824 44.58863618337976 63.66973743360319 65.5116465844406 45.56792559750875 66.44848432162414 31.818513121689733 69.87876547275596 11.896483945988308 78.98429495930279
47.68015658969182 333.47835993464 0.0 259.67508799113557 9.964675860315822 176.6464614161367 128.14595432186695 154.60106078570684 32.59840543686333 22.57273099034674 112.04719437511369 0.0 170.16233584876431 101.44602320681854 214.5078059483451 89.35447887786451 229.73433903450737 128.71996810423764 361.97055297039896 152.73675147288475 327.64392985786566 229.88811061649434 234.39713686241734 243.67436841562508 218.6319935158018 338.90462863266885 149.01159076015605 244.90911658240358 47.68015658969182 333.47835993464
0.0 135.31403971043548 12.838580525218362 89.77879288398502 41.13238743829271 68.81928738451408 40.11352416648489 39.3973316162743 59.301129694045954 0.0 88.61734668603856 44.5783963152406 132.3080128141687 26.32642525171729 131.72393940756223 65.52319865547733 144.9473475861664 95.55077584796992 103.67079380989412 103.25763443521025 98.12191437042922 126.18645559395341 76.81747017591546 134.8185839091558 64.793966620421 106.33896765330807 0.0 135.31403971043548
229.3899527594169 155.580362981014 207.4826245237937 218.0011467182444 145.88038280241096 207.30781917925293 91.6525062744613 185.15768656269205 64.64383333378633 130.68413504332852 0.0 47.53852288137241 109.7308074442202 39.2168823061871 154.57361825988897 0.0 207.7904632372188 21.41568911784684 228.23998753063884 71.05904350023494 274.9521347330616 113.54114704134855 229.3899527594169 155.580362981014
248.52879614464524 192.13221409444193 140.4189275007119 204.17104021001003 0.0 243.0077397846441 56.84413639047645 110.92211947876834 115.0572008214348 0.0 268.44975949214745 45.32966637008701 248.52879614464524 192.13221409444193
131.90133134716967 99.44806902574679 145.79365854324698 156.06748187290316 96.68392178855493 149.28183447700272 68.18344526177202 130.32088426880654 0.0 138.80005961523526 16.995932537154744 82.40648035206287 22.635528740036392 39.72739535757076 66.86516438682777 27.250522573240445 108.42917209218214 0.0 133.30179659438807 39.58869093872448 175.04074123762314 64.64715582617761 131.90133134716967 99.44806902574679
0.0 69.32023816938545 59.77852830316769 9.293668407115376 141.75577362346291 0.0 129.76695963176658 80.43746764385983 74.55658750254041 90.18101009462364 0.0 69.32023816938545
115.10240590583103 180.00876637981494 51.695312720273506 158.78505440239528 0.0 79.64978903128453 89.25189811656543 43.13001338061869 144.61315351103164 67.14136624646 208.9585987807153 0.0 176.57064403581592 95.23003416787688 305.8212482609216 129.25068803512676 216.55564281946997 173.2236866809267 162.94952236931368 176.08746297087106 115.10240590583103 180.00876637981494
131.1857100240306 132.57762060173994 189.76447700760818 69.89351882573604 223.16784357336462 101.87305339796701 331.3684537570567 144.26636984844976 176.6204546016983 174.61985517927914 237.27648919477818 284.94744465093845 140.4928839823076 202.8805457028396 119.94754505642696 186.7739351008633 48.935568615166915 255.90412520435805 59.35539776865548 185.93261259550215 65.7138483076582 152.1588091375362 0.0 89.10336316546514 53.409288525429844 55.853459630030486 93.17990247421244 0.0 131.1857100240306 132.57762060173994
158.06613921038203 56.736133830609035 185.48788674635352 87.68309139361217 141.00089327490167 97.26085179693067 130.73974830894548 133.40517964994322 97.25296392395471 132.99901741441784 40.76305326802674 145.85039258311176 48.36381223551433 91.06601128309104 0.0 44.13612207532219 64.48622471401603 24.972142276555033 93.60777191792019 0.0 125.13192608720414 20.068277742398152 147.7611575470154 33.52101906065892 158.06613921038203 56.736133830609035
381.40195260560847 84.25582370171094 277.58624891818954 161.39510943969776 327.1417113706476 241.34244603745506 257.7830840142924 266.82161923884496 190.81472900490323 320.5570351559579 111.25269599199495 281.89332048768097 30.37258367583763 229.48289863335586 0.0 126.1796103980326 178.1276102629547 126.75029164187184 149.0497601263436 0.0 226.82173044861887 39.63225843866519 241.57803175145915 116.04397108528377 381.40195260560847 84.25582370171094
89.97263158576492 48.101707226776 66.43517077508689 56.72359284965714 46.98397673978998 65.52029606609369 34.742944203104656 46.6115618937894 0.0 46.62020762694472 19.90661247915014 21.919313532863683 37.01243931491831 16.629310061516207 41.496480701665845 0.0 50.72910544890104 19.962255077844446 72.52629638537428 8.547437884607547 72.7910984107204 24.698927243556028 89.97263158576492 48.101707226776
67.45319592944762 4.879559762636987 73.55863295351028 35.22466935929809 42.77201009893133 24.521016806845296 18.083899941430232 45.74554583636949 0.0 9.032955974090086 37.79340707012645 0.0 67.45319592944762 4.879559762636987
86.76149678898211 1.9553154486865765 100.72038061407183 47.33302472965926 114.39683887146687 47.294486437058254 231.51550504295489 0.5121052074028256 151.7980064769652 67.36600801172305 227.84490502007895 116.85109547540962 127.20392018765507 102.6189260963313 134.87854163476112 161.55777840868677 95.98647409304296 121.53198795897869 68.87421629447938 142.4276483397137 83.51616141462767 82.86402615673073 33.5778969890368 102.08362221857105 0.0 78.72697368973638 11.09536600659304 44.99509197915526 24.596007151238837 14.129303061626473 55.12720115711775 0.0 86.76149678898211 1.9553154486865765
209.86826473580868 106.9852795073293 168.87928300355418 150.1624903944286 282.6464608625412 186.2304499948126 244.38317691291343 231.6563442417925 184.29348404231195 230.11509470014167 147.38329959453876 232.60040819320542 87.71976869075888 280.0100172407683 36.455634113093936 241.2391351073055 75.74280921727558 168.82740926252356 0.0 113.8831623881756 89.59788557908485 104.239986418652 142.05507877605785 138.13885419376822 153.44391316719532 0.0 178.98057608047316 97.34109037727617 209.86826473580868 106.9852795073293
94.32457102688505 57.03170201454894 143.1051416491728 85.74769658687389 231.54886652111685 186.0497210178176 91.7932366747462 174.54283906998143 75.56142875227137 119.15267594920847 80.0756851112375 114.06273115363847 0.0 0.0 94.32457102688505 57.03170201454894
68.56627389347449 106.19216368512954 91.38625056663517 0.0 236.62425260205953 10.554719888603955 257.5199348558449 162.9103683183347 151.17619246933418 224.80217174912167 0.0 240.91859907005062 68.56627389347449 106.19216368512954
28.855136266244727 175.2202123643402 0.0 113.27078409579204 33.243804233260704 56.15179030087358 59.85820827529008 2.4306998901545427 120.64819816981722 0.0 148.45661860349122 52.694936441379824 206.67116638631845 36.96733465075896 272.1447860820669 74.34943170394578 200.72633232125037 119.97695045999657 198.57735835861214 180.18555305138796 145.964263775765 192.03079072729065 109.98491736092832 146.4044856722274 28.855136266244727 175.2202123643402
45.696397432059555 66.46180430222256 33.216237712570674 67.14738639576223 26.8528988237112 52.51237857020654 14.302864252427483 52.388138613234766 18.357563596903233 40.301649662764056 0.0 29.109451089220123 16.402502182019802 22.171637862791577 23.267349847705276 14.89071190677695 32.50066031083783 4.411430476953591 48.451873476630254 0.0 61.781508332901 7.799403842893746 61.04506734062757 25.430865982962068 73.39604516333127 36.89907527391444 76.3025574505214 53.883173980346676 38.086125704518025 38.9915060792675 45.696397432059555 66.46180430222256
