100
52.7548089940639 46.202857275201616 0.0 23.208166855828004 39.01653631609998 0.0 66.06385597519346 22.031521601198698 99.73380665129767 22.962787738399292 119.37249732529008 62.69247194461476 69.5724364309317 64.74554907294478 46.18790210812774 78.80816864653846 52.7548089940639 46.202857275201616
242.50661432895558 136.58068388318625 150.4306469606058 200.4494904944662 50.216090040387996 188.6821819233062 24.533123706102856 110.01723176141309 0.0 0.0 108.14837657187694 6.838551420987486 214.4798785023865 17.44333726648229 242.50661432895558 136.58068388318625
128.65775414040215 8.963438277381542 134.01371277624685 41.9033598653881 100.00137343253401 59.37095066873562 96.53202931906006 87.21070365736583 69.43448905936354 67.29702421905354 38.05540189383393 96.29802852233513 41.71618785588636 57.281617249560256 1.9318999858278119 43.3066595288459 0.0 4.858826004361688 44.30155779126042 0.0 68.28219562915467 22.207939592727328 78.48023559500024 24.57746559888305 128.65775414040215 8.963438277381542
153.1764582555784 0.0 176.9098030711769 85.73610781068905 200.52658635009817 117.5368559969256 247.80262898564703 147.59604364758803 291.8513662827011 215.93340222403094 163.5360085301716 198.30792577732436 171.98373615673157 271.34315995779684 125.15738078254252 275.0925584802027 100.93406770057882 219.9843965161159 14.295291395699422 264.1300122802413 1.4218709479804943 203.2798052978322 91.2199702715499 160.92542336508592 0.0 95.7439666747215 58.96265674482811 78.76810164397742 102.5459222365824 74.15314567102146 153.1764582555784 0.0
246.82278875608952 49.54480504051536 243.48146278269004 93.00333148457987 258.76607448142556 140.2567022596935 177.6122234003338 126.70332032303106 171.6133911093484 163.27191583974997 141.631428233827 175.0019724427935 107.12489529330652 177.28982927919594 74.74163725614193 161.3606466545694 14.696489275506792 146.34548938706786 0.0 90.6080468595283 52.58184222471161 54.587660656957716 49.498397498523346 0.0 112.5126511449198 21.843742325722985 142.08991207419672 22.621632902387574 149.74750479658636 76.81378364241613 211.2307931161466 22.48208500791918 246.82278875608952 49.54480504051536
149.1415970591388 4.120257661336765 194.20315290993148 0.0 193.88988869438967 92.11359538312718 272.722152268269 38.529765522766525 215.41560883015933 105.66272938011367 323.9254933113243 132.06609982275074 343.78615705968724 206.7437368121878 241.71752690294517 194.73453616880602 214.26164200938342 240.78456737012192 179.0618249143356 132.73624256938666 150.652550240046 169.53377202605918 93.52179610762121 186.84978603211934 0.0 166.5810578460166 111.36002741918739 107.67058676353254 51.58966708029658 43.73875415901438 129.69029485415396 49.48190741370931 149.1415970591388 4.120257661336765
98.77518375569684 177.23453726797524 0.0 94.05893185719546 58.330786540117586 0.0 202.47119213886788 54.86349448353863 98.77518375569684 177.23453726797524
113.5656891246215 0.0 57.41051585936364 51.901869716367315 0.0 28.4600963340109 46.72387873306407 9.418240760864663 113.5656891246215 0.0
69.00089639364128 205.08024795814526 0.0 171.36438247394702 39.895457683909314 105.59183835011976 113.55660388943923 93.17552775473894 104.69841618255987 19.082606475328276 159.4593199658063 0.0 182.79411822315382 80.1848333338599 198.58374121812432 96.6356872075143 328.9177779651781 89.17207006994468 311.17137757412866 163.54913182065258 159.25258798818197 127.36325104069851 235.3505468056385 292.7762354160525 158.67231327806007 252.18910087140148 133.90520716134597 182.61243850447863 69.00089639364128 205.08024795814526
103.12855007067304 0.0 152.38440568851775 50.15438077475681 241.96928415209314 119.38147106106408 143.8469276973429 173.71095617803832 41.526266743568385 223.98476635256154 30.387312304164254 109.87979135700499 0.0 12.303829766802068 103.12855007067304 0.0
190.38363603162836 0.0 195.65980530940504 88.45249630677353 255.98948882379398 224.5997672016082 106.720585821843 192.77528889474752 0.0 103.05434398273559 103.85440728376972 25.40404903639778 190.38363603162836 0.0
14.627954286466462 86.8339391816806 0.0 2.811387375556947 93.70485481854521 0.0 150.3190927722179 15.19318156916458 199.2851615971162 1.0882590692004896 237.80494758866575 36.324113030447094 238.44754988255224 88.10623306391035 270.20321099564035 129.62993282639098 262.15226519898266 187.8367202302294 234.4323777890108 259.83197446856957 158.44420812661588 244.3372288471739 117.35649670378847 198.63306571861108 114.14278192270974 148.34773501403902 8.855905860663398 154.9221236855865 14.627954286466462 86.8339391816806
100.39079476613755 0.0 122.21424540536563 7.655888789442301 146.86203736832437 18.6373318405117 164.3893796387713 43.52342714235785 162.9779374810703 76.11379866229845 158.4411683987473 112.28853782232602 120.71693113058325 120.70060592562677 91.658996735857 92.39472700133533 60.49103216521547 111.81236344409464 26.253700588949982 97.11921808132453 57.67291348120162 58.562142586743654 0.0 21.315636121686588 47.759956798412986 8.869527146700229 80.463735323345 14.890536256757883 100.39079476613755 0.0
0.0 37.993185355545144 44.33928467950831 15.476554549062065 68.8656082387708 27.310536865791825 93.6931722652635 0.0 124.19274885612722 19.59402500007574 136.28877641333057 63.93879033376965 88.56706925531932 70.08187076143079 65.6225279888373 70.41181530291047 30.874181187257065 71.37866553601592 0.0 37.993185355545144
39.136050082680015 39.46707383910696 42.38870869662716 60.35742281924638 26.97405480160782 37.389579677126875 13.06564430494825 57.42245780975237 14.770149987225523 39.51999019132427 8.930634598859328 33.22707904755818 0.0 21.347762986490977 23.82225610274537 27.506724177111067 17.972670929334754 0.0 31.92296250466623 5.703096624646108 47.75260436898364 5.281173302784609 52.57805449597791 20.43903099570818 67.33109667407129 35.64327362620567 39.136050082680015 39.46707383910696
53.27327666156613 44.7315681940709 64.26457694959242 61.4395109280248 40.87755531184882 55.03015230435416 35.24926670310637 60.12326035462962 23.167578450710764 72.11799171343667 11.723707221837074 64.3977166232656 6.186665103082504 52.87513713773011 0.0 40.21110907465986 12.428527884431631 31.306353762232632 3.7069462037668757 0.0 30.70393890600606 25.94762294246469 44.98212015879666 7.046097693574126 40.30029511868166 35.45483933597427 82.7212224082576 25.326018078201813 53.27327666156613 44.7315681940709
0.0 0.0 51.68685128664552 3.766146284160378 72.17298951521771 18.830393710060683 97.9931438499271 18.33527625469349 116.31626300886884 47.419198329045535 102.66938811517471 82.88389599775962 65.37431055709494 58.396968535788524 32.89741593152203 76.76367505224158 49.585703176773436 40.42228267569484 0.0 0.0
213.7334353880417 147.85025537111028 169.68938328654133 244.3164501832348 79.06667926882862 195.8171458617287 13.217256987445722 186.43537059220293 0.0 116.39233686226841 37.02199530420573 64.24188332734126 106.39089184484675 0.0 254.2641307971221 7.657021701232935 213.7334353880417 147.85025537111028
55.32732760275793 18.280993820968156 67.11106775014997 2.112725430846858 84.3472928580931 5.908690906302077 99.84108964590882 18.66681082546082 102.8628781141162 38.85884363120517 113.02289691771871 65.61982565853359 91.2569342902019 81.9720724544562 67.00662845643095 96.61949028794984 37.59189586897337 92.1469161121025 33.26292317759905 59.65498306623444 0.0 48.16916418126882 5.323841929083699 20.330143558640962 22.953268482532565 0.0 55.32732760275793 18.280993820968156
190.98371070449315 47.808045208969176 222.18805639342526 40.18617079037321 334.5871857604741 7.949790842348307 308.2575636233706 82.85860257884003 177.4863736420798 100.57618184211479 314.3274980555703 208.4032571361763 210.92776242714206 159.13881753662116 186.11932569024998 168.827241972036 157.4527421600247 173.86996139309264 138.8324970417174 151.31959169788172 51.661820343185866 171.3722519341057 135.68253524897364 106.00667052922705 0.0 50.693259549907694 90.51882047345055 33.363898306259784 167.7552494179106 83.77047259066052 164.14445146676218 0.0 190.98371070449315 47.808045208969176
28.864339774128695 0.0 40.36569591856218 6.286580749089509 45.71624158476898 15.929875578552284 76.33652308989446 10.641578525892726 64.86032852537619 29.263678733441807 75.42959592211776 48.723672088197986 42.2190112627264 37.97879377816811 43.006963310961396 63.47014089016517 26.72907973374953 62.816352971295345 16.985310654594272 50.571248733058454 30.42444414507247 31.116941378383956 0.0 28.04276617273547 6.121449845598562 14.561573770120972 17.03525607996923 5.695810726229155 28.864339774128695 0.0
104.6114141244775 41.6221420697093 175.3597775851734 0.0 249.90874415107325 1.6317032833951828 223.92177012591367 133.14335547941712 363.79960703333455 103.90444495548434 332.9106877546744 175.77361292863097 272.70740898976095 201.2363146242117 230.80203596307496 243.22553694136477 169.5345468654547 236.88859879110618 117.4021324813969 191.77932618799466 0.0 116.75262291119672 104.6114141244775 41.6221420697093
233.06667000107774 204.77322089448577 156.1616993458005 215.6861028956813 122.567768614671 257.12279445440566 71.920425394738 251.08795398816468 66.12852486164742 184.20853497927953 7.084817080861711 179.45945992188285 0.0 133.33998369434127 47.81538930702243 108.13604418979145 62.912515164147976 70.04003453963676 106.04928073411294 0.0 166.25919917837786 34.574151625629696 220.81810484879088 71.42545279394157 262.00485317422226 136.03993589742316 233.06667000107774 204.77322089448577
85.55130632311325 102.20915092362091 0.0 88.19917939143741 31.93492007600669 0.0 110.27989125714221 28.278947174609158 85.55130632311325 102.20915092362091
20.68072560700851 48.48424737286659 0.0 29.027957150139613 22.20390616965453 12.25891861640335 47.56343183637041 0.0 69.07387940329227 29.071830516168504 46.2785332570745 53.67524697786668 20.68072560700851 48.48424737286659
215.22840694495784 43.50263181010919 221.81545148941703 103.86508941699635 360.50206944965987 187.05779423566065 207.2045099437735 177.9289901531262 152.58955540234416 276.4923587781842 115.75671308114833 180.27370091425237 118.69164479085651 128.41956479923613 0.0 0.0 150.37686764148566 22.607461176060298 215.22840694495784 43.50263181010919
174.9917592234733 74.4560268315778 285.0108109882467 37.78872788033465 273.434255865176 90.13663504815514 246.76392338370124 130.09062261439283 180.0902574311088 85.99207290845682 171.01846133354485 160.12376574693945 119.54822017211771 165.89321677461015 72.59644198505754 134.19203960693568 0.0 81.70489862710065 87.14592408029841 34.307911223268384 129.2603021404896 14.693548732010697 170.73394867189967 51.184894089201165 197.05153532523605 0.0 174.9917592234733 74.4560268315778
246.840459942395 150.553044144716 232.1539293722888 210.97370787307312 165.81956264211925 173.76140833807807 124.5328991532848 192.52165279481426 89.81715348939707 166.2359557831598 72.14803339678235 129.78381125513255 38.76406279786531 88.47552699728901 0.0 8.445597390914543 121.19426817230658 51.026998719605125 147.38353133750883 57.45293498851239 182.89120957045614 0.0 189.7078514314598 58.52353392423224 233.36505295856688 65.40667974222912 301.6754293132567 107.5519457142581 246.840459942395 150.553044144716
39.98672012256964 14.996696384112141 53.60251305263588 16.9175818466627 67.707712720333 28.913510762051246 61.11884069226867 48.11544046299085 46.470131625341956 65.32850817389127 22.846141178908404 63.5262328725569 0.0 47.99892781915463 6.354874511296835 21.204460131518758 17.304823265190088 0.0 39.98672012256964 14.996696384112141
43.043188871369935 1.7406485569121344 62.19271315445933 0.0 78.73655970961784 6.062083672121673 95.0517216009837 16.33304244042243 100.17715302099947 36.926632485654125 89.00075906758977 52.83587343364525 68.40929491015638 49.940218997313195 58.12006142710243 63.305721894669716 46.50266891785685 54.58499498130577 0.0 63.51556997566939 30.220307451929386 31.63986604985959 47.6850849850525 25.753765553897182 43.043188871369935 1.7406485569121344
82.50000695068863 14.319540145671724 62.46948010788512 33.260438127876924 65.91464224217057 48.16317666005513 46.85790058404412 45.70852808333774 39.182234914553234 56.09240948718535 21.792910365942916 67.44606752155319 22.83694465165911 42.7931885486359 21.554084209639115 34.10974015591586 0.0 23.45883626248262 5.256896199894385 6.622139053820987 24.19077415552708 6.328142181296201 34.9449500756579 0.0 45.14443693185413 8.4779119208969 58.238237371889994 8.976477863698847 82.50000695068863 14.319540145671724
45.06368396556242 83.30312080103089 0.0 53.11564373664207 38.62362616726497 0.0 100.10524542479763 10.66676126253789 115.76647205216611 66.54721574387247 84.19771471153005 108.34523508049888 45.06368396556242 83.30312080103089
104.88711641566377 0.0 116.51316465286213 68.92870983155744 186.433803368236 45.055609318256884 163.7755706494632 94.43251803320176 133.85697332309724 112.49390514799283 121.33928733225532 124.04020218676033 109.88954844359198 142.34831441519515 82.580044423013 162.16366753560902 74.38412224374976 124.79509913152853 80.52456339587236 104.28502473391698 0.0 82.74708807430729 43.579776810605736 57.86556563755775 67.47530260268032 32.12994140696969 104.88711641566377 0.0
42.30656540828799 0.0 80.78656161872902 12.519542679358338 101.9124345367999 25.869140972036767 111.0168610337435 44.57857811159036 127.1655846597438 50.35432624728206 187.32097615372538 60.42649996796936 140.28627324941294 86.48713093916913 144.80260411198492 118.48035729697607 113.04850587814566 115.92136090461527 93.53211543631288 130.03683791185466 60.3174017004109 147.27954913449713 32.570801734672095 126.79408836879539 10.727992529153312 98.33642066511548 0.0 60.77355635979194 69.94462628164518 57.539505508819175 42.30656540828799 0.0
91.09914254784742 0.0 140.9990549170186 43.90756378859222 137.57978383655407 113.79492953291637 70.61310186689978 99.99005059298477 0.0 32.701039332841525 91.09914254784742 0.0
104.92305044970102 189.92283197759622 46.837844036363066 179.9736674337055 0.0 127.96340404088428 67.37801884420688 82.19357586845798 72.42659184470338 22.167795166557823 126.74488698254146 0.7438387565970714 193.27304903666234 0.0 293.23491694514337 32.14278934660712 191.44187688978434 115.9508225487962 275.43520920073 227.4660613938446 172.50067848174922 255.37884995276346 104.92305044970102 189.92283197759622
96.56178081122503 111.36866170701859 63.063298199719306 120.53109557061524 52.72378185667401 92.80045641241618 0.0 63.36049177240639 68.00882611997189 49.1709329960202 59.239012934341694 0.0 107.79845980314599 72.61798913779194 111.79199981151505 58.299311199881885 157.27145898344622 15.034882360104724 175.82224917915045 43.12532414895537 129.68546388465788 73.71431779334321 140.99644331092054 89.7923141762 172.93138008283785 158.23867578638405 123.44318911501777 157.97171917382406 96.56178081122503 111.36866170701859
17.73192884144146 21.685095071914972 48.38341687065066 25.58699213455786 59.13462964263179 20.700197891874097 74.43191804523063 0.0 67.54897700439886 44.34275521979255 119.30274580393659 14.79764887203929 91.33664233277702 44.26519960739007 100.48077763180083 58.691856593819196 80.87567631441411 60.884892354246986 81.67527204361079 81.42397602244974 66.98238538740993 83.8174353124896 55.67313800740526 72.0291969960381 27.25860673516931 83.85487748018708 30.878413268429313 60.08022258996061 0.0 42.50291700429132 17.73192884144146 21.685095071914972
127.59547787730679 32.12849245556369 168.7886385913173 112.42448950388022 87.31502520061571 121.28664021821677 0.0 111.27874137738863 20.81124547469301 0.0 127.59547787730679 32.12849245556369
203.44530139401348 1.6138293224183684 232.17145185174004 45.371665881104775 258.6684256764779 63.439685117652324 250.88438422576252 101.49201102037986 269.4684014170218 126.4745163249453 276.7187466654909 164.3728083797726 293.0742854274066 242.11305435646506 243.9111658660054 279.77344485741685 183.45784549196094 222.9701572143921 116.64854897607688 265.49593514648666 95.90833094461061 203.42930463329964 139.47893380115255 138.64001585709178 0.0 107.83660053279225 111.8253904736024 81.01041199690407 84.52254832358666 0.0 167.02630318962585 41.50173140182163 203.44530139401348 1.6138293224183684
26.172781605455512 120.31198846447174 0.0 33.10380996153313 114.06613003232196 0.0 135.27550632556262 131.20965088354015 26.172781605455512 120.31198846447174
0.0 108.10970040304903 100.39035886027764 64.47655862155727 135.28835848915492 13.84380983983172 212.67854230435717 0.0 241.24101151301295 71.65559021074358 245.82951138555836 125.17058395070795 213.19461575867376 163.5942736554631 180.1514849819808 207.50409649578518 115.3676216206575 221.28066740005352 39.9422604869132 190.18032287399603 0.0 108.10970040304903
49.97675967847133 160.20327187062435 37.729863726517216 112.24805910264 0.0 60.30037851185456 36.16085397696953 0.0 106.31202138846619 6.168897734704913 130.03251823851457 62.59669138593003 222.77893893110593 94.79015467114144 133.14942955797628 135.45781114716905 93.1295910486221 133.59432623853723 49.97675967847133 160.20327187062435
22.618199842098022 79.48049180284417 20.23265670186632 55.6717312831686 0.0 25.33440654623432 29.971145505773904 10.15985438179392 52.69532912189288 0.0 73.30011787742919 14.907309728611565 92.62785103441246 21.903431125872928 92.85752904989567 43.026498790693125 100.4540014936438 63.00472001974231 97.51641692677542 93.25989956881921 64.06118219485586 64.43250718582837 48.97775372123549 81.64802311894462 22.618199842098022 79.48049180284417
146.28360064600702 232.95269697342735 0.0 76.96519508765347 197.2799278246523 0.0 366.22611104556256 38.78209702932911 269.0881977617943 172.8906153130584 146.28360064600702 232.95269697342735
111.41474546039481 24.214324842143064 127.15075522501132 57.87285183319971 107.67543329240783 95.47564370675954 68.82616894930192 103.62320629819382 22.785967949753456 98.84634679635045 0.0 56.71802532446434 18.52090447254585 13.075650408064028 56.0746768547875 0.0 82.12807946264095 14.916292351173006 111.41474546039481 24.214324842143064
0.0 48.94784963348283 47.64615996807328 20.692503828576562 111.44627423383562 90.77830896845808 139.48590091576347 0.0 180.89167224270523 26.700603862555454 211.5680217987881 63.88601742310143 115.12878515162339 106.62630223544456 206.37827228471136 151.31028522631658 146.04562447550285 146.81091342876874 136.84731339206752 209.2852402165106 95.89922763539093 189.22410990900846 64.60465939271978 169.07528516733527 45.153255490093045 140.98446400946074 33.89661546106407 106.13477550474862 0.0 48.94784963348283
34.75968072434421 66.91474995030082 14.347713700252967 23.306616522591888 51.65711432653532 0.0 90.53623185827388 20.629854866009424 124.9535862481928 21.204765167576653 142.2229031275417 51.006853854858065 132.8001451695706 82.57731639168176 131.96752062945097 121.36638821013932 90.9012699682066 122.03855260288344 55.17630667252766 131.01446269688574 0.0 119.34788395743774 34.75968072434421 66.91474995030082
156.04012582382663 0.0 198.5092446585112 24.208876071201217 250.63974873023295 39.227012407180126 334.1611803547685 122.68560254333812 236.28598316847552 175.84556512856477 164.8585644578058 122.34926053968593 73.42241663198661 162.88011544917302 0.0 76.09738130819508 144.94125601523427 53.987248021991846 156.04012582382663 0.0
134.53591784331388 11.866909968994513 180.4188777768547 32.32235028427182 153.90757915653688 71.9279901896547 139.41623752364887 102.45477741073582 126.30872542143473 141.2964390156115 77.85644547238257 76.98459624110053 50.5311133634675 141.9450205674877 13.339456681635738 128.8199705927292 11.597962824563552 87.47982864161303 0.0 57.86589139105196 23.808257877378736 36.29001389725646 42.21504895764559 23.1365651234824 56.23241949655507 0.0 80.45914315801063 9.288987353459596 96.84521651903613 19.68706020547608 134.53591784331388 11.866909968994513
23.266348141050486 17.334183176988617 30.567538140758288 6.5794724467841235 43.34259097235277 0.0 55.64603285824073 7.542335199081663 58.11340820854093 20.562472813900413 84.06452826375579 26.285383064992445 71.2412973199769 41.4505317011143 71.86605567938925 69.2814641263401 46.07540091613943 51.844633236376836 28.136471831930734 62.59805814074204 0.0 57.274216182299455 20.390019614718284 29.57165121145117 23.266348141050486 17.334183176988617
47.45818263171008 78.06014582461711 0.0 50.09004251357027 33.053047664552444 0.0 87.6501164260896 12.502068647984842 78.49205131631834 57.868372223197625 47.45818263171008 78.06014582461711
154.46761715589662 110.58589282841233 125.82569568937097 142.1586790925765 64.88441447859418 163.58787045031545 0.0 90.89093521859121 66.45434196810453 9.355739577037696 188.28778572270033 0.0 154.46761715589662 110.58589282841233
64.8038121024312 30.064176943835392 36.26675604686122 40.638996861952904 16.11497943631055 28.705048930434543 0.0 0.0 33.52060347627312 6.818084866709626 46.78475957764651 7.176613602225714 64.8038121024312 30.064176943835392
44.21508289655982 77.75711564387565 45.288951685359265 52.39758105205111 0.0 49.65919969356948 22.01234649752719 26.158512225233437 58.718100111636105 29.016268945382265 56.246795737314656 15.043420137651296 66.18172074710321 11.794413913318678 80.66543694278462 0.0 73.63236586710428 30.60718042155935 105.4708150327876 20.890421571820482 88.57239293857103 36.86353373066646 110.97840828152455 56.57667301035114 90.20577952307671 61.592040028995186 75.50922274172251 58.83945125295982 65.61634765532479 58.55329330935412 44.21508289655982 77.75711564387565
0.0 44.984227339822056 36.49455752932017 30.552514762033468 42.50881374492078 9.889982715941358 65.11684487899439 2.3146974095876516 103.47563427400556 0.0 103.0585120177823 39.06588894206463 88.5501870674025 63.327834063152125 70.23258462350665 78.44389295047375 44.33547383640259 84.36636262681156 7.142662250607096 82.62221939203204 0.0 44.984227339822056
23.51080504019197 66.24817729612943 19.65409180689332 30.059518431222195 77.50760119293015 60.14201201102283 82.18964369819997 0.0 113.89192518993207 6.662379965067032 149.5398381436318 13.105512808154003 162.32277450597635 48.02027872245496 172.373852708451 82.1862301671701 153.4619883282349 109.90448192422629 123.37959436863021 118.47294064294785 114.08452008010124 156.6765798054234 81.76966634990792 147.76192081686685 60.72210804979659 129.62688461273729 48.71656402883829 110.55299752711461 0.0 99.0796428135556 23.51080504019197 66.24817729612943
76.07361494169533 35.555505176120256 78.14278616752735 66.12261193678768 29.38465615167877 66.17530459176291 0.0 0.0 73.315120127041 4.059647287892155 76.07361494169533 35.555505176120256
129.36980471996787 123.51112011629412 148.55510996023563 180.40819718720724 119.22923398905179 213.7611481396371 82.07172974809495 199.0915413262444 52.87181179385446 173.1444745737129 85.49885167247346 126.34335574525068 0.0 97.27270896122947 11.819947931042037 47.13355149523143 73.12205542389933 45.79550070864438 101.32394261567178 0.0 136.1986264169862 64.2460631055285 154.20718031077988 75.78217178027276 229.3931519578835 57.87035221788967 198.15168940168053 109.29848655403134 248.00256044596125 160.92512587871653 129.36980471996787 123.51112011629412
27.91723831168582 17.369812822158508 43.35890602825417 0.0 56.30313757105259 18.71895905822184 54.579747054519345 41.01982414617153 33.6894865805065 50.27702355432257 16.27574191350523 41.27053180042293 0.0 21.91462290535175 27.91723831168582 17.369812822158508
70.86943493405226 70.26972451373936 58.31270243325015 76.54572046104249 47.12797015158756 93.78404309412085 25.78840666390471 96.90737254259008 12.770845749211048 81.18275346825175 2.3500777027314825 63.65821631980112 0.0 43.477929007235254 8.016085116890764 25.852048517387054 16.055920130488232 0.0 41.96716674065985 4.753077196094708 60.16170824374501 16.099290393309523 45.016393476735345 51.50076094480712 100.6626528939923 35.50633378226444 68.41262196619515 55.3605535016683 70.86943493405226 70.26972451373936
44.29996239324518 0.0 64.03283765749171 0.6410629530976024 64.13592272674424 20.634886021767883 91.10643381929822 67.01494681008951 45.92724107552941 54.5498250004711 11.979782567870188 57.858705484689935 0.0 24.736345364418128 22.410500825919513 0.8958136634453382 44.29996239324518 0.0
175.261819025734 2.3556335712776146 221.36427238301874 76.59745327995148 169.46018467682524 160.7236099467745 85.42235070162188 127.95733170263742 0.0 45.736170126442815 103.85753312451332 0.0 175.261819025734 2.3556335712776146
73.75891082655532 47.415597457341505 77.35041169951242 74.79722423207994 55.069504839441606 74.06005455106381 38.66661717068486 64.13832827706756 17.824320544429185 63.875047377832686 0.0 48.284520446094746 29.24883340259703 29.685273852030974 26.162013925383192 17.37498259295205 30.305946594136813 0.6566077681211766 46.02870485899369 0.0 54.6362742629922 18.860311759401114 64.88096126118198 17.005649015354805 100.90773400671785 14.192320624526914 97.80278584022143 38.08218989744435 73.75891082655532 47.415597457341505
141.59671063585213 128.73173382329026 70.68028277794302 118.87135865852788 23.874733079036076 119.24846207330843 0.0 75.34547289633203 31.134295670670298 43.19163801824358 53.70362833562237 1.0027800307346695 118.7229798566739 0.0 122.1614544194272 63.151157121970556 141.59671063585213 128.73173382329026
57.220687643848365 92.99085088572183 0.0 79.26881956985682 18.686197404406407 0.0 77.89104111130783 50.536784607085195 206.72588351546634 68.03735395257995 120.70033532530394 157.56641300467044 57.220687643848365 92.99085088572183
11.568601623662957 71.1378418011876 70.24612374499347 0.0 185.43149084045677 21.993595084265735 122.44648364720541 111.90110951909843 93.31658584901199 162.016741099632 0.0 167.42098533518578 11.568601623662957 71.1378418011876
39.13615073108813 58.32585096422302 2.047330353257699 59.11310084726365 0.0 32.967786910668025 40.84860013539075 28.598325006838138 35.917397725076434 0.0 56.03764887566124 28.508649395003687 67.49425965176428 17.82891807967151 73.63326635917062 27.314268998301955 98.59053197414045 33.646020022347315 82.96042767141785 49.54309629220519 71.4819446890078 56.30506463567396 62.757674396291485 68.2033662746515 55.185383313990506 42.23406726194058 39.13615073108813 58.32585096422302
49.63383973717049 0.0 108.45238568242779 87.46663267970804 145.09795175798678 35.858469979614796 255.78109301567363 3.4658437473924693 174.32891341385135 98.59120768748207 241.95230741989042 156.72320598328355 144.23948370757245 148.74838186733996 138.81156563108055 222.7041872233262 72.63486202892418 252.44351659390207 40.10506064291201 186.8537108205652 3.060668072674531 151.0258223151231 0.0 96.4842882511389 10.797424159628406 44.02969691376319 49.63383973717049 0.0
0.0 37.24588773510348 59.54405110521327 0.0 119.34600736482918 20.46385164475148 99.3089965836545 73.62183372407705 80.81256286891028 117.06289470750184 46.01369257165888 84.09677328197017 0.0 37.24588773510348
87.99749760778094 0.0 180.5437460429526 42.27640538732369 121.50647166600174 122.90007661761088 82.44123567038167 65.61517201552344 0.0 31.915953779931144 87.99749760778094 0.0
108.43374242352307 54.175406432120035 186.74177832926722 0.0 260.8593571405632 41.23222413770621 143.46137350634245 109.41632673906155 193.7854596198655 178.92212061562856 112.09224726587644 136.39246915610124 80.24755788062286 236.28177751634274 34.63841268943668 183.65163053492654 0.0 140.14011538806585 43.82321394764539 93.0829440055665 28.579283086674593 43.37873306870094 69.79846728579871 20.408610467767403 108.43374242352307 54.175406432120035
119.6237078757845 0.0 168.04487487233035 42.505418896407775 229.56850587948665 10.76394977866019 248.20418018131517 64.8400745321436 224.4056215237022 113.6364759102233 280.5160376986917 166.470049953351 266.8367766624965 240.20701941172234 164.7130317422563 152.2839078896999 138.92860871501094 237.18292552661143 142.35326283989687 138.78139267267508 56.417972038604944 180.76163211014898 0.0 135.1696241016394 138.87226514973327 114.1575356325933 77.87069675835777 35.85410208757473 119.6237078757845 0.0
47.161720316934904 35.131055407444755 113.11713418201508 0.0 144.55559206335505 143.35977416184951 0.0 105.24077170439733 47.161720316934904 35.131055407444755
0.0 173.92343507680692 119.85405424161448 71.23193873711705 116.9120724115489 26.5451290261272 158.98840366805894 0.0 210.82758314428222 13.92166990771306 327.0248966034186 50.105002182041105 224.7157627241323 119.98769193060689 205.34973855844487 215.25999100728342 119.44559057899214 178.96040239060164 0.0 173.92343507680692
0.0 71.28575135100837 59.18853447585494 23.538563804905323 92.70684516386632 0.0 131.5623328026096 48.03609435257678 78.45654054375304 103.9283750168427 0.0 71.28575135100837
159.8291436829815 47.21374115107903 170.77675789455253 75.7197682118011 216.75044411148207 107.23763390291994 167.81187318893083 122.21372495127353 136.02887683591325 134.57011121775895 72.503091705912 133.5389890601312 0.0 53.67721287626047 93.21053415892084 0.0 159.8291436829815 47.21374115107903
41.96033450689854 90.88254858902579 32.46032247354426 57.11951818228488 75.45752893824637 73.42682731642789 90.29750624303003 59.826463638111974 164.80036474089945 0.0 127.66401145583308 79.66284039294578 152.73013666797817 105.87956668641188 126.26447773457608 127.35693895700781 111.26610102175384 155.69915721273554 77.87135633357249 150.17196191916787 35.311838958797864 163.28474818181172 0.0 131.5827965810223 41.96033450689854 90.88254858902579
102.94667877697285 105.19249444830712 61.088094609101425 98.31335727435447 39.76637085804554 92.4483557471329 9.509125407105557 88.23081471889995 17.813209235590655 59.829278386347795 0.0 21.02830243237956 36.154282763395635 0.0 76.31800527964137 2.549776007683093 101.42426710280273 29.835530099984652 118.54569871327885 65.33869235819722 102.94667877697285 105.19249444830712
61.83874640305436 36.84991889289071 38.74213962728432 21.007503560104354 0.0 9.96188139840585 40.46468188674295 0.0 47.876475027640225 4.899116513944321 73.84034803747836 8.748846234605978 61.83874640305436 36.84991889289071
85.82925314441039 0.0 156.81859175350834 7.678274254625748 216.98210669457382 58.740220273451854 230.55420263309983 149.52700673807834 160.57827244938858 204.45714170738984 82.27118508695767 209.58641830705187 23.062082695191577 165.98839195796717 0.0 102.05462556338415 42.292410772727266 52.06139705214674 85.82925314441039 0.0
121.78112965841584 17.81880605495673 172.20689160751198 19.45201444641811 199.63242649721258 65.46579653772926 140.81296790862837 95.39919203311187 135.85696000270988 128.61753125321934 105.39849943084357 117.06196202600411 37.368068434560115 194.43673047339985 0.0 133.91408813001198 84.506369433554 77.18902353067976 55.691206909535055 37.61766427880415 78.25124689882293 0.0 121.78112965841584 17.81880605495673
8.309039697750293 20.580951220868556 9.889816695092321 0.46760012342821256 26.95341768006233 0.0 36.95303903637378 15.801414565341346 52.00225057000115 14.96409355604871 91.85505523354391 21.72957329169195 43.70463611173615 38.32208561400809 49.965290070144505 55.10562158156836 43.42709185093389 84.78791460278961 26.507752633294785 45.28187001739735 0.0 70.23709038279753 2.0434986125798815 45.294435810481275 20.126984497727094 32.790822314931745 8.309039697750293 20.580951220868556
52.366615010603226 68.40250433552137 36.21310481037577 75.28836394166888 19.084069582119298 68.51489442198329 6.955803562074934 52.14800851721822 0.0 28.66081696715154 21.336159514788164 14.426747406790433 39.74699523627389 0.0 60.24995767727101 15.156070160742509 82.58483460948216 24.444705545314612 77.93029081861485 47.55378199319218 62.24622668359443 58.72924970527604 52.366615010603226 68.40250433552137
60.990488574192035 32.81345297235751 85.28634817671366 21.02577212210683 108.18989473187101 51.299215192132536 151.37898131483155 0.0 136.1077867331344 56.912599422842305 175.79821674387594 63.6083079985446 200.35145527668598 99.9924638495965 175.43790257360402 130.81598537325084 112.102279075 92.49713787671364 109.91730207239664 120.1984858080412 92.56665138114099 121.78529595466412 53.740865981413684 138.44425883026315 0.0 130.27295106611453 94.22789389946955 80.77469927591953 32.86311970576445 50.26408779345296 60.990488574192035 32.81345297235751
10.411661957929766 34.46304205677455 35.49521404146776 0.0 75.98623620142733 3.425643091415097 90.92236956232563 47.250489872685904 113.54895711888047 49.098851909510415 144.88594219328775 69.81330020467601 150.35426737248304 111.10486078480065 77.50564660779287 72.8007377919894 79.07866386771933 121.52810611787055 42.714062906279366 136.70028739463973 10.498824114930756 112.76811592136542 0.0 73.32723021329083 10.411661957929766 34.46304205677455
27.22850269834001 0.0 107.42359247979358 7.870218422201901 141.2773654594305 35.77296473607478 181.18958533407715 24.075207092374242 164.98730797190498 66.6614001019724 236.90296775085017 107.8909325807404 172.29354898640875 124.24282069962548 140.11784043363934 164.38438180964283 78.72491920047048 170.7971486489845 0.0 146.01767938338605 50.23463363134647 68.21780559270927 27.22850269834001 0.0
228.32695149765078 49.84537790050264 279.10830248356814 133.3121322253631 197.6314040853222 191.56028375171425 150.17409807585085 239.71458651170204 87.03178389220619 224.51169540792046 0.0 195.9681665862308 102.41433722599007 135.06745213717213 65.64032818872111 41.816199695376255 146.7879412322282 0.0 228.32695149765078 49.84537790050264
95.41894919088291 79.94015681281925 0.0 0.0 120.25533860642872 17.682117341254127 212.05676032024792 79.34877566948313 127.61960103735703 154.77996515102154 95.41894919088291 79.94015681281925
163.0786355490415 76.49478853762218 116.76209824325502 89.3509430257387 76.6741970040697 87.09607816397207 0.0 21.75686179371091 97.39912601016243 0.0 160.96303473818722 15.902545387026471 163.0786355490415 76.49478853762218
36.421017616485365 104.68778894978536 0.0 81.88701007985827 55.8940082251015 70.49210078170391 53.96208428845607 46.91229667955393 73.4018816081072 40.50636892185279 102.92519643103775 0.0 94.99267305270199 67.2599652871738 193.28586833863483 33.90834711379197 167.0129107741626 84.67858496185029 143.44071231014453 115.22202388989228 102.67861839844217 111.36582333170318 95.46148199566154 148.9640249375471 71.55772783440794 125.58626271679847 26.548259730415438 151.50298238697954 36.421017616485365 104.68778894978536
212.09279262640288 70.29701393867308 244.09857435960473 168.81598973785893 158.76932278019254 242.2005299525385 0.0 190.69103769654237 62.78021379132842 0.0 212.09279262640288 70.29701393867308
0.0 68.4172922661482 3.8291683653403936 0.0 82.69683203196567 3.4150203747524372 155.83183205221073 86.75473432092102 46.734935116440155 101.03740705840593 0.0 68.4172922661482
93.60061973780974 21.293415802951614 167.2021930768518 0.0 84.10457966218041 58.02282994075106 109.26322437055599 72.5364682579885 129.9603277215017 112.4348644415677 104.16721778340528 133.13899913560013 64.46565028068193 75.3093081641741 51.3182496891656 98.87034207621943 12.343578623124074 123.27167211223872 0.0 95.54169097182066 3.3761131163815605 67.12153486599482 7.631756254664424 44.63648147177113 44.3801175974112 45.861341794959905 53.150228695308954 42.978041953389074 56.118824514547356 7.2581896788600275 77.99887069331761 4.843572976285628 93.60061973780974 21.293415802951614
23.448230556622022 98.01722270103379 0.0 78.097615948615 4.985214179432333 47.918811599199 17.46362101780005 21.99793524016922 44.10042305372107 14.968710132318662 72.9162322577774 0.0 105.86819790502177 12.738634893925365 102.09468246728606 49.80889887693584 125.26272040096431 78.50630352894329 85.9363708280452 88.4106850555528 70.53007685343634 107.7105787546128 47.58855298929407 103.52453139145233 23.448230556622022 98.01722270103379
306.51378395785497 100.71992898510581 296.42426078104234 183.25005973550856 209.31439247810317 186.04674906091793 145.75911771441025 233.41647205902137 57.81974404100259 202.44276026877463 0.0 112.49225740499418 82.9657237739192 43.08915998261597 143.46934399678705 10.755946794697806 207.22078142229864 0.0 214.90146253521237 77.63642677147375 306.51378395785497 100.71992898510581
126.47704622423137 201.1068854452446 109.16881669832847 156.66824532837336 46.278311846095704 168.63336401355497 0.0 129.26042000167297 63.4034359170262 86.74479957262349 65.85148103786096 39.876813704399325 128.2960358937565 86.95863309620371 151.44672418517268 1.1805151755209664 210.4790666688506 0.0 239.02926281425604 51.8457158427529 246.642755372327 103.39430260446716 189.01817804229412 130.76875926506636 185.70517085578257 162.74111547949593 145.4641308134544 138.43041810209263 126.47704622423137 201.1068854452446
210.56707544589645 287.1126885438008 124.7150604629968 247.8328281619685 16.256997401216054 289.0782811136754 0.0 189.06243991541652 35.234562500004046 120.38449498670504 92.27796082939173 95.48537840516396 145.45467437756434 0.0 221.980834018131 58.744441123796776 227.85345169774618 139.5308135189169 331.4021661437944 240.31909341963774 210.56707544589645 287.1126885438008
113.80829845753567 44.566042791083476 179.0003491462197 0.0 264.68373706623777 55.74882229491612 158.66110793439844 113.89203324485476 165.9188537278335 257.17837086291945 92.73697046657645 152.01514692878595 0.0 130.5409086543795 42.42920766506495 48.320364143910865 113.80829845753567 44.566042791083476
0.0 6.213135079804509 124.53967239354728 0.0 163.1224669474114 93.77419370132937 93.10157350577953 59.29560790912028 0.0 6.213135079804509
