100
31.080785611280945 62.43414687153043 0.0 50.158744752527184 7.488096097257795 20.908136352061874 20.666344002531275 1.4038175482239126 44.3292703778354 0.0 84.69375951312517 14.542624107978142 52.44483217843431 44.732424052872176 31.080785611280945 62.43414687153043
111.08169985631704 64.04638886698773 137.06616580005402 26.86858105328959 173.84868787114908 46.434175389403634 241.77023626263596 0.0 219.87927028829395 88.34321801759255 195.03000120494596 122.94273108974514 282.62658063867514 150.54090956470029 224.6518868156103 172.75889396247337 229.44639750779865 232.66165982155536 184.92817978390048 248.43190470456796 138.20030587555783 240.69703127251023 132.3789982668415 173.71400383857713 104.73360740585335 170.25172546518343 0.0 168.30551767360757 90.09856502960727 120.91603794920212 57.900951311427434 68.1343700116197 111.08169985631704 64.04638886698773
70.31411992854859 61.1945208545489 52.38702551033562 58.23382523267826 43.67225416586041 49.48073682191786 34.58414990758895 65.72618303929085 25.432950993765886 60.01540415952054 18.76828586307677 51.80180420564338 16.18765264157642 41.36759040923634 0.0 22.55071747990921 15.174301419636649 10.812668965063452 31.20452574521542 7.466831967101584 45.683826071381816 8.185175249279283 65.23979572283018 0.0 63.12560357128804 25.366867253345845 53.45159071020673 38.650550498836935 84.23720708752009 50.26499746840527 70.31411992854859 61.1945208545489
26.062657820491964 22.0042084546497 47.79749688844852 46.72872059457478 17.148144736836187 47.43847605816228 0.0 30.515227740337835 10.188861369508828 13.944602107626352 25.41525481620711 0.0 26.062657820491964 22.0042084546497
87.25731310483765 14.97101599159626 110.79627668010062 17.24396244850849 141.77630089947087 24.288651271598937 178.27435668002963 49.60220724459327 129.91306570719985 77.94941712154434 132.2434965825048 107.8202117069844 104.12990868577495 114.99276501175285 81.79838464336065 126.73137411830703 63.718812698328094 100.40149386057996 37.57791550032003 102.2125983769919 0.0 90.84366020136389 61.42938313522092 61.64373524447863 17.142772748593316 29.668742381482538 28.425565001882198 0.0 65.9715647690566 10.100445833394616 87.25731310483765 14.97101599159626
112.6443619400264 240.56899137026795 45.137691125555335 145.03955703590736 0.0 22.590582876226435 133.37660938128306 0.0 268.6423454529307 34.952639137008745 283.67849580892516 211.16491237753476 112.6443619400264 240.56899137026795
33.003979998977314 147.00541638793266 65.86482097525735 95.78390975473138 92.46186460459776 21.485594110270895 181.99211343405247 0.0 296.448060845838 30.878586651375656 289.813359312716 143.5681193927574 225.72556474868722 202.0609821480635 180.51189630987062 255.82117945669273 102.58144217152072 268.9972359007001 0.0 247.8229077292255 33.003979998977314 147.00541638793266
24.5427026140488 33.85309246443653 46.30338937890918 44.54080380289504 84.7001814597676 0.0 79.37911357653934 49.13321025487001 107.97743463858146 69.83922444850417 79.91238534074574 88.80447413692363 62.88327659520352 104.26980194876502 42.95719499421907 86.62441450609003 15.429422398911193 97.5623378552071 0.0 76.21036552336422 12.106365466316909 51.75149132771014 24.5427026140488 33.85309246443653
31.227971715848945 0.9326622418846 53.37085136124542 0.0 74.74066670066429 5.1939524089047495 74.51652240389924 27.696875053586567 93.37703687941578 48.56999778430102 83.69031099625167 81.81668129704536 50.558756123302494 75.28023914811519 16.21538257215007 77.00277564242398 0.0 48.68082490420218 37.37827781886178 28.08607765038937 31.227971715848945 0.9326622418846
139.30869123976566 212.16987748025807 77.00623726865487 220.29862469615395 49.052062618442136 160.74671322649883 0.0 117.84208156741144 72.9827998899593 81.56351886069389 102.99872476334073 76.69301051422401 121.2345047428462 90.7243118289252 155.7232129995199 23.25960622149512 253.36706021681562 0.0 216.16565054379225 91.09972879804904 245.26250904583156 151.3571220623842 233.47757070205716 245.33705262317588 139.30869123976566 212.16987748025807
183.70847942720115 31.545900513869512 252.80909816128812 33.45272591874773 236.6266745920655 99.33861359405225 240.40274433021267 144.96318479875575 222.40408558387566 185.5942194523257 163.29915305165545 179.67278130841092 148.0490336904893 220.7463348533919 109.11145328477963 239.6935976963386 85.8891674134652 195.76006807553537 85.26417361620119 159.6959632820654 0.0 161.3311088674081 75.43030719427969 121.60809240247423 52.92798898323474 84.73480800124081 67.78500523039327 51.559527245493214 114.94763958433967 88.35823980947191 143.34883230008649 0.0 183.70847942720115 31.545900513869512
182.72327302515558 5.589926959739799 109.83073622040229 78.1377046096155 152.56978373570638 105.88194277362214 139.14903262863513 145.79713888598422 101.87209636499307 165.4836814796442 82.62462388733364 100.2455799876214 36.298269670939554 124.23277208925289 0.0 93.22055674100436 29.769211869593285 56.52577138285626 29.266113991382582 0.0 81.03383399679466 10.470552758659522 110.05277833549505 31.345311173117864 182.72327302515558 5.589926959739799
32.09254987334175 85.02249562194507 11.123837519418288 72.52665712540087 31.43490771182377 45.802688157320354 0.0 18.454177393878048 32.16510668080957 14.264360868901015 47.47415146150513 0.0 64.96545518214674 12.079729707456728 86.576688642332 13.000045139775544 77.9012278054648 37.48591116494975 118.2221918214907 56.81517635245361 113.90714829829142 89.58633245407734 83.99440323575399 109.02900456689693 52.00618452642307 111.73771883522852 32.09254987334175 85.02249562194507
183.3181328654973 247.86402898956626 87.71651518136468 182.61535729367077 0.0 96.06477189109889 109.59124955543956 29.384477166926374 186.72237132242952 0.0 276.722238217565 45.375506420062656 282.4587827187226 164.68394006580036 183.3181328654973 247.86402898956626
0.0 33.7534110719649 19.570541993259738 12.314375247300454 45.65760005958754 0.0 69.71941656191287 16.28558977810423 80.64350137914688 36.14023058630868 72.9001208481924 54.83681039291934 144.20453230502756 78.00853338127624 103.713815819678 101.73599777488141 73.01340602270143 109.19108008974169 48.817055968452834 113.26537509777452 27.388736197094687 101.00484374335042 30.35461702604941 73.01692961929129 21.520386051815862 61.27932909040589 0.0 33.7534110719649
209.31011614391767 176.60341526436446 63.30647478789433 182.37733830604714 0.0 59.752558777666565 162.93973361324532 0.0 209.31011614391767 176.60341526436446
22.459157191975905 7.510458643313264 42.296036304574926 0.0 58.86566995256321 11.563608334997348 56.36899993372576 32.91521551792777 55.4244426284246 47.08373914082727 47.36556815039309 57.85119884792143 32.40391343791539 50.63923057925589 25.412001370480183 54.44723725218797 13.45312588946993 55.51227374563748 3.0613914513377978 46.2265186512276 0.0 30.448654149392446 0.6661848506134191 7.853057320069148 22.459157191975905 7.510458643313264
0.0 65.61002178443928 35.8700166917161 36.92876695821105 72.95273223058932 0.0 93.65116596970051 56.20917744617586 154.7473971542409 69.10892470611005 160.57878106226715 137.08494384184414 80.41450114795632 104.22803982420032 50.13239632026948 138.92308930001377 13.669831864295297 112.32110156649838 0.0 65.61002178443928
31.48424670342264 0.0 43.72532894318071 11.288876099836429 85.26202155393611 1.0287308243627393 70.168019807776 32.54550621624436 62.882099022810465 53.3303376889542 45.919205595781165 84.76053680367004 27.181668866786666 44.22635740702877 34.34344941701332 28.313607381095792 0.0 22.67069350508872 20.572995798973594 13.557031985189312 31.48424670342264 0.0
52.73720856978444 27.566415562185213 71.41569170319366 26.547991837042005 65.82712648756012 44.81418033635502 80.79322987431145 69.37630044736925 55.12108396125518 71.1886931759395 38.14348169761628 73.21633875216706 19.343767909145413 65.1471082070619 0.0 44.15826060538086 15.491393879162672 20.72911988773869 33.94924098612894 0.0 52.73720856978444 27.566415562185213
126.98748947817802 241.45052466040696 68.49390724925308 247.36507378752532 4.909087676365743 212.3287885628208 0.0 144.31493798234095 11.425928073853484 66.94007663147761 85.22243112374441 40.57053196873049 141.3690553034761 83.50482262779632 242.27047541896067 0.0 258.3844160446396 97.96232592945165 273.16403299054366 168.15323013268937 183.21736927789726 188.96589447697522 179.6787323964721 250.69574180189028 126.98748947817802 241.45052466040696
112.9223000102656 90.04656421520421 99.79144632066006 125.0195517564385 70.21089900695073 101.96556151165252 0.6075095659142562 123.22772760017209 0.0 64.8215496385352 30.87191691408134 27.428989227399697 64.24849304370875 0.0 97.1589156153363 30.800998830347694 137.9925024174783 33.41978912434628 121.44880776503892 69.41017161054067 112.9223000102656 90.04656421520421
96.99349505511343 270.50137367235993 50.847888104489016 273.9168078911706 68.09211364846826 212.98414253019178 16.158485124847232 195.63233712899918 0.0 142.55359019130847 24.657805758445505 96.07287152693948 92.42690903444992 129.13121570679658 139.48765036655453 0.0 165.17263615075842 109.51347002722198 231.7374477865598 117.05514144609067 278.02720357339746 177.925972555407 185.838196211171 217.40271218731368 181.52583349907826 264.86424200562044 121.83507108170302 223.44459155009528 96.99349505511343 270.50137367235993
27.675571153105963 187.071302105284 0.0 143.85467408523994 56.15046506537169 118.1826886808196 42.577613032661446 55.485993844557214 86.61601533166443 0.0 140.46209481397884 56.80999073148165 177.4382118275871 83.97959235609609 258.25263506001465 109.61707648079371 123.81884134486691 148.75586223074552 226.5954024111655 243.08089934021856 153.11462276272312 256.12195259356736 101.56496313834953 211.3882459672894 61.74201404208742 212.69897382756704 27.675571153105963 187.071302105284
95.09887843546416 87.10490330405254 96.07452615828267 59.09588746117401 124.55475600534132 0.0 141.68218046786222 60.46326118099447 196.35801999296768 54.912801139914514 115.17864711581818 102.24909055944438 219.4040035930655 146.87846736023022 136.54044122651698 128.4914528634041 128.8086885593055 166.15839833430215 93.67635936616122 182.47099880340187 56.45354516753005 165.36525655345088 0.0 143.71162479565027 18.36084147014371 86.52070625164552 95.09887843546416 87.10490330405254
34.78652104483605 51.40510327208935 0.0 28.18016183440126 26.748977237287974 0.0 56.031481820917094 18.15594305935271 34.78652104483605 51.40510327208935
83.06197255568036 86.52487238485507 68.23535097932164 106.35393178512977 64.05597147128529 88.07030397300417 34.81659613081201 90.77248286951895 0.0 74.39814172243776 32.25395466698928 51.22406432565087 35.919452406612436 27.2544578093474 60.85979526588754 23.538564371040117 79.21397950210097 0.0 98.20528261463049 20.62803329069871 127.25398618408343 18.599959287136485 105.96210410134573 56.63957353130101 139.63375054447957 65.07087732279433 134.54800817900218 86.94958689722964 119.21641179380151 101.42841556318972 89.49555096890721 83.32221796714926 83.06197255568036 86.52487238485507
12.877174467018392 84.70065853978477 0.0 8.040865227036548 71.1070695492834 0.0 181.4692684366252 32.90713417030336 90.25541372816585 120.73720051747381 12.877174467018392 84.70065853978477
10.567532935950808 3.789763061008969 26.771756654658247 5.690145835953416 34.38435811288795 29.731685929641927 62.87702219509072 0.0 66.34737816747483 20.49178313802925 93.21164326708228 33.038362048688015 69.36571454168663 50.30615267889766 58.96052185282326 61.27576698666047 54.54787203584442 79.75422145523633 33.55367090350488 55.79081391738016 17.796429798107184 89.44494416430096 7.361521743484545 72.3923232627214 0.08958817688055376 58.534395390571575 1.6441698041046067 43.971297166349686 0.0 31.985563428651986 17.66333206134736 29.4484379902855 10.567532935950808 3.789763061008969
94.5048008532855 0.0 92.35596347917982 28.791843329751494 103.6553189062212 53.17634718756647 81.152734886122 69.15426200440882 62.529310114260554 76.50223874307287 42.85913552518326 82.30423344297529 24.5289756338626 74.83590781506413 16.134879106187327 56.67044220570258 0.0 39.97335845625714 2.401086116818071 14.591857863139673 39.887030153219925 26.505564752938163 45.42259742389551 8.624385762484188 62.322274091668774 4.9900409379589306 94.5048008532855 0.0
101.64310372746857 27.058037705504262 110.20909869318392 83.76544549270405 170.49326041036142 94.46213980537807 226.21957581469366 160.6876005459619 127.9242607563361 171.9237558864304 91.11519702268234 185.62785443106617 65.0282651114071 145.23010333189904 29.61909901417976 155.35793332739166 0.0 130.79697407712393 29.802990833718354 101.46808640758333 26.011300082154534 63.77135284507185 47.21439811725102 0.0 101.64310372746857 27.058037705504262
267.64036904993577 198.3154588379226 239.4541519430739 235.67737540018592 193.62936749637032 247.7405617235265 130.45158870563094 283.46618243958267 8.930529374702502 301.3220129836104 0.0 189.8072492561054 147.0623815312686 140.481531510004 122.99598755982626 93.52682985853747 141.24545657296682 29.132730181656413 207.88491612938896 0.0 279.46886056279527 23.4642666429431 396.1613600876551 53.14765609601896 308.72277635904624 155.71813059935153 267.64036904993577 198.3154588379226
293.88183618013363 234.26268603124038 216.2407486397414 243.59739816953243 169.51386099753722 173.22146015771597 152.9309159977078 155.67916001002885 58.22659642335685 175.41548298121336 0.0 111.11414305954213 111.04764897186288 81.25806081589386 131.51497123405775 45.880806959688684 171.69800685324861 11.270107957788468 224.87756547346999 15.984712760908891 334.59977629899106 0.0 323.33725422045757 95.70185917347159 255.03229828110875 145.9574438246782 293.88183618013363 234.26268603124038
125.1522076524117 150.74613610515502 68.38717522643498 172.64752002035397 70.76153779703222 105.85349531474041 0.0 69.46206450772156 62.65811006525266 36.966736041567884 100.72909265206412 15.460981034700609 152.0328109800851 0.0 230.05098378145897 17.99732542499561 172.705593836224 89.85468427704943 191.9802451757997 160.8881167600323 125.1522076524117 150.74613610515502
7.963286910724662 98.67992140255701 0.0 42.62660167512825 52.9776995655846 0.0 100.2124791069381 48.39755151069077 148.52640397462312 85.17296010232697 102.96620937783962 124.10016809344584 67.97368144471412 128.60165388820246 29.264846115726897 135.13376590180724 7.963286910724662 98.67992140255701
24.612985811133413 102.23320663107802 0.0 46.781668838846926 58.51850221190634 22.76955275216463 96.23469690596389 13.894386713794582 150.43876480535718 0.0 156.91001149255615 54.965388630170324 129.1522376472427 86.85178344368884 120.97682109024336 145.05938439691724 91.76399231802611 74.57810966018658 24.612985811133413 102.23320663107802
88.9664892555326 83.1198257824988 63.60915969929859 82.74408934430167 30.095695711582948 85.14068419578356 0.0 56.055221294493094 25.07156691843136 20.222836888992845 58.09323276130657 22.900175387152572 90.00931089612362 0.0 112.38326512312526 30.10746568562344 107.33465885249879 61.40858280125255 88.9664892555326 83.1198257824988
111.45238597610243 0.0 148.69567907268663 34.74698942984199 139.8344071620716 97.3458659685978 73.5076065730914 112.33372267329405 0.0 67.12582256012278 64.64189157340674 9.224727003764244 111.45238597610243 0.0
87.0997633211482 14.949833668864343 78.7242084472116 41.85727192964133 83.67604416848903 66.20636535468772 59.427386409780866 73.77717113375341 30.17493816669233 82.82027874827783 19.062027623673032 54.190087546784454 0.0 21.26242532721517 33.192767680420175 0.0 63.36949170762301 0.8189136335526044 87.0997633211482 14.949833668864343
56.78207614813843 0.0 85.26456620689402 14.678632965737869 86.7182206712009 44.924017490813064 130.9046023975043 53.23832049194176 156.5914123312008 102.6353246239126 100.02957599901762 110.9304159249765 65.85910383870537 108.25944536153168 7.538654932257799 138.04102755494185 0.0 84.15575710867526 20.31598179053202 47.85712608842881 8.642734184510203 0.899156151219664 56.78207614813843 0.0
54.06652798405329 44.99554742537207 41.9323022715326 50.876214892699934 19.912060286731638 55.18013611787629 0.0 34.045480738486376 16.929023464535938 8.738582790725857 41.99702522982863 6.622694438457216 73.31972237888934 0.0 73.52303579309651 32.157771436402555 54.06652798405329 44.99554742537207
68.75258887156156 161.3606622492761 0.0 74.58055423673554 86.06195666984993 27.54383535954217 172.02861711544614 0.0 189.39363729108442 101.87767287242397 321.16349283067666 121.07148558608176 268.61393740495646 207.94505748672984 219.5371525566621 290.0998704129413 137.41012346916798 209.9936462514976 52.463160846465996 245.30818448304115 68.75258887156156 161.3606622492761
116.7140714605355 163.13649671154445 92.93557651616754 115.72967394588495 0.0 123.21430826652586 56.58244287308867 61.347897148730226 110.0341669291475 64.5795027008631 108.59145258255052 22.784611074586913 146.1387829082171 8.678458626688055 217.3585820830637 0.0 280.19531455790604 56.87677092011306 207.48331756544832 120.06224840390185 184.70606227808682 183.88032586299954 116.7140714605355 163.13649671154445
60.17835330524336 70.61149974464931 33.0311715283551 52.925522390851704 0.0 36.295824144094404 35.06180803176723 0.0 71.80117975786999 29.664702017845094 60.17835330524336 70.61149974464931
0.0 37.33174369904533 21.360946722599593 0.0 61.401797746735014 14.599573531833855 31.347012895464417 26.970538973531575 0.0 37.33174369904533
69.95778594341134 52.0980343470933 32.82776686510141 60.83367204200123 0.0 69.56348855155753 2.786882887825371 36.22596314342747 15.642335988971027 0.0 39.543989021148604 27.587628044010323 69.95778594341134 52.0980343470933
27.60762851782387 0.0 55.91452890235712 25.16799330374063 30.289165552379714 52.75410019496914 0.0 25.99181336206118 27.60762851782387 0.0
50.526615381248774 162.98555427193423 34.03928378308058 113.28878099898162 0.0 61.892366582039884 18.04654722086667 0.0 96.36480541470766 28.821331050706277 128.52975272050546 4.398679527488255 168.5332529797707 17.076545065857644 271.17483827410797 16.70498211037696 249.90504737303414 101.40758351186363 231.38691034534406 167.50498683950983 145.78443036268152 153.31316652416626 103.71381353083012 175.5282639500444 50.526615381248774 162.98555427193423
217.42104782524146 14.533754058020385 327.9811114612586 43.6865010282403 177.0350397675616 75.08439081603558 189.43114596230282 123.74650067511209 153.14060960413917 126.68921525202796 130.24883809648645 97.00000174893788 0.0 47.08575394090991 105.02299402356059 0.0 170.422168789166 20.21404173464233 217.42104782524146 14.533754058020385
16.492563533840837 19.974083742876317 17.44475528610748 7.2296156074649645 28.88087944925543 0.0 40.83746761601732 7.227889894461015 51.76792854852775 11.287040668089602 57.80545427511373 22.810466139870613 54.117266235619084 34.59021149549295 49.14483058934556 46.21426853090452 35.77749245039497 42.42247792574814 28.416098149412235 38.37645273837842 14.304115596133613 42.058387948080636 0.0 31.564224549866438 16.492563533840837 19.974083742876317
136.52432955760284 258.69816061245854 96.85815464285771 197.3678307378369 66.84395234813039 194.3633583508732 0.0 193.46680236936146 25.572856276590016 140.03491269196581 31.556479345951843 101.11941351560031 66.01504633709988 84.33908149111689 75.78735003588578 0.0 125.33922987470216 71.52940005419552 158.07666724496056 80.51947628352912 208.63746522232276 92.54030867687689 250.41331828262628 141.30725307042317 258.9744950248905 211.89645607570614 152.57884097823757 191.95268177180085 136.52432955760284 258.69816061245854
180.41502322566132 231.02524322572577 151.56230294091267 209.36377991674635 95.63418216856908 258.2894966877468 49.55663164055598 231.2192742147386 33.25544777377719 178.1204988126143 0.0 116.35282967987905 46.95481017999391 66.51697136769876 95.75423952587865 36.15974295517421 153.58071144883968 87.94990856791283 212.66642370725796 0.0 249.02132319519967 57.476959042285245 282.3022345883679 100.3153125937462 303.23912692612055 155.10872290023048 284.74880577311836 213.388921167822 260.1055808700578 274.8690601604965 180.41502322566132 231.02524322572577
222.88869949026375 208.80644376751926 169.19707465975458 270.722909101867 83.2285656623987 271.85148124559015 113.19953003213021 155.85536164906992 160.96313480785955 118.60266948813575 0.0 29.848981676582895 116.52324759248913 31.42092938557488 160.5973773719753 0.0 183.5137966941077 112.88594017368327 231.56243590456938 70.48467724380842 319.80643090048466 75.85180268487844 268.51610443544996 136.29029205902293 303.8302474454366 215.23765821320734 222.88869949026375 208.80644376751926
80.44502306815033 22.55003830989284 59.67774825786916 36.75905130169946 53.94290955592562 47.80663577092017 41.45736331575471 51.098614250558086 24.414748341256576 64.46204611460419 8.148720857568527 52.351365937953744 0.0 33.94513724479545 6.9806771597517425 16.19588201419343 21.051208084127317 7.32681555688923 34.5593770037054 5.166933915921547 48.82574518765883 0.0 54.82978153551516 14.792841830918675 80.44502306815033 22.55003830989284
68.25785986504789 0.0 75.68421700232791 57.19743628239691 102.9832894347372 41.05675034965215 116.42581516448718 56.488824832860075 92.05192913916332 77.34517435252332 133.31953309026414 105.62007345171837 97.89216949548887 109.16171396647069 82.45266217261874 114.73382861158397 66.72423999065502 114.3328869884866 43.51231945070822 133.2511446728384 21.991227693313164 120.23373568099619 0.0 103.40834966290534 54.1894171477864 77.2130744152594 35.766463941916754 64.19896335575662 14.804728461862481 25.127112748429106 45.129985958665884 24.52860650596262 68.25785986504789 0.0
199.25019570071407 109.17112645271861 222.00206063017635 147.71031613622608 267.92028614852023 218.04503663966437 169.96386580973694 214.90361225429905 140.45237502892707 244.79002538718842 108.09438244061052 189.07524672522942 69.58638446103052 207.9864353263427 0.0 205.14418811942903 42.7197519641804 147.45463898473218 48.99178075212433 113.53228390448707 73.02914505698442 90.71508430661538 85.75868409953969 0.0 146.2649177901544 27.722578680852322 192.2968200697801 58.943644090914916 199.25019570071407 109.17112645271861
21.437601864505893 32.982930654965 113.99653962511081 112.10150616702425 150.13517041000966 0.0 161.23795087441687 110.83960816261076 160.85882787655703 142.3810323142754 311.1424125211417 116.64419187774236 200.9843440816715 177.1707096832232 210.42075331835633 215.32092246673975 178.35203695425673 232.43147694848497 157.13653099962923 276.5617065734091 123.7609105721954 210.94780886312114 84.00952496509915 246.8850042131405 0.0 266.4257132026363 30.835132106197065 193.4033684896462 103.87146421171714 164.24226203741705 82.75916614200956 141.77167526486832 21.437601864505893 32.982930654965
54.302606644967945 37.95774592415712 46.61556420421855 49.906874657047865 33.35361706353873 40.7874098296805 25.402582390952297 34.98525649541503 14.192307544426491 32.253478690762236 21.47621894473817 19.630930107270586 0.0 11.568357511742349 21.619947089344244 7.690383297914025 25.509685578564095 2.386101697778102 33.48810726824956 6.1679506405876054 38.28306657058619 0.0 42.77805350099187 3.8331645888211057 53.61138541440736 2.1282907828642976 64.05289317405669 8.113694902549199 64.45924770134772 19.07023495179162 65.61075955070666 31.767446856890757 54.302606644967945 37.95774592415712
50.406593190202756 87.946994916614 39.658988669078596 72.68796226472791 28.152782832500392 73.07379341541198 0.0 76.68380163140218 26.076271386107535 52.59185134116409 8.585796301465308 41.0269649350937 23.568519098595104 33.64801440830297 31.76705756765753 26.881789634538222 38.269149285719806 0.0 55.82589913369469 10.203724642596463 60.8833655880253 29.77768051701584 46.05388152117271 49.4144280572615 88.46550180333259 43.711794199935824 67.31682894155657 55.45737599337494 59.63848764926742 59.80516739259589 64.30570350134542 82.19765278743718 50.406593190202756 87.946994916614
52.073823492522266 113.93495341871082 27.29389464774809 92.92678606885579 0.0 78.66311099728526 8.13375062201132 41.687390818526424 47.16866335851684 0.0 140.87237915080084 6.524791607153205 107.91437979637311 99.16066672784207 52.073823492522266 113.93495341871082
67.72311689503874 77.08342818720683 37.236379861993704 72.1133038630282 0.0 0.0 68.39582627600856 43.44303798773197 99.06158749373137 60.509671344460926 67.72311689503874 77.08342818720683
110.786530963454 11.190530888824775 135.52057956086725 74.80787158945375 67.11175776053615 67.22052199594225 0.0 81.20067797107143 29.718229013426793 21.038025421336947 65.52398229806802 0.0 110.786530963454 11.190530888824775
250.31510061865865 296.612292134678 149.79471226448973 194.51846741031576 90.79709191430626 194.78895664882702 0.0 136.52229326048274 62.06090241097601 52.907325211029075 139.84522118825475 0.0 216.3752269931874 49.614680998447966 252.50185545864284 106.31952656238619 333.4786330072394 205.91086583140233 250.31510061865865 296.612292134678
211.58784641709718 180.0571184473597 38.19482895535748 137.82751920433293 0.0 26.14638984789115 149.24119732737037 0.0 211.58784641709718 180.0571184473597
90.90558810636351 112.1102253592449 59.965056334780954 109.03197979213361 3.6051695922701583 119.47274747027744 0.0 65.61188359047719 2.91081292282729 16.66383645575744 51.0191811534301 0.10987972208358343 90.93212931929735 0.0 111.33096036982994 33.93156659409685 149.89439562524558 62.30273887327634 158.76418679810888 121.21646516334492 90.90558810636351 112.1102253592449
318.23115685438324 117.26138199309602 229.53365155277336 211.77370699393867 135.8513034928394 214.59503465623544 33.58867554406268 217.24531005379708 0.0 122.42779988775416 75.93628955367595 63.91192130034368 132.78622242327003 0.0 186.90880808881846 63.7934243501324 318.23115685438324 117.26138199309602
103.3850567401367 69.26732765212881 72.62998484228753 87.92513467565979 42.15403148931546 106.65483356711448 26.41499555025102 72.9094246827938 0.0 54.568033180855046 17.841565165223727 27.87007152499931 37.93363989041745 0.0 60.14345418496083 30.591749867750814 108.12009414841064 28.35746036157 103.3850567401367 69.26732765212881
57.22067970881125 90.62392017031415 76.69606527079098 56.560909106631115 0.0 0.0 78.84386088474079 25.91451549618243 104.05302405535704 11.38902280786526 139.17296875810408 24.218238008133696 147.97529762691735 63.32594767386087 159.56907285510434 137.30231717910698 88.90882443083821 156.37483724008035 57.22067970881125 90.62392017031415
197.56526078746276 108.63942243449029 67.51953522150205 171.07842649790962 0.0 26.508129717339926 138.425188650302 0.0 197.56526078746276 108.63942243449029
113.4533125948598 0.0 145.89609866383995 11.316951660549236 222.74825219119845 62.37595261889689 131.7304097097762 71.6405563061939 0.0 73.73362150901247 113.4533125948598 0.0
19.625444030991062 40.345250589692 14.20878483064351 29.174596733607927 0.0 4.406029856152273 31.406555014138107 13.733097185446212 42.38205119195564 15.346833827549048 53.46490776402092 0.0 67.09425198336416 5.2598493784634 52.86288599587466 31.641551878605213 68.6940463706548 31.47657269889251 68.03530494991112 40.54678182855915 73.76482088549864 55.03682492671845 53.34714765363066 47.40395389128685 50.029806259114565 59.82881652673899 40.5254486918183 61.351668819683525 25.90107525284823 63.8829516222405 13.994048807624253 56.702356231999275 19.625444030991062 40.345250589692
105.5851520378329 146.04972773769703 0.0 0.0 182.17519112210013 5.7228950932515374 248.67540779121663 53.99049021273252 323.47211126559546 161.11712748801153 200.87651783211302 253.6777521710826 105.5851520378329 146.04972773769703
126.22734882788431 71.75938424759889 63.632928455982295 84.69928180277978 0.0 61.65210698086605 36.58361141717707 0.0 108.92224434720929 0.25990940026196085 126.22734882788431 71.75938424759889
31.11537195897135 42.3878310707194 13.067408075772818 39.093950360485124 0.0 28.334186275896016 2.9307958750448364 11.622830943641333 12.092911197194297 1.7286901915901325 23.886036336885567 0.0 31.422737173004464 7.502385068758571 42.5033278908203 13.934405546993176 27.288556915699502 19.391580607236122 31.11537195897135 42.3878310707194
0.0 136.54462812384577 4.930516112843691 91.01972279319189 58.093410274886224 72.70861393603964 64.19510442542736 28.526198131422845 101.62346774495239 0.0 138.76184351008212 30.57889929906335 173.47268018165525 45.28480706910507 229.6340302870135 58.81487300036765 187.99312319471778 111.98764246316728 215.1968022640932 158.0208097797961 208.37624974487193 220.28081247394366 140.2904554732005 194.69850680689822 100.52660461938288 228.58169986974778 79.25420551194998 173.68907244440666 64.98844767670542 148.2831985799713 0.0 136.54462812384577
110.41683077815065 56.027702052434094 66.0494597915807 106.12114269726032 0.0 22.176188583327345 99.24242576621444 0.0 110.41683077815065 56.027702052434094
54.79641713421947 67.9227484186722 0.0 6.677750506402695 74.97072272185768 0.0 99.33944920844334 41.53762466346722 141.35339693420013 61.58720995761286 97.95470355074148 78.99841336693879 65.95219026556774 110.10198184969968 54.79641713421947 67.9227484186722
100.50460073113226 35.42769781985664 92.96141804974303 64.93190652003207 72.2960857066249 93.39312009676223 38.941727794145464 86.85063461916093 0.0 81.73488706147577 17.073096401794032 41.048524645016776 16.02923313312573 18.651179797544735 34.40701937778968 0.0 52.20032289408695 32.659551534205114 95.1887279460089 1.0184891999591486 100.50460073113226 35.42769781985664
288.7789012475183 191.671009300277 228.88641292665224 202.55251320590213 232.52146272030032 273.08593263167 177.19925000147143 236.81908685994784 139.87316957086253 240.46006359867837 117.42383287415176 212.93831322064835 79.54710024775189 196.93584116584745 0.0 165.4130476579788 32.14629265383792 103.78763871974749 91.31758792047597 82.82818157005184 99.4473965151455 4.224703903766425 166.20418617922965 26.314327432346275 224.5471752625924 0.0 209.2526671284078 110.05246045333018 240.6436786759784 118.39157010843309 334.7417564607823 142.98338928201696 288.7789012475183 191.671009300277
172.52412449762173 31.621603731079574 119.50147488070877 158.72503263916448 47.04901023559058 83.80775098316234 0.0 43.53552708399101 63.07826959131477 0.0 172.52412449762173 31.621603731079574
49.12530961719857 38.666939469363285 46.17392996788921 48.452085686312856 35.244032066226154 38.867222569223074 27.019048314831764 48.622997440532814 12.526987078767164 48.51291434637602 12.18557605056445 35.19786151881536 0.0 20.376158271523508 5.5623294268598045 1.9068234334320238 27.48902809421459 9.17576140003193 39.80887590770524 0.0 55.832580071132696 1.098816658918949 59.301820225423285 18.448642562493475 52.80213900975231 30.912370899649545 49.12530961719857 38.666939469363285
200.815370631409 155.73166638080016 87.46799265981952 175.16849910578378 0.0 170.33632760873058 20.6340847685521 88.39082610287622 54.7295892325495 16.744900454113818 197.28744773886493 0.0 200.815370631409 155.73166638080016
68.49510068463049 7.453103327641216 90.66258803063378 0.0 101.92287678881675 25.121045226876397 111.24756204630603 36.8058021779266 184.71814962972906 52.25988327733635 121.68036299543844 71.82304928771563 131.16695068680156 120.22796124135826 84.48947018683961 55.550156142155394 83.98085157664822 50.56987879879396 65.0627433515381 66.82128005026675 0.0 69.21118670910423 15.661292834966034 32.6016403298782 59.87835673539776 28.771483291186705 68.49510068463049 7.453103327641216
0.0 59.47113489006759 4.943993708615579 29.33498669799242 38.569714634292865 24.850860851283038 61.914202954289706 40.190345807012804 96.17959704212387 0.0 85.18646420899194 52.61039860753938 112.18469641217732 58.61819310564677 139.7307485790102 87.06410406528782 116.46198250759159 114.33359007300771 83.10901884775512 116.51748366554804 62.50737764319683 131.75545774228246 39.99727563852767 117.94369044927174 2.4528967214432384 120.6403215277796 28.157055173425192 80.4402163023866 0.0 59.47113489006759
30.448638470499816 102.93809779806276 0.0 89.29778079220253 22.231108185667793 57.80198332062866 29.555692168857462 41.286083973673264 24.997749905611194 0.0 57.50594431820777 4.749147934715303 76.19699251484955 26.97722778773275 107.73369606432124 21.127406363742722 93.3632350363884 53.5494099284818 78.3323346419378 64.7168359754775 100.07412240998585 95.78350848045474 71.43030433761339 89.4298335338485 55.3657115562369 98.79554213259027 30.448638470499816 102.93809779806276
61.92189100392618 83.06547285939526 16.315938265532708 89.80499823774913 0.0 55.71375270467085 45.235223506634554 38.52844262664608 53.24397225742304 10.808383912620428 81.10739445405528 0.0 77.8692899445033 61.07760760251233 123.58279034764078 37.13897421316656 200.81029438784446 68.45569265489186 131.10905703852546 96.5526088397363 94.02536537095736 94.84056092604352 70.2747377929951 156.5121944431117 61.92189100392618 83.06547285939526
74.73127484210546 51.9344038118655 95.86708590203673 18.808751563073344 89.43171541487814 50.390128626951885 166.68273906038763 39.59773047943339 126.81130404660863 74.30961842451097 123.56332638456941 102.78374793045475 103.08545900177313 123.90525827276554 74.83734242109658 134.9757465748043 33.14879383656876 148.0390887133089 39.51437760197729 91.5449255954118 17.13618924164956 75.92293916025892 0.0 46.00331458445471 62.76661659712903 52.87730181438682 45.42424847181513 0.0 74.73127484210546 51.9344038118655
187.2915575008289 81.30652788651356 193.24769649419932 121.13229172593482 156.77718696273038 136.60263458817565 127.25310993800551 136.74937359216568 113.54763220214738 99.41710913420928 63.31307926654418 153.959879792709 4.527137259746837 135.27445335581262 0.0 79.70334005733343 52.886182502196675 50.468933787481895 84.23213312903766 37.94600520047654 112.92839405864466 0.0 134.12342901598632 55.064626796997075 158.9800168596089 60.768771650333505 187.2915575008289 81.30652788651356
144.16465474248002 120.19824728315473 57.053679521495965 84.56220738669478 0.0 33.00977906240468 73.56835840058785 0.0 126.39092845446886 27.658946046945992 144.16465474248002 120.19824728315473
61.12870467341868 253.8056708907036 0.0 144.63893519676742 81.9719339660509 58.84682738924725 251.08401229702142 0.0 269.06840981950586 188.81584447874167 143.3525588156974 203.3398549902027 61.12870467341868 253.8056708907036
125.25113579374836 144.75339491005127 69.7568738299052 152.40943250759403 65.74882824641448 118.79971690121891 0.0 50.785329620999605 44.618947623416474 0.0 125.78181357940434 43.148093431700545 161.70929937831716 23.574036265350713 179.5515906746942 70.53077122915303 251.19186330259507 54.69740470498094 207.2753216152154 112.28532248889859 233.12575926469478 143.49820531849934 313.9470010208147 247.2832914699913 158.03401914316981 142.84948955714523 149.96419338526496 157.96811016568319 91.7276132490788 274.13086416609906 125.25113579374836 144.75339491005127
26.782720336056656 0.0 48.844395611172956 16.120477152896527 39.16433564889999 47.43704976897722 0.0 29.937221091312907 26.782720336056656 0.0
150.35555069632366 81.50355546642592 173.96616075293727 105.1450107473596 221.52549238358063 180.11459399197474 137.6716709093591 149.72183607572833 109.49650312482129 170.97807246568175 71.59860675209649 170.5447464612016 64.55994553707595 125.74923881909359 21.401901315689017 109.2435055697731 0.0 63.038819588171904 69.28417431407038 55.26859338517818 71.21918312402178 0.0 111.6080003815991 51.755932035348245 147.82590032430923 16.01414273919191 154.3163172347851 56.130834829744714 150.35555069632366 81.50355546642592
286.04116450567733 63.78812908533871 264.7362348888023 129.36646989016296 276.7645203031759 170.0568714490734 328.424418834395 273.30368353968197 232.70509046727148 268.7865937074131 174.75468970822078 244.23915249399553 150.2055079685787 201.20722209558264 63.240008941173585 210.67438343361135 127.32811381031524 145.6852942245998 0.0 43.45521330959362 105.9719898359264 21.075561170165628 174.1863192048165 0.0 226.99428407103667 49.83402300700568 286.04116450567733 63.78812908533871
0.0 28.66545136637791 45.18328267997522 0.0 72.73149281270858 48.19306915543817 146.8354893019063 3.542463356560212 139.90799820467936 63.488075696992155 128.0889139408177 139.15050854648538 54.17284810108083 125.00787290691639 30.530928694482355 73.26397907891536 0.0 28.66545136637791
229.41969195311293 78.2910099288676 247.8763217669412 145.02054459518104 186.91778322528205 179.96260137335616 143.34426626122476 183.92509123337203 70.10629242857159 242.0963985987608 0.0 185.05228593020462 64.78102737456618 111.97051113408311 61.33345175114489 46.920264789148675 118.38669257010947 0.0 201.80562070928664 4.544617306497969 229.41969195311293 78.2910099288676
95.06046094154787 80.8284995286302 69.7405070751689 67.64626730086334 21.870576189862277 76.90555872851348 0.0 30.04896813651591 48.367565065585524 9.575610670099863 74.41068309960507 0.04389602374448742 107.62516099793305 0.0 106.2181770611912 33.28334631732088 131.3349692592998 65.45255635524293 95.06046094154787 80.8284995286302
107.22214103808969 126.98559851980585 76.38239350152799 106.72869987820425 49.75816007325993 104.5455422801021 38.6381122876787 78.39111510661775 0.0 52.77910965175257 61.62969760592195 43.233675205096866 73.27630011327483 38.093639320457136 82.26080979471193 24.800571727498898 110.26441589954653 0.0 155.79530319283634 2.6897981248445006 106.15393259218523 53.26685543131297 154.4141225816329 77.346156916794 126.36484519443617 97.03843924127511 107.22214103808969 126.98559851980585
178.96568768069753 5.246282012017943 202.76023799461856 77.96835074357053 181.55667317951037 143.46639862138534 92.4255170328671 171.18470426837843 0.0 89.1938971509932 85.30506085447905 0.0 178.96568768069753 5.246282012017943
0.0 20.434615710360944 41.67814352649259 0.0 66.85301601822542 40.14091593690965 22.98734425145956 57.38615115760767 0.0 20.434615710360944
