100
78.91083096932068 3.891989107274057 108.31258974294968 40.164363446269775 78.05103418129757 84.93619734853488 35.65251065749517 65.33274651567518 0.0 47.37728090632844 3.1513234217279944 0.0 47.77905546887604 8.220278405785834 78.91083096932068 3.891989107274057
90.99766131318057 119.31177617365995 56.17073765765164 120.70351146911108 15.80404418584515 118.94213715963798 65.01067083637338 57.525970561229855 23.123086298598196 49.989342984747694 0.0 3.7882545444324123 51.28700441731269 21.6499635475912 71.4496902047552 17.85068240417266 111.44895717777686 0.0 147.89848601827524 23.70145582893933 119.62771670451122 64.3290416776281 118.84494400335356 98.7556231876876 90.99766131318057 119.31177617365995
151.74858621413995 227.25517553703617 126.1325916365135 190.82475737337606 73.311645407724 183.59652373492636 0.0 132.5069898738201 131.52445197808402 124.84617636285965 108.05496398870548 41.678466870008336 168.48727319741636 9.234067719937599 257.47999236348727 0.0 224.92379747192706 112.48778279207309 271.45037711960015 150.94972379775584 240.7929312502863 199.80471832546564 206.17540130292005 241.55683366570776 151.74858621413995 227.25517553703617
282.60361448638974 118.9578647906918 246.98557840048898 260.0095146154482 90.13575273916581 277.92197353096253 21.37275769400381 167.5253198343815 0.0 49.23256765039642 113.84071909968763 0.0 182.27999199347445 58.61184450622569 282.60361448638974 118.9578647906918
28.37192403662094 43.51737200570969 135.96790422387716 0.0 215.4736980812828 55.78450614263996 265.3344839729555 177.76542314050332 137.62106368192667 227.99697998135125 0.0 183.83040530189808 28.37192403662094 43.51737200570969
112.8763332990746 133.6612631455542 82.91908131064783 129.58904220655091 63.50236118439403 115.96267888918356 44.62125574766054 123.23654072757006 16.69595597089132 124.93753472389238 0.0 105.29306193502272 20.175714443402605 79.01277054643052 5.497146490841253 54.297245596773905 33.56652845377316 46.695835673218 36.763077774929044 0.0 67.9604492617373 22.465395361370277 77.50315573066626 53.964721580964394 114.39002569510784 35.75647797362837 137.3007968153574 56.97514493691489 123.90976824038485 84.73603500678122 101.15502437170615 98.39629984618837 112.8763332990746 133.6612631455542
74.01057602695356 0.0 228.7682093422881 65.4628791741236 50.71692151021571 83.80023519305945 0.0 8.734938404424256 74.01057602695356 0.0
168.27748604737366 0.0 195.59517478062753 48.98291812699634 266.2105591600112 31.46465072634301 287.6096740908671 81.56036900331563 275.8494119145769 130.64510166564736 258.94387496362117 175.71631942540694 197.01683876170395 163.84717451132224 189.25875917499965 254.60684446227236 137.79627759318922 216.57444636767778 85.12924246477209 214.6202688160027 0.0 199.66224494596108 54.770160094506934 123.57779437753888 100.74099305833067 93.68035274647377 145.52160298500024 98.609550702217 133.67138005204492 41.11393485318635 168.27748604737366 0.0
28.645397144205077 7.778565637906709 36.66095283225546 15.188495230193453 46.74319065242234 9.33024832779084 62.328552023538975 12.62045443516189 80.33344023270718 29.066025424829164 71.71517501790228 50.46518270954907 44.27766525457616 42.88566083251733 32.605412334394615 49.150581945211854 12.998050700290648 54.91273697677461 16.311946234645546 32.72148736720145 0.0 20.68293192768941 2.420501087097591 0.0 28.645397144205077 7.778565637906709
135.1365860121482 0.0 264.0759352169744 171.39403024941734 0.0 152.7155149113742 72.67422779530759 4.399208039874139 135.1365860121482 0.0
35.95329754621254 144.77445968981547 0.0 96.34273685072557 39.26475466227396 52.012612822112764 82.81012208470845 32.375779136837835 129.26715800888803 0.0 157.21183224343866 52.68190444995025 139.17766934547262 95.08958116071209 226.9260847017731 138.11312115883888 142.02941597664318 137.8325556856867 123.25021561241952 185.4346647994993 90.45236692767989 147.33910001114572 35.95329754621254 144.77445968981547
93.96677912822787 165.9316749262162 0.0 81.59735679342432 82.63676194196701 0.0 137.27066272850809 44.33582116243946 184.8195957398592 101.8077132472378 93.96677912822787 165.9316749262162
0.0 19.529655605779823 9.514833356541573 5.322432064625275 33.405786198607444 18.441942906036502 37.87922596366981 2.606135967499739 50.614578423482826 0.0 68.27149952289469 1.1760232332066494 73.87125483629944 17.536471391173933 61.775281138956274 31.529814204455548 66.11466961182688 43.979253602102304 58.77316065020837 54.65121706113641 43.23009702191739 44.509347008377645 37.81260586914239 38.983627417599365 22.934364495406385 55.278259220026996 23.224552320380482 40.671009229579894 10.303915737194757 35.25593991694751 0.0 19.529655605779823
32.61570905624549 92.40612839457671 0.0 73.68811629601065 6.349095451979082 39.65028909617139 49.21347853555136 42.40775589570832 59.646510721351376 0.0 91.80575069390912 5.003387145583417 104.0564991025543 36.73473678406965 113.94022399295292 56.184204397183436 110.04677161576029 77.92574976471799 140.31471130587704 123.99605649297466 77.41707685134364 88.7754157379747 67.81175532186073 90.59777514615058 41.74292033782143 115.87326924139914 32.61570905624549 92.40612839457671
114.57370852290144 112.21017822613155 80.60705793334898 136.41107831720433 0.0 129.00824408884148 11.991281433163863 61.152010938874284 54.437033914301 18.71031864643976 104.50721009820074 0.0 147.3150685625711 34.37855817256507 185.74707799213235 61.360139716283555 246.79825955303914 126.31056063052269 152.91002538736845 138.0230058283248 114.57370852290144 112.21017822613155
24.53994829236356 140.71389494832846 0.0 65.28867227729619 49.18408390579833 6.854931649881465 147.2038035714209 60.81651134178031 177.84316938988843 88.19670918165957 244.93834716081284 0.0 218.72290671774928 98.93800085512004 297.5360012665838 100.26046017736536 340.54784242387154 158.4370892225774 277.6051053739221 199.82690426741556 285.7947798027729 302.4019938200968 196.7282654994259 272.1408984977277 146.53349154611877 231.53855722066197 132.8815287242817 183.997797967433 78.66275168593296 182.93188383360368 24.53994829236356 140.71389494832846
200.40699730234078 37.642022904862515 201.48794850230047 94.74497596998974 195.83419619206597 151.86942126110065 137.02792208816703 155.68248486212315 92.85984531208834 130.77928118658232 0.0 83.30513256967656 80.46971695761545 26.758804809368883 144.60989267879796 0.0 200.40699730234078 37.642022904862515
66.96567031943465 145.4158630622701 66.5879784064629 0.0 146.40678181951512 143.37475351595972 191.63376331270396 143.36561258365242 315.7793154214322 182.71076768065242 233.11741381961951 256.4319409245012 158.96407891855955 261.6608760223143 118.73753936015525 246.87531499888894 0.0 292.8117102540466 46.44774911812485 193.39082336350313 66.96567031943465 145.4158630622701
40.17360770958605 60.45985343138942 33.113254048772816 0.0 91.71514590316313 10.245412937616777 109.42324644533413 53.362384982029496 138.71576031696065 110.33504224731094 71.28835988230762 70.23147051634864 0.0 129.30147357908993 40.17360770958605 60.45985343138942
121.11618483349179 12.489024803762078 214.97538907285326 72.19368847078228 126.04272666431415 149.33313643918814 0.0 143.09644742324264 3.6634150215984818 0.0 121.11618483349179 12.489024803762078
0.0 234.64160291496904 9.294535283680759 108.039478611877 42.096278394454295 0.0 106.33648691448339 93.9600395166219 235.78634360968718 138.24162458979492 131.3033672857158 220.91098978650314 0.0 234.64160291496904
125.24357074476178 91.1321806286922 100.92404210527047 94.20431806173673 87.16137433545927 114.22251326132744 65.91764552167321 107.36785064189243 69.61925214558757 71.17423961623916 18.366060123407436 92.99773286668764 0.0 67.32623942083384 62.38685642308951 55.01476399911309 56.311668002194864 39.58663129514985 64.51788509832433 27.936939716923582 78.8610424780204 26.21078764296839 106.93116081483399 0.0 101.32127396741502 40.58313971970396 121.34900369569334 48.40929829460352 78.15785862397473 60.523843504430495 125.24357074476178 91.1321806286922
70.60085254608371 17.48078486752987 78.51462282854514 33.268489053826535 105.60091082070682 41.78499179039991 68.75435994173608 55.160018291057206 82.18057431923337 78.22963987871347 73.08944349388182 104.8433341662626 50.26658144779235 84.06890666625819 53.26184719030941 55.05683057082302 50.60488741831925 53.747189759188295 0.0 47.131891076679615 20.23275881517256 28.932743364675197 43.61259023216445 29.811797226985497 52.92977290814794 0.0 70.60085254608371 17.48078486752987
32.314927295000885 0.0 79.16334520782421 4.160455128951995 37.79237921819451 19.484249665839627 0.0 25.603592848806315 32.314927295000885 0.0
185.74832298801857 0.0 247.61385080326298 21.588494594212946 261.4785477952412 85.83824090266741 330.5582200217136 119.28835542628552 233.5994950027499 149.01300540511545 262.562050036184 224.12358648112738 206.420959265608 233.13728152359857 148.14285814282312 232.91892103654885 89.8076165811238 207.8029798014361 0.0 152.77239133075273 79.68267669104185 77.20942339332058 133.9398138830565 41.37658389884987 185.74832298801857 0.0
156.73314445384906 64.46724330142673 216.2093478863783 113.43666131683801 144.69791771652166 215.38749640804755 77.70395485870355 110.62945179433089 0.0 0.0 138.479269064743 15.651660729926611 156.73314445384906 64.46724330142673
12.534958703056645 31.54917532673477 0.0 23.641636520784402 19.368969068088973 21.820799015633398 18.468027587588892 14.453362188731177 24.45041037807789 12.682953234937685 30.48432362099281 12.747428737213397 49.55829105112683 0.0 47.160940451585475 17.27946486229068 63.550113693608665 28.215407342027106 53.62512621009711 41.14172440892321 44.317712164628915 52.202134651535374 31.377521030915503 57.958923865372014 23.91222674118646 34.37071198634486 12.984837343485793 40.51426646241606 12.534958703056645 31.54917532673477
151.97032973968598 206.49420104096941 0.0 109.16268589822192 82.58145507682846 0.0 213.5516992833979 39.467486537020235 151.97032973968598 206.49420104096941
158.78725809950234 128.81928549730088 109.55067413424715 149.94215967767542 61.82926914581358 133.2006689551747 0.0 110.44780192741756 68.469865731803 62.41135463291363 61.569945766326626 11.34944140198295 109.41568150998769 9.47071011475122 190.24595430603705 0.0 134.86589262076174 74.662170246439 158.78725809950234 128.81928549730088
47.90405800396094 0.0 73.6472348851937 57.392374817460166 10.372930620757614 59.6636170743447 0.0 11.7394788184547 47.90405800396094 0.0
304.79970238422015 129.30007667237857 259.06378675237573 266.2197539630382 128.18436786842497 218.06329576545522 0.0 144.67448273234925 76.56206991625811 11.886394649649205 184.56335220973634 0.0 286.81792093391476 19.988850088925986 304.79970238422015 129.30007667237857
143.2089121064643 0.0 163.08516081334454 35.75415394622951 177.52534387710884 77.42028786853011 140.82945910467038 103.11269529361765 118.92866951106265 129.60244936667738 79.46858209118143 165.0603376547209 54.6138857788932 116.38922486730421 5.885358921993884 101.42194149498489 0.0 53.282848773406556 32.52857401415969 18.1175043611645 82.20801725964765 37.000715821406786 94.47164405440861 65.3694762820163 143.2089121064643 0.0
17.138399528763635 73.23358660396366 0.0 46.495819497635274 20.565125104544116 23.18630957819675 36.93810345479317 0.0 65.35474594369359 2.933203871403393 95.40015555216664 13.578054531578864 61.71774381371315 46.57442474692744 140.16942181189347 110.85023958922244 59.882218229288036 71.4414657820877 31.555762219470544 111.4805755789184 17.138399528763635 73.23358660396366
77.73161790437844 0.0 134.05656985038223 2.324618252792945 127.2743635316021 58.757028966792944 159.2647026187028 111.81500282967384 95.77544799397896 88.15705757548632 48.06836000872949 133.26902384960198 0.0 88.33036329530935 41.63885442082625 34.083086260453044 77.73161790437844 0.0
168.7723682043437 52.638151704993334 205.03256527653681 136.3612712910327 124.47161576078945 183.54526718234524 51.19916588647355 167.12719879765928 0.0 133.4706227376314 28.23433185811254 78.06075378585982 24.360075030407785 32.08366429684787 66.73395129369004 0.0 111.05537811163948 23.775605507608077 168.7723682043437 52.638151704993334
95.01077187149062 86.4211941498723 100.8405581109015 50.253238545949785 128.89483655745212 42.14479316319685 180.339016286853 0.0 234.92711777767897 20.943191466905347 165.49530710165578 106.27284890905192 154.82945715465704 122.59792159546608 264.08218453085004 184.43937344145147 200.43008737710008 204.29380240978531 173.6235037900734 255.82220777054013 120.28766355338483 202.6862948247018 80.16930009589282 214.0380565266714 29.826230015885784 206.4563808710803 3.1869580808264573 161.95496863646753 0.0 112.64325729086937 41.67242736460031 80.19743278510782 95.01077187149062 86.4211941498723
39.39077451898888 202.59063865086657 87.83796353672753 138.58919669650487 0.0 114.33618926746274 56.09000018391288 87.98903080831701 96.78696572953017 88.82631949977937 109.1043760363014 60.825011950722384 151.31275119105723 0.0 174.23419312637455 54.68837233035883 258.46918255370974 48.02358536782022 157.37396433520888 122.80210777186484 186.4627456813955 145.57123397430013 194.69243567335457 190.38209236743384 164.872253702234 215.9335784226687 124.47710618700393 171.99533199143062 76.28807813387814 232.41414498330371 39.39077451898888 202.59063865086657
235.86789622983397 152.43700705896003 228.98397387355303 216.84668922629953 149.47500801063606 132.55811468380165 111.32782367223246 229.47251850802496 124.62824558204674 125.71721459243558 106.51741148017251 118.96758053458699 38.911632065016505 97.75740937028462 0.0 24.057788742640895 98.2698227788915 37.79974067658284 125.4379962826963 0.0 170.03988160899607 11.439906405431586 229.4364656709462 3.9885679283851516 246.55249308415466 57.80864776545194 254.17418529276094 106.74890214912458 235.86789622983397 152.43700705896003
0.0 23.335336230852903 23.68052658031378 18.048093737642446 31.763417014745812 6.326874138951439 53.35175646893421 0.0 58.11667191846104 22.359952512640277 55.843638562606785 39.385735900120636 33.886279741325595 30.974625453183208 25.063594619489024 51.43860851669308 19.12528223033067 36.4518629848377 0.0 23.335336230852903
131.85107617770285 80.59163890158837 159.88609841967894 46.41546228183336 173.18140469282162 63.21104452995321 237.86915602301016 74.30143874882621 152.30970350407023 96.23315370830213 204.11566947500927 150.55631361274465 190.06698485210407 209.48748031379296 139.28626371731082 233.58651956688175 91.60923025455921 188.97489860471853 72.81582137936925 147.31242569202954 75.11987871988069 111.94512831956636 0.0 84.45592462689777 47.3643711032546 47.86397188900882 69.29821732357587 13.779677356235027 107.17891041404988 0.0 131.85107617770285 80.59163890158837
16.127604136930785 33.3161108265197 23.531567685951046 19.9867956083255 46.842647832875386 0.0 70.46154870111182 19.542259520125633 73.63694255976004 48.65564648294866 54.51450570842573 68.10321104647983 31.970638718028354 46.252495981900445 12.92542259385992 66.28573594840006 0.0 48.481647316173046 16.127604136930785 33.3161108265197
71.84505626912708 6.623929763402927 106.36350860595206 0.0 126.05895761400673 34.58369149320174 161.73037095933012 37.713229593284474 219.96724612714394 56.867625827599966 156.15090070227978 98.69713958157165 129.65340446849837 112.18702548306918 189.02778409784378 217.9025391204329 121.80613988094039 205.439911209841 79.72873030212232 169.2720443327836 46.79611737314763 166.4149137163588 19.810626075824544 142.22224606311994 36.570751988008645 102.17941802229741 24.760785313819625 77.54380727383216 0.0 32.08771914584998 41.86960701030353 19.200852655894025 71.84505626912708 6.623929763402927
25.57427394475574 39.91433808907456 0.0 33.27111784613504 27.416017260865708 17.533422104306922 31.073423069069428 9.463605028058339 38.455103793091276 0.0 50.05931950768156 3.6464973524897886 61.8828571513312 5.931842349925532 72.13517450626682 16.141293340450773 63.81220748666062 28.30749270623126 67.60896487178817 48.696782584852315 49.26161993356197 46.131131287236414 38.93717801169678 39.49644070737297 25.57427394475574 39.91433808907456
80.30445832976038 79.67937322987245 50.056338249555935 132.2344972183884 27.660559279065467 90.96660655336815 0.0 50.11959565025039 24.3043693630826 0.0 77.86981120292981 3.9268831790551815 128.83563974170016 6.431936131118398 117.93281459449048 58.1120994159934 155.6567886463808 111.24706860295008 80.30445832976038 79.67937322987245
105.4384266026013 212.85020051460396 0.0 178.4795016020218 14.920428210074846 0.0 173.70782956315583 85.37647531077039 320.9346651603097 255.41169343689762 105.4384266026013 212.85020051460396
0.0 29.030374986401625 5.791417305823586 18.639761710873373 20.39627244058599 18.11064406863356 17.105553805066563 6.799142914755095 23.146004073548724 0.2201781358243835 32.52785588922033 0.0 42.67040883714935 0.679527552726995 42.26306295683335 13.86067595658075 60.74061581652214 16.732263960689323 45.28588800189257 26.94078552754827 51.28084444490021 39.19814723871315 37.545423485898894 37.12787334285407 34.54413230303639 54.71310820521606 23.27581190441731 49.93939449292496 12.375966957073302 48.18362641894157 12.526520818650667 34.119987158630664 0.0 29.030374986401625
104.55119908505736 170.24235258444506 0.0 107.50811170821272 81.12071616760387 10.868911035865736 194.38740196073138 0.0 158.33572889743766 105.13427878558815 104.55119908505736 170.24235258444506
27.340660746433883 44.10570860903879 72.33058320389277 61.81274853356072 92.8472862424296 0.0 116.94711352914177 46.029397567304386 173.07766421630464 45.92953246636645 85.3865980693497 94.63598558790041 118.94209291258217 111.09097586559166 138.80444523656905 163.707060090087 94.13768581087909 145.38130868765683 67.91136221512103 146.69000863055066 18.980178897305308 155.59253298986408 32.293758939298556 107.76356290395934 0.0 74.1127879967923 27.340660746433883 44.10570860903879
0.0 15.523491048284583 11.049959153860357 9.074070819741252 20.601035095009777 3.6823163359481583 30.93938402276264 9.225176342529366 44.12072628103036 0.0 39.66083370994484 20.680396442883918 50.53690110445679 22.544442651650982 63.86802761544379 32.32218559657474 51.18639274550135 40.989779113485454 41.1673270017173 43.69398980306039 38.21784281607127 56.14637111099749 28.786192998548614 44.041214365008955 21.30404494584026 47.02413007755463 1.9700453098519404 55.04757399507592 5.4984338380442495 38.09812963204284 15.144580720931359 28.699931469968533 0.0 15.523491048284583
75.82700790654954 48.60795106508081 46.73971264119816 62.93751671264039 0.0 27.467667680102267 61.871321542018286 0.0 75.82700790654954 48.60795106508081
142.1868539846024 155.44738449668054 106.84249811652687 159.0622970166768 80.74926994705378 167.80072996297181 38.585542605970794 198.76591616827218 21.92218538985633 157.3258336001456 0.0 132.4875767423546 19.51905225218028 98.42765182492961 1.2193064177511417 62.673605134385305 21.604397045174366 31.771865923296886 68.37282074700131 69.75050215837052 93.21123791326268 0.0 126.97643734402321 25.978210844099593 167.24756738096363 43.829328105142835 156.37580043689064 89.7637408182909 218.07559394819566 142.43178717482644 142.1868539846024 155.44738449668054
110.0538569087743 142.1154651465879 86.61483135617468 120.6424359865073 43.9880867464718 160.87199410143268 77.00646421716027 95.06653601380535 30.367832926476154 94.08951533164314 0.0 56.84971088799733 53.037905874718476 49.11957009660459 72.1597573538669 35.07137451410321 99.89242002207493 0.0 128.64797945250587 24.9707001192154 140.98109614582586 54.814401400527274 164.5104788047334 77.46875638140988 143.8020431926231 103.36321928436423 139.19170866832764 133.55426277709068 110.0538569087743 142.1154651465879
31.611218286004345 88.19092208751331 0.0 12.091928691092427 98.21581992705995 14.502879154856323 132.46776258215698 2.7627530923292625 171.59720039245724 0.0 223.1764962762848 9.406307830170462 282.524094270266 54.555221513712965 244.64221891675766 116.884643961117 178.53889633567437 123.56777701185041 151.99650801245895 158.98581902748035 116.57310385560619 136.20733961380844 47.873148341040775 147.99547716655985 31.611218286004345 88.19092208751331
80.40110402859936 0.0 98.97440408381543 28.883683303992626 85.78735868128588 60.12015746371844 63.128590601602625 69.54507050759268 46.28109783447189 91.08484964794042 8.876366040199052 96.396759670238 0.0 62.272663077557894 15.756123336577247 38.08258652592403 26.423173932605394 20.640535962846414 46.31585676696116 24.549253363099112 80.40110402859936 0.0
78.21953595798428 0.0 178.8769387688717 8.086505112329192 282.8360927056514 112.09887780219859 149.524041706524 188.25512067632388 21.018622920059073 196.50772236827993 0.0 68.96268199143788 78.21953595798428 0.0
23.54565118911104 93.98250504448643 0.0 80.86814305473067 2.0486065174410726 52.39265891231323 23.56500387434852 40.19648520028033 35.38697367582827 0.0 54.476455523899986 36.451323039477394 75.50388071880069 44.1046496770418 102.77040096023829 70.52539394206644 67.03562871170762 86.1270902594056 45.40379666977179 84.2100775672578 23.54565118911104 93.98250504448643
86.98391903929112 27.419445472654978 45.63827286448122 52.89768954662062 35.67058331305083 74.4526995526829 10.318563286271342 67.076924575222 0.0 40.649104427789005 9.923775643380793 6.121854636903706 49.97984137734697 0.0 86.98391903929112 27.419445472654978
93.01664716452413 43.4263586409091 112.24001317783333 112.1658235690719 44.07824053119026 89.61308745161398 0.0 59.08916966381469 37.85812970207961 20.173933459943242 79.49240574120412 0.0 93.01664716452413 43.4263586409091
107.69839921851785 131.54465640098474 53.88085581066085 124.5546961206569 0.0 54.215257885119044 71.55183309195738 0.0 148.1692474133073 13.80662854961875 244.61966171450715 53.79641069058623 163.5805605857501 129.53863944543258 107.69839921851785 131.54465640098474
52.93691403769864 0.0 120.0687408510848 40.51004875764759 142.30168327726273 21.875701008134044 157.30946737197056 54.73065656656509 206.99428383840734 31.680539770391654 314.3295283582986 28.908969543117266 248.95361713032608 96.7662838791077 214.19251511370703 126.1190137359698 211.53052913620553 166.97600491932423 159.6969140935608 143.47765061487002 137.84271063190246 188.17849597020813 92.65454690376811 198.09790844135978 14.410198489152492 209.15061376615006 7.796312848355541 139.55655666187175 60.49085071083047 88.02284492817034 0.0 29.205523816462467 52.93691403769864 0.0
68.78519456439079 34.80606917032618 80.96290863500874 59.269747434115615 54.658685133647396 68.44068615080927 39.71482760329255 53.357362028397105 23.219735063163284 64.25195177858963 0.0 51.82626944681361 2.939532603047361 20.888351121310464 30.29296745436696 6.421354412638422 63.08796569147417 0.0 68.78519456439079 34.80606917032618
151.5832105245729 158.933541983821 96.47050270863137 204.3805398148716 12.836359161698141 162.15813181185717 0.0 60.67550865894555 89.32046158511005 4.71391783634472 204.34534270020683 0.0 230.32524765265902 112.96721556794688 151.5832105245729 158.933541983821
139.20429559390732 42.825900137860614 216.99152693699034 33.433688241437316 223.92589221908548 85.99632725723653 106.63457924529973 95.89775433339351 193.5527650793822 179.91816248017955 144.12819147054915 195.7366000968379 99.59338841314445 190.00311880270056 70.61520350537356 163.02872968404506 37.80813994445983 157.6307387895436 8.50784959435255 135.42179080661123 16.129182967678844 97.60810449600154 0.0 59.47197304211247 5.516739587270777 9.876083337125195 77.34250471488181 52.01466896059753 90.44871290397259 0.0 112.01920777286732 45.447526879925796 139.20429559390732 42.825900137860614
134.06141492840874 34.52566977709551 99.32724633703573 53.718555322536055 118.05108245580338 82.32373188300537 98.18708838451438 93.83267530903314 76.76131079990107 93.13726884922943 62.6340912288631 67.45233000094518 37.049484359061154 92.77960343629388 25.85714675285456 74.82897539797534 22.89578417865369 55.870992155455944 20.8277450677083 38.48975626584954 0.0 3.4236021101877085 49.232095216010066 21.708104004653613 57.536406376393984 0.0 73.80878593672 10.061053258301797 90.81796827825454 11.789313805496157 105.43454346529343 22.69845919849569 134.06141492840874 34.52566977709551
19.621021821521637 8.170605031945954 32.33468564396102 0.7319453850944058 33.30021561473549 15.52241867750817 48.8660400224218 23.149692349202112 27.262194252227943 27.59536886387076 33.262426077011185 46.57188417848256 19.741573223618715 38.937310380781895 13.724164324042192 34.182665629711124 9.98616118213178 29.050137628204354 4.3635485549608575 23.202616000151025 0.0 12.3238344944629 6.148806637714387 0.0 19.621021821521637 8.170605031945954
0.0 119.87058457208991 59.86960318589669 52.80879169922546 100.3730183318093 13.094190037343225 179.18324143105588 0.0 220.237147862638 67.97025313237204 161.18543720757935 116.65712660259977 141.73141201339558 175.90017087448462 82.02577814795134 151.87489756782497 0.0 119.87058457208991
321.44059137004285 22.144070865949935 188.47446950024332 89.81626776384908 149.0832992525817 113.64799193745475 79.9606452795881 196.90355621810897 0.0 129.385375131237 12.83602534580561 33.73400989129134 86.84221839648843 3.5468580317774396 130.09412394144772 0.0 170.11117548071812 7.379464354012015 321.44059137004285 22.144070865949935
147.14720094692868 238.16182721739787 35.618288230973064 267.50715170586307 0.0 173.44753005306023 131.0826652825196 153.03902566630143 131.09639476030674 0.0 211.5110317967103 88.66351732984256 251.2813437102812 137.68658939270713 310.7723478410154 200.84082480040092 169.07944929869444 186.2331126868554 186.64372028745572 266.6306703400968 147.14720094692868 238.16182721739787
268.24377130761 208.29096053126838 160.74556518913474 185.67489555718694 121.79205479849207 205.58304381230627 63.239568644118634 226.77633373408108 0.0 202.23951912248222 34.168687478226104 126.28001555408342 13.860223690247906 77.57172209382333 7.7544819184350615 0.0 87.65532759665956 7.936584400815178 132.48539293297347 50.96466883402079 175.47432910905397 45.72632273302729 209.13095904982234 74.55715694551216 190.96739467873343 116.6915284136775 268.24377130761 208.29096053126838
59.311288522513365 58.73894418514314 0.0 59.83698205179364 30.71532710457427 0.0 63.51543889980033 25.410002554172095 59.311288522513365 58.73894418514314
103.72180718957111 112.86353414046579 94.70454027625392 156.2311385875946 49.778837198555394 200.09479038111013 54.575414413145296 95.028266048435 57.83371750885361 85.91131411909399 0.0 76.88947715578293 0.4714047753780335 38.831773478338725 40.60339448296334 35.562178865256676 67.98779656596334 25.167118733680987 121.00840250685974 0.0 167.67344974415244 35.967011647327794 216.22107738640145 100.96132542980973 103.72180718957111 112.86353414046579
42.35696056646569 28.855458557512023 14.462063068542946 32.113873849702344 0.0 2.3001917258960844 31.006053746873363 10.821850679850016 70.03967264069583 0.0 42.35696056646569 28.855458557512023
136.48133839913208 136.626637917203 104.28014862042927 129.44917201216617 0.0 136.77646962788006 43.81663551759486 62.498037985923744 53.69917542342462 0.0 118.692882606231 2.6993976107539908 156.53816954617258 25.846605490832133 216.93994974141083 19.345583243254104 233.17921762961677 70.0816203621307 198.32225991243078 110.6594322475996 155.44288316211075 108.74436136865651 136.48133839913208 136.626637917203
55.42020489309323 37.68050986221235 98.90203390021826 5.6943280342904075 171.74843670118116 0.0 143.66875449011144 81.55155207779494 218.29391066035367 140.6838804887172 130.60201978387403 149.52079798831738 92.23878166727012 198.33720062388124 0.0 215.5808822916257 0.5355567733899278 121.87579517417007 19.933981545440503 68.466661122706 55.42020489309323 37.68050986221235
72.64123740996955 112.77514052539254 54.103086350972774 125.07731363247945 0.0 174.83582679095227 55.725394543566495 73.29029794251512 16.626208181661582 80.6389665543149 28.533149784083662 64.51227519667329 32.09515695975392 51.28399523287513 17.28574989621478 8.072305356722424 45.36682896997398 0.0 66.73090015977411 36.85426260426405 85.00912872945683 29.899913021092026 123.9268984995137 23.108197532476332 110.1480480976332 57.42841601421364 181.1315329074904 88.91380165066569 150.60348086586697 123.90404994766547 98.79307177930112 119.83897364225939 72.64123740996955 112.77514052539254
35.33638497824472 35.64417219017386 74.75052267227434 16.62627181818158 117.93091189104678 0.0 171.69385428541008 22.737775999376915 204.21367449057612 84.56328863376446 162.88354279142766 148.96657564064847 92.40477692942041 152.33455369730896 11.9000291285368 161.98286166908483 0.0 86.75584427460564 35.33638497824472 35.64417219017386
222.27086146640355 83.22861087624933 318.1589085694869 105.39962553612251 271.28508315271665 145.3421669500952 223.9143060926821 146.68992350678838 195.98936682446558 265.9827024387497 108.01923882837113 256.310186958349 87.9827290711781 164.32822698942033 65.86261632074246 109.2751862320946 0.0 23.760433803895538 141.05419133511586 36.02004635121262 182.3849155856787 45.11034222617985 216.00859188860997 0.0 266.5972938067265 8.583143094461505 222.27086146640355 83.22861087624933
56.83673884496105 74.84493872359498 49.30782815888702 25.87054275821582 85.43134169869697 6.259274549621082 125.50612204037262 24.644879329639437 163.7149874550777 0.0 186.631420167807 36.923287475391334 255.6709494193909 37.82568027325017 205.82733254460766 95.37484177263246 189.34437254261456 120.15704499361016 184.9223758890797 148.6577599564908 162.5286836500239 164.95212611045082 138.16426395845218 198.66712663130124 114.75875609502876 149.3406835515384 84.71569111152215 154.02310108200055 0.0 166.37968112231698 17.092575342766196 108.13539029289257 56.83673884496105 74.84493872359498
6.329635966532749 9.467319962011615 64.52340373283371 46.33059685003239 106.59147059558691 0.0 175.96595222940317 24.82918572017354 151.01232865633938 98.0301887106183 82.59079051065032 95.18129247885126 47.5796586275967 149.05065860137069 42.25943772170805 84.89774086842873 0.0 64.08279421474475 6.329635966532749 9.467319962011615
219.81624159645017 42.223829207699666 243.3188832495097 146.03750829661064 159.6555138538625 227.07558147663602 84.66133582592227 139.30750138364763 27.510781710711512 128.62182402781158 0.0 55.34174894201956 63.206510502398714 0.0 136.34412187032012 6.696704943643539 219.81624159645017 42.223829207699666
70.0493458890851 115.55128699079718 57.93202057870917 93.03864034407687 54.82404315843743 23.946250389236795 114.83048605810046 18.493096960353867 227.2309084154564 0.0 143.91819736841242 112.06920690467494 187.99179898146116 176.68584619181553 112.18571931618655 166.4602708097271 64.3033262321857 223.218646834742 0.0 186.56354653522772 70.0493458890851 115.55128699079718
142.74370133683937 50.829908402752864 213.62038239128066 80.87997383313281 255.4243855795691 165.99530539187913 172.3110558493987 207.06114534474406 123.33936691022393 246.64083055658807 63.80837456908807 219.5881177758746 0.0 174.01703614745693 63.696085912722594 120.69474513152929 55.04897815569157 0.0 142.74370133683937 50.829908402752864
123.32558093708431 79.19531720834237 38.95527346437109 90.8698921278866 0.0 11.614323812262803 90.93234651926018 0.0 123.32558093708431 79.19531720834237
276.00267111247194 49.689624777172085 268.5029057351121 148.69375477550398 200.47056769271038 201.44695404177313 179.35099711837452 274.61726412711687 107.49104473387558 237.90912567464932 86.616594539092 189.86216574825963 0.0 187.29220707208938 26.590762937023158 125.27002211562329 36.48536745350452 60.08477881008979 96.48322291894164 0.0 167.30070928260434 45.03920953752112 276.00267111247194 49.689624777172085
136.21169230505012 113.15664384036447 0.0 73.39556712904735 91.77916060949181 0.0 148.78975251705606 18.65504045067302 136.21169230505012 113.15664384036447
0.0 88.38864322219823 70.81062573796268 78.62809554813246 85.60843131845235 0.0 144.2294761411428 21.04163612368515 172.8301031239186 71.20678221798238 190.0604195592157 108.49533245128328 205.76963481665354 153.43384930741473 134.04106688498763 146.25318494848648 130.30999034444548 196.19649895009627 96.49973139820953 178.93300541167702 54.98201356973058 179.45771152394076 4.088190359560826 150.89415688939607 0.0 88.38864322219823
0.0 50.70420454600842 2.8028064360097247 32.837198262062664 18.782011621509014 23.172273377257333 21.776582659331766 7.081950233079176 35.89908638945222 0.0 52.63417618299309 0.1552216628484686 53.66708630992241 25.17888169008524 81.07593565891995 17.260870836905234 94.05819264695742 33.269474533202505 85.25778535848792 52.38242793615711 76.14641968822954 68.04683172938905 64.45424567944572 85.11040058505608 43.338289336934224 63.48239531315442 33.55171266301777 59.521499874969884 23.807357998856517 55.00461676930387 0.0 50.70420454600842
29.834224971712104 85.47204926311313 22.069920209063554 72.21003660546837 24.82721688052372 57.39052340843372 0.0 32.59087067017293 39.502648623764586 38.13031654337193 47.85365641817053 28.053392374026046 64.70095611132811 0.0 68.35492904826914 38.37062666857874 95.24588710791305 32.42100041327954 113.43313682058151 47.84911607855429 123.86479568451203 75.35976745205329 104.37215758378623 95.91224316333232 85.64483379594343 112.79492940091116 60.855128069307554 110.84524450537818 45.843151654465885 87.7895905144389 29.834224971712104 85.47204926311313
194.62120693039537 38.8802211408908 207.0560879433936 144.2979765249969 122.99736390629673 198.08867927186708 27.434945782250338 205.3780884458557 0.0 115.41269586816469 53.27255332507514 66.52831301754644 105.03607798783014 0.0 194.62120693039537 38.8802211408908
239.44252609161788 23.869346916975516 209.17370917959727 75.50702025871374 216.98749255687537 106.92147019607454 243.06589664848633 200.658977968214 165.92444044517208 176.75710903146611 99.72552962703963 199.41171494467633 87.21788837179425 125.84508572706741 4.6993382376425075 90.00806056848629 0.0 0.9812695721589506 110.11295285108578 9.912471686725226 150.8710168097843 0.0 182.315481189348 23.447469438521146 239.44252609161788 23.869346916975516
114.292016093918 0.0 165.54748289870713 149.37738101100433 23.465677353509854 124.01279143977904 0.0 32.88724948328382 114.292016093918 0.0
221.72351844741553 149.22416025695293 251.49652121457575 214.03311152165418 216.01303916059223 251.79392576417155 171.36612452828908 202.10546324128677 99.35397937229484 262.82444397594736 143.46730637947985 153.01819737214197 93.40779641204 141.54809288530686 0.0 79.3739652612767 114.63740964912316 72.60498472024179 156.67893988587406 79.60029409563757 177.5720071040736 56.54418292513897 232.36940749010594 0.0 214.96467175025393 93.84714777375879 281.2822852634863 91.30676639982974 236.87932091223075 131.30385109493045 221.72351844741553 149.22416025695293
142.33232208688736 10.840307249735716 169.34004941969022 26.73492173118195 220.3106938388193 3.1663718908397485 284.3309180503226 39.13742498013699 315.884626922645 132.0161129910101 206.79914157908718 143.37759700612233 138.59281300650593 194.4164911059635 95.00867547615337 121.9802537215773 0.0 75.89979120292585 58.073080946575644 0.0 142.33232208688736 10.840307249735716
46.666706701738974 29.92449969728264 32.1060523627925 38.1764833741734 16.426704324593757 35.410077584680934 0.0 24.5812359940778 17.43816813347452 11.902942597468183 23.797738837521052 0.0 34.57088753552988 7.652545755623933 46.637557733069386 14.140711653591381 46.666706701738974 29.92449969728264
0.0 47.07259277175644 82.64709200826366 50.568125170514705 104.5123800203449 27.620526203644516 149.35913037573434 0.0 160.36116295400063 55.62149012407969 264.4669969053783 65.76098814065095 187.60757345047762 118.77639679314252 184.3640765474376 172.96592221602668 133.36031069899053 187.70481433589634 92.99597791122443 160.29179564533837 96.83642325510348 110.14586752371774 46.183724929943025 104.79401242896924 0.0 47.07259277175644
0.0 65.33647124956414 22.841738419978938 40.241198929960085 14.469964075024265 29.52636029505809 12.507949216047408 10.767500044714133 28.000315888698424 3.5705795330575754 41.327104943937 19.01030121098649 67.68190719745566 0.0 69.81400697480753 24.04299667277163 54.041989794729375 39.17559261447119 62.86598509097445 54.32711748478568 55.98265490976597 68.87884868144539 38.78034788087551 54.83735738483309 33.69367748828856 46.640508154926046 0.0 65.33647124956414
0.0 80.32146485437436 101.89421552138582 0.0 160.06264742269258 118.09230428383262 66.07692070660372 118.86801759063229 0.0 80.32146485437436
189.33841731966862 12.386547053303417 109.99860620918803 114.3908381004214 0.0 70.00867963371974 77.27202295163777 0.0 189.33841731966862 12.386547053303417
197.1316909487194 0.0 110.79357336292989 161.30330536841473 0.0 65.76906428172212 59.65613680645444 14.247504208992595 197.1316909487194 0.0
59.041875649047114 35.54198372454364 50.62576128049621 57.904530364898704 26.602016556798503 22.80946673985764 11.474106932467834 41.24328534065518 26.602016556798503 22.80946673985764 0.0 12.18120952662045 18.391155658822086 10.45189933361091 27.049932149188876 0.0 30.495426192861487 17.696023941482935 56.04672815344746 14.583514465659704 59.041875649047114 35.54198372454364
