100
149.12742513331824 74.05085748918427 145.70182869342187 99.2383751884932 175.93722894627206 151.2954384444286 135.18678725120162 172.86001562121385 94.40862896401714 143.79254464414714 62.18256729675359 140.99191263914173 26.907327838062685 121.21602268120094 0.0 75.57194311278599 24.530154721307923 27.801827850026243 69.36478283971955 0.0 110.80090266329191 37.76710480733961 128.3279416358891 59.24675617014067 149.12742513331824 74.05085748918427
87.80440055457609 0.0 86.09691718913328 27.008088527838282 76.1435793861648 34.920069455722086 67.36477443309141 72.40074709386789 29.8317603629148 59.41224032000062 0.0 11.605914552548683 60.11862336301061 3.192994498636253 87.80440055457609 0.0
35.12773029283801 154.62702623651649 0.0 120.33701777062541 46.46257540533466 88.59078333999582 17.30486068109022 0.0 87.97480279476238 9.145639227894293 136.9355839228333 29.84231066851561 236.58719383101433 40.61270671591642 200.72461644300796 124.04850004675028 131.1428743061539 146.29273352962292 107.54880953105237 178.23272629413157 59.658331430233204 201.80890045124323 35.12773029283801 154.62702623651649
176.11206345480855 66.28319897505499 258.82140690694564 159.9218118389318 149.8960117810745 168.15371229161707 76.58197366834281 190.92222249070306 91.40662888899445 88.98173592254737 0.0 48.886195045977985 61.87869442467897 6.1791079331142384 117.07838729610836 0.0 144.14025627681457 42.82325986238605 176.11206345480855 66.28319897505499
24.755948209812587 75.82119249301016 43.61481628150362 41.1829398657388 29.013155827102707 38.85480261268222 0.0 12.202094545538799 29.444802322937704 7.264410955675132 48.110724847305534 0.0 54.84929901067403 26.893438806559672 72.66349806305942 24.376106037875246 102.6484225313456 39.524590774595666 70.55006024695192 53.29030889490973 61.12950383061968 64.58616096139758 45.69346507211769 94.62020307825958 24.755948209812587 75.82119249301016
174.04002449720804 200.4185055357412 53.25366895206349 227.03489154887876 0.0 89.0666544231721 138.0141299693609 60.54100580644757 288.5132621264496 0.0 223.43001414551173 143.57015361008118 174.04002449720804 200.4185055357412
0.0 34.17965436842592 18.100504150702733 25.487234751284596 26.75679358706286 16.38952632593577 43.880973923352215 1.7260343175785238 77.99686990150065 0.0 95.01747302232422 28.943988861575086 93.72880142177141 66.36219933014803 52.423642516295146 67.61260197027795 33.916141939104676 83.3964500424058 13.02820333103962 72.64605338619003 16.14140295173509 46.984902239308006 0.0 34.17965436842592
211.5282848145487 0.0 223.20184435075154 101.32298825058537 196.7231951706248 207.43225704064173 101.36464737882523 150.26805996087325 0.0 130.93683992827795 40.09778415464231 34.52821780866345 116.51466897254372 36.19786203046091 211.5282848145487 0.0
64.34333163279206 41.582973211260395 103.96760544484623 16.493168044255484 209.01650271968424 0.0 184.72952059024007 113.2079701228013 100.92274739112635 205.74566596093618 0.0 121.87403006627756 64.34333163279206 41.582973211260395
196.67641355672043 9.429334972945014 199.26943381788715 109.19179727071388 149.62272023845915 187.66620003082875 75.43308007642226 137.77852232352546 0.0 107.51548853654225 35.21301135963171 28.918463507484724 104.27030326738598 0.0 196.67641355672043 9.429334972945014
163.81239000373898 201.94046711352115 125.23319531257823 175.09989328095526 101.4385697394925 143.93154799212562 108.36077619051315 107.67790021298956 0.0 51.68460848080119 85.77892386121135 25.974769108360007 143.99211744379292 43.85643912441623 170.8023946530436 0.0 195.39110829364682 42.213184705390645 283.8438334693691 7.354182033784809 254.76224425900065 77.88307873116732 205.6286418828813 106.0648920527251 262.9357733984101 176.7741776605203 236.1398383564084 254.3862253739074 163.81239000373898 201.94046711352115
129.61692111066685 35.33696101278371 175.85260262158658 104.69588598524862 99.06192440600634 129.33676316297547 45.720872014797635 116.68900426418739 0.0 84.57854896972057 9.818626809033788 25.590514361967713 56.33598203516132 0.0 94.2797938376228 15.973623821997563 129.61692111066685 35.33696101278371
239.20624678604557 59.56844419690954 222.82639681117467 87.05409444044008 345.01907332041424 142.10034933583285 297.2066112681588 190.99405798543546 205.73867959191466 139.5927344654072 188.17046804652983 239.80557940068456 151.26718505265052 166.70713154233562 103.13815173907092 163.24722833440057 130.11868567793718 108.12126168480204 0.0 66.33771799657711 64.94966007979295 19.79423260625768 152.82305047159488 49.1438020691152 165.22154041454667 0.0 197.38782107051813 31.14395660260456 206.54076570218155 60.18061422470343 239.20624678604557 59.56844419690954
110.32863094283589 74.49005362970487 93.71348281646054 87.8103977886831 72.37414231728688 83.22224206593518 57.161923973518356 80.04420751448629 28.665648627602167 91.54238169792833 9.117984890222978 74.98714350464556 0.0 51.0403224407762 35.528393567461166 32.695559951437055 42.89488104043373 21.849237465495825 59.6122546444506 27.6908289247798 64.23964826521342 18.047855243150416 79.23663125552652 0.0 92.5161220335345 10.260264611753193 123.44889438254155 10.239075903555097 109.0733542385869 36.73699238358129 106.5369984891711 52.170228769408475 110.32863094283589 74.49005362970487
140.33843089748726 44.05484572723685 86.77509886600092 60.33611280938848 61.34070610777089 96.11483377959797 19.525625149787523 81.51407881180663 44.49331596801523 33.960913784384715 0.0 0.0 60.359571421738245 30.86227239845033 65.46138079471254 15.39154205559926 90.85600812422732 12.766051224308 140.33843089748726 44.05484572723685
6.366029065713946 46.94869537351669 0.0 25.16786026794079 19.736601743127665 13.315663449606127 30.752073831185115 0.798241329998028 48.36362367231031 1.193878603762748 57.36783644775677 18.162955010292798 93.74767516936893 0.0 71.64203551726192 30.65018483795989 72.36724684941919 41.487602084138864 62.85478815629773 46.74850400233563 58.04376112083678 53.12639492364405 51.12668905722131 90.79812387104306 42.692891849063784 52.0498483325806 14.189805790972855 66.41212213344824 6.366029065713946 46.94869537351669
79.41841495714846 121.7817784411408 0.0 120.79521034475003 65.76976765698146 91.8089019427195 8.81665202341594 24.844924921067076 93.21845097337933 77.77910652879191 97.23749350129299 0.0 126.50102040162966 46.10268697459715 180.84841660069964 24.583306429652822 117.6351761076439 98.5268092615091 159.7611293572108 104.14683542515101 167.19863104865414 131.47014328033265 174.1690765733981 178.10536767219025 108.95469965217805 109.69845263879873 102.27674479851785 143.59503221914252 64.63587261467603 173.6194869133513 79.41841495714846 121.7817784411408
109.56958887239298 175.52762791202892 8.47102683210764 170.16013757218138 0.0 71.99761130082862 55.29220142906732 0.0 118.0954237901395 57.11092571048417 207.49894599882606 115.67793292156342 109.56958887239298 175.52762791202892
181.34491381025725 38.12262592242118 159.28936651842676 102.69136427512184 90.91111869879126 74.78375083222292 48.84408122175861 165.8046212026271 0.0 110.50240557462192 34.585857038347264 49.62439702771189 61.93613565738518 0.0 114.47139862209302 22.31674214507258 181.34491381025725 38.12262592242118
274.9023006321227 142.38332042509876 267.01388258495217 240.29417962006568 172.86868816946142 171.7648825269839 101.32353884145175 195.07370672342836 0.0 151.57867424157422 98.64036845854599 71.67247930594395 157.0929317064366 70.30921113613066 184.8993929817433 0.0 211.88461969352701 60.96953167200007 263.6898589983564 80.33341571454233 274.9023006321227 142.38332042509876
161.56406349737793 0.0 216.360046420414 55.23751612213998 289.63693548165827 104.96758921984443 203.99578968102475 162.10581896301997 179.60668850338016 200.4415858292098 127.82217841810784 233.13888235011024 80.08826303640865 198.5016544351796 0.0 159.00925611359028 96.30921261856327 109.23243838309952 99.47872877041158 47.01625074919956 161.56406349737793 0.0
109.05393964826261 234.20230671216115 0.0 210.10699567828857 65.59688046759848 104.70488921302179 54.397249350608746 0.0 154.37530087087953 23.808754847152358 196.61819387135918 78.59302036528894 235.086328271017 141.66841090046876 195.5100699254584 218.3193306933922 109.05393964826261 234.20230671216115
67.65356705722446 0.0 92.30750879073202 8.680056574869454 111.0551152640423 32.164973217568416 89.30076120162687 53.94807306853804 67.10753224785914 77.41867211482553 37.84100719384196 62.71357341138851 0.0 32.392751367238276 43.634186775766594 7.804368433072213 67.65356705722446 0.0
123.68868261592553 80.35945068359862 116.85212078510423 106.41941290443037 86.38152062524242 105.59143913224594 64.83099592030811 94.74123522741763 47.49099741085328 99.87005300387904 51.487382524669144 69.89383763145304 59.25550760700963 59.54748956933168 15.997487807792794 59.018425258173146 0.0 33.893727350011936 30.60245061086232 28.85415169988618 53.92328377387456 39.50059151718391 61.736813849951105 38.9564971608037 84.86251487294427 0.0 89.41145228854342 29.392242473114912 122.3341678299629 29.715220061252005 78.95103568048607 57.53024996415305 123.68868261592553 80.35945068359862
136.16619280440904 0.0 94.25373071993859 86.78408458649108 42.5501845903415 113.89205078251388 0.0 11.702285797791838 136.16619280440904 0.0
16.797269536183464 13.723850062643976 45.63459645419037 0.0 51.60483649554679 29.915165014587643 46.820852248316 42.31302138177708 36.41431401200225 43.63304632282376 0.0 47.54724112224952 16.797269536183464 13.723850062643976
133.82976329687227 111.00960729931293 87.63599574387693 123.3400379780393 53.93738615319039 93.71472932683182 0.0 89.76941222019562 23.919992894587665 44.051118675795166 75.1226913290511 50.40457690736696 68.25459717759743 11.497898806639071 99.79502518228486 4.484585039084067 181.55583382049008 0.0 149.7053461781839 63.1554618278584 133.82976329687227 111.00960729931293
118.77578113810151 50.60842246315055 78.78169715401933 63.615149121330724 105.01141551164649 114.48419122863248 73.4102820185577 88.51257733805383 35.510089388706746 96.82885637442783 0.0 60.97139363591928 52.48745279237872 40.23086841196068 68.89348357136775 2.227833931745586 118.04394903868311 0.0 118.77578113810151 50.60842246315055
300.12564135658715 142.13836158454345 280.5942130396655 193.84106432123272 232.6861411509174 215.1771404239503 185.47527095160336 254.0940012278926 135.3486669456318 221.1571189512654 131.08877980915975 157.5503747488846 41.49602067698501 162.17186183656426 0.0 104.37813764184261 79.25934793148704 61.17903535270198 116.74412689475747 35.284821417680675 173.0000711121159 92.15710340534379 189.61477044901136 28.913511749306778 247.03687568685598 0.0 226.97868773443903 77.24044643794049 318.96621462542487 86.56053354200955 300.12564135658715 142.13836158454345
173.37323373277027 0.0 154.33458779590006 87.37636829757652 132.2570645611733 150.00693368718197 0.0 43.672523600249924 173.37323373277027 0.0
0.0 71.81368548253025 30.392400389033043 38.563642752628944 43.21168924413987 9.25562868458109 74.58589785661229 0.0 94.56252975834133 25.88519565394457 132.8003078316017 16.23763001801307 110.71143689080822 53.16714246598591 109.91838049173128 68.08048819955093 121.76374702570132 104.23863968531512 86.68408157491487 79.4434059490022 63.78966577968505 107.68686681361493 50.545446959621756 83.54118595342581 0.0 71.81368548253025
18.716143373675976 125.20637164284007 0.0 98.42457824483695 18.009384646751613 68.16720381599858 26.95543329081064 40.232793817353894 54.18436442707632 30.249490655649154 78.56224883226098 17.411498424344288 113.25161201749842 0.0 137.83232048162887 25.31302269323593 169.27667578639893 44.360885516849855 158.0724136217276 82.21202287553315 209.2462301805291 127.10050723395041 152.7627577275817 143.43874697089564 101.94431646430634 117.98914576599374 92.52822439972724 165.43814816384878 70.20492654139942 138.48679512613467 40.30225619380562 144.17815911842274 18.716143373675976 125.20637164284007
113.05857644186088 0.0 208.8111909335247 63.604110631703875 264.3064078356899 90.90910778516601 368.5587745329119 144.6997459354876 327.5718635897417 241.2793674564478 250.95017785815 292.7959160191177 162.35950105555017 287.7732928267154 43.334738331430174 291.7650395879356 0.0 184.79490487227497 41.74360773479802 85.41489662065274 113.05857644186088 0.0
164.21851996832743 13.873226497774127 183.23607558679493 63.38254881377658 106.60009443047328 101.9133404148172 243.4269854265496 209.04660950817592 137.69684712097387 188.51122726693416 81.37715473230664 238.5154913734599 33.53034392378764 182.63878551895843 11.14171987138937 137.01842220840015 0.0 88.90962116285786 28.93456655941523 50.1723023603178 62.92584984970532 20.312639820492905 111.1823085141478 0.0 164.21851996832743 13.873226497774127
408.55440510848814 46.83563510533163 327.0217233528921 185.4695955049639 234.19968999353358 251.14705341611665 89.50798188818914 257.3041622529125 0.0 101.03892981069808 135.6846608756175 0.0 249.7433634478899 11.726599374566248 408.55440510848814 46.83563510533163
87.02387182229262 15.240366999322859 132.59680934797848 11.687478873604384 145.44685156696588 53.394692919206655 98.27390854858903 72.11336456605113 96.21197333126521 101.55050198884828 66.13913678209678 139.79009537629966 12.693516293321352 134.92109223327154 0.0 85.36719849482736 22.352594106247636 47.454989561655445 51.93062379758956 37.91364947676896 58.28564098466504 0.0 87.02387182229262 15.240366999322859
318.0214544275201 208.37886850221082 194.07586410455195 240.69643907609606 122.15637524185004 154.90457876033975 66.45350254610977 143.49030686243998 0.0 87.59930574023863 17.16339688175745 0.0 120.95957591624304 22.766373338733374 164.55820428399292 10.1305454086054 194.39469039392432 44.877397275353594 261.15587742370315 82.8278313459062 318.0214544275201 208.37886850221082
218.58434609605374 228.51490780517832 190.44422950980763 265.7203978000046 142.12236597917914 266.29963646407015 0.0 306.19896116084294 110.20531347213105 190.14694509915637 86.95652110245366 134.20159429371978 98.9925579632926 0.0 204.83207559669546 66.981321397305 275.33116777213576 113.10237125258837 316.05369956721995 187.76400088745788 218.58434609605374 228.51490780517832
22.3795649888755 163.80551475055987 31.129293154182164 101.96778212900298 0.0 28.532821835226557 80.9956181967757 14.485490465973015 125.95355573531785 0.0 155.2797344486729 56.54883118588925 180.6488410398876 64.11543711125444 192.51810349949022 89.30361399364573 245.81876003098728 132.59861936018183 217.9018190184339 177.60413798415496 167.97021413715515 186.87977809598743 123.16788114705463 198.74541144627233 107.61016361553223 144.42203036153666 22.3795649888755 163.80551475055987
78.78325123643317 0.0 120.07286411881445 88.49239154918064 157.28383576909042 82.99292852384187 180.92030953670826 111.77282700903554 120.21483999629793 148.39145885800474 261.44801163986983 216.6833228683245 180.61032224883635 235.20583340041796 129.3319280085857 231.21571165720556 95.23382044800098 217.0744711364656 44.359903280651594 250.2974053259163 35.741112649337964 198.6584785793559 0.0 173.5992541738696 62.18436120858536 141.8654157106938 63.83281087071566 123.5586451538858 52.78334105947252 69.84639825869495 78.78325123643317 0.0
37.434005909311 139.810145607628 24.424559346696924 85.63126972967648 0.0 51.24147845040882 37.21028953620586 28.93448774016762 76.69704239965837 0.0 143.039111623494 22.677471922940192 97.87159337103472 79.2694201596896 97.92771215027972 142.438387363269 37.434005909311 139.810145607628
36.18519311266789 139.53333777052853 0.0 84.5821048963607 27.9993593349337 22.781880193551125 93.68675221749689 0.0 111.14134367912052 63.86772892019091 190.70505189913723 132.14565074544225 79.22455899094885 91.46904600220496 36.18519311266789 139.53333777052853
66.6732119776571 62.64924656029166 115.0307646597891 84.72350831522967 103.88062817280971 28.2784871931066 139.73333839930368 0.0 183.78692998418416 13.67147826570178 214.4833919571061 52.138831175477364 183.0508343973648 97.37502841979715 141.13314042183208 105.24877697458277 137.4836800376034 135.43320493497254 108.7364108999548 175.47134811490798 74.96372677374859 148.311996817928 8.652682579746198 148.3287130167676 0.0 89.10075011709257 66.6732119776571 62.64924656029166
56.515099087297976 32.87860594852452 106.10790287270012 110.97241150386479 234.03002744789157 0.0 218.93141738447204 110.6822577224022 173.74946628687647 166.23406175662063 124.76012842522702 221.44705111826073 42.769370368290076 227.79886058060674 0.0 154.41078006706908 52.533622055880265 92.7823931892677 56.515099087297976 32.87860594852452
0.0 42.73938031552339 15.353349336197127 0.0 62.16249092996293 11.684147298530249 42.601264238032925 54.58435694559249 0.0 42.73938031552339
67.09466614502931 46.25747556735716 64.65473675448831 67.4225219558567 43.33381931446797 47.24514398189061 29.93201984916611 60.787445641619485 14.07877526428689 57.13834922104604 0.0 46.01489809322236 5.288968320274051 27.90524604829035 5.480564768432629 11.210834568186755 20.90840765691732 4.853504380760185 34.23366152970516 4.760926860096589 43.63315888782334 7.547986320043407 57.16736964257299 0.0 63.881889956905184 10.798355069515338 70.74789133376296 20.480886528867302 82.98735294468037 35.85302107713099 67.09466614502931 46.25747556735716
26.05782808621062 13.380505360259612 51.36464642326371 0.0 74.73414109646731 22.896226447549587 72.75171286145152 53.81476631648794 45.086500395847125 62.44779633694667 26.087444120643227 54.393987079809826 19.885140208807343 41.61557326284183 0.0 21.691496244464254 26.05782808621062 13.380505360259612
0.0 118.8109855455622 90.89841184462384 113.99202780685712 124.9503770921297 55.211997177879596 207.0159289894619 0.0 203.09372530685647 131.34751687905407 221.87014634311316 161.473706452218 278.58955932889114 204.8657483598698 208.75297409422927 227.14155034976517 194.08566517902156 273.93663828014616 147.2863335713564 262.5127230011324 126.82133154192056 227.56788525006374 7.686573876095423 273.53596968598055 37.13166793847549 192.33995276292717 0.0 118.8109855455622
130.50351789455084 194.27544000509513 107.13164296152016 176.71088979001203 68.19497368433886 173.61516601626593 0.0 156.207567024771 49.68285779248609 105.03027577773253 75.44539129226223 78.34090920555141 97.36180825745939 59.0976650983843 110.11732065443874 1.6722903261424307 157.32090986083585 0.0 201.62101406319695 14.123052642228387 198.70269566573782 72.28874336133381 220.21167290964223 94.72215695818886 258.06731501058766 131.96204596663392 198.06559374337886 151.44804606886132 200.91221517436924 199.13576188259614 163.86252342492782 208.0811716438106 130.50351789455084 194.27544000509513
137.08255315571273 154.8498583231928 101.65905114676475 155.80335624845787 52.01797124153622 164.12157831561098 54.713478265103575 114.59601497271808 79.33261649892707 86.42235406590459 0.0 0.0 89.9226609475704 33.45713058246124 126.46229081884327 4.693736950149486 165.327572534958 24.228828832646457 181.46861176546417 65.29095259114061 227.4932835426656 110.18309486906598 150.65337374579934 122.61171285988387 137.08255315571273 154.8498583231928
33.718073852635825 28.96885092298544 84.52056926879946 0.0 161.17884383208968 55.86294184999029 75.49509734294789 91.21720306237464 6.766019927255485 151.90773341036885 0.0 64.57609174852966 33.718073852635825 28.96885092298544
214.35862842143922 1.5291077527122496 283.55752804179974 0.0 380.0540775778062 36.84822460144981 280.89751030028816 113.51868961573096 242.3224868906437 129.18841609651884 212.956586941406 155.82962404295802 125.75353457855337 202.91239611971525 0.0 154.96618892519234 86.99593258654332 50.61182547186091 146.02587069230134 0.9623001358083911 214.35862842143922 1.5291077527122496
213.5154679101518 139.11349778826394 165.70407560706212 153.89881718081 144.90965408486295 201.2980402915087 108.36270841080074 161.87686483279793 81.04485733872812 146.9545095674805 42.23161603319235 125.42062319925626 0.0 67.35412982083301 80.37276905138643 54.875217591933165 106.72529857019076 0.0 148.4686675581672 47.081211346300066 198.40944020760583 48.62865271611623 202.2162429730655 93.86314673809312 213.5154679101518 139.11349778826394
16.44253976642929 28.449963486660266 0.0 18.79524130753262 3.8250880591240985 4.778428470640691 17.14703300977959 0.0 29.15254821697968 7.882653490392542 44.74866976803371 2.6720368648433777 63.086011104813906 10.389588331828008 45.817424322267215 28.04652402356399 42.09300610398982 36.57519772638575 44.175859691363044 57.93536684157186 26.957219107183306 58.14293158936772 18.062798613660576 42.903941112968695 6.8495593423294 41.3718844995728 16.44253976642929 28.449963486660266
54.483026784408835 0.0 117.69409426390678 10.61145257709714 137.543778721656 60.40167042662553 166.79150968505792 101.20693819577384 156.9726398565242 164.07702505943735 89.8212142244947 102.35421692699481 38.63137112939377 150.5906466709498 54.0518226518376 95.92198600884899 0.0 41.862109544123506 54.483026784408835 0.0
4.593540005661623 14.59212753839455 26.687048348694702 0.0 44.22821720869729 19.599615573025346 66.59120205246789 31.945438960214275 45.29342639991819 47.75110076323462 33.84495406878622 64.29586706348184 16.450827382181714 52.32581653301783 0.0 38.65800561523247 4.593540005661623 14.59212753839455
89.61589272112832 168.3497189505759 0.0 125.00832077274603 41.641712363762394 67.17567796518284 95.57473650199753 36.211392808468574 157.37984730236164 0.0 159.73616536082613 135.06730854083844 269.79350183350795 70.39162722722126 234.7111045813316 139.04366084116612 195.58533497672676 163.41601486025675 215.54557773871608 219.71344427621108 176.09402920257065 246.92900226797644 129.6230008309205 235.53676778572537 77.90819660519466 224.68825148471996 89.61589272112832 168.3497189505759
90.38831978478225 141.62054741882505 0.0 92.36268732776232 43.57025185531862 30.0191069821187 109.05187174274391 0.0 162.23744289519263 45.12906444890919 227.6378548688479 32.18247581308577 235.94137986692806 95.86361509159502 217.53097082273047 142.80781660939925 239.19109752372506 216.871474595969 169.8820595820894 209.70382552819893 125.22861200755759 200.52990991495085 105.03971477567734 165.66667385768272 90.38831978478225 141.62054741882505
253.35527121470213 181.7879612423458 248.68975332624757 220.91153790178055 235.26958689274048 265.34264705657614 170.89652178877182 226.13483724640042 146.79176169590204 277.49120072021196 98.96700432551322 286.79343209769894 44.09525646130635 269.6144254306517 9.633052310381856 224.26456670602886 38.1980025466726 170.10222101476512 0.0 103.31820849830271 17.559436420410577 22.693139961816485 88.72030063843354 0.0 154.0167492350069 130.22491353037358 208.01027130300872 58.04067513522568 254.11159915775715 81.85794687467371 294.1815759103894 124.33646033868195 253.35527121470213 181.7879612423458
207.78715092264991 29.360776649860227 198.015164614944 128.843752794581 93.88899005537192 135.5282655622745 0.0 39.25445085950433 127.67638071011176 0.0 207.78715092264991 29.360776649860227
150.66143181027394 98.65211343184944 153.10957355186414 145.959253148012 114.17245097496532 139.0053361541872 80.12035202084974 146.6626282669277 0.0 165.41201298885193 29.32047914789652 92.86965904387371 48.76730598608739 59.73328821351187 54.80207528078378 25.158512370413966 86.12456907438488 10.51168341796317 119.22209330376837 0.0 137.8058863050747 32.50021067837554 153.81753862517715 51.57575618255808 194.92251918051477 76.53812797945587 150.66143181027394 98.65211343184944
110.83784524983791 77.24682103278799 220.830038549443 31.695000950581488 187.71759158633466 96.70147478629463 168.9090620732128 132.47052605356674 164.2832307479619 189.14052279342292 107.27273279819913 168.5916093106472 76.1310887706573 157.12385896289635 37.87622962238825 152.17973138693378 35.79596953939523 111.84548692045813 98.70667513523694 95.30603959361416 0.0 10.292550029695917 69.33508582358587 22.717881951792336 107.49293804649997 0.0 110.83784524983791 77.24682103278799
0.0 6.961977871781684 92.7380240697286 0.0 147.72440271952473 42.3758511283386 112.44702854307046 101.5920285620204 37.44623911700107 101.45112899134381 0.0 6.961977871781684
41.544812804859724 116.53443720817246 0.0 0.0 123.37855186758564 39.53535583254141 145.5012275365927 143.60797415734828 41.544812804859724 116.53443720817246
36.97420713044812 191.53867537610802 0.0 102.88473600438263 62.5945530538499 28.64420097897535 174.52645493708877 0.0 301.63332032821256 68.0690983070165 193.15150743576032 178.53292535620744 186.18776146221367 288.713027795269 88.18515556195217 246.90880561367965 36.97420713044812 191.53867537610802
59.062509166716595 71.69284493388655 35.45938519186373 75.1038483894133 0.0 62.398387102231126 29.746340424231647 32.41524683899215 22.885889708532204 0.0 54.428396490731245 9.833992080910733 76.19990875789922 0.521657454773468 99.9737626258505 10.584585904012869 95.87390919732304 37.360768143284616 74.62154397219028 47.35878512913226 66.30212037552262 50.43828303921558 59.062509166716595 71.69284493388655
100.20595798433052 0.0 103.61083688151844 38.45115029901956 111.6120467344764 59.19953415867204 147.32261775153466 88.68231836429658 92.72444036851809 92.82223355318001 88.32405118474664 119.98638027132313 60.69597591935154 71.90458680002085 40.77714393356226 127.51761115779112 4.556382020079752 127.62490274130579 0.0 94.28850114167183 18.901831399920013 68.77932846447953 7.009998484108195 44.265535122718035 22.557516498818643 26.75702880017272 42.635096392711034 15.163277977317868 68.34285934770223 1.1368287117980174 100.20595798433052 0.0
99.52319770310771 85.73595119977143 80.9694876956627 123.77043258194034 0.0 126.61038015071246 22.135495607166078 51.55193876043265 61.71122992021115 0.0 127.12160832127032 8.514959460503277 180.8755878006349 48.71606864144755 184.83032566822808 120.51323937502652 99.52319770310771 85.73595119977143
288.6838444462557 90.95912347794766 315.7407321835385 170.12825989339774 291.61076200093805 269.80007274747175 178.48295557104785 241.84721553078822 120.35279269952403 239.86381335671604 81.35497323091184 202.33141910210225 0.0 197.8485420255879 73.55918596298628 125.08728150634855 117.96558640643235 113.65600765404629 77.15866546025924 38.113073645271655 124.64653889209055 16.380897278882415 177.36403739245094 19.4556955150305 284.41061873908393 0.0 288.6838444462557 90.95912347794766
217.49365212472588 10.876551256392034 139.11863897931735 71.38658737980052 132.53562014853114 157.7176588358124 62.678261143237705 113.4849279748774 60.210421527546345 60.88597901266318 0.0 0.0 83.49450641635967 10.567573323444144 116.83787910990775 12.20800503547489 217.49365212472588 10.876551256392034
64.34698589204528 150.9426026416526 0.0 41.43748558062617 101.78206423252057 0.0 180.78093172512456 59.064331554067024 228.96390295108515 87.77983518541032 265.63881609165946 136.8870209513709 224.5665310206912 185.97786121056586 207.47590535119576 261.15735002799045 157.2078438912294 161.64096258174666 97.00465757911017 198.8687166378765 64.34698589204528 150.9426026416526
98.27619041232924 126.79352182783526 51.51451041989645 95.92452317933504 0.0 37.50619591948779 65.98723796808882 3.347482275411643 120.63137879167066 0.0 175.81250145871877 34.64797597577694 144.82487131755744 91.89668228495128 98.27619041232924 126.79352182783526
120.57060969538577 177.5138909743365 0.0 320.98852720017226 1.24781508571823 190.26176146114582 21.483679201801323 120.59424452210469 33.733054693306585 61.49880576888056 80.4044154696941 0.0 143.53656534322985 50.83490215032657 235.63530371650208 38.82203649953328 232.98524706395602 119.8946478565413 332.17822098141386 231.70378964001287 210.51504489087785 272.02550925547075 120.57060969538577 177.5138909743365
158.69620760679913 82.44198709478438 144.15733712173812 119.82138510100512 103.84661450393 129.65614958539163 77.98256752455401 132.2733334573028 41.25729192385762 158.092804302028 9.736337536112472 136.52299699320588 21.441090608709914 94.44097106243034 0.0 65.01825301773829 1.606842103050127 20.55953276941151 40.50760540931711 0.0 74.41967095133685 58.162240071773994 114.63728719400535 23.00576527521021 143.55216026056357 45.40371583767508 158.69620760679913 82.44198709478438
60.11009895144832 25.6241659095652 91.67671585206585 0.0 104.98282203795421 58.702509613089305 167.45717377000793 30.18071549713791 149.86590443132326 74.29542026761547 175.80170221224944 126.11894732758503 137.2245055821871 162.53100719123617 79.69044323962137 175.24710189923758 55.19776835638308 117.62808119637293 0.0 99.55632353518074 64.14819762798456 61.86980128068586 60.11009895144832 25.6241659095652
49.147681794113524 173.5493228775495 0.0 127.28140820123815 79.3025408614575 88.85384770744545 72.11159553694097 28.364960673644248 124.39554791393917 33.062746848104965 185.3257323450045 0.0 231.9556614765403 43.54390235190891 191.31707695309183 109.1863393675636 195.4214169862129 144.01067131958575 169.8577536159562 168.33146132466504 139.50207491707403 175.16481689481327 98.65346527542336 191.06827054089462 49.147681794113524 173.5493228775495
59.838174803885835 198.8476625428613 0.0 115.84695890787674 219.95459989229667 133.97381730508744 162.95240685976034 46.47338124884757 209.28211423925632 58.57010202018982 264.9020322645825 0.0 266.12751746778724 85.23607534582047 399.64951921235263 68.81707200238556 272.9588483842838 139.00833460845632 378.8263360046525 227.94133004926476 255.9052885555147 188.67324659333298 231.67849004416826 215.67310403908772 186.04251222416258 246.37657102856332 130.35660449066114 229.12129571795458 59.838174803885835 198.8476625428613
167.22081324164378 193.8467295801051 107.68537758452317 228.9286146669354 19.68168912638933 220.90273783840559 116.57359585280052 112.55547374578133 0.0 46.79294272805782 65.91234860454571 0.0 137.24962177293025 18.33142858508596 166.26197143898185 67.46604949487046 279.983834763965 44.068280960400756 256.35933443626163 124.78481232338461 193.3637899328897 154.69882215050092 167.22081324164378 193.8467295801051
53.62348732942226 171.88785022569152 0.0 126.8126290195539 38.59483545250028 67.04113427423019 58.56047025357862 32.97863836954804 89.565232251981 0.0 132.179300091036 22.120877052699115 168.29268712897374 44.068344281610734 222.06827450968228 97.90133132304923 179.88057543898123 153.13813652158763 114.30680688043181 160.5491458756918 53.62348732942226 171.88785022569152
76.31061089079118 80.83437758629 0.0 77.37136299674698 58.496710986058446 0.0 112.92747783974137 57.94763346224866 76.31061089079118 80.83437758629
50.67888738319951 0.0 104.98908062198193 19.51989288640923 121.4851869874656 66.43397188272586 99.33121344914468 121.03945826000658 50.33031695571054 89.45013420871318 0.0 48.22693281389839 50.67888738319951 0.0
123.29077297981556 11.419879793522348 114.49065504450186 63.157251538146596 169.9359352241679 55.09285688102831 138.0392532316534 77.66589116004555 154.99892159109095 128.5764737560737 113.78880512529082 131.77981898477327 91.02087555957812 100.65759998753784 0.0 124.10843250038805 105.45438895548757 67.14687576717358 77.57004299424685 41.19240210615699 87.26013424308614 0.0 123.29077297981556 11.419879793522348
66.42347671711542 46.287413260238495 125.89975900421499 0.0 218.8898380335736 26.171072473787376 228.87689690686676 138.18909293251477 126.35840880937349 206.47559926737767 0.0 149.83970961206774 66.42347671711542 46.287413260238495
226.57959919434603 180.52692355774934 201.77649824240123 226.16036785177698 153.8407490959753 246.2533043233397 136.03046909129137 169.45720778304047 34.263105712899375 211.47724271895328 94.10931413575871 133.30509239521803 0.0 77.65127576704973 27.19528073339424 0.0 134.62588979655314 54.8559213356495 167.5381354388806 13.163978022784079 212.39624842403697 29.629891336965287 264.48078290274316 49.94387169786326 265.37011711501736 106.2538951801706 310.5112583355601 166.1281494111604 226.57959919434603 180.52692355774934
28.012117742166353 51.26440237468 16.62307470529558 40.81174068981228 0.0 21.57290258982775 17.785654496638486 4.807870250501068 37.80640159998573 13.133246711681721 66.7366939698799 0.0 57.96707110750518 28.439913243649897 61.17999078893061 46.73976127080779 40.518625054203824 42.17628010474169 28.012117742166353 51.26440237468
97.4013088698053 67.82502753741824 76.04249247337812 66.09352503733196 71.37141456357445 81.9061380027435 55.37164177067466 96.41689258473592 37.62628132628514 88.86559277244332 38.2585941656407 64.50380082762281 13.536934546500802 59.74869345639311 7.58618968193143 39.316481224121404 0.0 10.541354245128282 37.775955046991626 14.400465318180451 49.45247188154444 0.6223739725168045 67.73977795199085 0.0 83.26313977332562 10.37055243981792 107.07240883869734 13.563016105192673 107.76646505504623 36.13960573216015 96.3363913907689 52.33387539926919 97.4013088698053 67.82502753741824
20.215410775183294 49.86443353565883 0.0 32.469721305089465 41.611310150296084 41.3119834762017 31.341873397824024 0.0 52.494756163054525 5.822420420509495 67.58913634945182 17.7538968904407 65.58634974529721 36.174933443016485 84.74633702771828 52.65890400107547 66.46859222903157 63.675576936994474 49.279935176452845 60.820682814210514 37.61565536118001 69.11615050013411 15.94039984791771 73.03417764314077 20.215410775183294 49.86443353565883
101.6800188243131 164.95804099291846 0.0 48.65436930863481 171.45309252226423 80.16249683304699 283.9206775492264 0.0 307.0537435219595 138.06312303863527 216.40289757308798 262.7286265614998 101.6800188243131 164.95804099291846
93.47862523037709 0.0 137.00283824788835 48.21559965707992 68.20891243372927 98.2917161649249 0.0 10.761886119936904 93.47862523037709 0.0
64.3710690589397 0.0 128.71227149889515 5.068971962295876 187.16845787441846 77.45978053638348 97.18787274183687 121.06998590465258 0.0 76.6432425178725 64.3710690589397 0.0
253.52305114157846 153.90721174007425 211.08295545075987 225.93812795060242 136.78515681324046 209.98669651809567 110.9267424715944 162.32676424533796 0.0 155.72779599942635 5.619661444825283 55.00398019618258 91.7902012442912 9.254321705562418 187.79424369724669 0.0 241.6293424659013 77.21839648412336 253.52305114157846 153.90721174007425
24.618221181346286 18.115953079768772 0.0 7.6008331828533215 25.961098556133535 1.424154406421522 34.7618607683322 0.0 52.4745848466338 1.2097143295733304 39.47334505280209 14.674969481361572 35.27062325982453 31.301541952951993 24.618221181346286 18.115953079768772
0.0 59.659243632472354 31.836571212400088 0.0 68.65579412901565 2.531603660600908 78.5177760360435 17.068125142127045 125.54174664764392 56.21339748543504 67.97510132425978 108.12768665157922 0.0 59.659243632472354
57.59337965922545 22.961505472142377 91.45290188501453 23.342576869608152 95.67607163901114 50.61624728277006 68.59983712478804 60.389584665388526 48.56607062748772 53.48790915377043 36.948153002057836 53.12381429670006 46.66081917268359 33.81188467956177 0.0 30.49422631407957 12.36083850196917 8.128478255220855 38.89383634885924 13.968467866544572 53.230634938410205 0.0 57.59337965922545 22.961505472142377
66.15510814712684 42.71930348020244 141.44950551670593 0.0 242.11483883858693 60.36718598285705 204.92577976495048 172.46538833048868 108.28615271750623 203.25563602170598 0.0 195.22942470047286 2.9962422068030037 85.65920947173339 66.15510814712684 42.71930348020244
73.76181943265453 190.97464951129695 12.739144489195553 191.0374805133638 31.683755113104397 132.15836225674613 0.0 82.9791969388634 3.913811503762858 10.976576360162582 86.74509344804565 43.31181685391752 133.91445732333298 0.0 188.4743691285177 25.68960021475837 300.73827799893286 41.89110237861787 230.32509675917652 133.16317272206737 181.23124968688052 166.43018467349486 198.4385392748156 282.19207864615527 112.23790755638086 201.77646780590322 73.76181943265453 190.97464951129695
102.96538917068418 40.89897280848903 128.30175861333274 67.36647066651813 100.33706370801697 80.43084074350705 81.27220531652745 92.09107803028408 57.99135250525505 98.54767845727389 36.47513373463519 86.66061127088813 2.558798211615681 76.00225078137524 45.01982797222246 45.42973393541727 0.0 5.946492442635339 50.323207704448976 18.589834825894336 66.28010560257404 29.48936585401828 89.71696384370773 0.0 80.49283736034926 36.832900241211185 102.96538917068418 40.89897280848903
179.78335865634085 112.91791706031967 211.24455100327043 162.14653807693463 145.43673698879974 159.86009829285308 112.5168253932861 146.02478625390484 91.80351385110325 210.26453787252115 87.54689487885993 130.65988157137247 57.84114070012103 142.7010421925686 0.0 139.5295566246129 31.878518968340728 102.02486912925231 99.18437604323611 106.71307471349509 58.44993529775101 61.45206461898063 61.07295331002359 0.0 102.5472075935593 34.059845625497005 144.79967097675973 11.624970762525493 164.661152998862 49.49713934738717 154.33128341271436 88.78080493437479 179.78335865634085 112.91791706031967
43.98961689637383 0.0 59.82294115193676 8.994490382985532 42.88227542915199 26.836298972203863 67.47392340995123 52.15942024531702 44.503281290096666 65.98765266587048 28.6384624385838 44.164248655730034 0.0 42.118579492971094 3.7596447504859043 14.481380063686842 32.838999936919876 16.561609202505196 43.98961689637383 0.0
86.43873731823805 14.183105714976989 83.74118974505927 57.007976095840746 38.40769475312337 74.60738982121322 0.0 39.42618962256812 29.451888806989977 6.474098523429049 56.59671658496632 0.0 86.43873731823805 14.183105714976989
