50
15
0.5 1 2 
0.165 0.064 0.02 
0.21 0.085 0.09 
0.173 0.09 0.03 
0.27 0.105 0.035 
0.165 0.071 0.03 
0.105 0.04 0.011 
0.265 0.089 0.035 
0.097 0.044 0.015 
0.171 0.055 0.015 
0.105 0.043 0.021 
0.132 0.055 0.014 
0.092 0.04 0.015 
0.112 0.049 0.02 
0.157 0.065 0.025 
0.2 0.085 0.03 
0.18 0.07 0.027 
0.155 0.075 0.031 
0.345 0.108 0.045 
0.136 0.063 0.026 
0.086 0.025 0.015 
0.163 0.057 0.02 
0.115 0.046 0.019 
0.083 0.035 0.016 
0.115 0.044 0.015 
0.16 0.052 0.02 
0.115 0.038 0.027 
0.092 0.041 0.014 
0.14 0.06 0.026 
0.1 0.045 0.023 
0.139 0.055 0.023 
0.318 0.117 0.063 
0.42 0.095 0.038 
0.201 0.07 0.021 
0.1 0.041 0.016 
0.12 0.05 0.015 
0.13 0.054 0.03 
0.136 0.05 0.02 
0.143 0.08 0.034 
0.232 0.085 0.037 
0.167 0.073 0.02 
0.228 0.075 0.029 
0.145 0.055 0.025 
0.12 0.045 0.02 
0.303 0.072 0.026 
0.095 0.042 0.007 
0.105 0.04 0.02 
0.12 0.055 0.026 
0.067 0.035 0.01 
0.264 0.075 0.025 
0.135 0.068 0.03 
