50
30
0.5 1 2 
61.0 67 72 
72.0 77 86 
55.5 59 66 
47.5 49 58 
60.5 63 70 
45.5 48 58 
71.5 77 80 
49.5 54 60 
42.5 44 52 
50.0 53 58 
79.5 85 92 
60.0 65 74 
51.0 55 62 
69.5 75 80 
40.0 42 48 
50.5 54 60 
57.0 62 70 
48.0 52 58 
51.5 58 64 
76.0 82 88 
66.5 70 78 
44.5 49 58 
67.0 72 80 
59.5 67 74 
60.0 65 74 
43.0 46 54 
68.0 72 82 
54.0 57 64 
55.5 59 68 
53.0 57 62 
61.0 63 70 
53.0 56 62 
67.0 69 80 
34.0 39 42 
54.0 57 64 
49.5 52 60 
52.0 55 60 
69.0 73 82 
46.5 49 56 
50.5 54 60 
61.0 67 72 
78.0 82 92 
55.5 60 66 
58.0 62 68 
71.5 77 86 
51.0 55 62 
57.0 59 62 
65.5 69 80 
50.0 53 62 
59.5 64 76 
