50
30
0.5 1 2 
0.51 0.23 0.187 
0.661 0.248 0.089 
0.396 0.105 0.06 
0.295 0.105 0.036 
0.326 0.125 0.053 
0.295 0.15 0.054 
0.53 0.204 0.09 
0.419 0.171 0.058 
0.345 0.134 0.056 
0.307 0.12 0.045 
0.43 0.174 0.06 
0.355 0.195 0.232 
0.486 0.188 0.092 
0.627 0.235 0.075 
0.253 0.093 0.033 
0.325 0.121 0.042 
0.33 0.121 0.043 
0.374 0.179 0.063 
0.55 0.185 0.089 
0.627 0.217 0.085 
0.372 0.125 0.043 
0.27 0.104 0.039 
0.345 0.135 0.055 
0.362 0.175 0.07 
0.525 0.205 0.084 
0.46 0.164 0.065 
0.535 0.145 0.05 
0.285 0.107 0.044 
0.34 0.143 0.044 
0.31 0.17 0.052 
0.505 0.2 0.066 
0.489 0.19 0.065 
0.586 0.143 0.043 
0.229 0.088 0.025 
0.285 0.119 0.035 
0.275 0.11 0.05 
0.443 0.193 0.072 
0.495 0.202 0.075 
0.595 0.164 0.054 
0.366 0.152 0.048 
0.34 0.125 0.04 
0.367 0.163 0.064 
0.39 0.192 0.069 
0.496 0.188 0.066 
0.585 0.23 0.104 
0.32 0.105 0.045 
0.347 0.115 0.045 
0.42 0.143 0.055 
0.385 0.193 0.075 
0.47 0.185 0.082 
