50
15
0.5 1 2 
44.0 46 50 
67.0 71 76 
56.5 62 68 
75.0 78 82 
45.0 48 52 
31.5 34 40 
62.5 64 70 
46.0 49 58 
69.0 69 80 
57.5 60 68 
55.5 58 60 
51.0 53 56 
74.5 72 80 
52.0 53 58 
75.0 79 90 
66.0 68 74 
48.0 54 58 
61.5 67 72 
39.5 42 50 
38.0 39 42 
63.5 64 70 
59.5 62 64 
38.5 42 44 
56.5 59 64 
63.0 64 70 
49.0 51 54 
25.0 27 32 
50.5 53 56 
37.5 39 42 
33.5 36 42 
60.5 65 68 
71.0 73 78 
99.5 102 102 
44.5 46 50 
66.5 68 76 
78.5 79 88 
60.5 62 72 
70.0 71 74 
63.0 66 74 
47.5 49 54 
62.5 64 68 
36.0 38 44 
42.5 46 50 
95.5 98 104 
48.0 53 58 
68.0 70 78 
60.5 61 68 
33.0 33 38 
58.0 60 68 
58.0 59 64 
