50
30
0.5 1 2 
0.346 0.13 0.05 
0.48 0.132 0.061 
0.538 0.267 0.092 
0.668 0.254 0.115 
0.507 0.132 0.052 
0.345 0.136 0.05 
0.345 0.127 0.05 
0.348 0.153 0.061 
0.374 0.195 0.105 
0.51 0.22 0.085 
0.541 0.23 0.095 
0.453 0.128 0.054 
0.266 0.109 0.045 
0.348 0.153 0.06 
0.35 0.241 0.101 
0.604 0.236 0.085 
0.526 0.253 0.1 
0.302 0.121 0.051 
0.41 0.145 0.062 
0.4 0.343 0.124 
0.553 0.259 0.09 
0.45 0.195 0.06 
0.439 0.135 0.061 
0.373 0.142 0.071 
0.38 0.164 0.066 
0.781 0.3 0.126 
0.738 0.258 0.099 
0.404 0.13 0.062 
0.361 0.14 0.065 
0.323 0.191 0.08 
0.552 0.264 0.076 
0.555 0.234 0.09 
0.328 0.135 0.062 
0.424 0.158 0.07 
0.285 0.137 0.061 
0.595 0.423 0.11 
0.66 0.275 0.11 
0.337 0.144 0.061 
0.348 0.137 0.05 
0.276 0.126 0.05 
0.548 0.216 0.1 
0.555 0.25 0.096 
0.54 0.215 0.081 
0.514 0.234 0.086 
0.46 0.183 0.082 
0.507 0.21 0.09 
0.505 0.21 0.075 
0.5 0.189 0.07 
0.476 0.214 0.085 
0.478 0.205 0.065 
