100
100
4.375 6.25 8.75 12.5 17.5 25 35 50 70 100 
4.972 3.311 1.583 1.095 1.057 0.679 0.238 0.138 0.076 0.047 
5.282 2.749 1.954 0.941 0.627 0.395 0.411 0.202 0.105 0.064 
5.592 2.781 2.363 1.008 0.647 0.364 0.209 0.132 0.121 0.074 
4.255 3.006 1.516 1.423 0.853 0.34 0.208 0.117 0.063 0.04 
5.19 3.028 1.788 0.992 0.606 0.65 0.393 0.194 0.107 0.062 
5.227 2.617 2.473 1.044 0.7 0.375 0.231 0.209 0.113 0.085 
5.272 4.212 2.824 1.264 1.244 0.727 0.346 0.24 0.175 0.074 
6.478 4.286 1.82 1.536 0.946 0.369 0.216 0.129 0.064 0.038 
6.204 4.09 1.803 1.647 1.026 0.387 0.25 0.16 0.083 0.042 
5.634 3.625 2.497 1.556 0.678 0.442 0.228 0.162 0.089 0.051 
5.376 3.554 1.598 1.366 1.055 0.674 0.289 0.153 0.076 0.04 
5.443 2.855 2.328 0.97 0.582 0.554 0.377 0.173 0.126 0.062 
5.56 2.734 2.456 1.008 0.641 0.638 0.385 0.227 0.135 0.083 
5.852 3.907 1.81 1.086 1.033 0.727 0.403 0.241 0.143 0.078 
5.117 2.644 2.437 1.122 0.598 0.393 0.251 0.196 0.132 0.076 
6.135 2.616 2.624 1.166 0.662 0.373 0.226 0.119 0.079 0.047 
5.766 3.158 2.43 1.371 0.63 0.399 0.238 0.134 0.077 0.041 
6.809 3.543 2.758 1.09 0.732 0.396 0.322 0.269 0.157 0.072 
5.574 2.682 2.548 1.101 0.667 0.391 0.226 0.16 0.088 0.043 
6.014 2.776 2.477 1.134 0.714 0.386 0.402 0.214 0.131 0.065 
4.841 2.72 2.707 0.972 0.672 0.393 0.353 0.205 0.138 0.067 
6.414 3.137 2.323 1.069 0.861 0.641 0.4 0.19 0.122 0.081 
5.737 3.206 2.684 1.121 0.78 0.618 0.386 0.224 0.123 0.069 
5.251 2.725 2.574 0.997 0.584 0.457 0.321 0.183 0.105 0.053 
5.159 2.795 2.804 1.155 0.671 0.468 0.379 0.251 0.126 0.089 
5.705 3.207 2.488 0.975 1.011 0.665 0.401 0.222 0.146 0.085 
5.186 2.727 2.582 1.074 0.653 0.359 0.357 0.198 0.133 0.073 
6.086 2.953 2.679 1.088 0.81 0.665 0.365 0.22 0.12 0.06 
6.453 3.959 1.871 1.778 1.121 0.506 0.249 0.151 0.089 0.04 
6.133 3.872 1.768 1.451 0.939 0.594 0.307 0.125 0.07 0.038 
6.122 4.247 1.954 1.968 1.119 0.442 0.3 0.166 0.098 0.063 
6.679 3.431 2.788 1.212 0.74 0.433 0.418 0.238 0.135 0.067 
5.906 3.225 2.338 1.225 1.059 0.744 0.382 0.277 0.144 0.09 
6.021 4.106 1.701 1.71 1.053 0.515 0.256 0.138 0.089 0.051 
5.995 3.768 1.888 1.578 0.877 0.442 0.26 0.154 0.075 0.049 
5.376 3.546 1.969 1.545 0.921 0.346 0.205 0.117 0.081 0.044 
5.549 3.658 1.682 1.477 1.268 0.382 0.231 0.139 0.07 0.042 
7.22 3.905 3.217 1.467 1.646 0.628 0.285 0.159 0.077 0.048 
10.265 4.331 2.199 1.839 1.045 0.612 0.345 0.194 0.124 0.09 
10.183 8.467 4.471 2.669 1.979 0.554 0.398 0.177 0.079 0.069 
12.808 6.849 4.401 2.647 1.381 1.15 0.437 0.394 0.191 0.123 
12.228 8.367 4.581 3.113 1.458 0.754 0.516 0.459 0.247 0.166 
10.899 5.474 4.62 2.907 1.799 0.974 0.485 0.394 0.208 0.15 
11.575 7.787 4.802 3.601 1.61 0.819 0.722 0.426 0.227 0.145 
13.393 9.31 5.211 2.884 1.788 1.334 0.723 0.379 0.221 0.114 
11.924 5.28 3.112 1.982 1.257 0.749 0.399 0.199 0.117 0.063 
8.75 5.079 3.099 2.213 1.081 0.853 0.392 0.253 0.125 0.079 
8.97 5.045 3.377 1.881 1.287 0.744 0.451 0.308 0.154 0.111 
8.836 5.36 3.294 1.875 1.129 0.689 0.454 0.25 0.14 0.077 
7.896 4.878 3.468 2.127 1.274 0.913 0.453 0.28 0.173 0.084 
8.455 4.995 3.566 2.064 1.399 0.923 0.451 0.328 0.143 0.077 
8.511 4.437 3.093 1.891 1.563 1.396 0.853 0.479 0.278 0.096 
11.285 5.56 3.624 2.226 1.33 0.882 0.455 0.316 0.215 0.103 
8.179 4.655 3.127 1.893 1.132 0.677 0.453 0.26 0.128 0.096 
9.022 5.227 3.646 2.37 1.323 0.654 0.488 0.26 0.174 0.103 
9.386 5.333 3.39 2.114 1.381 0.791 0.409 0.241 0.124 0.087 
9.131 5.239 3.392 2.039 1.176 0.781 0.444 0.294 0.161 0.086 
8.512 4.947 3.054 2.106 1.254 0.721 0.473 0.296 0.14 0.075 
8.73 5.281 3.516 1.943 1.185 0.695 0.392 0.227 0.159 0.115 
7.947 4.533 2.896 1.788 1.187 0.754 0.455 0.241 0.166 0.08 
7.279 4.439 2.616 1.646 1.064 0.731 0.459 0.263 0.223 0.096 
7.812 4.703 2.993 1.793 1.122 0.63 0.47 0.279 0.161 0.095 
7.404 4.674 2.975 1.97 1.289 0.832 0.44 0.216 0.129 0.067 
8.381 4.858 2.917 1.886 1.83 0.771 0.45 0.324 0.168 0.07 
8.997 5.706 1.897 1.161 1.008 0.593 0.363 0.212 0.093 0.044 
5.661 3.555 1.701 1.689 0.995 0.566 0.367 0.224 0.128 0.06 
6.747 2.892 2.535 1.21 0.646 0.389 0.223 0.187 0.13 0.078 
6.375 3.436 2.552 1.153 1.07 0.655 0.407 0.235 0.148 0.071 
5.738 3.613 1.699 1.078 0.979 0.65 0.357 0.233 0.115 0.042 
5.768 3.565 1.71 1.28 1.017 0.579 0.34 0.217 0.086 0.047 
6.173 3.955 1.876 1.649 1.012 0.399 0.215 0.134 0.066 0.046 
5.798 3.854 2.412 1.885 0.777 0.415 0.251 0.147 0.115 0.08 
5.38 3.265 2.73 1.257 0.667 0.444 0.412 0.251 0.143 0.069 
5.741 2.47 2.618 0.995 0.653 0.351 0.207 0.181 0.1 0.055 
5.816 2.972 2.544 1.169 0.71 0.6 0.396 0.24 0.15 0.078 
6.237 3.417 2.213 1.047 1.218 0.629 0.39 0.209 0.133 0.046 
5.786 3.756 1.635 1.397 1.033 0.592 0.338 0.132 0.086 0.046 
5.643 3.958 1.636 1.565 1.158 0.581 0.258 0.14 0.089 0.044 
5.97 4.035 2.241 1.668 0.694 0.412 0.264 0.147 0.086 0.057 
5.182 3.281 1.973 1.68 0.671 0.411 0.206 0.138 0.069 0.039 
5.798 3.44 2.114 1.736 0.694 0.391 0.245 0.137 0.075 0.039 
5.472 3.331 1.988 1.536 0.665 0.358 0.209 0.151 0.073 0.046 
5.319 3.472 1.812 1.472 0.952 0.392 0.208 0.128 0.07 0.043 
6.037 3.63 2.15 1.57 0.72 0.345 0.223 0.117 0.077 0.046 
5.399 3.638 1.558 1.427 0.996 0.359 0.222 0.132 0.064 0.043 
5.414 3.911 1.626 1.654 1.042 0.479 0.227 0.144 0.076 0.041 
5.549 3.734 1.56 1.446 0.868 0.575 0.308 0.141 0.07 0.043 
6.157 4.141 2.091 1.699 0.864 0.403 0.265 0.168 0.092 0.048 
5.236 3.436 1.651 1.521 1.0 0.352 0.232 0.111 0.068 0.038 
5.844 3.638 1.793 1.644 0.947 0.415 0.248 0.131 0.072 0.039 
5.777 3.783 2.134 1.737 0.722 0.395 0.221 0.125 0.08 0.043 
5.687 3.567 2.349 1.592 0.619 0.373 0.239 0.115 0.074 0.042 
5.706 3.289 2.593 1.357 0.637 0.4 0.227 0.198 0.11 0.063 
5.005 2.896 2.408 1.41 0.688 0.389 0.229 0.154 0.116 0.072 
5.556 3.083 2.55 1.246 0.626 0.391 0.229 0.201 0.139 0.078 
6.031 3.175 2.416 1.113 0.953 0.701 0.417 0.265 0.175 0.085 
5.967 3.864 1.9 1.385 1.001 0.561 0.334 0.14 0.064 0.037 
5.546 3.235 1.873 1.038 1.0 0.609 0.346 0.2 0.145 0.069 
5.464 3.022 1.975 1.008 0.864 0.556 0.389 0.215 0.113 0.064 
5.666 3.283 2.164 0.96 0.867 0.634 0.34 0.388 0.219 0.105 
