100
70
4.375 6.25 8.75 12.5 17.5 25 35 50 70 100 
1706.2 1775.0 1811.2 1900.0 1995.0 2150 2380 2550 3080 3300 
1771.9 1806.2 1907.5 1912.5 2170.0 2275 2485 2600 2940 3300 
1732.5 1768.8 1855.0 1925.0 1977.5 2200 2415 2600 3010 3300 
1885.6 1856.2 2143.8 2125.0 2170.0 2300 2520 2750 3080 3300 
1575.0 1606.2 1645.0 1712.5 1820.0 1925 2135 2350 2730 3000 
1876.9 1937.5 2161.2 2175.0 2257.5 2325 2590 2800 3080 3400 
2183.1 2262.5 2275.0 2425.0 2520.0 2650 2870 3100 3640 4000 
1736.9 1787.5 1828.8 1925.0 2135.0 2175 2380 2600 3010 3300 
2143.8 2212.5 2248.8 2337.5 2415.0 2525 2765 3050 3570 3900 
1439.4 1468.8 1505.0 1587.5 1680.0 1775 1995 2200 2520 2700 
1758.8 1831.2 1916.2 1962.5 2170.0 2175 2415 2650 3010 3300 
1789.4 1837.5 1881.2 1987.5 2135.0 2225 2345 2600 3080 3200 
1754.4 1781.2 1872.5 1975.0 2152.5 2175 2380 2600 3010 3500 
1614.4 1643.8 1671.2 1762.5 1872.5 2000 2240 2400 2730 3000 
1789.4 1831.2 1872.5 1937.5 2135.0 2225 2380 2550 3010 3400 
1566.2 1587.5 1645.0 1750.0 1837.5 1900 2135 2300 2730 3000 
1955.6 2118.8 2152.5 2162.5 2292.5 2425 2590 2800 3150 3400 
1614.4 1700.0 1715.0 1812.5 1925.0 2125 2310 2500 2870 3200 
1614.4 1681.2 1732.5 1825.0 1872.5 2000 2205 2400 2730 3200 
1815.6 1831.2 1916.2 2000.0 2205.0 2250 2415 2650 2940 3300 
1575.0 1556.2 1627.5 1700.0 1767.5 1950 2170 2350 2730 3000 
1981.9 2112.5 2143.8 2212.5 2257.5 2450 2625 2850 3290 3600 
1977.5 2100.0 2135.0 2200.0 2362.5 2400 2625 2850 3150 3600 
1946.9 1993.8 2170.0 2175.0 2292.5 2425 2660 2850 3220 3600 
2174.4 2212.5 2301.2 2287.5 2502.5 2600 2800 3050 3430 4000 
1916.2 1931.2 1986.2 2150.0 2275.0 2400 2660 2800 3290 3500 
2143.8 2143.8 2170.0 2275.0 2275.0 2425 2730 2900 3290 3800 
1649.4 1687.5 1758.8 1812.5 1907.5 2175 2240 2500 2870 3200 
2187.5 2225.0 2327.5 2300.0 2537.5 2625 2835 3050 3570 4000 
1701.9 1762.5 1802.5 1862.5 2117.5 2150 2275 2550 2940 3200 
1631.9 1687.5 1706.2 1837.5 1907.5 2125 2310 2400 2870 3100 
1824.4 1887.5 1968.8 2150.0 2205.0 2275 2555 2700 3150 3400 
1837.5 1862.5 1881.2 1937.5 2135.0 2350 2415 2650 3080 3300 
1916.2 1912.5 1995.0 2175.0 2275.0 2375 2625 2800 3150 3600 
1754.4 1831.2 1881.2 1975.0 2152.5 2150 2415 2600 3010 3200 
1824.4 1868.8 1907.5 1987.5 2152.5 2300 2520 2600 3010 3400 
1828.8 1887.5 1968.8 2000.0 2135.0 2275 2520 2650 3080 3400 
1955.6 1987.5 2126.2 2212.5 2292.5 2400 2695 2800 3220 3800 
1557.5 1587.5 1653.8 1712.5 1820.0 1950 2135 2300 2730 2900 
2349.4 2350.0 2415.0 2475.0 2642.5 2775 2975 3150 3570 4000 
1767.5 1806.2 1837.5 1900.0 2100.0 2200 2415 2550 3010 3100 
1610.0 1662.5 1723.8 1762.5 1872.5 2000 2240 2400 2730 3000 
1478.8 1500.0 1548.8 1612.5 1715.0 1775 1995 2250 2450 2800 
1785.0 1825.0 1907.5 1975.0 2135.0 2225 2415 2650 3080 3500 
1837.5 1875.0 1916.2 2137.5 2170.0 2300 2555 2600 3150 3400 
1986.2 2000.0 2135.0 2162.5 2362.5 2425 2695 2900 3290 3700 
1758.8 1750.0 1828.8 1912.5 1995.0 2225 2415 2650 2940 3400 
2305.6 2356.2 2450.0 2475.0 2572.5 2725 3045 3300 3500 4200 
1868.1 1881.2 1925.0 2100.0 2152.5 2250 2450 2750 3080 3400 
1496.2 1525.0 1610.0 1662.5 1732.5 1875 2100 2350 2590 2800 
1575.0 1643.8 1697.5 1787.5 1890.0 2125 2275 2400 2800 3300 
1771.9 1762.5 1855.0 1912.5 2135.0 2250 2380 2600 2940 3400 
1907.5 1956.2 2126.2 2175.0 2205.0 2375 2625 2750 3150 3600 
2135.0 2181.2 2240.0 2287.5 2380.0 2550 2800 3000 3430 3800 
1771.9 1793.8 1828.8 1887.5 2135.0 2150 2345 2550 2870 3200 
1649.4 1675.0 1723.8 1837.5 1890.0 2150 2275 2400 2730 3100 
1876.9 1950.0 1986.2 2137.5 2240.0 2325 2660 2850 3150 3700 
1666.9 1756.2 1785.0 1825.0 1960.0 2150 2310 2450 2730 3200 
1995.0 2118.8 2196.2 2225.0 2292.5 2425 2660 2900 3360 3700 
1960.0 2156.2 2152.5 2187.5 2327.5 2375 2590 2700 3150 3400 
1824.4 1825.0 1890.0 1937.5 2117.5 2200 2415 2650 3010 3400 
1841.9 1906.2 1986.2 2137.5 2222.5 2375 2590 2850 3220 3700 
1684.4 1775.0 1811.2 1912.5 2135.0 2150 2380 2550 2940 3200 
1863.8 1937.5 1986.2 2225.0 2240.0 2350 2555 2750 3010 3500 
1925.0 1968.8 2117.5 2112.5 2205.0 2325 2660 2800 3220 3400 
1837.5 1868.8 1942.5 2125.0 2187.5 2300 2520 2700 3080 3400 
2178.8 2168.8 2196.2 2262.5 2450.0 2575 2765 2950 3290 3600 
2121.9 2137.5 2143.8 2225.0 2257.5 2450 2660 2800 3220 3600 
1946.9 1975.0 2100.0 2200.0 2240.0 2425 2590 2900 3360 3700 
1811.2 1868.8 1898.8 1975.0 2152.5 2225 2450 2650 3080 3200 
1846.2 1868.8 2117.5 2137.5 2170.0 2275 2485 2600 3010 3500 
1811.2 1862.5 1968.8 2137.5 2205.0 2250 2485 2750 3220 3600 
1461.2 1462.5 1522.5 1612.5 1697.5 1825 2100 2250 2520 2800 
1780.6 1793.8 1811.2 1950.0 1995.0 2225 2415 2600 3010 3300 
1907.5 1962.5 1977.5 2137.5 2240.0 2350 2590 2750 3080 3500 
1627.5 1600.0 1680.0 1737.5 1785.0 1925 2170 2350 2590 3000 
1701.9 1718.8 1802.5 1862.5 2135.0 2125 2380 2600 2870 3300 
1610.0 1631.2 1680.0 1725.0 1837.5 1975 2170 2500 2800 3200 
1478.8 1518.8 1557.5 1650.0 1732.5 1850 2100 2250 2520 2900 
1999.4 2168.8 2240.0 2237.5 2397.5 2475 2660 2800 3290 3600 
1579.4 1618.8 1697.5 1737.5 1820.0 1975 2135 2350 2660 3000 
1456.9 1462.5 1513.8 1600.0 1662.5 1825 1995 2250 2520 3000 
2139.4 2143.8 2205.0 2237.5 2397.5 2525 2835 3000 3570 3900 
1806.9 1850.0 1916.2 1975.0 2117.5 2200 2450 2650 2870 3400 
1750.0 1806.2 1863.8 1950.0 2135.0 2200 2450 2600 3010 3400 
1666.9 1706.2 1767.5 1825.0 1907.5 2150 2310 2550 2940 3200 
1658.1 1675.0 1715.0 1787.5 1942.5 2000 2310 2500 2800 3000 
1811.2 1906.2 1951.2 2000.0 2187.5 2225 2485 2650 3010 3500 
2170.0 2156.2 2222.5 2287.5 2432.5 2525 2765 2950 3360 3700 
2235.6 2250.0 2248.8 2375.0 2432.5 2575 2800 3100 3430 3900 
1715.0 1756.2 1811.2 1925.0 1977.5 2150 2415 2600 2940 3300 
1736.9 1756.2 1820.0 1887.5 2100.0 2175 2380 2600 3010 3200 
2170.0 2162.5 2222.5 2300.0 2415.0 2500 2800 2950 3430 3900 
1483.1 1543.8 1601.2 1700.0 1750.0 1875 2135 2350 2660 3000 
2178.8 2156.2 2178.8 2250.0 2415.0 2600 2730 2900 3360 3600 
1986.2 1962.5 2117.5 2187.5 2240.0 2400 2590 2800 3360 3400 
1938.1 1993.8 2152.5 2162.5 2257.5 2375 2555 2850 3220 3700 
1846.2 1912.5 1968.8 2212.5 2205.0 2375 2555 2650 3220 3400 
1973.1 2000.0 2187.5 2187.5 2292.5 2450 2695 2850 3290 3500 
1553.1 1581.2 1645.0 1725.0 1802.5 1950 2170 2350 2590 3000 
