100
70
4.375 6.25 8.75 12.5 17.5 25 35 50 70 100 
2.203 1.659 0.811 0.539 0.351 0.207 0.125 0.062 0.033 0.016 
1.97 1.129 0.756 0.469 0.281 0.161 0.094 0.047 0.06 0.034 
2.334 1.397 0.872 0.547 0.345 0.204 0.109 0.078 0.033 0.031 
2.413 1.583 0.746 0.519 0.298 0.186 0.126 0.062 0.042 0.031 
3.171 1.429 0.953 0.833 0.531 0.296 0.191 0.073 0.031 0.016 
2.177 2.068 0.957 0.547 0.317 0.198 0.126 0.062 0.044 0.016 
3.358 1.567 1.383 0.895 0.408 0.221 0.124 0.089 0.049 0.031 
2.36 1.806 0.91 0.532 0.36 0.222 0.125 0.106 0.062 0.031 
2.72 1.444 1.461 0.705 0.377 0.217 0.137 0.078 0.054 0.031 
2.255 1.568 0.752 0.488 0.302 0.203 0.118 0.069 0.031 0.016 
2.797 1.256 0.935 0.801 0.508 0.232 0.137 0.078 0.031 0.031 
2.174 2.039 0.863 0.517 0.345 0.203 0.099 0.078 0.031 0.016 
3.474 1.379 1.16 0.881 0.468 0.215 0.127 0.062 0.06 0.031 
2.179 1.813 0.784 0.486 0.33 0.187 0.103 0.063 0.031 0.016 
3.258 1.452 1.141 0.881 0.533 0.201 0.125 0.07 0.047 0.023 
2.0 1.871 0.719 0.453 0.266 0.172 0.092 0.062 0.031 0.016 
2.619 1.175 0.752 0.53 0.294 0.266 0.189 0.094 0.047 0.021 
2.684 1.731 1.457 0.855 0.361 0.246 0.125 0.062 0.031 0.016 
2.154 1.678 0.801 0.469 0.313 0.172 0.102 0.063 0.047 0.016 
3.02 1.343 0.979 0.875 0.532 0.283 0.168 0.109 0.074 0.028 
2.366 1.883 1.098 0.547 0.36 0.203 0.123 0.062 0.031 0.016 
3.244 1.414 0.849 0.5 0.318 0.271 0.177 0.109 0.059 0.032 
2.313 1.79 0.973 0.468 0.319 0.203 0.117 0.07 0.031 0.016 
3.493 1.515 1.083 0.86 0.563 0.344 0.219 0.109 0.062 0.027 
2.239 1.994 0.996 0.533 0.369 0.203 0.121 0.064 0.047 0.031 
3.229 1.517 1.035 0.89 0.516 0.219 0.125 0.078 0.041 0.016 
2.382 2.166 0.956 0.504 0.354 0.208 0.116 0.078 0.031 0.031 
2.964 1.364 0.816 0.637 0.5 0.28 0.184 0.109 0.062 0.031 
2.414 2.119 0.917 0.563 0.337 0.227 0.125 0.078 0.056 0.04 
3.784 1.833 1.406 0.641 0.312 0.189 0.109 0.062 0.052 0.016 
2.087 1.838 0.849 0.453 0.307 0.183 0.094 0.052 0.031 0.016 
2.939 1.551 0.874 0.516 0.313 0.211 0.161 0.094 0.047 0.047 
2.413 1.605 1.27 0.762 0.328 0.203 0.098 0.062 0.047 0.062 
3.337 1.876 0.922 0.589 0.353 0.219 0.156 0.105 0.062 0.031 
3.111 1.302 0.906 0.823 0.465 0.287 0.188 0.094 0.062 0.032 
2.18 1.58 1.219 0.503 0.322 0.203 0.125 0.062 0.029 0.034 
3.45 1.797 1.092 0.922 0.531 0.314 0.203 0.094 0.063 0.03 
2.413 2.191 0.842 0.546 0.347 0.205 0.141 0.062 0.053 0.031 
2.688 1.178 1.017 0.749 0.465 0.261 0.17 0.078 0.047 0.031 
2.555 2.257 1.034 0.547 0.365 0.217 0.116 0.078 0.047 0.016 
2.855 1.833 1.401 0.74 0.36 0.187 0.104 0.062 0.031 0.016 
2.967 1.408 0.797 0.469 0.296 0.187 0.097 0.065 0.047 0.016 
2.477 1.249 1.141 0.736 0.416 0.25 0.094 0.063 0.031 0.009 
2.412 2.29 1.115 0.54 0.352 0.187 0.115 0.052 0.052 0.031 
3.165 1.351 0.876 0.516 0.325 0.229 0.179 0.102 0.062 0.031 
2.632 2.144 0.889 0.581 0.351 0.219 0.135 0.069 0.047 0.016 
3.118 1.276 0.876 0.786 0.494 0.289 0.187 0.103 0.062 0.031 
2.259 2.276 0.958 0.573 0.37 0.224 0.155 0.094 0.047 0.031 
3.236 1.406 1.051 0.891 0.563 0.328 0.186 0.129 0.062 0.031 
1.803 1.589 1.209 0.74 0.346 0.172 0.094 0.078 0.031 0.016 
2.067 2.015 1.098 0.5 0.297 0.176 0.1 0.062 0.031 0.031 
2.879 1.716 0.907 0.734 0.532 0.275 0.163 0.115 0.047 0.042 
2.159 1.929 1.408 0.578 0.386 0.199 0.125 0.08 0.047 0.016 
3.389 1.927 1.11 0.839 0.586 0.31 0.203 0.122 0.078 0.016 
2.286 2.041 0.839 0.499 0.344 0.206 0.113 0.062 0.047 0.016 
2.885 1.517 0.745 0.483 0.321 0.174 0.114 0.053 0.047 0.031 
2.944 2.166 1.364 0.61 0.383 0.208 0.125 0.091 0.035 0.031 
2.914 1.655 0.801 0.516 0.344 0.187 0.114 0.062 0.031 0.031 
3.199 1.501 0.952 0.855 0.57 0.344 0.187 0.126 0.078 0.031 
2.147 1.741 1.347 0.628 0.321 0.191 0.109 0.075 0.022 0.031 
2.79 1.413 0.75 0.559 0.455 0.297 0.183 0.109 0.065 0.029 
2.409 2.057 1.39 0.547 0.351 0.217 0.125 0.085 0.031 0.016 
2.868 1.81 0.812 0.531 0.518 0.312 0.191 0.109 0.077 0.031 
2.367 1.686 1.301 0.611 0.313 0.172 0.106 0.054 0.031 0.031 
2.845 2.039 0.829 0.546 0.509 0.318 0.219 0.125 0.068 0.016 
2.886 2.339 1.203 0.568 0.383 0.219 0.128 0.078 0.047 0.016 
3.185 1.553 0.921 0.844 0.533 0.309 0.133 0.063 0.031 0.016 
2.339 2.048 1.133 0.579 0.359 0.21 0.125 0.078 0.031 0.031 
3.67 1.563 1.392 0.956 0.578 0.322 0.1 0.062 0.031 0.024 
2.051 1.887 1.257 0.499 0.296 0.174 0.109 0.062 0.047 0.016 
2.579 1.846 0.811 0.515 0.328 0.297 0.173 0.094 0.047 0.028 
3.107 2.608 0.971 0.646 0.528 0.367 0.213 0.146 0.083 0.031 
2.541 2.179 0.973 0.548 0.298 0.178 0.104 0.062 0.031 0.016 
3.087 1.428 0.829 0.52 0.312 0.179 0.156 0.102 0.062 0.031 
2.621 2.069 1.406 0.548 0.342 0.191 0.125 0.068 0.047 0.024 
2.35 1.736 0.736 0.472 0.312 0.208 0.094 0.059 0.033 0.016 
2.843 1.433 0.771 0.501 0.297 0.171 0.109 0.109 0.062 0.022 
3.029 1.366 1.313 0.782 0.519 0.2 0.096 0.062 0.031 0.016 
2.025 1.892 0.875 0.469 0.3 0.187 0.086 0.062 0.031 0.016 
2.936 1.476 0.731 0.516 0.327 0.185 0.109 0.078 0.047 0.04 
2.828 1.336 1.278 0.797 0.5 0.297 0.156 0.076 0.031 0.016 
1.99 2.149 0.851 0.5 0.298 0.195 0.115 0.062 0.031 0.016 
3.903 1.516 1.494 0.999 0.605 0.222 0.141 0.066 0.047 0.016 
1.889 1.864 0.832 0.518 0.303 0.207 0.094 0.072 0.033 0.016 
3.198 1.426 0.842 0.84 0.516 0.301 0.189 0.094 0.062 0.036 
2.086 1.383 1.302 0.775 0.433 0.172 0.129 0.051 0.031 0.031 
2.618 2.197 0.938 0.563 0.34 0.213 0.115 0.062 0.031 0.032 
3.055 1.555 1.434 0.875 0.452 0.186 0.125 0.062 0.047 0.016 
2.804 1.615 0.849 0.499 0.339 0.187 0.125 0.081 0.047 0.031 
2.807 1.897 1.457 0.578 0.36 0.219 0.118 0.062 0.047 0.016 
2.48 1.833 0.783 0.5 0.302 0.172 0.11 0.062 0.031 0.016 
3.041 1.207 0.785 0.501 0.333 0.266 0.165 0.094 0.063 0.047 
2.789 2.408 1.061 0.531 0.36 0.234 0.206 0.109 0.069 0.047 
2.392 1.805 1.232 0.634 0.329 0.191 0.109 0.077 0.033 0.016 
2.953 1.91 0.86 0.599 0.342 0.2 0.109 0.062 0.031 0.04 
3.344 1.553 1.36 0.85 0.401 0.187 0.125 0.078 0.047 0.016 
2.153 2.063 0.954 0.513 0.341 0.187 0.109 0.08 0.031 0.016 
2.979 1.537 0.821 0.547 0.338 0.203 0.172 0.093 0.062 0.031 
3.0 1.738 1.37 0.802 0.328 0.227 0.141 0.078 0.047 0.031 
3.028 1.485 0.792 0.655 0.465 0.298 0.156 0.094 0.047 0.031 
