100
100
4.375 6.25 8.75 12.5 17.5 25 35 50 70 100 
2695.0 2743.8 2843.8 2925.0 3080.0 3250 3605 3900 4480 5000 
2555.0 2612.5 2677.5 2812.5 2957.5 3150 3500 3650 4200 4900 
2738.8 2781.2 2870.0 2962.5 3167.5 3275 3605 3850 4480 5000 
2152.5 2218.8 2266.2 2362.5 2450.0 2600 2940 3150 3710 4100 
2489.4 2506.2 2563.8 2712.5 2870.0 3050 3360 3650 4200 4600 
2677.5 2787.5 2843.8 3025.0 3115.0 3325 3535 3800 4410 4900 
2660.0 2693.8 2756.2 2887.5 3010.0 3225 3500 3850 4410 4800 
2336.2 2406.2 2485.0 2600.0 2747.5 2975 3185 3450 4060 4300 
2756.2 2812.5 2878.8 3000.0 3185.0 3325 3605 3950 4480 5000 
2905.0 2975.0 3045.0 3200.0 3342.5 3575 3850 4150 4900 5200 
2550.6 2581.2 2703.8 2825.0 2957.5 3175 3500 3700 4480 4800 
2568.1 2637.5 2738.8 2812.5 2922.5 3150 3535 3650 4340 4600 
2786.9 2900.0 3010.0 3050.0 3220.0 3375 3745 4000 4620 5200 
3180.6 3175.0 3263.8 3412.5 3552.5 3775 4165 4450 5250 5700 
2651.2 2718.8 2791.2 2887.5 3027.5 3250 3500 3850 4410 4800 
2380.0 2481.2 2563.8 2712.5 2870.0 2950 3395 3550 4200 4600 
2266.2 2306.2 2432.5 2500.0 2660.0 2825 3185 3350 3920 4400 
2716.9 2787.5 2861.2 2950.0 3115.0 3300 3710 4000 4620 5000 
2555.0 2600.0 2695.0 2800.0 2940.0 3175 3395 3850 4340 4800 
2450.0 2487.5 2607.5 2737.5 2922.5 3025 3360 3600 4200 4600 
2555.0 2543.8 2686.2 2750.0 2870.0 3100 3360 3550 4340 4600 
2485.0 2543.8 2633.8 2750.0 2905.0 3075 3325 3700 4200 4700 
2502.5 2556.2 2660.0 2725.0 2835.0 3125 3430 3750 4340 4700 
2187.5 2187.5 2248.8 2350.0 2467.5 2575 2905 3200 3710 4200 
2835.0 2843.8 2913.8 3062.5 3220.0 3425 3675 3950 4550 5200 
2931.2 3025.0 3088.8 3175.0 3447.5 3600 3920 4300 4830 5400 
2480.6 2543.8 2590.0 2712.5 2870.0 3050 3325 3600 4200 4600 
2576.9 2606.2 2686.2 2825.0 2940.0 3075 3465 3750 4200 4600 
2611.9 2675.0 2738.8 2875.0 3045.0 3175 3535 3950 4340 5000 
2213.8 2243.8 2318.8 2437.5 2572.5 2725 3045 3300 3850 4300 
3342.5 3443.8 3517.5 3662.5 3832.5 4150 4445 4850 5460 6200 
2673.1 2725.0 2852.5 2912.5 3027.5 3200 3570 3900 4620 5000 
3119.4 3268.8 3360.0 3450.0 3657.5 3850 4270 4550 5110 5800 
2905.0 2968.8 2992.5 3175.0 3395.0 3500 3885 4300 4970 5500 
2734.4 2781.2 2852.5 2987.5 3115.0 3375 3605 4000 4480 5100 
2310.0 2300.0 2380.0 2450.0 2607.5 2800 3010 3300 3780 4200 
2703.8 2762.5 2843.8 2962.5 3115.0 3300 3710 3850 4410 5000 
2747.5 2756.2 2843.8 2937.5 3185.0 3325 3640 3950 4480 5100 
2240.0 2306.2 2371.2 2437.5 2625.0 2750 3045 3250 3780 4300 
2620.6 2618.8 2695.0 2837.5 2922.5 3200 3465 3750 4340 4800 
2288.1 2343.8 2415.0 2462.5 2625.0 2825 3080 3400 3920 4400 
2808.8 2818.8 2940.0 3037.5 3237.5 3350 3675 4150 4550 5000 
2275.0 2318.8 2371.2 2462.5 2642.5 2825 3080 3400 4060 4300 
2301.2 2318.8 2397.5 2550.0 2695.0 2850 3080 3350 3850 4300 
2594.4 2650.0 2721.2 2862.5 2957.5 3200 3500 3800 4480 4800 
2371.2 2450.0 2537.5 2600.0 2712.5 2900 3290 3450 4060 4500 
2458.8 2518.8 2625.0 2725.0 2835.0 3075 3325 3600 4200 4800 
2808.8 2900.0 2975.0 3087.5 3220.0 3475 3815 4000 4690 5200 
2450.0 2462.5 2555.0 2725.0 2852.5 3000 3290 3600 4200 4600 
2953.1 3025.0 3141.2 3250.0 3377.5 3525 3885 4150 4760 5200 
2957.5 2943.8 3123.8 3162.5 3395.0 3550 3955 4250 4830 5200 
2568.1 2625.0 2686.2 2800.0 2992.5 3175 3605 3750 4340 4800 
2786.9 2893.8 2940.0 3112.5 3115.0 3425 3710 4200 4830 5200 
2550.6 2575.0 2668.8 2787.5 2887.5 3050 3395 3700 4200 4600 
2454.4 2500.0 2598.8 2675.0 2747.5 3025 3290 3550 4200 4600 
2590.0 2625.0 2677.5 2850.0 3027.5 3125 3500 3750 4200 4800 
2572.5 2556.2 2651.2 2750.0 2852.5 3075 3395 3750 4340 4600 
2795.6 2793.8 2913.8 3037.5 3150.0 3375 3675 4000 4480 5200 
2445.6 2500.0 2563.8 2637.5 2782.5 3025 3255 3550 4130 4600 
2870.0 2981.2 3053.8 3150.0 3325.0 3575 3885 4150 4830 5300 
2800.0 2825.0 2896.2 3000.0 3150.0 3400 3640 3900 4550 4800 
2786.9 2818.8 2896.2 3075.0 3115.0 3300 3640 4000 4620 5200 
2756.2 2800.0 2905.0 3037.5 3185.0 3350 3605 3900 4480 5000 
2642.5 2637.5 2765.0 2875.0 3010.0 3225 3535 3850 4410 4800 
2664.4 2731.2 2826.2 2937.5 3097.5 3325 3640 3950 4550 4800 
2585.6 2675.0 2703.8 2850.0 2975.0 3175 3500 3750 4410 4600 
2292.5 2337.5 2450.0 2525.0 2660.0 2825 3150 3350 3920 4300 
2830.6 2906.2 2966.2 3137.5 3255.0 3475 3885 4150 4760 5300 
2848.1 2868.8 3045.0 3087.5 3290.0 3375 3675 4000 4550 5100 
2598.8 2637.5 2747.5 2887.5 2957.5 3200 3500 3750 4410 4900 
2493.8 2531.2 2625.0 2725.0 2905.0 3050 3325 3700 4200 4800 
2603.1 2731.2 2756.2 2900.0 3062.5 3200 3640 3850 4480 5000 
3101.9 3112.5 3185.0 3300.0 3517.5 3675 3990 4300 5110 5400 
2235.6 2350.0 2380.0 2475.0 2590.0 2750 3045 3350 3710 4200 
2760.6 2862.5 2940.0 3062.5 3220.0 3450 3745 4150 4690 5200 
2594.4 2593.8 2712.5 2812.5 3010.0 3175 3535 3750 4340 4700 
2734.4 2756.2 2852.5 2950.0 3080.0 3300 3640 3850 4550 4900 
2673.1 2737.5 2843.8 2912.5 3045.0 3275 3570 3850 4480 4800 
2957.5 3043.8 3097.5 3200.0 3377.5 3600 3990 4250 4830 5600 
2528.8 2600.0 2642.5 2762.5 2887.5 3100 3395 3700 4200 4600 
2432.5 2506.2 2581.2 2687.5 2835.0 2950 3325 3550 4200 4500 
2611.9 2631.2 2738.8 2812.5 2940.0 3150 3430 3750 4340 4800 
2524.4 2562.5 2695.0 2825.0 2940.0 3100 3395 3600 4200 4600 
2410.6 2462.5 2528.8 2575.0 2765.0 2900 3290 3500 4060 4400 
2432.5 2468.8 2590.0 2675.0 2852.5 2975 3255 3600 4060 4600 
2611.9 2700.0 2826.2 2875.0 3045.0 3225 3535 3800 4550 5000 
2362.5 2462.5 2528.8 2600.0 2677.5 2950 3115 3550 3850 4400 
2830.6 2893.8 2931.2 3100.0 3202.5 3400 3745 4150 4620 5200 
2423.8 2512.5 2572.5 2687.5 2782.5 3075 3325 3450 4060 4400 
2642.5 2700.0 2721.2 2875.0 2992.5 3175 3465 3800 4270 4700 
2555.0 2550.0 2686.2 2825.0 2922.5 3075 3430 3600 4200 4800 
2415.0 2475.0 2546.2 2650.0 2765.0 2975 3290 3450 4060 4400 
2594.4 2606.2 2677.5 2812.5 2905.0 3150 3395 3750 4480 4900 
2988.1 3125.0 3220.0 3275.0 3447.5 3650 3990 4250 4760 5300 
2738.8 2837.5 2852.5 2962.5 3150.0 3350 3710 3950 4690 5000 
3014.4 3043.8 3202.5 3287.5 3482.5 3650 3885 4300 5040 5600 
2240.0 2275.0 2345.0 2462.5 2572.5 2725 3115 3350 3780 4200 
2607.5 2662.5 2747.5 2862.5 2905.0 3225 3465 3750 4340 4900 
2524.4 2606.2 2668.8 2800.0 2922.5 3075 3395 3750 4200 4700 
2393.1 2450.0 2485.0 2600.0 2765.0 2900 3220 3550 4060 4500 
