100
100
4.375 6.25 8.75 12.5 17.5 25 35 50 70 100 
3.801 2.545 2.287 1.067 0.607 0.393 0.255 0.149 0.071 0.044 
5.223 3.465 1.702 1.365 0.965 0.354 0.227 0.125 0.071 0.038 
4.307 2.915 1.895 0.918 0.546 0.32 0.21 0.182 0.097 0.06 
4.49 2.856 1.929 1.441 0.583 0.3 0.199 0.104 0.055 0.035 
4.743 2.133 2.095 0.905 0.573 0.361 0.197 0.118 0.065 0.038 
4.77 3.444 1.431 1.247 0.94 0.571 0.349 0.118 0.067 0.042 
5.284 3.365 1.714 1.153 0.983 0.653 0.316 0.213 0.088 0.041 
5.158 2.851 2.123 0.987 0.679 0.56 0.369 0.182 0.114 0.036 
5.25 3.052 2.007 0.944 0.802 0.57 0.341 0.202 0.133 0.075 
5.071 2.723 2.217 0.947 0.565 0.489 0.396 0.243 0.128 0.082 
4.173 2.686 1.699 1.269 0.716 0.304 0.19 0.133 0.071 0.043 
4.95 3.232 1.435 0.89 0.803 0.521 0.324 0.222 0.103 0.072 
5.092 2.845 2.256 0.98 0.636 0.611 0.407 0.194 0.144 0.062 
5.015 2.574 2.628 1.015 0.618 0.64 0.399 0.21 0.118 0.075 
4.178 2.616 1.904 1.479 0.571 0.356 0.226 0.131 0.069 0.044 
5.012 3.359 1.764 0.976 0.925 0.574 0.299 0.175 0.11 0.073 
5.106 2.668 2.332 0.88 0.582 0.433 0.299 0.204 0.097 0.058 
5.517 2.72 2.58 0.969 0.621 0.466 0.384 0.207 0.119 0.063 
4.586 3.713 2.384 0.956 0.653 0.554 0.382 0.206 0.129 0.072 
4.889 2.629 2.516 0.945 0.667 0.358 0.342 0.174 0.11 0.067 
4.274 2.747 1.579 1.38 0.869 0.326 0.21 0.109 0.065 0.038 
4.884 3.844 1.414 1.071 0.881 0.567 0.329 0.19 0.095 0.051 
5.564 3.525 1.849 1.163 1.123 0.583 0.379 0.146 0.069 0.047 
4.92 2.868 2.126 0.876 0.544 0.513 0.32 0.173 0.099 0.061 
4.886 2.614 2.449 1.238 0.585 0.338 0.229 0.212 0.139 0.074 
4.675 3.163 2.337 1.442 0.703 0.389 0.261 0.196 0.122 0.065 
4.48 3.228 1.795 1.41 0.8 0.355 0.238 0.111 0.069 0.045 
5.132 3.147 1.93 0.971 0.84 0.622 0.37 0.227 0.119 0.063 
5.345 3.142 2.194 1.028 0.82 0.592 0.37 0.193 0.14 0.06 
4.628 2.459 2.286 1.177 0.541 0.323 0.196 0.185 0.109 0.067 
5.705 2.949 2.748 1.145 0.737 0.599 0.445 0.28 0.133 0.087 
5.225 2.657 2.449 0.965 0.64 0.601 0.384 0.216 0.118 0.072 
4.543 2.501 2.449 1.227 0.632 0.407 0.337 0.205 0.134 0.084 
4.873 2.797 2.714 1.175 0.667 0.407 0.391 0.236 0.126 0.066 
5.021 2.584 2.154 1.434 0.599 0.346 0.196 0.12 0.07 0.043 
4.616 3.386 1.477 1.397 0.869 0.492 0.184 0.114 0.063 0.036 
4.81 3.096 1.801 0.979 0.836 0.545 0.338 0.224 0.115 0.067 
4.355 2.481 2.28 1.06 0.585 0.347 0.202 0.174 0.131 0.088 
4.34 3.019 1.333 1.366 0.903 0.523 0.21 0.113 0.06 0.043 
4.91 3.142 1.722 0.92 0.734 0.494 0.302 0.218 0.125 0.062 
4.879 2.734 2.418 0.954 0.577 0.356 0.346 0.174 0.095 0.058 
4.617 2.817 2.253 1.452 0.581 0.349 0.246 0.137 0.08 0.071 
4.761 3.359 1.646 1.368 0.868 0.335 0.218 0.125 0.07 0.04 
5.677 3.86 1.789 1.669 0.944 0.397 0.201 0.119 0.066 0.043 
5.33 3.807 1.539 1.521 0.977 0.432 0.217 0.139 0.078 0.042 
4.835 3.134 1.684 0.855 0.802 0.477 0.293 0.194 0.103 0.057 
4.691 2.338 2.327 1.046 0.573 0.347 0.214 0.185 0.131 0.063 
4.992 2.978 2.495 1.203 0.627 0.399 0.249 0.212 0.117 0.072 
4.672 3.111 1.99 1.428 0.672 0.358 0.204 0.127 0.067 0.04 
4.949 3.756 1.922 1.687 0.85 0.378 0.227 0.134 0.069 0.05 
5.179 3.637 1.751 1.753 0.845 0.375 0.237 0.145 0.084 0.046 
4.71 3.378 1.385 1.0 0.878 0.513 0.322 0.222 0.128 0.046 
6.02 4.0 1.778 1.486 0.988 0.516 0.229 0.124 0.119 0.057 
4.901 3.038 1.696 0.945 0.91 0.548 0.288 0.179 0.095 0.072 
5.009 2.624 2.308 0.911 0.547 0.331 0.36 0.186 0.109 0.062 
5.098 2.745 2.273 1.351 0.643 0.384 0.206 0.115 0.122 0.078 
4.587 3.228 1.57 1.438 0.875 0.379 0.201 0.119 0.075 0.043 
5.245 3.711 1.614 1.541 1.106 0.547 0.25 0.135 0.072 0.044 
5.028 3.321 1.551 1.041 0.987 0.559 0.37 0.193 0.126 0.04 
5.123 2.84 2.215 0.957 0.774 0.618 0.375 0.234 0.123 0.071 
4.266 2.271 2.214 1.235 0.553 0.346 0.2 0.121 0.07 0.04 
4.697 3.304 1.513 1.45 0.952 0.378 0.207 0.126 0.081 0.041 
4.785 2.97 1.836 0.925 0.971 0.529 0.331 0.193 0.109 0.067 
5.414 3.131 2.102 0.967 0.864 0.58 0.35 0.263 0.116 0.066 
5.241 2.784 2.244 0.949 0.603 0.572 0.348 0.198 0.103 0.063 
4.122 3.293 2.495 1.072 0.611 0.464 0.411 0.189 0.151 0.157 
5.425 2.597 2.722 1.117 0.598 0.329 0.218 0.113 0.076 0.067 
5.245 3.23 2.422 1.4 0.636 0.367 0.218 0.133 0.118 0.067 
4.497 3.169 1.583 1.377 0.888 0.339 0.225 0.135 0.067 0.045 
5.128 3.327 1.476 1.049 0.95 0.62 0.395 0.186 0.079 0.042 
5.305 3.14 1.983 1.002 0.942 0.602 0.391 0.185 0.129 0.066 
5.392 3.346 2.12 1.127 0.952 0.612 0.371 0.197 0.12 0.048 
5.109 3.41 2.101 1.029 0.994 0.724 0.391 0.252 0.121 0.047 
5.014 2.686 2.14 0.866 0.568 0.506 0.308 0.192 0.106 0.054 
5.283 2.484 2.291 1.12 0.635 0.403 0.321 0.186 0.139 0.084 
4.978 3.016 2.576 1.27 0.632 0.377 0.262 0.182 0.134 0.071 
4.435 2.863 1.565 1.356 0.863 0.319 0.215 0.127 0.067 0.04 
5.5 3.784 1.556 1.446 1.009 0.457 0.208 0.152 0.076 0.044 
5.405 3.826 1.641 1.518 1.073 0.493 0.258 0.142 0.079 0.044 
4.882 3.247 1.609 0.936 0.866 0.599 0.33 0.196 0.115 0.062 
6.031 4.371 1.616 1.531 0.91 0.595 0.222 0.133 0.075 0.05 
4.834 3.121 1.842 0.898 0.909 0.539 0.335 0.196 0.106 0.065 
5.134 2.358 2.26 0.908 0.555 0.337 0.27 0.197 0.096 0.059 
4.585 2.997 1.748 1.404 0.808 0.355 0.209 0.122 0.058 0.041 
4.692 3.109 1.601 0.881 0.8 0.554 0.299 0.184 0.124 0.067 
4.687 2.43 2.473 0.939 0.603 0.354 0.306 0.185 0.109 0.081 
4.042 3.01 1.632 1.374 0.849 0.317 0.172 0.112 0.06 0.038 
5.433 3.868 1.677 1.586 1.068 0.388 0.236 0.133 0.09 0.045 
4.815 3.015 1.645 0.885 0.734 0.536 0.353 0.161 0.129 0.068 
4.298 2.444 2.373 1.228 0.576 0.34 0.215 0.131 0.118 0.063 
4.221 3.246 1.497 1.394 0.91 0.537 0.205 0.136 0.074 0.046 
5.119 3.131 1.684 0.962 0.859 0.506 0.325 0.2 0.1 0.058 
4.987 2.545 2.33 0.957 0.601 0.339 0.305 0.169 0.104 0.075 
4.784 2.609 2.165 1.34 0.577 0.356 0.232 0.136 0.076 0.047 
4.639 3.499 1.589 1.479 1.034 0.35 0.218 0.124 0.074 0.038 
5.255 3.811 1.729 1.722 1.065 0.418 0.248 0.144 0.095 0.044 
5.312 3.685 1.563 1.377 0.849 0.488 0.254 0.124 0.058 0.035 
5.33 2.734 1.819 0.862 0.766 0.449 0.345 0.207 0.132 0.065 
4.408 2.428 2.164 1.208 0.552 0.337 0.212 0.129 0.065 0.07 
4.719 3.219 1.598 1.42 0.994 0.349 0.222 0.142 0.081 0.044 
