100
70
4.375 6.25 8.75 12.5 17.5 25 35 50 70 100 
2.049 1.574 1.01 0.521 0.331 0.195 0.099 0.062 0.052 0.031 
1.739 1.212 1.02 0.523 0.281 0.172 0.092 0.047 0.031 0.016 
1.974 1.739 1.078 0.521 0.344 0.186 0.109 0.07 0.047 0.016 
2.536 1.19 0.741 0.451 0.26 0.235 0.172 0.097 0.062 0.031 
2.603 1.522 1.272 0.594 0.325 0.194 0.109 0.062 0.048 0.016 
2.917 1.273 0.751 0.458 0.292 0.193 0.172 0.101 0.062 0.047 
2.586 1.636 1.413 0.578 0.36 0.21 0.131 0.078 0.047 0.031 
3.082 1.274 0.799 0.49 0.433 0.293 0.163 0.094 0.075 0.036 
2.208 1.595 1.234 0.531 0.344 0.193 0.119 0.062 0.031 0.031 
2.755 1.256 0.801 0.502 0.286 0.218 0.166 0.096 0.047 0.031 
2.189 1.255 1.106 0.675 0.363 0.172 0.109 0.063 0.031 0.022 
2.298 2.065 0.839 0.488 0.302 0.172 0.113 0.066 0.047 0.016 
2.699 1.52 1.303 0.549 0.323 0.176 0.103 0.062 0.039 0.031 
2.563 1.314 0.675 0.425 0.297 0.172 0.101 0.062 0.062 0.016 
2.697 1.391 1.299 0.88 0.331 0.203 0.103 0.062 0.047 0.029 
1.726 1.61 0.661 0.46 0.261 0.156 0.109 0.063 0.031 0.016 
2.557 1.111 0.73 0.713 0.453 0.281 0.172 0.078 0.031 0.031 
2.36 2.188 0.84 0.518 0.328 0.19 0.109 0.068 0.047 0.016 
2.604 1.145 1.005 0.719 0.457 0.163 0.109 0.047 0.031 0.016 
2.083 2.007 1.131 0.484 0.328 0.187 0.115 0.047 0.047 0.016 
2.582 1.73 0.794 0.51 0.287 0.182 0.115 0.062 0.047 0.018 
2.683 1.38 1.224 0.814 0.406 0.196 0.12 0.062 0.047 0.039 
2.002 1.853 1.037 0.47 0.292 0.179 0.094 0.058 0.031 0.016 
2.923 1.331 1.055 0.839 0.534 0.315 0.185 0.095 0.056 0.031 
2.033 1.617 1.336 0.583 0.315 0.203 0.109 0.062 0.057 0.031 
2.583 1.912 0.837 0.516 0.342 0.282 0.172 0.109 0.052 0.031 
2.664 1.757 1.294 0.673 0.313 0.188 0.109 0.07 0.047 0.033 
2.652 1.897 0.814 0.568 0.36 0.296 0.163 0.109 0.046 0.031 
2.454 1.567 1.288 0.769 0.342 0.199 0.109 0.068 0.047 0.031 
2.241 1.647 0.776 0.488 0.313 0.188 0.091 0.047 0.031 0.016 
2.327 1.101 0.71 0.511 0.409 0.27 0.145 0.094 0.047 0.031 
1.896 1.359 1.25 0.705 0.433 0.15 0.109 0.063 0.025 0.031 
1.896 1.892 0.781 0.518 0.312 0.203 0.159 0.094 0.062 0.031 
2.743 1.204 0.803 0.691 0.454 0.298 0.169 0.094 0.062 0.031 
2.182 1.548 1.243 0.751 0.352 0.182 0.109 0.047 0.047 0.019 
2.37 1.906 0.875 0.486 0.297 0.187 0.094 0.098 0.062 0.031 
2.553 1.945 1.45 0.563 0.375 0.19 0.125 0.075 0.047 0.016 
2.636 1.904 0.807 0.516 0.502 0.315 0.187 0.108 0.062 0.031 
2.032 1.081 1.125 0.656 0.375 0.239 0.094 0.047 0.031 0.004 
1.996 1.931 0.813 0.53 0.313 0.222 0.115 0.078 0.062 0.028 
2.708 1.209 1.004 0.738 0.463 0.266 0.156 0.078 0.064 0.016 
1.881 1.9 0.94 0.438 0.241 0.13 0.094 0.05 0.031 0.016 
2.067 1.693 0.698 0.439 0.233 0.143 0.094 0.047 0.031 0.016 
2.862 1.652 0.848 0.684 0.516 0.269 0.186 0.079 0.062 0.031 
2.167 1.881 0.945 0.495 0.299 0.161 0.11 0.062 0.031 0.016 
3.155 1.406 0.932 0.849 0.518 0.297 0.14 0.062 0.031 0.026 
1.985 1.878 1.239 0.502 0.301 0.187 0.111 0.062 0.036 0.016 
2.686 1.811 0.815 0.531 0.518 0.346 0.203 0.121 0.07 0.047 
2.526 1.881 1.382 0.544 0.344 0.206 0.109 0.057 0.047 0.016 
2.434 1.693 0.697 0.44 0.27 0.17 0.109 0.062 0.04 0.016 
3.004 1.188 0.701 0.438 0.299 0.18 0.103 0.062 0.062 0.031 
2.471 1.485 1.343 0.769 0.331 0.156 0.101 0.051 0.031 0.031 
2.332 1.953 0.837 0.527 0.286 0.19 0.109 0.062 0.031 0.007 
3.483 1.379 1.049 0.852 0.558 0.307 0.183 0.11 0.031 0.016 
1.938 1.963 1.159 0.623 0.295 0.18 0.094 0.04 0.053 0.031 
2.053 1.891 0.888 0.454 0.298 0.19 0.109 0.062 0.031 0.04 
3.155 1.309 1.265 0.813 0.502 0.268 0.109 0.062 0.031 0.015 
2.115 1.903 1.22 0.479 0.281 0.194 0.109 0.047 0.049 0.016 
3.026 1.391 0.939 0.844 0.535 0.298 0.198 0.109 0.062 0.031 
2.002 1.404 1.094 0.699 0.377 0.187 0.109 0.062 0.047 0.027 
1.82 1.641 1.094 0.453 0.28 0.181 0.098 0.062 0.031 0.016 
2.525 1.962 0.851 0.546 0.422 0.329 0.187 0.109 0.062 0.031 
2.254 1.309 1.182 0.745 0.422 0.172 0.107 0.062 0.031 0.016 
1.897 1.858 1.13 0.455 0.273 0.168 0.109 0.062 0.031 0.031 
3.07 1.704 0.871 0.637 0.516 0.303 0.188 0.109 0.062 0.03 
2.332 2.087 1.23 0.531 0.343 0.2 0.125 0.078 0.031 0.018 
2.709 1.623 0.798 0.501 0.338 0.193 0.125 0.066 0.062 0.031 
2.664 1.658 1.348 0.677 0.307 0.195 0.101 0.078 0.047 0.041 
2.706 2.101 0.906 0.556 0.532 0.303 0.185 0.109 0.062 0.042 
1.818 1.804 1.248 0.5 0.297 0.194 0.114 0.062 0.031 0.016 
2.189 1.917 0.768 0.487 0.286 0.182 0.094 0.062 0.031 0.016 
3.439 1.492 0.927 0.684 0.533 0.332 0.187 0.099 0.062 0.031 
2.35 1.883 0.89 0.453 0.297 0.172 0.094 0.063 0.031 0.016 
2.661 1.474 0.732 0.472 0.312 0.17 0.109 0.052 0.031 0.017 
3.017 1.746 1.452 0.671 0.332 0.215 0.114 0.062 0.031 0.016 
2.66 1.313 0.703 0.44 0.398 0.283 0.155 0.085 0.047 0.016 
1.84 1.661 1.144 0.603 0.284 0.172 0.111 0.076 0.047 0.031 
2.734 1.482 0.798 0.581 0.471 0.268 0.174 0.11 0.062 0.027 
2.048 1.266 1.076 0.752 0.429 0.165 0.094 0.052 0.037 0.016 
1.878 1.729 1.113 0.491 0.295 0.172 0.114 0.062 0.031 0.031 
3.118 1.26 0.75 0.501 0.313 0.187 0.16 0.078 0.047 0.039 
2.636 1.125 0.951 0.641 0.438 0.282 0.141 0.094 0.047 0.031 
2.511 2.314 1.23 0.575 0.341 0.191 0.125 0.085 0.078 0.047 
2.657 1.171 0.718 0.438 0.376 0.297 0.156 0.11 0.062 0.031 
2.333 1.392 1.147 0.797 0.392 0.172 0.109 0.062 0.047 0.016 
1.795 1.712 1.166 0.536 0.293 0.182 0.114 0.062 0.031 0.016 
3.403 1.485 1.032 0.824 0.517 0.302 0.172 0.109 0.052 0.016 
2.406 2.021 0.75 0.532 0.312 0.2 0.125 0.078 0.031 0.02 
2.814 1.251 0.831 0.64 0.431 0.261 0.173 0.094 0.061 0.031 
1.984 2.064 0.864 0.508 0.317 0.203 0.134 0.078 0.031 0.031 
2.616 1.444 0.738 0.47 0.44 0.253 0.166 0.094 0.04 0.031 
1.872 1.135 1.129 0.778 0.485 0.284 0.109 0.062 0.031 0.031 
3.154 1.676 0.921 0.536 0.357 0.207 0.219 0.109 0.078 0.031 
2.147 1.585 1.239 0.689 0.304 0.169 0.094 0.064 0.031 0.027 
2.037 1.928 1.005 0.517 0.327 0.188 0.125 0.092 0.062 0.047 
2.908 1.335 1.225 0.808 0.518 0.187 0.101 0.054 0.031 0.016 
2.533 1.757 0.881 0.484 0.438 0.369 0.168 0.121 0.062 0.032 
2.251 2.096 0.969 0.532 0.326 0.183 0.114 0.079 0.031 0.029 
3.154 1.347 0.811 0.766 0.469 0.286 0.172 0.078 0.034 0.016 
2.096 1.583 0.942 0.425 0.282 0.173 0.114 0.062 0.031 0.016 
