100
100
4.375 6.25 8.75 12.5 17.5 25 35 50 70 100 
3.835 2.261 1.525 1.013 0.599 0.474 0.318 0.144 0.054 0.047 
4.676 2.401 2.604 0.957 0.564 0.388 0.262 0.216 0.094 0.062 
3.619 2.694 1.413 1.193 0.893 0.377 0.189 0.109 0.057 0.029 
4.929 2.831 2.086 1.157 0.655 0.741 0.281 0.278 0.078 0.047 
4.57 2.213 2.296 1.015 0.567 0.344 0.203 0.125 0.062 0.047 
5.39 3.566 1.562 1.541 1.031 0.547 0.219 0.125 0.062 0.031 
5.038 2.705 1.906 0.941 0.89 0.547 0.328 0.203 0.109 0.047 
4.993 3.822 2.02 0.906 0.656 0.531 0.328 0.172 0.109 0.051 
4.77 2.593 2.532 1.017 0.584 0.583 0.376 0.209 0.112 0.086 
5.203 2.74 2.284 0.965 0.69 0.541 0.346 0.194 0.131 0.063 
5.567 2.583 2.246 0.902 0.627 0.323 0.353 0.191 0.104 0.064 
4.744 2.954 2.134 1.515 0.601 0.342 0.223 0.129 0.08 0.046 
5.132 3.483 1.633 1.349 0.97 0.58 0.317 0.116 0.071 0.041 
5.333 3.668 1.562 1.348 0.974 0.579 0.33 0.14 0.083 0.046 
4.854 2.664 2.031 0.933 0.634 0.512 0.314 0.213 0.129 0.066 
4.94 2.674 2.262 1.159 0.626 0.37 0.229 0.2 0.104 0.061 
5.238 2.991 2.148 1.43 0.622 0.371 0.238 0.127 0.059 0.041 
5.604 3.812 1.803 1.525 1.126 0.369 0.25 0.145 0.083 0.041 
5.181 3.72 1.619 1.472 0.912 0.588 0.234 0.133 0.066 0.042 
5.68 3.991 1.865 1.635 1.013 0.385 0.194 0.137 0.07 0.047 
5.024 3.244 1.472 0.959 0.903 0.614 0.314 0.179 0.116 0.043 
5.35 2.936 2.021 1.034 0.797 0.557 0.388 0.206 0.134 0.072 
5.714 3.194 2.198 0.995 1.13 0.576 0.334 0.18 0.107 0.059 
5.223 3.007 2.177 0.949 0.578 0.569 0.351 0.188 0.093 0.053 
5.109 2.575 2.596 1.01 0.68 0.506 0.395 0.223 0.122 0.065 
5.482 2.962 2.532 1.143 0.887 0.611 0.357 0.235 0.124 0.072 
5.369 2.866 2.299 1.003 0.651 0.541 0.318 0.172 0.116 0.061 
4.963 2.71 2.608 1.061 0.701 0.664 0.315 0.208 0.114 0.07 
5.118 2.676 2.606 1.074 0.661 0.539 0.375 0.198 0.127 0.06 
5.154 2.74 2.638 1.092 0.642 0.377 0.311 0.189 0.096 0.057 
6.461 3.182 2.535 1.228 1.449 0.887 0.421 0.155 0.085 0.048 
5.697 3.988 2.226 1.781 0.756 0.38 0.213 0.148 0.078 0.042 
5.236 3.411 2.015 1.474 0.765 0.375 0.25 0.141 0.094 0.047 
5.175 3.691 1.941 1.593 1.297 0.38 0.234 0.234 0.509 0.088 
5.768 3.183 2.192 0.984 0.609 0.578 0.344 0.203 0.109 0.062 
4.844 3.083 2.825 1.012 0.703 0.519 0.37 0.274 0.103 0.065 
4.763 2.457 2.249 1.082 0.548 0.338 0.24 0.185 0.109 0.062 
5.957 2.718 2.238 1.234 0.594 0.375 0.203 0.125 0.078 0.047 
5.376 2.786 1.763 1.317 0.89 0.325 0.2 0.121 0.063 0.041 
5.305 3.671 1.561 1.456 1.062 0.595 0.205 0.121 0.078 0.043 
5.288 3.456 1.608 1.032 0.975 0.6 0.331 0.186 0.109 0.035 
5.317 3.241 1.967 1.015 0.961 0.608 0.372 0.216 0.127 0.064 
5.587 2.8 2.219 0.969 0.891 0.552 0.349 0.196 0.102 0.054 
5.209 3.076 2.385 1.041 0.869 0.648 0.375 0.205 0.122 0.056 
5.735 3.582 1.867 1.015 1.1 0.647 0.381 0.199 0.104 0.045 
4.929 2.761 2.188 0.888 0.837 0.51 0.335 0.181 0.134 0.057 
4.898 2.686 2.894 0.951 0.572 0.393 0.387 0.182 0.094 0.087 
5.653 3.849 2.144 1.01 1.048 0.561 0.47 0.23 0.119 0.044 
5.46 3.549 1.999 1.262 1.169 0.61 0.33 0.134 0.067 0.036 
5.591 4.045 1.769 1.865 1.125 0.406 0.245 0.152 0.078 0.051 
5.625 3.682 1.828 1.598 0.916 0.382 0.27 0.14 0.076 0.047 
4.885 3.743 1.48 1.36 0.883 0.557 0.29 0.147 0.08 0.042 
5.997 3.898 1.861 1.818 0.997 0.487 0.291 0.165 0.087 0.051 
4.775 3.278 1.461 1.417 0.897 0.55 0.229 0.114 0.064 0.039 
5.328 3.397 1.761 1.272 0.953 0.637 0.353 0.193 0.078 0.043 
5.212 3.274 1.993 0.931 0.883 0.605 0.354 0.23 0.134 0.069 
5.314 2.939 2.136 0.983 0.726 0.612 0.301 0.223 0.118 0.082 
5.689 3.055 2.218 1.072 1.031 0.677 0.392 0.247 0.129 0.084 
5.807 3.57 1.856 1.088 1.01 0.582 0.324 0.227 0.099 0.038 
5.189 2.852 2.242 1.086 1.039 0.663 0.379 0.223 0.141 0.08 
5.309 2.641 2.224 0.952 0.667 0.569 0.341 0.206 0.126 0.062 
5.084 2.481 2.519 0.935 0.551 0.349 0.314 0.21 0.115 0.075 
4.958 2.788 2.36 1.325 0.613 0.353 0.23 0.149 0.097 0.073 
5.755 3.135 2.454 1.341 0.6 0.368 0.238 0.225 0.139 0.072 
4.864 3.031 2.278 1.485 0.671 0.382 0.24 0.153 0.103 0.076 
4.793 3.185 1.658 1.535 0.921 0.383 0.206 0.113 0.07 0.039 
5.155 3.347 1.52 1.126 0.935 0.504 0.304 0.177 0.058 0.037 
5.611 4.723 1.682 1.651 1.082 0.433 0.248 0.148 0.08 0.048 
4.956 3.651 1.539 1.393 0.991 0.559 0.236 0.132 0.077 0.04 
5.412 3.652 1.656 1.478 1.029 0.545 0.235 0.113 0.069 0.043 
5.043 3.03 1.921 1.064 0.951 0.526 0.387 0.182 0.106 0.068 
5.819 3.631 1.893 1.237 0.992 0.619 0.422 0.153 0.079 0.045 
5.364 3.575 1.856 1.371 1.131 0.682 0.248 0.162 0.078 0.049 
5.417 4.237 1.708 1.59 0.906 0.416 0.204 0.107 0.061 0.038 
5.438 3.607 1.61 1.47 1.084 0.603 0.225 0.149 0.083 0.042 
5.372 3.69 1.638 1.51 1.073 0.587 0.239 0.124 0.071 0.046 
5.093 3.413 1.681 0.977 1.045 0.578 0.333 0.203 0.124 0.044 
5.551 3.339 1.954 1.163 1.028 0.612 0.342 0.201 0.088 0.047 
5.674 3.808 1.77 1.366 1.076 0.74 0.284 0.153 0.094 0.047 
5.557 3.67 1.514 1.326 0.911 0.554 0.325 0.129 0.068 0.04 
5.543 3.661 1.582 1.386 0.956 0.572 0.315 0.135 0.064 0.039 
4.876 2.555 2.155 0.947 0.539 0.627 0.298 0.21 0.12 0.065 
4.256 2.674 2.07 1.463 0.626 0.344 0.202 0.13 0.071 0.044 
4.717 3.362 1.45 1.535 0.93 0.599 0.227 0.132 0.072 0.039 
5.161 3.073 1.858 0.995 1.029 0.562 0.343 0.217 0.103 0.041 
5.178 2.718 2.244 0.957 0.637 0.601 0.338 0.188 0.134 0.059 
4.286 3.14 2.251 1.029 0.557 0.342 0.215 0.115 0.109 0.053 
6.19 3.042 2.548 1.058 0.699 0.534 0.365 0.203 0.11 0.078 
4.326 2.891 1.906 1.489 0.521 0.341 0.198 0.133 0.068 0.042 
5.224 3.498 2.069 1.566 0.611 0.41 0.235 0.134 0.073 0.038 
4.931 3.535 1.826 1.619 0.931 0.39 0.217 0.122 0.065 0.039 
5.86 3.383 1.815 1.476 0.915 0.39 0.207 0.123 0.076 0.038 
5.535 3.541 1.555 1.635 0.984 0.371 0.22 0.135 0.074 0.043 
5.329 3.773 1.56 1.453 0.996 0.524 0.215 0.128 0.076 0.047 
5.058 3.522 1.572 1.196 1.02 0.594 0.351 0.186 0.088 0.049 
5.587 3.673 2.176 1.479 1.276 0.631 0.375 0.168 0.102 0.047 
5.49 3.079 2.314 0.959 0.611 0.336 0.204 0.13 0.091 0.055 
4.355 3.11 1.406 0.83 0.858 0.55 0.38 0.179 0.109 0.058 
3.677 3.119 2.01 1.518 0.667 0.353 0.222 0.131 0.065 0.039 
5.535 3.753 1.644 0.937 0.822 0.556 0.314 0.175 0.094 0.037 
