100
100
4.375 6.25 8.75 12.5 17.5 25 35 50 70 100 
2673.1 2712.5 2782.5 2937.5 2905.0 3175 3395 3700 4200 4700 
2528.8 2606.2 2625.0 2725.0 2887.5 3025 3185 3600 4060 4600 
2765.0 2768.8 2922.5 2912.5 3027.5 3250 3465 3650 4410 4800 
2139.4 2137.5 2170.0 2250.0 2397.5 2500 2765 3000 3500 4000 
2458.8 2487.5 2546.2 2650.0 2765.0 2800 3115 3350 3780 4300 
2721.2 2712.5 2791.2 2825.0 2940.0 3125 3395 3650 4340 4600 
2638.1 2643.8 2686.2 2825.0 2992.5 3100 3395 3600 4200 4400 
2340.6 2343.8 2432.5 2537.5 2642.5 2800 3045 3300 3780 4200 
2730.0 2812.5 2835.0 2962.5 3097.5 3325 3570 3900 4200 4800 
2861.2 2906.2 3018.8 3025.0 3167.5 3375 3710 3900 4340 5000 
2598.8 2543.8 2625.0 2700.0 2852.5 2950 3290 3500 4060 4500 
2541.9 2587.5 2686.2 2675.0 2887.5 3000 3290 3550 4200 4600 
2747.5 2756.2 2852.5 2950.0 3097.5 3175 3535 3750 4340 4800 
3101.9 3056.2 3193.8 3275.0 3430.0 3625 3920 4250 4900 5200 
2681.9 2656.2 2782.5 2837.5 2870.0 3050 3255 3600 4130 4500 
2397.5 2437.5 2502.5 2600.0 2765.0 2900 3185 3450 3850 4400 
2292.5 2325.0 2380.0 2462.5 2572.5 2750 2905 3300 3640 4200 
2690.6 2743.8 2852.5 2862.5 3062.5 3200 3465 3800 4480 4700 
2511.2 2550.0 2625.0 2700.0 2817.5 2950 3185 3550 4060 4400 
2415.0 2456.2 2563.8 2637.5 2765.0 2900 3185 3450 3850 4400 
2555.0 2581.2 2616.2 2712.5 2817.5 3000 3255 3500 4060 4400 
2520.0 2593.8 2616.2 2637.5 2782.5 2900 3150 3450 4060 4400 
2467.5 2525.0 2607.5 2662.5 2817.5 2900 3255 3500 4060 4400 
2187.5 2187.5 2213.8 2237.5 2415.0 2500 2730 3050 3500 3800 
2743.1 2793.8 2966.2 3012.5 3115.0 3225 3605 3800 4340 5000 
2975.0 2956.2 3027.5 3125.0 3307.5 3450 3780 4150 4550 5300 
2489.4 2506.2 2572.5 2712.5 2835.0 2950 3220 3450 4060 4400 
2489.4 2556.2 2563.8 2675.0 2800.0 2975 3185 3500 4060 4400 
2576.9 2631.2 2668.8 2725.0 2887.5 3075 3395 3550 4340 4500 
2205.0 2225.0 2240.0 2325.0 2467.5 2625 2870 3150 3570 4000 
3373.1 3350.0 3412.5 3562.5 3710.0 3925 4270 4500 5110 5700 
2695.0 2712.5 2756.2 2837.5 2905.0 3225 3430 3850 4340 4600 
3106.2 3150.0 3281.2 3412.5 3482.5 3650 4130 4300 4970 5300 
2848.1 2918.8 3001.2 3075.0 3220.0 3375 3640 4000 4550 5300 
2668.8 2768.8 2826.2 2912.5 3027.5 3225 3465 3750 4340 4800 
2279.4 2293.8 2362.5 2412.5 2520.0 2750 2940 3200 3570 4100 
2725.6 2668.8 2800.0 2937.5 2992.5 3250 3500 3650 4200 4700 
2638.1 2775.0 2817.5 2912.5 2992.5 3175 3360 3650 4200 4700 
2270.6 2275.0 2353.8 2400.0 2555.0 2625 2905 3200 3640 4200 
2546.2 2612.5 2633.8 2700.0 2905.0 3000 3360 3550 4060 4500 
2305.6 2287.5 2380.0 2475.0 2555.0 2700 3010 3300 3780 4200 
2738.8 2812.5 2957.5 2962.5 3045.0 3250 3535 3850 4340 4800 
2226.9 2325.0 2371.2 2412.5 2520.0 2725 3010 3300 3780 4200 
2283.8 2362.5 2388.8 2462.5 2625.0 2775 3010 3300 3640 4100 
2642.5 2631.2 2730.0 2762.5 2905.0 3150 3430 3600 4060 4600 
2388.8 2406.2 2458.8 2487.5 2625.0 2775 3045 3350 3850 4400 
2498.1 2506.2 2616.2 2625.0 2835.0 2975 3185 3500 3920 4500 
2830.6 2850.0 2975.0 3087.5 3220.0 3375 3605 3900 4690 5000 
2463.1 2481.2 2528.8 2562.5 2747.5 2900 3255 3550 4060 4300 
2948.8 3006.2 3053.8 3137.5 3307.5 3375 3815 3950 4550 5000 
2975.0 3006.2 3001.2 3137.5 3290.0 3425 3710 4000 4480 5200 
2550.6 2612.5 2660.0 2775.0 2887.5 3125 3255 3650 4270 4600 
2795.6 2775.0 2870.0 2925.0 3150.0 3250 3605 3950 4480 5000 
2528.8 2562.5 2598.8 2687.5 2817.5 2975 3255 3500 3920 4500 
2384.4 2475.0 2458.8 2625.0 2765.0 2900 3150 3500 4060 4400 
2568.1 2575.0 2677.5 2787.5 2852.5 3075 3220 3650 4340 4500 
2568.1 2575.0 2616.2 2700.0 2782.5 3000 3290 3550 4060 4600 
2769.4 2725.0 2791.2 2875.0 3115.0 3200 3500 3850 4340 5000 
2419.4 2468.8 2528.8 2587.5 2730.0 2925 3185 3500 3920 4200 
2878.8 3000.0 3001.2 3087.5 3220.0 3400 3605 4000 4480 4900 
2690.6 2793.8 2773.8 2937.5 3010.0 3200 3500 3650 4340 4600 
2760.6 2706.2 2835.0 2925.0 3027.5 3225 3465 3800 4340 4600 
2773.8 2775.0 2817.5 2975.0 3097.5 3300 3465 3900 4200 4900 
2555.0 2593.8 2703.8 2775.0 2940.0 3100 3465 3700 4200 4600 
2660.0 2700.0 2747.5 2862.5 2940.0 3125 3430 3750 4340 4800 
2555.0 2600.0 2668.8 2737.5 2835.0 3025 3325 3600 4060 4600 
2288.1 2343.8 2362.5 2437.5 2572.5 2800 2940 3300 3710 4200 
2813.1 2918.8 2913.8 3062.5 3167.5 3375 3605 3950 4480 5200 
2874.4 2893.8 2931.2 3000.0 3115.0 3325 3570 3850 4410 5100 
2620.6 2643.8 2703.8 2837.5 2887.5 3050 3325 3650 4200 4800 
2476.2 2512.5 2590.0 2675.0 2782.5 2925 3325 3450 3920 4500 
2616.2 2600.0 2747.5 2787.5 2922.5 3075 3430 3750 4270 4700 
3049.4 3137.5 3132.5 3212.5 3325.0 3400 3780 4200 4690 5200 
2257.5 2243.8 2248.8 2337.5 2485.0 2625 2835 3100 3500 4000 
2808.8 2825.0 2861.2 2925.0 3115.0 3300 3570 3850 4340 4800 
2585.6 2618.8 2677.5 2750.0 2887.5 3050 3290 3600 4200 4700 
2712.5 2718.8 2747.5 2862.5 2992.5 3175 3465 3750 4410 4600 
2655.6 2687.5 2782.5 2875.0 2940.0 3150 3465 3750 4340 4800 
2926.9 3031.2 3106.2 3162.5 3325.0 3425 3920 4100 4760 5100 
2506.9 2512.5 2563.8 2650.0 2730.0 3025 3255 3500 4060 4500 
2423.8 2443.8 2563.8 2625.0 2782.5 2975 3150 3500 4060 4400 
2568.1 2631.2 2738.8 2775.0 2887.5 3050 3360 3600 4060 4600 
2572.5 2581.2 2712.5 2725.0 2887.5 2975 3220 3550 4060 4400 
2380.0 2456.2 2467.5 2575.0 2642.5 2900 3045 3400 3850 4300 
2450.0 2418.8 2520.0 2600.0 2730.0 2900 3185 3450 3780 4600 
2725.6 2693.8 2756.2 2800.0 2905.0 3075 3430 3650 4200 4600 
2336.2 2356.2 2458.8 2475.0 2555.0 2750 2940 3200 3640 4000 
2821.9 2812.5 2948.8 2975.0 3097.5 3350 3605 3850 4340 4800 
2366.9 2425.0 2493.8 2575.0 2677.5 2875 3150 3400 3780 4200 
2572.5 2631.2 2721.2 2787.5 2922.5 3050 3360 3500 4200 4600 
2454.4 2556.2 2590.0 2725.0 2852.5 3025 3325 3550 4060 4400 
2380.0 2425.0 2493.8 2537.5 2642.5 2850 3080 3350 4060 4300 
2541.9 2593.8 2642.5 2725.0 2782.5 3000 3395 3650 4200 4600 
3053.8 2987.5 3150.0 3162.5 3307.5 3500 3780 4200 4620 4900 
2743.1 2793.8 2765.0 2875.0 3010.0 3200 3570 3750 4340 4800 
3049.4 3037.5 3106.2 3137.5 3325.0 3575 3920 4150 4900 5100 
2226.9 2231.2 2275.0 2337.5 2432.5 2625 2870 3200 3570 4000 
2664.4 2700.0 2730.0 2775.0 2852.5 3100 3430 3600 4200 4600 
2576.9 2550.0 2651.2 2725.0 2800.0 3025 3185 3550 4060 4400 
2358.1 2400.0 2441.2 2512.5 2660.0 2825 3010 3300 3920 4200 
