100
70
4.375 6.25 8.75 12.5 17.5 25 35 50 70 100 
2.544 1.615 0.846 0.564 0.296 0.175 0.109 0.062 0.037 0.016 
1.801 1.035 0.705 0.469 0.268 0.172 0.111 0.072 0.031 0.016 
2.212 1.4 0.868 0.779 0.33 0.188 0.109 0.047 0.04 0.016 
2.028 1.161 0.768 0.472 0.298 0.172 0.109 0.062 0.047 0.031 
2.274 1.71 1.208 0.549 0.311 0.189 0.094 0.062 0.047 0.016 
2.096 1.569 1.13 0.549 0.298 0.203 0.109 0.052 0.031 0.016 
3.169 1.508 0.94 0.833 0.58 0.328 0.221 0.078 0.047 0.016 
2.187 2.125 0.877 0.566 0.328 0.188 0.109 0.068 0.031 0.016 
3.167 1.382 1.004 0.815 0.517 0.234 0.112 0.078 0.031 0.031 
1.946 1.806 0.927 0.487 0.298 0.156 0.096 0.047 0.031 0.016 
2.867 1.175 0.877 0.524 0.534 0.301 0.172 0.109 0.078 0.031 
1.899 1.335 1.318 0.58 0.312 0.2 0.109 0.078 0.03 0.016 
2.636 1.537 0.846 0.549 0.328 0.25 0.189 0.109 0.047 0.019 
2.432 1.3 1.29 0.674 0.33 0.187 0.112 0.062 0.031 0.016 
2.935 1.453 0.876 0.536 0.328 0.282 0.189 0.109 0.062 0.031 
2.103 1.173 0.994 0.721 0.407 0.156 0.109 0.047 0.031 0.016 
1.757 1.632 0.957 0.503 0.302 0.168 0.094 0.047 0.047 0.031 
2.912 1.397 0.812 0.565 0.549 0.296 0.172 0.094 0.047 0.031 
1.958 1.428 1.178 0.549 0.299 0.187 0.109 0.078 0.031 0.031 
2.26 1.679 0.883 0.518 0.319 0.187 0.125 0.109 0.047 0.031 
2.524 1.287 1.052 0.807 0.423 0.187 0.108 0.062 0.031 0.016 
2.164 1.884 0.737 0.502 0.281 0.19 0.109 0.062 0.022 0.016 
2.902 1.188 0.786 0.719 0.455 0.266 0.156 0.094 0.029 0.031 
2.196 1.978 0.943 0.534 0.332 0.187 0.125 0.062 0.031 0.031 
2.905 1.273 0.795 0.775 0.514 0.423 0.172 0.112 0.031 0.031 
2.445 1.754 0.832 0.566 0.329 0.203 0.173 0.094 0.062 0.031 
2.34 1.338 1.204 0.798 0.328 0.19 0.109 0.062 0.033 0.016 
2.322 1.615 0.785 0.49 0.296 0.187 0.116 0.078 0.031 0.016 
3.076 1.239 1.02 0.817 0.439 0.187 0.106 0.078 0.031 0.031 
2.118 1.854 0.815 0.564 0.297 0.203 0.109 0.057 0.031 0.031 
2.73 1.134 0.738 0.501 0.413 0.25 0.156 0.094 0.031 0.031 
2.212 1.601 1.209 0.768 0.328 0.174 0.109 0.062 0.049 0.031 
1.841 1.804 1.051 0.502 0.285 0.172 0.109 0.062 0.031 0.016 
2.495 1.273 0.833 0.549 0.3 0.219 0.187 0.081 0.067 0.031 
2.168 1.238 1.161 0.738 0.455 0.299 0.172 0.061 0.031 0.031 
2.164 1.838 1.275 0.481 0.331 0.173 0.109 0.062 0.047 0.012 
2.802 1.852 0.87 0.593 0.565 0.311 0.187 0.094 0.047 0.031 
2.261 1.96 0.895 0.55 0.328 0.203 0.113 0.109 0.078 0.03 
2.228 1.178 1.066 0.69 0.409 0.252 0.109 0.047 0.031 0.026 
2.164 1.884 0.863 0.518 0.328 0.199 0.125 0.078 0.05 0.031 
2.84 1.269 0.746 0.658 0.471 0.281 0.19 0.094 0.061 0.031 
1.883 1.207 1.257 0.722 0.393 0.172 0.094 0.055 0.031 0.016 
1.929 1.647 1.052 0.517 0.279 0.156 0.109 0.066 0.047 0.016 
2.493 1.993 0.894 0.502 0.332 0.189 0.109 0.062 0.031 0.009 
3.004 1.146 0.799 0.674 0.473 0.286 0.169 0.094 0.062 0.031 
2.181 2.024 1.317 0.529 0.359 0.187 0.125 0.065 0.047 0.016 
2.301 2.099 0.783 0.499 0.409 0.255 0.156 0.081 0.047 0.031 
2.071 2.198 1.135 0.58 0.362 0.203 0.127 0.062 0.031 0.031 
3.562 1.425 1.052 0.847 0.518 0.203 0.109 0.063 0.031 0.016 
2.24 1.761 1.097 0.518 0.284 0.174 0.109 0.062 0.031 0.027 
2.692 1.746 0.815 0.501 0.408 0.266 0.156 0.094 0.064 0.016 
2.605 1.856 1.3 0.63 0.328 0.172 0.109 0.08 0.031 0.016 
2.399 2.086 0.799 0.587 0.411 0.312 0.187 0.094 0.059 0.031 
2.511 1.506 1.301 0.864 0.552 0.217 0.125 0.078 0.047 0.031 
2.016 2.024 0.8 0.488 0.298 0.172 0.109 0.062 0.031 0.016 
2.887 1.255 0.734 0.475 0.293 0.174 0.109 0.047 0.047 0.031 
3.075 1.397 1.333 0.861 0.49 0.203 0.125 0.068 0.031 0.016 
2.197 1.929 1.004 0.487 0.299 0.187 0.096 0.062 0.031 0.016 
2.839 1.71 0.829 0.721 0.533 0.328 0.172 0.109 0.06 0.031 
2.041 1.819 1.243 0.481 0.312 0.189 0.109 0.062 0.049 0.016 
2.306 1.818 0.721 0.471 0.283 0.156 0.143 0.094 0.047 0.021 
2.937 1.553 1.364 0.877 0.371 0.22 0.125 0.082 0.031 0.016 
2.337 2.102 0.75 0.486 0.284 0.172 0.112 0.078 0.031 0.016 
2.776 1.382 0.754 0.502 0.284 0.176 0.094 0.062 0.062 0.031 
3.088 1.362 1.351 0.847 0.487 0.187 0.125 0.063 0.031 0.016 
2.935 1.756 0.895 0.565 0.328 0.204 0.172 0.112 0.047 0.031 
2.84 1.377 1.035 0.833 0.565 0.299 0.214 0.109 0.062 0.016 
2.886 1.913 0.861 0.552 0.487 0.299 0.187 0.113 0.062 0.047 
2.966 2.399 1.253 0.586 0.359 0.203 0.125 0.094 0.062 0.047 
2.885 1.139 1.222 0.751 0.462 0.266 0.174 0.047 0.047 0.016 
2.072 1.741 1.209 0.58 0.332 0.188 0.125 0.078 0.031 0.021 
2.849 1.943 0.894 0.612 0.549 0.299 0.174 0.109 0.062 0.03 
2.284 1.987 0.958 0.471 0.312 0.187 0.109 0.064 0.016 0.016 
2.62 1.531 0.782 0.495 0.456 0.266 0.146 0.094 0.063 0.031 
2.621 1.866 1.364 0.58 0.329 0.203 0.123 0.062 0.047 0.016 
2.025 1.611 0.801 0.457 0.266 0.141 0.094 0.047 0.035 0.016 
2.563 1.679 0.705 0.503 0.297 0.172 0.096 0.062 0.031 0.031 
3.186 1.238 0.77 0.738 0.471 0.284 0.172 0.112 0.047 0.031 
2.02 1.882 1.145 0.502 0.284 0.187 0.111 0.062 0.031 0.031 
2.264 1.758 0.737 0.472 0.297 0.189 0.161 0.097 0.062 0.031 
2.199 1.636 1.319 0.753 0.299 0.187 0.112 0.062 0.031 0.016 
2.636 1.458 0.751 0.455 0.284 0.156 0.089 0.047 0.031 0.016 
3.64 1.49 1.475 0.895 0.471 0.2 0.125 0.064 0.031 0.031 
1.943 1.805 1.036 0.484 0.266 0.204 0.094 0.062 0.048 0.016 
2.839 1.207 0.755 0.784 0.455 0.297 0.172 0.109 0.047 0.031 
1.901 1.789 1.113 0.58 0.318 0.172 0.109 0.065 0.031 0.016 
3.502 1.459 1.098 0.864 0.542 0.312 0.187 0.094 0.047 0.016 
2.415 2.102 0.912 0.517 0.312 0.19 0.109 0.062 0.052 0.016 
3.169 1.37 1.239 0.833 0.346 0.172 0.109 0.062 0.031 0.016 
2.571 2.164 0.846 0.518 0.328 0.203 0.125 0.065 0.047 0.016 
2.635 1.24 1.066 0.752 0.454 0.267 0.158 0.062 0.031 0.031 
2.418 1.93 0.752 0.487 0.298 0.203 0.141 0.078 0.064 0.031 
3.121 1.803 1.286 0.767 0.33 0.205 0.141 0.078 0.047 0.019 
3.126 1.352 0.87 0.815 0.453 0.312 0.144 0.094 0.047 0.031 
2.197 2.008 1.147 0.503 0.329 0.219 0.128 0.062 0.031 0.016 
3.167 1.475 0.803 0.808 0.518 0.284 0.187 0.062 0.047 0.031 
1.896 1.693 1.225 0.627 0.297 0.18 0.141 0.079 0.047 0.031 
3.31 1.355 0.898 0.799 0.487 0.305 0.172 0.125 0.062 0.031 
2.036 1.943 1.066 0.519 0.328 0.19 0.109 0.078 0.045 0.031 
2.902 1.066 0.802 0.69 0.406 0.266 0.143 0.078 0.047 0.025 
