100
70
4.375 6.25 8.75 12.5 17.5 25 35 50 70 100 
1719.4 1700.0 1750.0 1812.5 1960.0 2125 2275 2450 2870 3000 
1789.4 1793.8 1811.2 1875.0 1977.5 2150 2275 2450 2660 3100 
1723.8 1743.8 1802.5 1862.5 1977.5 2150 2275 2500 2940 3200 
1859.4 1868.8 1863.8 1987.5 2117.5 2175 2415 2550 2870 3200 
1531.2 1593.8 1645.0 1687.5 1767.5 1850 2100 2300 2590 2800 
1885.6 1912.5 1968.8 2187.5 2187.5 2325 2555 2650 3010 3300 
2148.1 2175.0 2222.5 2300.0 2362.5 2550 2730 3000 3430 3800 
1671.2 1750.0 1793.8 1862.5 1995.0 2150 2310 2450 2870 3100 
2139.4 2143.8 2135.0 2225.0 2362.5 2500 2695 2850 3360 3700 
1378.1 1387.5 1435.0 1500.0 1610.0 1675 1890 2100 2380 2500 
1741.2 1800.0 1776.2 1837.5 1890.0 2150 2275 2550 2730 3000 
1820.0 1806.2 1855.0 1912.5 2100.0 2150 2275 2500 2730 3200 
1776.2 1793.8 1855.0 1925.0 1960.0 2150 2310 2550 2870 3200 
1596.9 1637.5 1636.2 1712.5 1820.0 1875 2100 2300 2660 2900 
1723.8 1775.0 1811.2 1900.0 1995.0 2125 2345 2500 2870 3200 
1579.4 1568.8 1583.8 1637.5 1767.5 1850 2135 2250 2590 3000 
1933.8 1968.8 1977.5 2137.5 2170.0 2250 2520 2600 2940 3300 
1610.0 1656.2 1723.8 1762.5 1855.0 1950 2205 2400 2730 3000 
1605.6 1656.2 1653.8 1750.0 1837.5 1900 2135 2250 2590 2900 
1798.1 1800.0 1828.8 1887.5 2135.0 2150 2345 2500 2870 3200 
1500.6 1518.8 1592.5 1637.5 1732.5 1850 2100 2350 2590 2900 
1951.2 1950.0 2108.8 2150.0 2275.0 2325 2520 2750 3150 3600 
1964.4 1975.0 2117.5 2125.0 2240.0 2250 2555 2650 3080 3600 
1968.8 1937.5 2100.0 2125.0 2222.5 2375 2555 2700 3010 3500 
2165.6 2187.5 2205.0 2325.0 2362.5 2500 2800 2900 3360 3800 
1890.0 1906.2 1968.8 2137.5 2152.5 2300 2555 2600 3290 3300 
1999.4 2150.0 2143.8 2225.0 2275.0 2425 2555 2800 3080 3500 
1636.2 1675.0 1697.5 1712.5 1872.5 2000 2240 2400 2730 3000 
2183.1 2181.2 2257.5 2287.5 2380.0 2475 2765 2850 3290 3700 
1706.2 1712.5 1741.2 1800.0 1855.0 2150 2240 2350 2730 3000 
1671.2 1675.0 1688.8 1787.5 1872.5 1925 2205 2350 2590 3000 
1776.2 1837.5 1846.2 1962.5 2100.0 2225 2345 2600 2870 3300 
1771.9 1818.8 1820.0 1950.0 1995.0 2150 2345 2500 2800 3200 
1920.6 1925.0 2143.8 2150.0 2240.0 2300 2555 2650 3220 3400 
1802.5 1781.2 1837.5 1912.5 1977.5 2150 2345 2550 2870 3200 
1806.9 1837.5 1916.2 1937.5 2170.0 2250 2450 2500 2870 3200 
1824.4 1818.8 1925.0 1925.0 2135.0 2175 2380 2500 2870 3200 
1933.8 1962.5 2126.2 2125.0 2222.5 2250 2555 2700 3220 3300 
1544.4 1562.5 1610.0 1612.5 1715.0 1875 2135 2250 2520 2800 
2353.8 2306.2 2432.5 2537.5 2555.0 2725 2905 3050 3500 3900 
1789.4 1793.8 1811.2 1875.0 1995.0 2100 2310 2400 2870 3100 
1570.6 1631.2 1636.2 1700.0 1820.0 1950 2135 2350 2590 2900 
1452.5 1462.5 1531.2 1575.0 1627.5 1800 1925 2100 2450 2600 
1776.2 1843.8 1907.5 1925.0 1995.0 2150 2345 2450 2870 3100 
1820.0 1806.2 1881.2 1987.5 2135.0 2150 2415 2550 2940 3200 
1946.9 2106.2 2143.8 2125.0 2257.5 2425 2555 2750 3220 3600 
1701.9 1681.2 1741.2 1837.5 1925.0 2125 2240 2400 2800 3000 
2292.5 2300.0 2353.8 2437.5 2502.5 2625 2835 3100 3500 3800 
1855.0 1862.5 1881.2 2000.0 2135.0 2225 2380 2600 2940 3300 
1496.2 1512.5 1566.2 1625.0 1697.5 1800 2100 2200 2450 2800 
1610.0 1656.2 1723.8 1775.0 1820.0 1950 2170 2400 2660 3200 
1719.4 1737.5 1863.8 1887.5 1977.5 2125 2275 2450 2870 3200 
1907.5 1925.0 2126.2 2175.0 2170.0 2300 2520 2650 2940 3200 
2117.5 2137.5 2152.5 2262.5 2310.0 2475 2660 2850 3290 3600 
1675.6 1706.2 1767.5 1850.0 1960.0 2125 2275 2400 2870 3100 
1614.4 1643.8 1688.8 1737.5 1802.5 1925 2170 2300 2590 2900 
1885.6 1937.5 1942.5 2000.0 2135.0 2275 2485 2650 2940 3300 
1671.2 1675.0 1706.2 1800.0 1890.0 1975 2170 2400 2730 3000 
1951.2 1962.5 2170.0 2175.0 2222.5 2275 2590 2800 3150 3500 
1938.1 1962.5 1986.2 2162.5 2187.5 2350 2555 2700 3010 3500 
1780.6 1800.0 1890.0 1900.0 1960.0 2175 2275 2500 2870 3200 
1828.8 1856.2 1933.8 1975.0 2135.0 2225 2520 2650 3010 3300 
1684.4 1712.5 1767.5 1837.5 1925.0 2150 2275 2450 2730 3200 
1907.5 1925.0 1977.5 2150.0 2117.5 2250 2415 2600 2940 3400 
1846.2 1887.5 1916.2 2000.0 2170.0 2250 2450 2600 3010 3400 
1793.8 1868.8 1881.2 1975.0 2117.5 2150 2380 2550 2940 3300 
2191.9 2193.8 2196.2 2237.5 2310.0 2450 2660 2800 3220 3600 
1973.1 2143.8 2126.2 2150.0 2240.0 2325 2520 2700 3080 3600 
1898.8 1912.5 2117.5 2125.0 2152.5 2275 2520 2700 3080 3400 
1798.1 1818.8 1872.5 1925.0 2152.5 2175 2380 2450 2940 3100 
1837.5 1856.2 1916.2 1962.5 2152.5 2275 2380 2550 2800 3200 
1820.0 1856.2 1916.2 2100.0 2152.5 2225 2415 2600 2940 3300 
1413.1 1437.5 1496.2 1587.5 1610.0 1750 1960 2200 2520 2800 
1715.0 1775.0 1837.5 1862.5 1977.5 2150 2310 2450 2800 3200 
1903.1 1950.0 1986.2 2112.5 2135.0 2250 2485 2600 3080 3400 
1544.4 1575.0 1592.5 1675.0 1732.5 1875 1960 2200 2380 2800 
1671.2 1687.5 1758.8 1775.0 1907.5 2000 2205 2400 2730 3000 
1631.9 1581.2 1662.5 1712.5 1785.0 1875 2100 2300 2590 2900 
1452.5 1462.5 1496.2 1575.0 1645.0 1750 1995 2200 2520 2800 
1942.5 1962.5 2143.8 2212.5 2257.5 2475 2625 2750 3220 3500 
1505.0 1556.2 1592.5 1625.0 1732.5 1900 1995 2200 2590 2700 
1413.1 1437.5 1540.0 1575.0 1575.0 1675 1855 2100 2380 2700 
2148.1 2150.0 2196.2 2275.0 2415.0 2500 2730 2900 3360 3700 
1798.1 1806.2 1820.0 1950.0 2135.0 2250 2345 2550 3010 3200 
1802.5 1825.0 1855.0 1862.5 1995.0 2250 2415 2550 2940 3200 
1671.2 1668.8 1767.5 1825.0 1925.0 1950 2205 2350 2870 3000 
1610.0 1612.5 1653.8 1762.5 1837.5 1975 2170 2450 2800 2900 
1837.5 1762.5 1872.5 1925.0 1995.0 2200 2415 2650 2940 3400 
2170.0 2131.2 2240.0 2262.5 2380.0 2375 2625 2850 3220 3600 
2161.2 2175.0 2222.5 2387.5 2362.5 2475 2695 2800 3290 3700 
1750.0 1756.2 1811.2 1887.5 1925.0 2150 2240 2400 2730 3000 
1706.2 1718.8 1793.8 1850.0 1872.5 2100 2240 2450 2800 3100 
1999.4 2175.0 2126.2 2212.5 2292.5 2400 2625 2900 3220 3600 
1470.0 1481.2 1575.0 1587.5 1697.5 1825 1995 2150 2520 2900 
1960.0 1987.5 2143.8 2187.5 2275.0 2450 2625 2800 3150 3500 
1916.2 1931.2 1995.0 2125.0 2152.5 2300 2485 2600 3010 3200 
1973.1 1925.0 2143.8 2162.5 2152.5 2275 2485 2650 2940 3300 
1855.0 1856.2 1951.2 2000.0 2117.5 2200 2380 2650 2870 3300 
1946.9 1968.8 1960.0 2187.5 2187.5 2300 2450 2750 3010 3400 
1553.1 1537.5 1618.8 1662.5 1732.5 1825 1995 2300 2590 2800 
