100
100
4.375 6.25 8.75 12.5 17.5 25 35 50 70 100 
2686.2 2687.5 2738.8 2775.0 2957.5 3100 3360 3650 4200 4500 
2485.0 2518.8 2625.0 2675.0 2782.5 3000 3360 3500 4060 4600 
2738.8 2762.5 2791.2 2875.0 3045.0 3175 3535 3750 4270 4700 
2117.5 2125.0 2143.8 2237.5 2380.0 2475 2765 3000 3570 3800 
2458.8 2468.8 2467.5 2637.5 2730.0 2900 3045 3300 3640 4300 
2646.9 2712.5 2747.5 2862.5 3027.5 3150 3395 3750 4200 4800 
2576.9 2643.8 2695.0 2800.0 2940.0 3125 3395 3700 4200 4500 
2301.2 2362.5 2423.8 2475.0 2572.5 2775 3045 3250 3850 4300 
2721.2 2781.2 2843.8 2925.0 3097.5 3200 3535 3800 4340 5000 
2883.1 2912.5 2896.2 3075.0 3202.5 3375 3710 3900 4550 5000 
2559.4 2600.0 2633.8 2787.5 2887.5 3050 3360 3650 4060 4600 
2506.9 2556.2 2607.5 2687.5 2887.5 2925 3185 3600 4060 4500 
2743.1 2850.0 2852.5 2975.0 3062.5 3300 3500 3750 4270 4800 
2988.1 3006.2 3132.5 3250.0 3395.0 3550 3850 4250 4830 5200 
2603.1 2668.8 2738.8 2775.0 2922.5 3100 3325 3600 4130 4500 
2406.2 2437.5 2485.0 2575.0 2625.0 2850 3080 3300 3920 4300 
2296.9 2312.5 2327.5 2500.0 2520.0 2725 2940 3300 3640 4200 
2673.1 2800.0 2782.5 2925.0 3027.5 3225 3500 3800 4550 4800 
2480.6 2531.2 2598.8 2725.0 2782.5 2975 3220 3450 4060 4600 
2458.8 2500.0 2563.8 2625.0 2800.0 2900 3220 3450 3850 4600 
2563.8 2600.0 2625.0 2737.5 2817.5 3050 3325 3500 4060 4400 
2436.9 2500.0 2616.2 2625.0 2747.5 2925 3220 3450 3920 4500 
2493.8 2475.0 2616.2 2637.5 2765.0 2975 3255 3550 4060 4500 
2117.5 2187.5 2196.2 2212.5 2327.5 2550 2800 3000 3500 3900 
2668.8 2806.2 2808.8 2925.0 3062.5 3250 3605 3850 4410 5000 
2852.5 2912.5 3036.2 3112.5 3272.5 3425 3710 4150 4620 5300 
2476.2 2493.8 2546.2 2600.0 2695.0 2875 3150 3400 3920 4300 
2502.5 2531.2 2563.8 2675.0 2800.0 3000 3220 3500 4060 4600 
2559.4 2575.0 2677.5 2762.5 2905.0 3125 3360 3600 4200 4500 
2183.1 2212.5 2292.5 2350.0 2485.0 2600 2905 3250 3710 4000 
3320.6 3312.5 3447.5 3525.0 3710.0 3925 4270 4550 5040 5700 
2673.1 2656.2 2800.0 2812.5 3010.0 3150 3430 3800 4340 4700 
3163.1 3275.0 3360.0 3462.5 3482.5 3675 4165 4300 4970 5400 
2813.1 2856.2 2966.2 3112.5 3202.5 3350 3675 3950 4760 5400 
2690.6 2743.8 2782.5 2850.0 3010.0 3175 3500 3800 4340 4800 
2240.0 2243.8 2327.5 2462.5 2502.5 2675 2905 3300 3780 4200 
2642.5 2681.2 2791.2 2950.0 3027.5 3200 3500 3750 4200 4800 
2730.0 2743.8 2791.2 2900.0 2957.5 3175 3395 3650 4060 4600 
2266.2 2256.2 2292.5 2450.0 2537.5 2625 2940 3250 3640 4200 
2489.4 2512.5 2563.8 2712.5 2835.0 2975 3220 3500 4060 4400 
2205.0 2275.0 2327.5 2412.5 2537.5 2675 2905 3200 3710 4100 
2791.2 2793.8 2835.0 2937.5 3027.5 3250 3570 3800 4480 4900 
2305.6 2312.5 2397.5 2400.0 2572.5 2750 2975 3300 3710 4200 
2279.4 2312.5 2397.5 2487.5 2625.0 2750 3080 3200 3640 4200 
2568.1 2587.5 2695.0 2812.5 2922.5 3075 3290 3700 4200 4600 
2345.0 2331.2 2423.8 2512.5 2642.5 2725 3045 3300 3710 4300 
2476.2 2506.2 2598.8 2675.0 2835.0 2925 3255 3400 4060 4400 
2808.8 2843.8 2931.2 3025.0 3185.0 3350 3605 3900 4620 5200 
2388.8 2493.8 2563.8 2637.5 2765.0 2950 3255 3400 4060 4400 
2913.8 3006.2 3027.5 3137.5 3255.0 3400 3780 3950 4690 5200 
2905.0 2925.0 2983.8 3075.0 3220.0 3400 3745 3950 4620 5200 
2520.0 2625.0 2668.8 2737.5 2852.5 3025 3360 3600 4060 4500 
2743.1 2800.0 2852.5 2937.5 3080.0 3300 3640 3950 4550 5000 
2533.1 2575.0 2616.2 2712.5 2800.0 2950 3220 3500 4060 4300 
2410.6 2462.5 2520.0 2600.0 2747.5 2975 3185 3450 3920 4300 
2524.4 2581.2 2625.0 2787.5 2852.5 3050 3255 3550 4060 4500 
2546.2 2550.0 2572.5 2650.0 2800.0 2925 3255 3550 4060 4600 
2738.8 2768.8 2782.5 2937.5 3080.0 3275 3570 3850 4340 5000 
2406.2 2418.8 2555.0 2612.5 2677.5 2925 3150 3500 3780 4400 
2865.6 2862.5 2948.8 3075.0 3185.0 3375 3570 4000 4550 4900 
2734.4 2706.2 2800.0 2887.5 2992.5 3200 3500 3750 4340 4800 
2695.0 2706.2 2791.2 2875.0 3027.5 3175 3465 3650 4200 4800 
2677.5 2706.2 2817.5 2850.0 3080.0 3250 3500 3800 4200 4900 
2616.2 2618.8 2686.2 2750.0 2905.0 3075 3395 3700 4340 4700 
2633.8 2712.5 2791.2 2800.0 2957.5 3125 3430 3750 4340 4600 
2511.2 2543.8 2607.5 2687.5 2852.5 3025 3290 3500 4200 4600 
2266.2 2318.8 2371.2 2487.5 2537.5 2800 2975 3200 3710 4200 
2817.5 2818.8 2948.8 3025.0 3237.5 3375 3710 4000 4620 5100 
2843.8 2800.0 2975.0 3025.0 3150.0 3350 3535 3800 4410 4900 
2550.6 2600.0 2703.8 2837.5 2922.5 3000 3430 3600 4200 4600 
2480.6 2475.0 2546.2 2650.0 2835.0 2925 3185 3500 4060 4400 
2620.6 2631.2 2686.2 2800.0 2940.0 3125 3465 3650 4340 4800 
2975.0 2981.2 3132.5 3137.5 3307.5 3550 3745 4150 4690 5200 
2213.8 2218.8 2310.0 2337.5 2502.5 2600 2870 3150 3570 4000 
2773.8 2787.5 2800.0 2900.0 3150.0 3225 3570 3850 4480 5000 
2533.1 2631.2 2677.5 2725.0 2870.0 3050 3290 3700 4200 4500 
2660.0 2718.8 2747.5 2850.0 2975.0 3100 3290 3700 4200 4700 
2633.8 2668.8 2765.0 2850.0 2975.0 3125 3430 3700 4200 4600 
2983.8 2956.2 3036.2 3187.5 3255.0 3375 3780 4000 4620 5100 
2454.4 2475.0 2528.8 2662.5 2835.0 2950 3220 3500 4060 4700 
2415.0 2456.2 2502.5 2612.5 2712.5 2900 3150 3450 3850 4400 
2590.0 2575.0 2642.5 2737.5 2852.5 3025 3290 3600 4060 4600 
2506.9 2531.2 2607.5 2625.0 2817.5 2950 3220 3400 4060 4400 
2353.8 2375.0 2432.5 2525.0 2642.5 2800 3080 3350 3850 4200 
2454.4 2468.8 2528.8 2600.0 2712.5 2900 3115 3450 3710 4400 
2633.8 2706.2 2756.2 2812.5 2975.0 3075 3325 3600 4200 4700 
2310.0 2312.5 2406.2 2512.5 2590.0 2775 3010 3350 3710 4200 
2795.6 2806.2 2896.2 2962.5 3080.0 3375 3535 3750 4340 4800 
2371.2 2387.5 2467.5 2550.0 2712.5 2850 3150 3350 3850 4300 
2590.0 2650.0 2668.8 2775.0 2852.5 3025 3360 3600 4200 4600 
2498.1 2506.2 2581.2 2625.0 2765.0 2950 3220 3550 4060 4500 
2331.9 2362.5 2467.5 2562.5 2625.0 2775 3080 3350 3850 4200 
2568.1 2556.2 2633.8 2725.0 2870.0 3000 3290 3600 4200 4700 
2948.8 2993.8 3088.8 3187.5 3342.5 3550 3885 4200 4830 5300 
2725.6 2737.5 2756.2 2875.0 3045.0 3250 3535 3700 4340 4600 
2944.4 2987.5 3097.5 3212.5 3325.0 3525 3780 4150 4690 5200 
2205.0 2231.2 2266.2 2387.5 2467.5 2600 2870 3250 3710 4000 
2572.5 2643.8 2721.2 2825.0 2887.5 3075 3430 3550 4270 4600 
2546.2 2600.0 2572.5 2725.0 2800.0 2900 3185 3550 4060 4400 
2292.5 2368.8 2432.5 2550.0 2660.0 2850 3045 3350 3850 4300 
