100
100
4.375 6.25 8.75 12.5 17.5 25 35 50 70 100 
3.871 2.387 1.603 1.058 0.845 0.386 0.295 0.168 0.083 0.042 
5.583 2.6 2.315 1.217 0.643 0.376 0.225 0.126 0.079 0.047 
4.136 2.969 1.426 1.149 0.875 0.35 0.216 0.126 0.065 0.04 
4.562 2.233 1.935 0.907 0.564 0.307 0.19 0.155 0.088 0.052 
3.881 2.604 1.567 1.381 0.588 0.343 0.194 0.111 0.058 0.04 
4.745 3.152 1.604 1.194 0.942 0.47 0.205 0.13 0.085 0.041 
4.719 2.848 2.109 1.713 1.536 0.482 0.242 0.154 0.073 0.04 
4.648 3.006 1.533 0.953 0.722 0.584 0.376 0.165 0.069 0.041 
5.048 2.45 2.352 0.943 0.618 0.355 0.248 0.131 0.115 0.067 
4.61 4.389 2.28 1.325 1.188 0.752 0.292 0.14 0.088 0.053 
5.497 3.61 1.702 1.395 0.754 0.324 0.207 0.13 0.075 0.043 
4.986 3.422 1.467 1.339 0.906 0.364 0.199 0.134 0.06 0.039 
4.98 2.953 2.036 0.883 0.852 0.597 0.323 0.19 0.106 0.076 
5.379 3.503 1.739 1.116 1.063 0.607 0.311 0.143 0.079 0.043 
4.706 2.578 2.194 0.949 0.574 0.367 0.211 0.144 0.1 0.079 
4.99 2.649 2.529 0.945 0.603 0.333 0.205 0.121 0.075 0.042 
4.738 2.824 2.027 1.472 0.601 0.349 0.204 0.134 0.06 0.043 
5.352 4.476 2.323 1.468 0.654 0.395 0.268 0.244 0.127 0.065 
4.799 2.856 2.538 1.072 0.631 0.325 0.371 0.219 0.111 0.07 
5.003 2.618 2.428 1.006 0.597 0.349 0.223 0.122 0.069 0.059 
4.117 3.176 1.446 1.324 0.882 0.338 0.206 0.106 0.062 0.041 
5.35 2.98 2.47 1.124 1.146 0.554 0.349 0.19 0.123 0.042 
6.013 4.195 1.904 1.732 0.835 0.389 0.225 0.129 0.077 0.046 
5.216 3.138 1.887 1.621 0.599 0.357 0.173 0.102 0.065 0.034 
4.947 3.259 1.948 1.509 0.611 0.367 0.244 0.134 0.083 0.071 
5.508 3.147 2.808 1.111 0.661 0.687 0.349 0.247 0.127 0.07 
4.928 2.33 2.399 0.922 0.566 0.486 0.332 0.178 0.122 0.072 
5.207 2.482 2.462 1.032 0.601 0.555 0.338 0.178 0.107 0.062 
5.382 2.705 2.512 1.056 0.827 0.693 0.343 0.22 0.141 0.063 
5.062 3.04 2.013 0.976 0.736 0.547 0.298 0.183 0.122 0.066 
5.64 3.904 1.827 1.752 1.223 0.472 0.263 0.158 0.091 0.055 
5.377 3.906 1.727 1.714 0.944 0.375 0.238 0.149 0.077 0.04 
5.094 3.458 1.974 1.567 0.597 0.385 0.233 0.157 0.088 0.069 
5.251 3.278 2.546 1.214 0.625 0.391 0.402 0.222 0.133 0.073 
4.708 2.635 2.356 1.098 0.568 0.385 0.349 0.201 0.116 0.065 
4.803 2.693 2.786 1.006 0.62 0.331 0.319 0.184 0.11 0.059 
4.393 2.666 2.103 1.266 0.593 0.35 0.211 0.132 0.108 0.073 
4.836 2.912 2.111 1.533 0.887 0.424 0.324 0.201 0.107 0.075 
4.785 2.425 2.192 0.997 0.537 0.33 0.188 0.18 0.102 0.059 
4.6 3.083 1.985 1.412 0.536 0.342 0.21 0.115 0.064 0.064 
5.766 2.887 2.216 1.319 0.594 0.359 0.187 0.114 0.096 0.056 
4.726 2.943 1.745 1.535 0.612 0.349 0.226 0.132 0.078 0.053 
5.074 3.17 1.855 1.684 0.598 0.329 0.202 0.128 0.065 0.062 
5.108 3.284 2.1 1.581 0.616 0.356 0.204 0.122 0.118 0.076 
5.402 2.991 2.616 1.151 0.611 0.344 0.322 0.245 0.114 0.067 
4.641 2.395 2.036 1.321 0.559 0.334 0.181 0.107 0.07 0.056 
5.484 2.794 2.198 1.365 0.578 0.363 0.204 0.139 0.108 0.063 
5.346 2.724 2.433 1.112 0.638 0.365 0.384 0.202 0.124 0.075 
5.0 2.556 2.797 0.929 0.559 0.522 0.327 0.176 0.122 0.059 
5.482 3.375 2.163 1.093 1.116 0.659 0.388 0.143 0.084 0.051 
5.606 3.748 1.59 1.599 1.136 0.371 0.271 0.15 0.083 0.045 
4.147 3.272 1.39 1.034 0.846 0.52 0.308 0.164 0.061 0.039 
5.626 4.007 1.683 1.622 1.009 0.412 0.244 0.144 0.079 0.049 
4.906 3.312 1.482 1.446 0.962 0.391 0.208 0.111 0.073 0.035 
5.235 3.759 1.534 1.653 0.994 0.344 0.211 0.132 0.075 0.04 
5.671 3.339 1.916 1.54 0.541 0.369 0.195 0.125 0.072 0.075 
4.688 3.477 1.924 1.652 0.566 0.373 0.21 0.124 0.07 0.063 
5.78 2.829 2.281 1.342 0.653 0.393 0.351 0.204 0.115 0.08 
5.021 2.814 2.578 0.959 0.602 0.483 0.331 0.197 0.094 0.071 
5.222 2.856 2.4 1.047 0.776 0.563 0.34 0.227 0.118 0.068 
4.494 2.53 2.283 0.988 0.522 0.454 0.349 0.195 0.114 0.069 
5.408 2.72 2.274 0.984 0.541 0.584 0.362 0.186 0.124 0.077 
4.859 2.69 2.433 1.043 0.648 0.549 0.316 0.184 0.128 0.078 
4.702 2.689 2.389 0.992 0.625 0.606 0.355 0.214 0.131 0.074 
5.408 2.897 2.057 0.962 0.844 0.541 0.326 0.189 0.106 0.059 
4.539 2.353 2.317 0.941 0.572 0.368 0.317 0.222 0.109 0.074 
4.425 2.785 2.218 1.307 0.563 0.346 0.225 0.167 0.112 0.123 
5.747 2.726 2.525 1.03 0.838 0.61 0.392 0.21 0.143 0.071 
4.535 2.336 2.245 0.887 0.584 0.427 0.313 0.217 0.133 0.074 
5.099 3.613 1.945 0.966 0.849 0.534 0.32 0.191 0.108 0.061 
5.289 3.104 2.133 1.022 1.007 0.564 0.4 0.186 0.071 0.041 
5.269 3.362 1.86 1.284 1.064 0.632 0.227 0.141 0.083 0.045 
5.182 3.953 1.582 1.706 0.897 0.408 0.231 0.149 0.09 0.048 
5.231 3.611 1.642 1.527 0.8 0.332 0.208 0.113 0.066 0.04 
4.951 3.645 1.837 1.687 0.655 0.357 0.209 0.129 0.083 0.056 
4.809 3.352 2.098 1.609 0.633 0.359 0.233 0.139 0.132 0.057 
4.777 3.082 2.008 1.567 0.56 0.342 0.196 0.125 0.111 0.073 
5.768 2.808 2.42 1.143 0.621 0.363 0.3 0.208 0.118 0.066 
5.086 2.649 2.762 1.013 0.683 0.586 0.39 0.223 0.129 0.081 
4.661 2.567 2.282 0.883 0.544 0.335 0.306 0.187 0.112 0.066 
5.202 2.693 2.466 0.968 0.573 0.492 0.357 0.19 0.103 0.062 
4.61 2.431 2.452 0.938 0.593 0.37 0.35 0.195 0.13 0.072 
4.232 2.77 2.06 1.343 0.564 0.33 0.198 0.113 0.089 0.065 
4.51 3.313 1.801 1.431 0.744 0.339 0.211 0.117 0.063 0.035 
4.629 3.376 1.449 1.361 0.82 0.579 0.208 0.128 0.061 0.041 
4.797 3.043 1.78 1.094 0.901 0.541 0.334 0.174 0.083 0.041 
4.954 2.962 1.865 0.857 0.662 0.466 0.322 0.188 0.114 0.059 
5.547 3.236 2.156 1.296 1.028 0.622 0.338 0.156 0.083 0.045 
5.061 3.197 1.576 1.109 0.922 0.532 0.359 0.121 0.063 0.037 
5.145 3.467 1.611 1.103 0.929 0.612 0.322 0.12 0.065 0.046 
5.179 3.445 1.668 1.12 0.978 0.558 0.316 0.124 0.073 0.041 
5.301 3.651 1.579 1.23 0.897 0.527 0.215 0.113 0.065 0.041 
5.562 3.498 1.545 1.478 0.942 0.498 0.222 0.129 0.072 0.045 
5.198 3.474 1.499 1.492 1.015 0.435 0.22 0.126 0.08 0.046 
4.891 3.44 1.407 1.205 0.897 0.593 0.257 0.127 0.076 0.042 
5.692 3.939 1.952 1.763 0.848 0.415 0.267 0.161 0.09 0.087 
5.553 3.056 2.287 1.45 0.593 0.343 0.223 0.198 0.101 0.062 
4.36 2.776 1.531 1.332 0.712 0.36 0.188 0.128 0.077 0.041 
4.923 3.634 1.576 1.643 0.82 0.341 0.218 0.115 0.081 0.038 
5.866 3.088 2.206 1.547 0.612 0.364 0.201 0.136 0.097 0.079 
