100
70
4.375 6.25 8.75 12.5 17.5 25 35 50 70 100 
2.545 2.035 0.769 0.486 0.3 0.234 0.156 0.09 0.048 0.031 
2.281 1.499 1.221 0.677 0.307 0.172 0.092 0.047 0.031 0.016 
3.945 1.433 1.446 0.749 0.487 0.221 0.109 0.062 0.031 0.016 
3.007 1.508 0.891 0.508 0.612 0.324 0.209 0.069 0.044 0.029 
2.949 2.005 0.861 0.531 0.5 0.312 0.187 0.109 0.062 0.031 
3.771 1.953 0.906 0.865 0.531 0.297 0.172 0.047 0.047 0.031 
2.527 1.781 0.797 0.469 0.437 0.266 0.156 0.094 0.047 0.031 
2.109 1.968 1.271 0.516 0.328 0.187 0.109 0.094 0.047 0.031 
2.854 1.593 1.301 0.734 0.297 0.187 0.125 0.047 0.031 0.016 
3.433 1.25 1.347 0.765 0.484 0.187 0.109 0.047 0.031 0.016 
3.454 1.359 1.083 0.812 0.547 0.328 0.125 0.062 0.031 0.016 
2.131 1.921 0.875 0.516 0.297 0.187 0.172 0.094 0.047 0.031 
2.659 1.484 1.255 0.734 0.344 0.156 0.109 0.062 0.031 0.016 
3.177 1.125 0.734 0.703 0.453 0.281 0.156 0.094 0.047 0.031 
3.105 1.687 0.926 0.765 0.531 0.297 0.203 0.109 0.062 0.016 
2.758 1.957 1.015 0.687 0.531 0.297 0.172 0.109 0.078 0.031 
2.777 2.064 0.859 0.516 0.469 0.297 0.156 0.094 0.062 0.031 
2.214 1.879 1.245 0.77 0.297 0.257 0.125 0.078 0.047 0.031 
2.675 1.506 1.328 0.703 0.281 0.156 0.094 0.062 0.031 0.016 
3.477 1.203 1.093 0.719 0.297 0.156 0.109 0.062 0.031 0.016 
2.792 1.879 0.875 0.578 0.484 0.302 0.172 0.078 0.047 0.016 
2.386 1.583 1.375 0.531 0.312 0.187 0.109 0.047 0.031 0.016 
3.049 1.422 0.812 0.734 0.484 0.281 0.156 0.094 0.047 0.031 
2.229 1.613 1.156 0.625 0.281 0.156 0.109 0.062 0.031 0.016 
2.995 1.488 0.843 0.547 0.312 0.219 0.141 0.094 0.062 0.016 
2.718 2.051 1.328 0.578 0.359 0.203 0.141 0.099 0.062 0.031 
2.421 2.176 1.14 0.531 0.344 0.172 0.187 0.094 0.047 0.031 
2.754 1.859 1.265 0.547 0.301 0.203 0.109 0.047 0.031 0.031 
3.43 1.859 1.484 0.578 0.344 0.203 0.125 0.062 0.031 0.016 
3.543 1.422 1.207 0.828 0.328 0.187 0.125 0.063 0.031 0.016 
3.106 1.548 0.895 0.578 0.344 0.312 0.203 0.109 0.062 0.031 
2.172 1.781 1.113 0.437 0.281 0.172 0.109 0.062 0.031 0.031 
3.239 1.422 0.864 0.797 0.5 0.281 0.156 0.094 0.031 0.016 
2.418 1.968 0.755 0.484 0.312 0.281 0.156 0.094 0.062 0.031 
2.487 1.703 1.238 0.5 0.312 0.187 0.109 0.062 0.031 0.016 
2.76 1.39 0.819 0.453 0.508 0.295 0.214 0.094 0.031 0.031 
2.124 1.453 1.218 0.719 0.313 0.172 0.109 0.062 0.031 0.016 
3.296 1.638 0.875 0.844 0.531 0.297 0.172 0.078 0.047 0.016 
2.157 1.812 1.265 0.5 0.297 0.172 0.109 0.047 0.031 0.016 
3.573 1.328 1.093 0.801 0.469 0.281 0.109 0.062 0.031 0.016 
2.143 1.921 0.984 0.484 0.287 0.172 0.187 0.094 0.047 0.031 
2.775 1.687 1.328 0.594 0.328 0.203 0.125 0.062 0.031 0.016 
2.895 1.234 1.621 0.812 0.453 0.187 0.125 0.062 0.031 0.016 
2.34 1.89 0.859 0.453 0.297 0.27 0.172 0.078 0.047 0.031 
2.837 2.158 1.265 0.629 0.344 0.25 0.172 0.094 0.047 0.031 
2.432 1.422 1.093 0.645 0.281 0.187 0.094 0.047 0.031 0.016 
3.479 1.265 1.156 0.739 0.344 0.187 0.109 0.062 0.031 0.016 
2.953 1.75 0.922 0.818 0.531 0.297 0.187 0.109 0.062 0.016 
2.299 1.968 0.781 0.442 0.312 0.234 0.156 0.094 0.047 0.031 
2.437 1.984 0.875 0.52 0.328 0.187 0.094 0.062 0.031 0.016 
2.855 1.64 1.265 0.594 0.297 0.203 0.109 0.078 0.047 0.016 
2.986 1.261 0.984 0.765 0.5 0.25 0.172 0.047 0.031 0.016 
2.579 1.781 0.765 0.469 0.406 0.25 0.156 0.094 0.062 0.031 
2.61 1.828 0.781 0.562 0.328 0.328 0.172 0.094 0.047 0.05 
2.071 1.921 1.156 0.516 0.328 0.187 0.094 0.078 0.047 0.031 
2.369 1.875 1.25 0.531 0.312 0.187 0.125 0.062 0.047 0.031 
3.321 2.218 1.521 0.594 0.328 0.203 0.125 0.062 0.031 0.031 
3.143 1.218 0.828 0.768 0.5 0.266 0.156 0.094 0.031 0.016 
2.449 2.095 1.052 0.516 0.375 0.203 0.109 0.078 0.047 0.016 
3.317 1.609 2.109 0.562 0.359 0.219 0.109 0.062 0.047 0.016 
3.445 1.802 1.468 0.578 0.344 0.187 0.109 0.062 0.031 0.031 
3.14 2.109 1.187 0.594 0.359 0.203 0.187 0.094 0.062 0.031 
2.718 1.156 1.172 0.703 0.453 0.281 0.094 0.062 0.031 0.016 
2.385 1.921 0.875 0.516 0.318 0.172 0.094 0.062 0.031 0.016 
3.059 1.781 1.281 0.531 0.301 0.172 0.094 0.062 0.031 0.031 
3.126 1.264 1.031 0.781 0.484 0.312 0.109 0.062 0.031 0.016 
2.619 2.031 0.797 0.547 0.359 0.302 0.172 0.094 0.062 0.031 
2.703 2.187 1.078 0.568 0.344 0.203 0.172 0.094 0.062 0.031 
2.193 1.281 1.156 0.703 0.25 0.172 0.109 0.047 0.031 0.016 
3.634 1.343 1.453 0.833 0.5 0.172 0.094 0.062 0.031 0.031 
2.75 1.468 0.781 0.786 0.469 0.281 0.187 0.094 0.047 0.016 
2.405 2.076 1.27 0.516 0.312 0.187 0.109 0.109 0.062 0.031 
2.655 2.216 1.035 0.547 0.344 0.281 0.187 0.094 0.062 0.031 
2.494 1.765 1.285 0.547 0.297 0.203 0.109 0.062 0.047 0.016 
3.245 1.328 0.91 0.765 0.484 0.281 0.187 0.062 0.031 0.031 
2.713 2.301 0.953 0.578 0.359 0.219 0.109 0.094 0.078 0.031 
2.667 2.177 0.984 0.547 0.344 0.266 0.172 0.115 0.047 0.031 
2.685 2.27 1.205 0.594 0.348 0.234 0.172 0.125 0.062 0.031 
2.195 1.656 1.236 0.703 0.286 0.187 0.109 0.062 0.047 0.016 
3.515 1.453 0.875 0.828 0.531 0.312 0.172 0.078 0.031 0.031 
2.905 1.984 0.859 0.531 0.359 0.312 0.172 0.109 0.062 0.031 
2.457 2.218 1.223 0.562 0.375 0.281 0.187 0.109 0.062 0.031 
2.4 1.89 1.693 0.516 0.344 0.203 0.125 0.062 0.031 0.016 
3.261 1.359 1.281 0.812 0.312 0.156 0.109 0.062 0.031 0.016 
2.807 1.734 0.734 0.469 0.281 0.172 0.078 0.047 0.047 0.031 
3.135 1.843 1.328 0.547 0.328 0.187 0.109 0.078 0.031 0.031 
3.246 1.375 1.328 0.875 0.375 0.203 0.109 0.062 0.031 0.031 
2.776 1.379 0.828 0.797 0.484 0.281 0.187 0.094 0.047 0.016 
2.654 2.114 1.0 0.59 0.344 0.441 0.172 0.094 0.062 0.031 
2.191 1.567 1.265 0.531 0.312 0.187 0.109 0.062 0.031 0.016 
3.317 1.348 1.297 0.812 0.5 0.187 0.109 0.062 0.031 0.016 
3.058 1.426 0.797 0.844 0.484 0.281 0.156 0.078 0.031 0.016 
2.522 2.411 0.906 0.562 0.437 0.297 0.203 0.109 0.062 0.031 
2.14 1.218 1.203 0.797 0.453 0.187 0.094 0.062 0.031 0.031 
3.308 1.156 0.781 0.703 0.438 0.223 0.094 0.062 0.047 0.016 
2.495 1.848 0.765 0.484 0.297 0.203 0.156 0.094 0.047 0.031 
3.039 1.305 1.549 0.503 0.325 0.17 0.094 0.062 0.047 0.016 
2.874 1.114 1.062 0.656 0.453 0.25 0.109 0.062 0.031 0.016 
2.48 2.156 0.795 0.463 0.333 0.278 0.128 0.085 0.049 0.031 
2.835 2.315 1.041 0.581 0.344 0.215 0.208 0.101 0.062 0.047 
