100
100
4.375 6.25 8.75 12.5 17.5 25 35 50 70 100 
2633.8 2681.2 2695.0 2800.0 2975.0 3050 3325 3550 4060 4600 
2515.6 2587.5 2633.8 2700.0 2835.0 3000 3255 3550 4060 4400 
2625.0 2737.5 2791.2 2887.5 2992.5 3175 3290 3650 4060 4600 
2121.9 2168.8 2170.0 2275.0 2275.0 2475 2765 2850 3360 3800 
2436.9 2456.2 2450.0 2525.0 2642.5 2775 3010 3300 3710 4200 
2607.5 2668.8 2721.2 2875.0 2922.5 3050 3360 3600 4060 4500 
2620.6 2662.5 2712.5 2787.5 2940.0 3100 3290 3600 4060 4400 
2301.2 2362.5 2423.8 2487.5 2572.5 2775 3010 3200 3710 4100 
2660.0 2756.2 2800.0 2887.5 3010.0 3175 3465 3800 4200 4600 
2852.5 2893.8 2975.0 3012.5 3132.5 3350 3640 3850 4410 4800 
2537.5 2543.8 2633.8 2700.0 2835.0 2975 3325 3400 4060 4400 
2489.4 2531.2 2616.2 2737.5 2765.0 2950 3185 3500 3920 4600 
2681.9 2750.0 2835.0 2887.5 3097.5 3225 3500 3700 4200 4700 
3036.2 3056.2 3088.8 3250.0 3395.0 3525 3920 4100 4690 5100 
2528.8 2631.2 2633.8 2750.0 2852.5 2975 3220 3600 3920 4400 
2410.6 2437.5 2485.0 2562.5 2677.5 2825 3045 3250 3850 4200 
2253.1 2325.0 2353.8 2400.0 2520.0 2700 2870 3300 3640 4000 
2734.4 2756.2 2765.0 2862.5 2975.0 3200 3465 3750 4200 4600 
2480.6 2506.2 2590.0 2675.0 2800.0 2925 3220 3500 3920 4400 
2423.8 2450.0 2537.5 2650.0 2747.5 2975 3150 3350 3780 4300 
2458.8 2581.2 2598.8 2687.5 2800.0 2975 3220 3450 3850 4300 
2454.4 2506.2 2572.5 2637.5 2782.5 2900 3115 3350 3920 4400 
2428.1 2493.8 2581.2 2662.5 2712.5 3000 3185 3550 4060 4400 
2113.1 2162.5 2170.0 2225.0 2345.0 2500 2730 3000 3290 3800 
2655.6 2768.8 2861.2 3050.0 3115.0 3200 3500 3700 4200 4800 
2874.4 2925.0 2940.0 3112.5 3167.5 3375 3675 3850 4480 5000 
2441.2 2450.0 2537.5 2587.5 2712.5 2900 3150 3350 3780 4200 
2489.4 2481.2 2598.8 2687.5 2712.5 2925 3220 3400 3920 4400 
2546.2 2656.2 2660.0 2725.0 2905.0 2975 3255 3550 4060 4400 
2135.0 2225.0 2240.0 2350.0 2467.5 2625 2835 3150 3570 3800 
3351.2 3318.8 3351.2 3487.5 3587.5 3825 4130 4350 5040 5700 
2655.6 2631.2 2738.8 2825.0 2957.5 3125 3430 3750 4060 4500 
3084.4 3187.5 3237.5 3350.0 3482.5 3675 3920 4200 4900 5100 
2839.4 2875.0 2966.2 3075.0 3185.0 3375 3710 3850 4480 5000 
2625.0 2675.0 2765.0 2825.0 2992.5 3100 3430 3600 4270 4600 
2187.5 2237.5 2327.5 2350.0 2502.5 2625 2905 3150 3640 4000 
2660.0 2743.8 2765.0 2925.0 2992.5 3125 3325 3700 4060 4700 
2690.6 2693.8 2808.8 2887.5 2975.0 3075 3360 3550 4060 4600 
2165.6 2250.0 2318.8 2387.5 2467.5 2675 2940 3200 3570 3900 
2541.9 2606.2 2590.0 2675.0 2782.5 2925 3255 3450 3920 4400 
2226.9 2287.5 2318.8 2437.5 2502.5 2625 2975 3250 3710 4100 
2751.9 2787.5 2835.0 2875.0 3045.0 3175 3500 3750 4340 4500 
2248.8 2331.2 2362.5 2475.0 2502.5 2750 2940 3250 3640 4100 
2261.9 2306.2 2450.0 2437.5 2555.0 2725 2975 3200 3570 4000 
2546.2 2612.5 2642.5 2775.0 2852.5 3025 3325 3550 4200 4400 
2301.2 2318.8 2388.8 2475.0 2555.0 2725 3080 3250 3710 4100 
2502.5 2450.0 2590.0 2625.0 2765.0 2900 3185 3400 3920 4300 
2769.4 2812.5 2913.8 2975.0 3115.0 3300 3570 3800 4410 4800 
2410.6 2512.5 2537.5 2637.5 2712.5 2850 3150 3450 3920 4300 
2891.9 2931.2 2948.8 3100.0 3185.0 3350 3710 4150 4550 5000 
2940.0 2868.8 2931.2 3075.0 3255.0 3400 3675 4000 4480 5000 
2493.8 2650.0 2668.8 2675.0 2817.5 2950 3360 3400 4060 4200 
2765.0 2793.8 2852.5 3012.5 3097.5 3300 3570 3800 4340 4800 
2480.6 2512.5 2537.5 2712.5 2765.0 2925 3185 3450 3850 4200 
2415.0 2443.8 2511.2 2600.0 2712.5 2850 3115 3450 4060 4300 
2524.4 2525.0 2607.5 2712.5 2852.5 3000 3255 3500 4060 4300 
2511.2 2518.8 2546.2 2637.5 2835.0 2925 3220 3500 4060 4400 
2681.9 2737.5 2835.0 2887.5 3027.5 3200 3500 3800 4200 4800 
2415.0 2387.5 2511.2 2612.5 2712.5 2900 3080 3450 3850 4300 
2848.1 2893.8 2931.2 3075.0 3167.5 3300 3605 3850 4480 5000 
2655.6 2775.0 2791.2 2862.5 2940.0 3200 3465 3650 4200 4600 
2716.9 2706.2 2808.8 2925.0 2922.5 3125 3535 3600 4200 4500 
2686.2 2818.8 2808.8 2862.5 3045.0 3175 3465 3700 4200 4600 
2568.1 2618.8 2721.2 2775.0 2940.0 3025 3325 3550 4060 4400 
2638.1 2631.2 2730.0 2825.0 2957.5 3075 3360 3650 4060 4600 
2506.9 2568.8 2607.5 2700.0 2800.0 2950 3255 3450 3920 4400 
2235.6 2281.2 2345.0 2450.0 2590.0 2725 2870 3200 3570 4100 
2786.9 2850.0 2948.8 3050.0 3150.0 3350 3605 4000 4340 5000 
2786.9 2818.8 2887.5 2987.5 3150.0 3275 3500 3800 4340 4800 
2541.9 2606.2 2712.5 2812.5 2887.5 3000 3290 3550 3920 4600 
2388.8 2481.2 2528.8 2575.0 2712.5 2850 3150 3400 3710 4300 
2590.0 2606.2 2686.2 2812.5 2870.0 3025 3325 3650 4060 4400 
2948.8 3037.5 3097.5 3150.0 3377.5 3425 3675 4000 4480 5000 
2143.8 2218.8 2222.5 2362.5 2432.5 2550 2835 3050 3430 3900 
2730.0 2793.8 2922.5 2912.5 3045.0 3250 3535 3800 4340 4800 
2546.2 2568.8 2633.8 2737.5 2817.5 3025 3290 3550 4060 4400 
2607.5 2687.5 2791.2 2862.5 2975.0 3125 3395 3600 4060 4600 
2590.0 2737.5 2721.2 2812.5 2940.0 3050 3360 3650 4200 4500 
2865.6 2906.2 3045.0 3162.5 3202.5 3375 3710 4000 4550 4800 
2450.0 2481.2 2520.0 2625.0 2817.5 2925 3150 3400 3920 4400 
2415.0 2487.5 2511.2 2587.5 2712.5 2825 3115 3400 3920 4100 
2520.0 2531.2 2598.8 2762.5 2800.0 2950 3255 3400 4060 4400 
2502.5 2475.0 2677.5 2662.5 2817.5 2925 3185 3450 3780 4200 
2345.0 2381.2 2415.0 2550.0 2695.0 2825 3045 3300 3780 4100 
2406.2 2450.0 2546.2 2587.5 2695.0 2875 3080 3400 3570 4200 
2638.1 2643.8 2738.8 2787.5 2905.0 3150 3325 3550 4060 4600 
2240.0 2318.8 2327.5 2462.5 2572.5 2750 2940 3200 3500 4000 
2800.0 2837.5 2870.0 2912.5 3097.5 3200 3465 3750 4340 4600 
2371.2 2400.0 2493.8 2500.0 2730.0 2725 3045 3250 3710 4100 
2585.6 2606.2 2695.0 2737.5 2887.5 2950 3290 3500 3920 4200 
2476.2 2456.2 2563.8 2625.0 2817.5 2875 3185 3400 3850 4400 
2331.9 2387.5 2467.5 2587.5 2677.5 2850 3010 3300 3640 4100 
2533.1 2575.0 2730.0 2700.0 2870.0 2975 3220 3500 3920 4300 
2922.5 3018.8 3071.2 3162.5 3255.0 3450 3780 4000 4550 5200 
2708.1 2718.8 2843.8 2887.5 2992.5 3100 3535 3650 4200 4500 
2957.5 3018.8 3071.2 3137.5 3272.5 3500 3710 4150 4760 4900 
2165.6 2181.2 2301.2 2325.0 2450.0 2550 2835 3100 3570 3900 
2520.0 2600.0 2712.5 2737.5 2817.5 3025 3290 3500 4060 4400 
2506.9 2562.5 2581.2 2687.5 2765.0 2925 3255 3450 3920 4300 
2279.4 2356.2 2511.2 2462.5 2625.0 2725 3010 3250 3710 4200 
