100
70
4.375 6.25 8.75 12.5 17.5 25 35 50 70 100 
1732.5 1712.5 1811.2 1812.5 1925.0 2125 2240 2400 2730 2900 
1723.8 1768.8 1837.5 1887.5 1942.5 2150 2205 2400 2590 3000 
1697.5 1737.5 1767.5 1875.0 1942.5 2125 2275 2500 2870 3000 
1785.0 1875.0 1881.2 1912.5 2135.0 2225 2275 2550 2870 3100 
1509.4 1525.0 1618.8 1650.0 1750.0 1875 2100 2200 2520 2800 
1890.0 1981.2 1977.5 2150.0 2187.5 2300 2485 2650 3010 3200 
2156.9 2218.8 2213.8 2350.0 2345.0 2500 2660 2950 3360 3600 
1715.0 1687.5 1793.8 1812.5 1925.0 2125 2205 2500 2800 3100 
2135.0 2143.8 2205.0 2250.0 2292.5 2450 2695 2850 3290 3400 
1404.4 1418.8 1452.5 1537.5 1575.0 1725 1820 2100 2380 2500 
1719.4 1743.8 1828.8 1837.5 1872.5 2125 2275 2450 2730 3000 
1771.9 1775.0 1846.2 1850.0 1960.0 2150 2380 2450 2800 3100 
1719.4 1756.2 1811.2 1875.0 1925.0 2100 2275 2400 2730 3000 
1575.0 1637.5 1688.8 1737.5 1767.5 1875 2100 2250 2590 2800 
1745.6 1806.2 1820.0 1887.5 1995.0 2125 2240 2500 2730 3100 
1518.1 1543.8 1601.2 1700.0 1732.5 1850 1995 2200 2520 2800 
1890.0 1943.8 1986.2 2162.5 2152.5 2250 2415 2600 2940 3300 
1627.5 1712.5 1706.2 1762.5 1855.0 2000 2100 2350 2590 2900 
1557.5 1575.0 1627.5 1737.5 1785.0 1900 2135 2200 2520 2800 
1745.6 1762.5 1837.5 1912.5 2135.0 2125 2310 2400 2800 3000 
1522.5 1543.8 1601.2 1650.0 1715.0 1825 2100 2200 2520 2700 
1968.8 1943.8 2108.8 2112.5 2205.0 2275 2520 2700 3010 3400 
1960.0 2112.5 2117.5 2125.0 2187.5 2375 2450 2650 3010 3300 
1955.6 1956.2 1995.0 2175.0 2187.5 2375 2520 2600 3010 3400 
2156.9 2156.2 2222.5 2287.5 2310.0 2425 2625 2800 3150 3600 
1916.2 1875.0 1951.2 2100.0 2187.5 2300 2485 2550 3010 3200 
1955.6 2137.5 2143.8 2137.5 2257.5 2350 2555 2750 3150 3400 
1605.6 1668.8 1723.8 1750.0 1855.0 1925 2135 2350 2590 2900 
2170.0 2168.8 2222.5 2287.5 2310.0 2450 2695 2750 3290 3500 
1688.8 1687.5 1741.2 1825.0 1907.5 2125 2170 2350 2800 3000 
1640.6 1656.2 1688.8 1750.0 1820.0 1875 2135 2250 2590 2800 
1780.6 1856.2 1890.0 1950.0 1995.0 2200 2415 2450 2800 3000 
1767.5 1781.2 1811.2 1900.0 2100.0 2125 2240 2400 2870 3000 
1898.8 1906.2 1968.8 1987.5 2135.0 2250 2380 2650 2940 3400 
1719.4 1750.0 1802.5 1825.0 1925.0 2150 2240 2450 2730 2900 
1793.8 1800.0 1837.5 1900.0 2170.0 2250 2345 2500 2870 3300 
1837.5 1825.0 1863.8 1950.0 2135.0 2200 2345 2550 2940 3200 
1903.1 1906.2 2100.0 2112.5 2170.0 2225 2485 2700 3010 3400 
1544.4 1531.2 1601.2 1587.5 1750.0 1800 1995 2200 2450 2700 
2275.0 2275.0 2327.5 2412.5 2520.0 2600 2835 3000 3500 3800 
1728.1 1756.2 1828.8 1875.0 1925.0 2125 2205 2400 2800 3000 
1610.0 1618.8 1680.0 1700.0 1820.0 1875 2135 2250 2520 2700 
1430.6 1475.0 1478.8 1575.0 1627.5 1725 1925 2150 2380 2600 
1767.5 1825.0 1846.2 1887.5 1977.5 2150 2345 2450 2800 3100 
1776.2 1868.8 1802.5 1950.0 1995.0 2150 2275 2500 2870 3100 
1955.6 1956.2 2108.8 2137.5 2187.5 2325 2555 2700 3150 3400 
1693.1 1725.0 1785.0 1850.0 1942.5 2000 2240 2400 2870 3000 
2296.9 2306.2 2310.0 2362.5 2485.0 2675 2765 2950 3290 3700 
1833.1 1812.5 1898.8 1937.5 2135.0 2225 2345 2550 2730 3100 
1500.6 1525.0 1540.0 1612.5 1732.5 1800 1960 2150 2450 2700 
1614.4 1637.5 1645.0 1712.5 1785.0 1900 2170 2250 2520 2800 
1750.0 1750.0 1811.2 1850.0 1995.0 2100 2240 2450 2730 3100 
1859.4 1887.5 1986.2 2112.5 2170.0 2250 2415 2650 2940 3300 
2108.8 2131.2 2143.8 2237.5 2327.5 2350 2660 2800 3150 3500 
1701.9 1737.5 1758.8 1825.0 1907.5 2125 2205 2350 2660 2900 
1631.9 1643.8 1671.2 1750.0 1767.5 1875 2100 2300 2520 2800 
1820.0 1868.8 1960.0 1987.5 2117.5 2225 2415 2600 2940 3300 
1623.1 1687.5 1715.0 1762.5 1837.5 1950 2170 2350 2660 2900 
1951.2 1925.0 1995.0 2162.5 2205.0 2325 2520 2700 3010 3400 
1955.6 1993.8 2126.2 2150.0 2187.5 2250 2520 2700 2940 3300 
1719.4 1781.2 1837.5 1875.0 1907.5 2125 2275 2450 2730 3100 
1833.1 1887.5 1898.8 1975.0 2117.5 2250 2310 2600 2870 3200 
1666.9 1706.2 1723.8 1825.0 1907.5 1975 2240 2400 2660 2900 
1876.9 1887.5 1942.5 1962.5 2240.0 2225 2380 2600 2800 3300 
1846.2 1918.8 1968.8 2100.0 2187.5 2300 2450 2600 3010 3300 
1793.8 1862.5 1890.0 1962.5 2117.5 2125 2380 2600 2870 3100 
1977.5 2187.5 2170.0 2187.5 2257.5 2400 2695 2800 3080 3500 
1955.6 1950.0 2161.2 2200.0 2292.5 2350 2520 2800 3150 3400 
1885.6 1975.0 1977.5 2137.5 2135.0 2250 2450 2550 2940 3300 
1767.5 1831.2 1898.8 1900.0 2117.5 2150 2345 2450 2870 3200 
1815.6 1881.2 1933.8 1950.0 1960.0 2175 2275 2500 2730 3200 
1798.1 1893.8 1925.0 2000.0 2117.5 2225 2450 2550 2940 3300 
1395.6 1431.2 1487.5 1575.0 1627.5 1750 1890 2100 2380 2700 
1723.8 1768.8 1828.8 1887.5 1960.0 2100 2240 2400 2730 3000 
1894.4 1943.8 1960.0 2112.5 2135.0 2250 2415 2600 2870 3200 
1544.4 1581.2 1618.8 1687.5 1680.0 1800 1960 2200 2450 2800 
1636.2 1756.2 1723.8 1775.0 1907.5 1950 2205 2350 2660 3000 
1592.5 1593.8 1662.5 1725.0 1785.0 1900 2135 2350 2590 3000 
1448.1 1450.0 1531.2 1550.0 1662.5 1750 1925 2100 2450 2700 
1990.6 1987.5 2135.0 2237.5 2275.0 2400 2590 2700 3080 3400 
1518.1 1531.2 1610.0 1625.0 1697.5 1850 2100 2200 2450 2700 
1400.0 1437.5 1496.2 1537.5 1627.5 1700 1855 2000 2380 2600 
2130.6 2206.2 2178.8 2237.5 2380.0 2450 2625 2850 3150 3400 
1798.1 1793.8 1855.0 1900.0 2152.5 2200 2310 2450 2730 3100 
1771.9 1775.0 1820.0 1887.5 1925.0 2150 2275 2450 2800 3100 
1627.5 1643.8 1706.2 1750.0 1855.0 1925 2100 2350 2520 3000 
1631.9 1662.5 1662.5 1762.5 1820.0 1950 2100 2350 2730 2900 
1771.9 1818.8 1890.0 2100.0 2117.5 2200 2380 2550 2940 3100 
2130.6 2131.2 2205.0 2237.5 2257.5 2400 2555 2800 3010 3400 
2148.1 2212.5 2222.5 2300.0 2415.0 2475 2695 2800 3220 3500 
1697.5 1781.2 1785.0 1875.0 1942.5 2100 2275 2350 2730 2900 
1697.5 1775.0 1828.8 1875.0 1960.0 2125 2345 2400 2590 2900 
1986.2 2143.8 2170.0 2237.5 2310.0 2375 2555 2850 3150 3500 
1474.4 1487.5 1531.2 1650.0 1662.5 1775 1960 2100 2380 2700 
1929.4 2137.5 2143.8 2175.0 2310.0 2400 2555 2750 3010 3500 
1920.6 1943.8 1995.0 2125.0 2117.5 2325 2450 2650 3010 3300 
1920.6 1912.5 2135.0 2125.0 2170.0 2200 2345 2550 2940 3200 
1811.2 1900.0 1898.8 2112.5 2135.0 2225 2415 2550 2940 3200 
1876.9 1925.0 2161.2 2162.5 2170.0 2300 2485 2600 3010 3200 
1540.0 1537.5 1592.5 1662.5 1767.5 1825 1995 2300 2450 2800 
