100
70
4.375 6.25 8.75 12.5 17.5 25 35 50 70 100 
1820.0 1787.5 1872.5 1850.0 2135.0 2150 2240 2400 2730 3100 
1579.4 1650.0 1662.5 1775.0 1802.5 1925 2170 2200 2590 2700 
1850.6 1868.8 1881.2 2150.0 2135.0 2225 2310 2500 2870 3100 
2148.1 2112.5 2108.8 2250.0 2257.5 2400 2625 2800 3150 3600 
2156.9 2181.2 2205.0 2312.5 2397.5 2475 2660 2850 3150 3600 
1911.9 1937.5 1960.0 2137.5 2152.5 2325 2415 2650 3010 3200 
1907.5 1937.5 1986.2 2137.5 2135.0 2275 2450 2600 2870 3300 
1828.8 1893.8 1898.8 2000.0 2152.5 2175 2380 2550 2800 3200 
1715.0 1718.8 1776.2 1825.0 1907.5 1975 2205 2400 2730 3000 
1736.9 1743.8 1767.5 1900.0 1925.0 2000 2275 2400 2800 3000 
1710.6 1706.2 1741.2 1862.5 1925.0 2100 2345 2500 2730 3200 
1964.4 1975.0 2143.8 2125.0 2170.0 2325 2485 2600 2940 3300 
1666.9 1700.0 1758.8 1837.5 1907.5 1975 2170 2400 2730 3000 
1443.8 1475.0 1531.2 1537.5 1645.0 1750 1890 2200 2380 2600 
1951.2 2156.2 1986.2 2162.5 2205.0 2275 2520 2750 3080 3200 
2126.2 2231.2 2248.8 2337.5 2485.0 2575 2695 2900 3290 3600 
1627.5 1681.2 1680.0 1787.5 1837.5 1950 2135 2300 2730 2900 
1640.6 1687.5 1662.5 1725.0 1855.0 1950 2240 2300 2730 2900 
1688.8 1656.2 1741.2 1787.5 1855.0 1950 2205 2350 2730 2900 
1605.6 1656.2 1645.0 1737.5 1837.5 1925 2170 2350 2590 2800 
1785.0 1881.2 1916.2 1937.5 2117.5 2175 2415 2550 3010 3100 
1649.4 1662.5 1715.0 1762.5 1907.5 2125 2205 2350 2660 2900 
1592.5 1600.0 1662.5 1725.0 1785.0 1850 2100 2300 2520 2800 
1430.6 1475.0 1496.2 1575.0 1610.0 1725 1925 2150 2380 2700 
1715.0 1762.5 1785.0 1887.5 1942.5 2125 2240 2400 2800 3000 
2121.9 2156.2 2152.5 2225.0 2327.5 2500 2625 2850 3220 3600 
1876.9 1887.5 1960.0 2100.0 2135.0 2250 2380 2500 2940 3200 
1824.4 1906.2 1898.8 1975.0 2152.5 2225 2345 2500 2940 3300 
1828.8 1856.2 1863.8 2000.0 2100.0 2200 2310 2550 2870 3100 
1911.9 1950.0 2108.8 2162.5 2152.5 2300 2415 2650 3010 3300 
2200.6 2162.5 2266.2 2325.0 2415.0 2550 2730 2900 3360 3600 
1828.8 1850.0 1907.5 2150.0 2135.0 2150 2415 2450 2800 3200 
1592.5 1612.5 1688.8 1750.0 1802.5 1925 2100 2350 2660 2900 
1653.8 1675.0 1741.2 1800.0 1837.5 1900 2170 2350 2590 2800 
1522.5 1537.5 1583.8 1612.5 1732.5 1825 1995 2200 2590 2900 
1579.4 1593.8 1688.8 1762.5 1837.5 1925 2135 2350 2590 2900 
1771.9 1868.8 1863.8 1912.5 2100.0 2125 2275 2400 2800 3200 
1763.1 1843.8 1898.8 1937.5 2152.5 2150 2275 2500 2800 3200 
1828.8 1843.8 1898.8 1975.0 2152.5 2175 2380 2550 3010 3200 
1719.4 1743.8 1785.0 1850.0 1995.0 2150 2275 2500 2800 3000 
1575.0 1587.5 1627.5 1662.5 1750.0 1875 2170 2250 2520 2900 
1697.5 1712.5 1732.5 1800.0 1872.5 1975 2205 2350 2660 3000 
1754.4 1806.2 1855.0 1912.5 1995.0 2150 2310 2450 2800 3100 
1544.4 1575.0 1592.5 1712.5 1785.0 1875 1995 2250 2520 2800 
1824.4 1887.5 1968.8 2000.0 2117.5 2175 2415 2650 2940 3300 
1421.9 1487.5 1513.8 1587.5 1662.5 1700 1925 2100 2310 2600 
2161.2 2237.5 2283.8 2312.5 2415.0 2450 2660 2800 3360 3700 
1728.1 1725.0 1793.8 1875.0 1942.5 2100 2240 2450 2730 3000 
1701.9 1718.8 1758.8 1787.5 1837.5 2100 2205 2300 2730 3000 
1780.6 1812.5 1802.5 1912.5 1977.5 2175 2310 2550 2800 3100 
1999.4 2181.2 2143.8 2250.0 2275.0 2475 2660 2850 3150 3600 
1872.5 1893.8 1916.2 2137.5 2117.5 2150 2380 2450 2800 3300 
1719.4 1768.8 1767.5 1850.0 1907.5 2000 2310 2400 2730 3000 
1653.8 1706.2 1732.5 1737.5 1907.5 1925 2135 2300 2660 2800 
1723.8 1762.5 1898.8 1862.5 2100.0 2175 2240 2450 2800 3000 
2135.0 2137.5 2135.0 2300.0 2292.5 2425 2590 2750 3080 3500 
1938.1 1925.0 2135.0 2112.5 2205.0 2275 2450 2650 3010 3300 
1566.2 1631.2 1671.2 1725.0 1785.0 1825 2135 2250 2520 2800 
2108.8 2112.5 2170.0 2162.5 2257.5 2375 2520 2800 3010 3500 
1977.5 1968.8 2152.5 2187.5 2257.5 2350 2555 2750 3150 3600 
1815.6 1868.8 1881.2 2137.5 2100.0 2200 2345 2550 3010 3200 
1811.2 1831.2 1907.5 1937.5 2135.0 2200 2380 2500 3010 3200 
1763.1 1737.5 1811.2 1850.0 1925.0 2125 2240 2450 2660 3200 
1837.5 1831.2 1907.5 1987.5 2117.5 2200 2380 2550 3010 3000 
1715.0 1775.0 1750.0 1862.5 1942.5 2150 2240 2400 2660 3100 
1942.5 1918.8 1977.5 2125.0 2117.5 2250 2345 2600 2870 3100 
1855.0 1925.0 1977.5 2125.0 2135.0 2200 2415 2650 2940 3200 
1911.9 1937.5 1977.5 2000.0 2187.5 2250 2450 2600 2940 3300 
1491.9 1493.8 1548.8 1587.5 1697.5 1800 1890 2100 2380 2700 
1938.1 2143.8 2091.2 2162.5 2275.0 2325 2450 2750 3150 3300 
1771.9 1750.0 1846.2 1875.0 1942.5 2150 2275 2450 2800 3000 
1789.4 1781.2 1916.2 1912.5 2117.5 2200 2380 2400 2800 3100 
1736.9 1743.8 1802.5 1887.5 1925.0 2100 2310 2450 2800 3000 
1828.8 1843.8 1890.0 1950.0 2152.5 2175 2380 2550 2870 3200 
1802.5 1875.0 1907.5 1900.0 2100.0 2175 2380 2550 2800 3000 
1938.1 1962.5 1995.0 2175.0 2205.0 2325 2590 2600 3150 3300 
1820.0 1881.2 1898.8 1950.0 2135.0 2200 2380 2550 2870 3300 
1960.0 2137.5 2126.2 2225.0 2362.5 2350 2590 2800 3150 3500 
1526.9 1518.8 1575.0 1637.5 1680.0 1825 1995 2200 2520 2700 
1903.1 1943.8 1960.0 2137.5 2187.5 2350 2520 2650 3080 3300 
2222.5 2293.8 2248.8 2287.5 2537.5 2575 2730 2950 3290 3600 
2104.4 1993.8 2161.2 2187.5 2240.0 2375 2555 2800 3080 3500 
1728.1 1762.5 1837.5 1887.5 1925.0 2125 2240 2450 2870 2900 
1693.1 1712.5 1776.2 1800.0 1907.5 2000 2205 2400 2730 3000 
1666.9 1662.5 1741.2 1787.5 1907.5 1950 2170 2300 2660 2800 
1951.2 1937.5 2100.0 2162.5 2187.5 2300 2415 2750 3010 3300 
1855.0 1868.8 1898.8 1975.0 2135.0 2200 2380 2500 2870 3200 
1758.8 1768.8 1828.8 1850.0 1995.0 2150 2310 2500 2800 3100 
1938.1 1975.0 2117.5 2162.5 2222.5 2375 2485 2700 3080 3400 
1763.1 1812.5 1881.2 1900.0 1960.0 2175 2275 2500 2730 3100 
2135.0 1956.2 2135.0 2225.0 2205.0 2275 2415 2600 3080 3300 
1636.2 1656.2 1723.8 1762.5 1890.0 1950 2205 2250 2730 2900 
2152.5 2156.2 2257.5 2287.5 2415.0 2475 2730 2800 3220 3600 
1701.9 1700.0 1750.0 1800.0 1890.0 2100 2240 2350 2730 2900 
1680.0 1743.8 1723.8 1812.5 1907.5 2000 2240 2300 2660 3000 
1601.2 1631.2 1671.2 1725.0 1767.5 1925 2135 2250 2520 2800 
1776.2 1818.8 1837.5 1937.5 2152.5 2175 2310 2550 2800 3100 
1701.9 1725.0 1776.2 1825.0 1890.0 2000 2205 2350 2660 2900 
1618.8 1662.5 1741.2 1762.5 1820.0 2000 2135 2250 2590 2900 
1920.6 1962.5 1951.2 2100.0 2152.5 2225 2520 2600 3010 3300 
