70
1000 1000
88.68866998497049 140.13919718902594 0.0 111.48199145758966 71.8618414837112 83.75096030756902 88.28888914525587 0.0 131.02731889269057 89.8090879200543 176.28027496952177 87.79992470025637 222.16283255209896 134.90789639010652 249.8295056501762 243.14844527895076 145.90183291467562 247.61651572337752 95.883972616739 172.62257619923952 88.68866998497049 140.13919718902594
105.80380800401454 0.0 215.69269577308907 70.82686380661423 220.32298409731976 178.79885779405745 117.77428093318822 212.38683888862985 0.0 125.49750811123695 105.80380800401454 0.0
68.29162024343032 88.37378366539423 0.0 53.99651039618011 41.22878055470417 33.51276085369356 60.9276572040861 6.276000460532529 98.68970889647176 84.01819251315804 131.0652869814694 0.0 173.05753571198667 8.915798452403635 169.36845162977033 56.661514891604966 171.3414143726531 87.66243546923697 159.3270846886736 115.93763819406992 144.46255024692258 144.42729456556032 111.1597041407818 134.68161682328196 90.97904631547559 127.4768278952882 62.0223599858719 137.72719026644756 26.031704324979216 129.08180159869454 68.29162024343032 88.37378366539423
106.5092141305053 79.04033421711748 80.43954147864115 68.64591012009964 82.02809355294445 122.73361676394998 43.437783004367546 157.02703925021797 42.03708057504174 91.12961955705643 0.0 89.40780463381543 22.794787984892302 55.891234913213744 23.922347490078415 34.280746809541036 29.63221058587358 9.485795466787522 53.23546154192641 0.0 77.2839551483793 8.916930843638518 94.70514861191785 15.379575382787998 117.93902899717345 21.31945721335807 159.47276381384086 36.00928118086363 109.30721750012692 62.67483220887559 106.5092141305053 79.04033421711748
37.031293442233675 90.19450563173427 16.282132622199697 79.40349472121983 0.0 57.70151795570125 18.13775182414227 34.512268584296066 12.901731436085356 0.0 47.50205421923799 8.793113706589793 68.2184274797451 1.097818541152769 77.55771672427667 24.47446403538956 67.56992503392287 44.03973873370202 126.25968855745488 54.363618192577206 101.40557067565808 77.06377217525969 71.08964575146685 71.69621328330884 58.64469631279454 104.1363345527449 37.031293442233675 90.19450563173427
0.0 102.41023716565186 26.411849585959175 45.33083247900476 84.74475039378157 44.59287411494835 86.77535039377445 24.34987840050109 111.6466869985914 0.0 140.78648002257296 15.623012821426883 172.12763441664578 42.563076879680345 162.47595147729317 82.15166178404945 166.09148214701042 152.80474718291705 100.74837210211737 160.98579575782915 56.91934813810312 118.83466147179652 0.0 102.41023716565186
81.64905719269916 96.69139468903575 40.75266626367194 73.79105661861053 0.0 64.14273135168384 3.5543067623667284 16.49578312402432 46.88970798619091 16.53316983195578 93.52792405154389 0.0 114.32517961400825 53.28194156434986 81.64905719269916 96.69139468903575
95.43163458038029 80.87735707168792 69.32589557118125 85.85545150308062 41.94825183644707 86.15801651791483 0.0 55.039020781866824 53.409964643812984 38.888701340808225 89.8161239198913 0.0 149.92258653552386 35.233610425062196 95.43163458038029 80.87735707168792
52.065744055431665 64.58263779312102 25.816377738755023 65.49156611471625 0.0 44.511318210373645 6.808677016308451 11.59150519568459 38.527816303251115 3.078242857283101 58.831341983656884 0.0 71.20168476658436 13.688366094979472 95.6672765074693 23.58789394037433 103.13352379405377 53.06736679765952 91.18128243764409 94.46807667610096 52.065744055431665 64.58263779312102
77.26706035807726 9.395838156842359 166.248060821882 0.0 111.26070697472808 69.42563315933597 85.60598250814647 62.657501311649035 0.0 43.81340083495643 77.26706035807726 9.395838156842359
0.0 56.51886955976401 23.544199688435754 0.0 59.20800128428202 3.9351990637786827 67.88872275418683 50.001359311765654 0.0 56.51886955976401
240.27435985109503 176.98041560166422 172.83221021676613 185.6826189768887 125.40238612891042 244.74135503712694 78.30284395939006 193.6583408116261 0.0 169.7810177615301 32.20759560313624 96.01099847667543 45.79786967521923 31.09809981091861 110.2455886111726 0.0 170.4064790979704 29.295605414835705 244.01693525028486 41.10388196633956 307.44372955252004 108.27124466325184 240.27435985109503 176.98041560166422
81.41427116266016 0.0 165.20423709239682 30.67892958322578 266.1107670068094 45.030546976956316 256.05273967020696 139.94084666594148 174.4858934993061 163.30655715927924 142.83061539583838 178.84587501185626 60.34381110529739 242.4793450331012 78.86334631280965 143.24691252515333 0.0 58.186726297346496 81.41427116266016 0.0
145.1482350550997 0.0 217.9906366873157 41.0576253268748 243.8553566857866 116.72236538896978 166.3689583984535 146.4125460934143 149.86768806557973 206.5156079671578 79.70508511829462 219.79578846329855 74.53061328042409 143.7150421086352 0.0 82.90477930050449 102.29380474856572 76.89057785055563 145.1482350550997 0.0
110.21425569400226 31.09187056082682 105.96369664132403 103.61121976230298 42.04293378189735 69.85266709751336 0.0 68.45508438257473 45.720779433730215 38.08235926106387 30.591116121946868 0.0 59.921290319209376 15.425171524482025 110.21425569400226 31.09187056082682
146.95314329107666 12.235570827199233 111.20015055741214 98.10092352470664 65.51370141016193 132.31556205612787 0.0 113.91825425214226 32.98556014775725 60.48991361741746 53.76664654411554 0.0 146.95314329107666 12.235570827199233
42.027992473202985 91.14326861688212 50.129050073285654 65.93166567033106 0.0 48.206633607045084 22.476677473212874 22.28080633192561 42.449180779508154 0.0 72.35649614344156 4.156978738717292 94.17541954690597 8.950369309812459 95.0673550976957 39.11372634070718 117.07441799841057 44.23350350817352 118.3359834077314 62.42174185755159 112.32158025164814 80.47275101003697 88.95577574678994 77.19964791379624 79.53105779207112 85.59488680422527 68.6604310134076 78.41822056285932 42.027992473202985 91.14326861688212
213.772905468629 181.18230416221186 137.37315391731553 168.803026365039 84.94466377815655 152.89429758333668 47.9448965058385 106.52238279884091 0.0 11.121818133355774 103.73102765190882 0.0 145.72246962295947 68.45415382963299 160.58528884202053 79.88849013862732 241.91612999164727 113.47016579310556 213.772905468629 181.18230416221186
0.0 13.218043289320562 36.264360964122034 0.0 82.5246130864244 19.315166280612786 32.35403768735996 59.762411118772164 0.0 13.218043289320562
123.11254928146914 125.22215730872689 113.08633866751882 174.56374951363694 81.35700825190173 164.5272176387466 36.19862704255905 177.1855048949679 50.98150289049616 117.85016315361686 9.16649964037299 102.0695682937404 0.0 63.027378466236954 47.25657121980319 48.5964501990393 43.66752035273217 0.0 88.33640910018896 21.884535135463906 119.63172744548643 0.07619014028288973 116.38313890058677 64.31058877406021 173.25588040910225 42.22019618600707 175.26136494168094 75.5355384428319 202.87008338489164 113.18914008914214 199.18865857891302 159.88589394889095 123.11254928146914 125.22215730872689
38.58606123009082 44.92386384345459 79.40352793301992 46.576653118020566 99.71756298672813 50.401689187570156 123.08503974477144 0.0 131.95754809084872 49.22600051123558 189.24092835399998 33.23533420294419 181.82047521142192 72.11282816244847 195.97048488625234 108.5604922244828 174.0805991890275 138.47808772915818 151.2299786806439 171.77427308305846 110.95283597790937 188.511521314315 83.1285367821028 142.07632106967077 0.0 186.00594707444515 33.38604741619605 111.34925304997674 37.11315371332944 78.09898879712169 38.58606123009082 44.92386384345459
109.4019660769413 150.6509985094355 74.82787720614041 133.73482978315795 45.10953344962658 99.50464558107399 0.0 39.6161572791513 94.36680483568847 38.45381426627556 112.62386428892744 3.2646990062284402 141.26706449171652 62.96951880735479 200.19008093967395 0.0 235.14157475796054 35.699167647649084 239.51880859093345 88.59421960289195 287.51899145986306 170.78319026705148 179.27268006373757 148.89391400121426 143.49201076705032 146.0331474251674 109.4019660769413 150.6509985094355
136.26719110125686 6.258911720084015 171.5388539284785 32.36984525965056 246.52440403918777 68.4198478563392 138.32702817836622 94.10736686686772 139.36202881565677 138.05714820037292 94.87649426164928 179.38795707894656 92.35550175971797 94.54415420136371 58.198129486075786 92.7899399075201 0.0 49.10181469630642 48.35808489073518 15.470537043413444 91.97498385659068 0.0 136.26719110125686 6.258911720084015
38.67401512178975 54.71390600269959 0.0 53.56216798615614 19.13719023696727 16.949217883311505 54.55038946298899 0.0 56.80043007416705 39.218361605917195 38.67401512178975 54.71390600269959
71.8797155843416 95.95544353849546 0.0 23.621013455030393 77.59290021410503 0.0 112.85252060349775 23.25070832600329 71.8797155843416 95.95544353849546
145.60481302503575 0.0 175.780962650724 91.50827081537065 235.73328375599348 65.02009186001011 338.8527856009207 76.79978658160815 166.41476068014185 140.42110195773847 270.32603199940775 212.31118370530186 237.432746834698 273.5244230459275 175.7999181510744 305.55280579739076 111.22226774900923 270.29229246908415 102.81411716670874 193.75826841763075 43.895595442095654 177.30579644176905 0.0 119.09110087895314 98.58394145400322 99.82465512534992 109.21429389341246 60.31053361260581 145.60481302503575 0.0
143.69235651796276 89.4394120268243 80.74389680516602 105.0439509790742 45.18263578759618 85.44883222378405 32.99280807203995 65.42163565885826 0.0 46.73696552063456 29.15576164547568 27.01618993447105 50.49848213902655 14.174916992929688 89.35794147760267 0.0 139.18122776953783 25.61599004017065 143.69235651796276 89.4394120268243
158.80578885608082 188.63150435694166 64.9847428783086 197.7352676412172 0.0 119.33970958398855 104.79739941838164 113.77500259444473 166.37129086883527 0.0 224.425425463824 105.92986761823549 158.80578885608082 188.63150435694166
0.0 127.50078796602256 10.208160324536095 82.95878945850214 34.381080663358574 58.95329697769696 31.044008923389953 40.8999080119219 44.09138860472247 27.94686753993586 58.06070576454918 13.359464176910599 80.87362430381705 0.0 104.28584130118327 10.443687080316039 97.37717937174581 43.88351227064927 109.53351573627175 54.58424494835484 138.72160982418387 79.39622630557972 102.86182370403843 86.95075817096824 102.91252603060973 127.32856566823475 72.32789650161124 137.5284198245154 64.59299758012467 73.80907853156526 0.0 127.50078796602256
67.83538884753223 7.1927903390688215 108.82839071753935 0.0 95.47123988878087 37.71346260007468 82.76521433431914 92.63520117130878 47.59082886659564 49.49846603636624 0.0 3.8185559570197825 67.83538884753223 7.1927903390688215
0.0 38.3078095788195 116.0586928880957 0.0 206.9056336577708 10.580442174426118 173.02419931149137 97.03470609200669 84.29312543488649 147.5737847942736 0.0 38.3078095788195
133.75277696375835 203.21400944311364 60.81564996212234 162.4205021355948 0.0 0.0 186.947642750773 22.99003534955544 257.3744333174186 158.99760180734563 133.75277696375835 203.21400944311364
85.3750129255807 142.46542025908016 42.13784330913921 164.6868285950966 7.943197843158089 133.62476681387108 42.46879293749678 89.88000698104197 0.0 40.42562515092833 34.52535928577391 0.0 85.97275957495062 38.2935855135018 123.61003609436554 21.303514892939575 88.98004879200155 86.76987829896565 174.3742480186179 89.13422567242834 147.48768480317483 123.56482806810303 121.6001750970998 150.9103070261464 85.3750129255807 142.46542025908016
0.0 75.94197473356152 189.43586801767384 0.0 152.27659961182738 182.60647177260233 65.41453871620419 167.17113237019873 0.0 75.94197473356152
0.0 90.41209292674526 5.258599432904305 0.0 91.71808688047687 32.04826735001755 187.06041382705826 6.401364468082846 149.26100351199955 96.83128711792632 126.7488025258087 176.32384811946085 37.43675045920901 165.4509709680776 0.0 90.41209292674526
221.1152746432057 57.77183850628951 230.77874337438755 126.10098862347996 321.2834998653298 153.88338646792502 292.96368751606656 223.53202312251844 271.2597221110839 303.0215325984698 184.82046645842055 255.09224004554912 163.13181235734768 194.06707227012055 75.98954284223561 247.81814730477453 93.26525620686982 181.84420248172762 0.0 101.27792026147098 43.130616506181184 0.0 150.7342296295696 9.495667786497734 221.1152746432057 57.77183850628951
85.67601283911002 69.8108350385981 60.33710874281428 102.88487186641495 67.04679232493369 55.46716781631211 0.0 18.887028798787853 60.00991637589044 0.8536801387396125 114.2533270816765 0.0 104.73529972825318 52.90846145076671 85.67601283911002 69.8108350385981
35.55262545094334 72.13963772272507 0.0 15.582497672325289 57.0960372748758 0.0 96.35951387094059 44.11601911781263 35.55262545094334 72.13963772272507
93.69816850948109 0.0 128.08648246881398 45.85635906622086 166.8799084193503 57.6657350804543 178.16694708417657 98.44912329882345 154.76139020069246 129.53337185100423 128.60779373454605 142.51237578827653 107.49195392314039 173.78450036448015 65.33619877360206 175.13028130435282 59.33725628542257 130.56083874955505 0.0 109.89954273622004 26.467095985043926 65.5828606106435 68.68386065961303 51.85580159525278 93.69816850948109 0.0
60.47624496971995 46.60177987792015 0.0 61.0586546381075 26.507409526300627 0.0 83.44454214919199 3.579347880970019 60.47624496971995 46.60177987792015
94.95269686063789 87.83888338209361 161.20426123511885 114.54699068445295 130.94021492445083 0.0 182.08831018756342 8.306964998541787 173.7417157436499 97.11822331245361 224.84544816486084 81.36846419237044 276.2532722046683 110.71728538652059 283.56159511571616 167.57317791783885 249.10986302706505 217.88047576327193 179.10323313918167 178.12437123078462 139.0617250954756 251.72889941443435 99.44940395109332 203.64731075853558 0.0 206.43431450632517 20.50436402240453 122.14021273408122 94.95269686063789 87.83888338209361
173.1059265773119 142.14310245416902 139.18498902384613 133.15946514392937 113.89980784243983 178.09080465829174 70.53326370636253 176.10496985197585 83.74290105925041 117.13348841631138 63.6220183440588 101.64908983676266 0.0 61.69059463832386 45.57084655407198 30.63105867663878 107.86985962577646 58.72341106112725 121.62880133200558 52.46040697832389 156.72093605528457 0.0 160.30825498921837 50.068400456854505 190.09848589142723 59.57299617782094 233.08965124954616 87.84721287897456 218.02689784883066 128.1847962022423 173.1059265773119 142.14310245416902
57.9506799188695 39.493159567147245 46.757728648678665 52.64139232530616 20.931023069602603 51.063969982695426 0.0 18.858768201609024 38.38142782783365 8.096893472264838 63.071813240205785 0.0 81.56521420866213 23.098703814690367 57.9506799188695 39.493159567147245
19.661235643858717 50.01990525294828 0.0 39.95105004942603 6.471679621289553 19.54102994365428 19.09776501284945 9.929175538093645 30.459871164073718 13.580816956404732 51.610767665541786 0.0 61.80663192972935 18.97266809512074 49.84846555076351 36.22435741109561 35.16933257261101 39.581907349548985 19.661235643858717 50.01990525294828
40.24418201194658 88.98691506886905 0.0 32.19945518022651 73.71026230523782 28.382895352147678 104.42102881380858 26.676909236458044 137.63463667617162 9.699184447710408 201.84107598897543 0.0 193.94848330299283 59.20094095217145 218.66817743190353 113.65999266754561 182.39616698777917 157.2157323191958 122.80501625282488 130.56387470874813 102.9020913300976 105.00383818436738 74.3196213102039 109.09257835464682 40.24418201194658 88.98691506886905
244.8233517253791 176.1656429967551 88.90053213325207 152.13564172592723 0.0 140.61299984527358 112.17405239822281 0.0 244.8233517253791 176.1656429967551
51.254993870777184 97.37414756070808 0.0 55.87319615510373 72.904046387315 56.10580108980871 88.82267614140446 0.0 133.8041143045266 19.65873270820824 181.297585930287 49.38866040831421 159.2451530753894 99.49355369491872 132.75294228592782 130.23798498267786 96.62338375658474 141.86746583766228 57.7719393547182 139.67972320069362 51.254993870777184 97.37414756070808
0.0 14.632340218466751 85.93923232383628 0.0 143.31576453867362 12.543905223457742 190.7041239164341 31.901385293411877 245.46240354974572 66.71269655237897 222.40386393661328 126.05689330923586 177.09244548791116 156.46582071293784 136.26205243010466 158.29829298652942 80.98287537468477 195.91372616794985 65.25647359424096 139.06216926726177 6.599276186835482 97.92397260956106 0.0 14.632340218466751
148.07563972865375 84.64591743964682 267.4123750782497 72.88654129198035 292.6572184321261 239.56709211572365 128.1897965173838 228.96853440815153 65.06025425744383 130.79455127800662 0.0 24.91688375832252 119.92899587602398 0.0 148.07563972865375 84.64591743964682
40.73900264824481 5.968235057362477 60.63167737400631 0.0 66.8987215431298 25.925567178505446 83.90472858263865 28.444493715957748 97.48488746115405 46.52518968066663 82.70260537807138 63.27566804513009 62.734592248677764 61.69228415206695 44.3071225980867 74.05640822304781 54.783423269154945 40.287391083931794 0.0 42.84584768157899 19.896865942459662 17.624574466277323 40.73900264824481 5.968235057362477
104.97507627014875 128.2249564524568 0.0 114.12673749956849 25.24535738107616 44.995743243067636 77.57456599931393 0.0 135.74746177766173 76.66758050642973 175.03906799577018 50.11630430865734 347.6905283712364 31.632276738104906 133.50246725121357 106.51768024772285 215.97425943265893 192.72733781655143 157.64994328686782 215.24032081008477 114.12158276470105 157.2519608863895 104.97507627014875 128.2249564524568
220.48371184927652 22.055421425903134 259.12925338107044 29.304571792140223 312.91061195345105 47.00539755676905 352.94810523614353 104.1140689814801 309.75722697694056 153.5498889376301 315.39220991916 265.3844799520128 212.71009670069998 134.42324244941574 188.126574128397 148.07852864897404 67.91792901238256 216.6607046105119 0.0 145.14510404279372 76.79720200925127 62.07468457483974 130.5361248682526 26.208180872616026 174.31549363773715 0.0 220.48371184927652 22.055421425903134
0.0 48.3197626932248 52.84534429643384 42.16581591161463 74.74927286648189 34.24479864985709 100.36795751713841 8.344754671030486 146.31090549954882 0.0 124.1948447849511 59.72587395866341 151.81637074555772 79.73880188633159 174.911915468592 128.748657290783 122.24768518547016 132.0268561878758 88.56069364931167 84.95685561099108 66.351841889686 125.2813011084824 22.337675494459035 127.06242952963031 26.94637802055857 87.5832089631292 0.0 48.3197626932248
9.886345117928002 127.6725944142607 0.0 80.10396587614503 28.547668532619014 43.39090892610329 62.848092741663535 0.0 89.77728753256554 73.93857694075889 154.65973950907394 57.98261449716627 177.71988974478515 108.9796075975818 112.58114359089038 124.90990070046358 91.10781979018654 158.25138716612264 55.51794770860786 139.15248555248456 9.886345117928002 127.6725944142607
43.38412921890438 0.0 53.67356575283871 30.7655950413545 72.80386989821892 23.75282268137225 58.08754241842907 47.03428263248034 77.46557164573551 52.56576518883867 89.1281739613928 71.48974952789928 59.148632992189945 67.32517972113952 58.88999073146506 87.21919028028897 45.039810860066936 74.94601271776132 37.50872639233157 70.4557170199333 23.202255039304987 74.44230968437911 14.625634657920045 65.39467588177317 0.0 52.740538824556694 12.615646513011654 40.07967431555623 22.367687324855908 31.813344260091668 40.01060655688876 41.7238662187858 43.38412921890438 0.0
47.30882078711606 69.64052461480134 65.77551623670834 34.97106008518827 98.89308280158704 0.0 140.62139480453428 29.86847184390608 163.74363247134661 59.58700809829333 226.5966575060068 79.96752053869508 139.16773662868064 107.41547451506868 178.35614248124165 173.76365383460072 125.40464693600882 160.9223209823178 91.3110880596058 157.89001614083585 24.364092256363705 168.99217018796648 0.0 113.14408986944832 47.30882078711606 69.64052461480134
66.94799875461892 139.25281783946915 0.0 137.70977575923845 25.957718127587533 80.10547254367623 41.19172374647375 45.47067651688199 65.19589467279006 0.0 99.58201086340866 52.15636908621465 147.39077477539365 47.031069840750355 150.9393832355198 87.10074599975935 112.27133674052654 104.50166069187881 100.92653585792303 132.68921793968198 66.94799875461892 139.25281783946915
82.75816513778409 158.3347790286159 59.05506044392288 124.43905457090241 21.95777687631994 116.12161872219292 0.0 83.62453238284905 41.67257260414215 49.48224732785958 33.768703662321 17.39130587206961 57.38746654601397 0.0 89.04135064865521 9.472636841261945 110.32843100600519 6.146175820747651 134.93210396350483 9.177245800538664 130.99948017716662 38.78427620931133 173.64731665683763 45.67134972456816 173.90286888413823 73.90471944799532 161.46098676932783 101.6616060768985 128.49733311475853 102.0297646942594 102.29352042976224 70.49402841638323 82.75816513778409 158.3347790286159
155.4240647985293 205.72879223216617 0.0 208.23793028547232 138.3006043497732 107.06718402686668 147.53315440684543 0.0 201.6911964365123 82.44915041799052 234.29891615897958 158.43362246682005 155.4240647985293 205.72879223216617
28.71561764093991 0.0 67.53403057759901 16.47321788760236 82.57834272128574 18.731517498567626 99.92528935402854 13.99957023808728 117.27968894475995 22.570329734770752 145.3929014317573 35.19818674509122 129.97277966956926 59.56514257126257 120.75769528052686 77.40389217634308 102.17580179048683 85.51700762678749 89.16864309509273 110.99805163933794 70.22249574835658 88.8171420659186 70.86585595255212 63.41765158976949 34.56067574550809 75.69006515174235 25.37639852724118 55.56958601983949 0.0 22.521628048255394 28.71561764093991 0.0
0.0 31.873250171384925 17.299256154339616 20.731673826791464 15.484385585868381 14.793590709089841 16.08274712761009 4.136916467184022 25.20621357862383 0.0 32.040081879154485 8.584129473592299 44.24131118233973 7.703518449147424 49.235482941116956 17.820455336002027 51.05733617837592 30.052409343879447 36.23192183498003 32.382830953240756 31.07818005529171 41.01332316254101 21.704383502170103 40.11559719955288 5.6820741660337575 45.919292088565044 0.0 31.873250171384925
83.82434845500208 159.90943822048627 20.82519956338561 140.60358950984835 0.0 75.71510505532349 41.5471119571564 22.752885707971913 92.10440187919963 1.9111464467561916 141.1396371160412 0.0 172.40812433015665 30.05310641091927 201.37249494674543 61.42259737065065 163.75818159657808 92.00183841807491 170.20715344652297 133.94217387595444 133.40671377616025 154.7685969250968 83.82434845500208 159.90943822048627
243.17879147484354 24.095549964199364 118.74837182739905 146.556184098676 85.4474386433958 201.7580748317663 0.0 180.7275730867101 3.914521176339349 88.36250608096748 70.76300068943317 0.0 243.17879147484354 24.095549964199364
0.0 43.008095092748654 43.3376443493285 28.87678992325936 62.663708406191546 3.6826095923662336 96.0781573037587 0.0 120.6039099934412 23.876117842619927 121.05028543634906 57.39723005310392 105.4013160270611 79.52228343611992 98.00176631706067 110.89994476139856 68.57756210613496 94.0562200819202 43.60616940785977 94.03156835443829 13.981031538740815 79.37958044699357 0.0 43.008095092748654
112.11712328511348 0.0 223.92596586988222 29.949443717523934 291.5683603749817 116.69644548930253 311.16500523434706 241.592110262639 185.08907506611132 262.47656890587916 109.00264630417679 273.59868959347193 0.0 258.64445387137414 14.200688106696148 156.34060527974032 78.80875635098377 110.68283213638567 112.11712328511348 0.0
184.8523447032528 119.19095333921906 231.4491010028786 202.56176073581915 168.39579520447649 176.9053862372059 138.30418220328255 162.842872094362 141.2350633724716 122.21602456035937 0.0 159.3185805641982 114.43952965065984 99.41232022725224 71.15969003069819 40.10177989907905 105.61981626425606 0.0 159.24931913841357 53.83185314294599 219.33285625491075 3.759770722930398 261.806471305837 45.77935246126364 303.37249394445894 97.79668039527161 184.8523447032528 119.19095333921906
134.32724852399542 162.06071481496338 78.76240510512505 111.62159933802316 0.0 34.65780697761495 126.54886061399259 25.82372353030933 163.58520532048857 0.0 219.24291617312664 16.19419493367888 261.3080146740299 86.70308027718534 194.98828798390355 131.30868336070824 134.32724852399542 162.06071481496338
66.88281060582986 28.607209706482692 51.04595708055592 35.43374457037527 59.62804964301195 55.76762226563338 43.23373262034289 53.41881329905027 32.95072819107291 48.66430531536203 13.874406524841035 57.85995372681225 8.99039855011307 42.31143191048602 0.0 29.117544994395104 26.482381741571032 24.047863425387305 29.621885126983585 19.365228139697663 30.44703692487394 0.0 41.76677868266138 9.680753910660826 59.76981321832112 0.5270230651115071 64.21683855504938 15.545819783378263 66.88281060582986 28.607209706482692
149.79906864126735 79.0241188512122 141.65398029606158 105.53762915998465 109.67196755945592 99.97959386685258 91.0511333590458 78.48706530320328 71.39983968555542 99.34114477415235 24.445255762583457 115.94077143994105 19.741460662909958 79.73950243671322 48.4504923073024 50.66926784654789 0.0 11.933026534200721 64.05688525779814 23.88131304950003 84.29634842278848 32.87577945443007 92.09358149574808 22.992719640441287 96.95998801706715 40.01088587417998 145.9456119683256 0.0 166.45063502375052 23.49524786359064 163.191987589534 54.60143028048298 149.79906864126735 79.0241188512122
36.18647759138517 20.719234203324042 60.40048844916129 0.0 93.66998018771048 15.290145458750779 76.41326390403917 49.77164433771929 66.35078719563793 66.26769579438218 49.06776076748778 71.67267328091833 32.11931750939996 66.34254683823926 20.126161426266265 52.50697863897576 0.0 23.905766250600244 36.18647759138517 20.719234203324042
