70
129.02596114778618 82.86257900359954 184.20087988708167 175.8852279015306 66.17243970760326 139.95732811826986 30.981695010284568 170.8331720947354 0.0 116.38386388921279 38.399796446084764 0.0 129.02596114778618 82.86257900359954
69.68855043685194 104.62556540170806 30.469531112675327 96.87964607183119 10.036994987269168 61.18667185918172 0.0 9.495237341620893 60.00937573001458 22.905191245295903 91.15450089618209 0.0 129.71658716097957 21.014836282650784 139.6062143843692 66.9991452062068 71.81943981452716 55.34643640727807 69.68855043685194 104.62556540170806
75.3919131139765 6.45478667265705 106.91334351573232 0.0 104.50510607745093 53.58800113735499 156.92611262468094 45.55626762247957 161.43504664024292 80.25166108225584 172.3339346808971 124.53647504163686 126.7881015025829 134.75246318791437 91.66477288194002 108.68819480793664 68.57336802632499 129.16368554790415 33.87217362497839 130.60855690655555 0.0 108.24697739849759 54.674771504241534 72.2834944747415 23.07151656671863 38.862871091165715 47.81003675091412 20.310648544176217 75.3919131139765 6.45478667265705
183.9353961713641 177.31649092055324 115.18833284121132 149.59016144923817 87.82934362831986 128.07986041583172 28.431387721370513 138.890887861569 0.0 92.99397318798619 5.402741722983393 30.052791528122086 58.405823490529514 0.0 112.28499145599625 20.095020512655438 127.5939074467976 61.17659225891913 143.64353544474324 77.43294013693779 178.76291454907678 111.89010550869814 183.9353961713641 177.31649092055324
237.17317864323843 67.26415399589155 165.04345826502959 113.81935615961432 147.14980438410026 154.00556293564523 102.1462378705472 158.81945010896334 53.63059920087016 155.5004257990613 55.18134242541996 102.77199688130476 0.0 61.08885238308518 63.10435532392359 42.03052823487269 87.32765018453443 5.9660422999966585 135.93651134904775 0.0 190.47102648653595 16.33377175918237 237.17317864323843 67.26415399589155
153.69352300331482 28.431593266575362 204.55576796409952 16.61286836680584 247.78792388468713 48.77149304447015 222.42811159798106 101.50532919478675 212.6969920302231 144.62272055837337 166.22764419416185 149.7155997917763 144.20661097026476 226.58223201088856 100.3871351376938 180.5121524955488 67.49332585958436 158.76557446929013 25.237560917497802 131.63375341470743 0.0 82.61116649179657 58.24463311278291 48.574093615217585 73.13366828158118 0.0 127.4012940161639 52.32188429543911 153.69352300331482 28.431593266575362
145.4462982488517 131.34157844394593 83.70897048038216 136.82138102496955 56.281539621982304 84.49728634713273 50.47937327048983 71.15498031142917 0.0 56.10407256125564 40.680495344517794 39.318521439239014 53.33409736718116 0.8291347439605019 93.03605946576961 0.0 128.94053518603428 24.265851508334272 133.2146773894237 68.81200466050973 145.4462982488517 131.34157844394593
240.50393613043883 160.26285569889902 125.54677313966593 146.77010705933114 81.26629224364547 112.58453479900476 77.06399820734993 79.52805395290622 0.0 116.72233069432232 65.76246178541372 72.60952631845839 0.07673923831987395 27.351526787176702 40.52934953786496 1.6471516977835847 80.9768831617765 3.100890191779797 120.83470147313176 0.0 187.39056914379393 11.701128567501314 193.07950359117484 70.34743625788022 240.50393613043883 160.26285569889902
160.5664114571893 157.0740580078638 105.23107568769403 132.64491003308046 83.81626510387406 120.70550271016823 31.053183019651698 153.0767691130668 33.551208142797094 104.23618486259545 0.0 71.11901984842372 16.054551936702836 28.210684805173827 69.30006258871154 35.21753982538405 93.82314981475109 60.57697247336081 136.28204562343228 0.0 163.1200500771289 31.632387793544538 229.69583038059136 61.82953230213907 205.99745313426746 121.54678861673192 160.5664114571893 157.0740580078638
38.48619642248579 54.72188916956729 28.55024256159112 53.522706863640806 18.658348248597974 55.795670160932886 24.494423659649158 33.564354031407504 12.615895107113019 37.882244484488 10.200603033346866 31.852162380916965 0.0 21.829280667438837 22.488117310823128 27.042683072898257 25.461586951432807 28.265745220888917 25.371433545215524 4.722545398271436 37.253348749679674 0.0 43.736721478015454 11.294514955356547 56.700038727678816 16.45598288159023 53.72149707684375 29.38858385178081 47.23297706601775 37.75859525505855 51.46079427893281 52.073518637354965 38.48619642248579 54.72188916956729
81.31506015512146 125.20667542550473 0.0 98.77989849027902 34.54510366236272 0.0 186.95873224731756 32.984636105071914 81.31506015512146 125.20667542550473
187.5715032266471 117.03960946242708 118.18379299298107 155.0033674460403 68.53860201040924 115.39884603812808 0.0 83.95651401435498 55.428952150451245 29.729221578076995 111.14440535229069 0.0 193.42671102976897 22.109764567626456 187.5715032266471 117.03960946242708
69.04140743419183 14.858655017303569 93.69755196380771 0.0 114.13989274156242 13.785663406212699 126.644066390261 38.547867814075566 97.91902992256772 56.94388929530465 84.7337049264672 64.12341892366234 65.41880578120504 44.05581541617071 62.74153768913982 64.75389436882301 45.80958761308405 74.04229683312823 25.12985738778184 68.61800507145267 0.0 50.001878148237886 19.756428216698424 26.832664309561103 57.751447422280776 35.852950172912095 56.748335007241394 16.972618083944617 69.04140743419183 14.858655017303569
217.94277624450856 40.84294906376928 278.61035992018316 123.08295126342186 152.96872214734682 145.19611592548148 116.02749924072803 126.49572452584918 67.6688844506296 236.17721485032502 28.192513366417018 167.34393305214482 4.777664248293888 104.56081763601959 0.0 20.224969096942885 82.5978925584939 0.0 150.12671674760065 2.4264500307038475 217.94277624450856 40.84294906376928
226.50955938496782 167.7359597955289 138.2511308355326 154.85775269564874 0.0 170.19901952486032 33.46969669645415 21.572833163527974 159.31881519802872 0.0 188.08052883370377 88.15817462273206 226.50955938496782 167.7359597955289
50.11385766303849 14.190194469243693 73.11450427317656 2.477051921687078 60.16100573277488 25.664938039092547 63.585789646658824 33.1338253940953 90.06307172909047 56.007666846600756 62.890650963588854 57.115853565680126 50.03273889315719 59.29457010125698 40.3503486262922 48.68879870233441 32.919983632657335 47.20924796457757 9.95259424425356 52.279716040890904 0.0 36.936553950740986 0.7047660970034144 19.18278956441914 15.213245336254374 7.480451246329338 27.749274967276847 0.0 42.084688068566194 9.16297019574418 50.11385766303849 14.190194469243693
257.2616687831443 71.97601384141076 176.82089755006103 119.02054948117865 136.6327453481216 137.76406731373058 63.17106076483901 254.412940558356 0.0 161.1515063278963 69.94208309473751 74.98985397266038 25.019642568263237 11.414880285346442 102.79282313731949 42.63433030619919 138.16069010415572 0.0 194.0433293140751 14.835739420493198 257.2616687831443 71.97601384141076
59.186651718847656 21.962725243032736 51.266735653466526 39.39931955337235 33.90898043161879 37.61195611397294 23.753456280454174 30.490868891510885 9.592510644487618 24.437959233896436 0.0 1.8133887726001774 24.758692745889007 0.0 37.09111261475982 5.706887823151874 57.85498707111381 1.7813704702194855 59.186651718847656 21.962725243032736
0.0 87.27446250471814 44.305824433354644 33.374644175426845 91.44596658506069 0.0 117.04300231117718 58.864304536631664 227.07514517898508 73.1609564297309 134.20695032596316 109.09990785165809 109.56014913127116 184.8946385008163 80.8048495732618 101.04848617536078 0.0 87.27446250471814
98.30260699782544 39.38747910806292 151.4187003502201 68.4944352534842 97.01137830220708 84.58329192989362 72.25728347507498 90.54871768925327 54.7799340427343 103.9226494816453 33.85418070441848 97.83862629985768 3.869749352674205 103.79362238478612 17.73894217343735 66.51763484528362 0.87946277620253 52.80081131124781 0.0 31.919567563264422 15.363140812341896 17.751877080697696 31.221033734452988 7.520768254060812 50.73459158511474 15.967371091564075 76.62450427607507 0.0 96.11938760473157 15.27820663982778 98.30260699782544 39.38747910806292
81.49128730936565 19.848659917191824 113.52467236881176 52.93595097453661 80.3844240221839 80.89781703639301 39.300335534550584 80.24845767984442 17.366853415076342 49.00016099606438 0.0 7.252427074260851 48.86373686083391 12.9199374786171 68.65370375964699 0.0 81.49128730936565 19.848659917191824
179.45277339174612 106.27875180042403 14.140616233418257 158.62939096543406 0.0 0.0 100.51030012537 2.796378238208014 179.45277339174612 106.27875180042403
128.26065839511062 89.47685438120328 89.81474230902278 80.26037624227976 54.88575372603928 91.65180106890924 39.01272093044321 58.37161732912244 0.0 17.446112973292834 66.27039040325336 13.853660831202838 87.94386170737421 39.72443791722194 114.03558394258074 0.0 112.57754383329805 31.16443340667029 150.9334672903712 57.319649725947976 128.26065839511062 89.47685438120328
150.63216302971188 116.45620948975298 217.22806362061212 0.0 253.68476880054837 76.52155325398995 343.1281838276137 129.24446982328908 213.33696996340402 175.24836237664073 197.4112634416553 205.3733140307419 177.71713132075973 316.6064133663865 115.89320717272096 257.30261410056784 45.11650901035503 243.80624643063138 0.0 177.051656525427 55.847829803487556 113.46400754014576 66.05986417288351 40.467892703584226 150.63216302971188 116.45620948975298
45.468493071668604 60.63928520539079 34.78421668123637 48.74463272596074 21.450241808029546 44.744136347179904 0.0 30.62870970823404 15.518068927294365 13.844856960201469 27.822476278540904 0.0 45.39918724776621 2.441387308426613 63.942157155254534 0.0007031144267841682 79.03072659768341 12.051745308902156 80.23210422118106 30.763109352719837 68.4534034129143 44.56036287704477 59.58808959701382 56.07441799975224 45.468493071668604 60.63928520539079
300.0868331867583 148.62181288117125 235.87078837779978 197.25568120129628 205.5138066374086 242.79148005103934 154.93253245764464 319.41658109079265 73.59047598770206 298.98923446255947 102.21977903750368 174.2389665683385 0.0 174.9785383017456 38.74500790196126 115.2208905503143 48.58871745775585 62.42242695675226 99.2040403821969 39.467338433278556 150.46139666004515 56.36215854451352 244.53387327286433 0.0 358.6928966524341 39.04187099164061 300.0868331867583 148.62181288117125
236.9344035726249 92.07386091336244 184.96635468720348 137.9109593588238 196.93024865044583 206.3922505100869 138.85137307234334 200.41507617611848 86.8276635726773 205.48304822388434 0.0 196.8934526154709 36.90442800701189 115.92694444405075 46.16004570132198 62.165071510009156 81.66163611214785 12.00520640003947 150.13585329040876 0.0 215.7701036888803 28.755115587030716 236.9344035726249 92.07386091336244
225.53364430032684 0.0 215.02526385424454 101.36613584665992 295.72172833444324 206.78383363013987 137.18524402942177 129.5126891118105 111.32022407122656 207.58992283891814 0.0 216.72165209751392 57.40407391983561 113.58558296334137 113.83039247532716 102.19532330898218 130.1594010073762 57.38490935277943 225.53364430032684 0.0
0.0 293.02432643770646 26.73244789574514 164.55116005277972 83.73060285621511 101.05347554399047 153.26017987092268 105.46994107830827 149.62875546923138 0.0 200.8481029844416 50.478346158948895 225.90715508800633 81.26893566892306 285.26375440130994 104.87637381332664 295.5389827144909 165.81041796427007 289.4782181516913 253.1384675698004 189.91318749883644 195.7814422758575 167.45739752653392 154.23018918508038 0.0 293.02432643770646
48.82071204873081 45.914343641159064 90.40757047691451 10.9614733225526 142.64322938174007 0.0 197.53449079032768 25.14645147895903 251.30400156264662 102.6843690653144 160.95470844194585 131.89319085310174 94.60444615944263 176.38809955349498 0.0 139.51713862412942 48.82071204873081 45.914343641159064
25.229010544076928 146.43460409935673 3.897373318239886 84.79024206076727 18.858368279268433 48.956277489332315 0.0 6.202222912461046 46.72248205438545 39.71137317895114 79.63285331439153 0.0 122.86403051604472 27.621350815978097 156.87953937721124 96.4350362206414 98.02806590491785 149.3341122013919 25.229010544076928 146.43460409935673
23.019119621973473 76.02734747995228 0.0 41.593724500409365 9.139039025449819 3.089014401176456 44.29870047082596 16.423168448208656 78.8286691406326 0.0 85.80566962395241 37.0137296011431 66.41573826841903 75.80520958102701 23.019119621973473 76.02734747995228
132.52162293092653 0.0 193.4184607764201 36.53714914693626 208.31715472862533 99.27011663083786 250.94444884180717 152.96140722434646 190.422116424188 188.29797054005613 147.88029804010267 203.73188282452253 107.36164668470131 199.05091131901884 37.307520189862515 209.87924109856698 0.0 150.3432711317863 31.297638809529758 86.26147463067579 91.96801965335996 74.32373134149924 132.52162293092653 0.0
6.518931302066989 149.20328693517246 0.0 93.0638307178289 45.93059341823593 67.02323970060012 82.02671895154825 0.0 139.37265554318282 44.828131278320726 141.4915362116564 110.63020825408036 120.20167238469817 142.3693937222546 231.5256983920907 173.65014337728059 160.6089882115532 197.27890663730489 131.2918618674152 216.9434006110921 94.76215498099148 216.0573764782656 57.36637079275798 215.46843267544415 35.73225789617325 184.00900033103838 6.518931302066989 149.20328693517246
108.47610440220836 87.48841072705162 81.69929509778342 101.46064043945287 49.228232884733416 108.21552942732657 0.0 104.6525427538505 14.79703361309248 56.636344369202476 28.019733994779585 31.345881000422054 42.42810102780366 5.89930444812029 70.59461200577121 5.587428967131267 105.10870441400527 0.0 152.2981579829859 15.322676238029985 107.4572134574089 58.15840229527112 108.47610440220836 87.48841072705162
36.320234099069566 35.49345054125283 0.0 35.23419660851644 14.577111719585545 0.0 55.12974763382884 1.62542141508699 36.320234099069566 35.49345054125283
48.67055387591709 83.64334646297807 62.52870004374918 69.70186839509238 43.42490103741398 15.464082865010553 87.95593579619576 50.99396976348139 114.62171852700894 0.0 133.13097631469398 37.245647222062516 142.15925622954447 62.170802060651894 180.62359118974587 74.60632351750887 150.9341002194516 101.62259201474761 143.98131993939504 122.33900516638023 145.18796032450942 163.89444958203478 108.41610154205381 147.2968498795127 87.95234179633604 136.2253461422473 50.68730993313243 161.88743481308734 0.0 156.19207767313935 43.014979327608934 103.26207962662023 48.67055387591709 83.64334646297807
30.258164333107644 51.61718790635733 0.0 64.31061323692867 15.590624685828757 35.40288154781915 2.3002025301034053 18.497568464736318 21.60045438798963 11.109228134331914 35.78000340877843 25.058844941428248 55.11484222409621 0.0 62.796466379994214 19.12600851932214 75.58195083547275 36.22742713845122 46.210349628652054 39.93341076982185 46.401477036491215 65.98322453635805 30.258164333107644 51.61718790635733
172.97067170881286 0.0 226.56199073285893 31.799276172784268 285.66119170752285 26.713376013271642 406.7138710524031 70.73042828053956 326.05581375229355 157.40931508250048 270.80264337766147 217.99334558396714 191.62723520611905 204.4423247940769 174.6152828506517 129.5900320212541 0.0 112.01251703383633 172.01813852956263 68.86353010413416 172.97067170881286 0.0
39.745955196861885 73.13391007453797 30.141001072748097 53.103466728171995 11.992349445582931 53.81667536496485 0.0 41.20032072748266 13.479828286462421 24.60324970040682 12.569578694875318 8.798395864496385 24.941418920254222 0.8761516853882938 38.820415228079185 0.0 46.57996877734105 16.706906889552585 67.3736250291659 0.8565686667168961 94.99303578151554 4.944594808164055 77.35898485165342 29.17926684498559 90.23801135442682 49.68161589238761 58.936760854530505 46.16724822218703 56.85348565620525 69.22464667456788 39.745955196861885 73.13391007453797
31.267186967162303 106.1575284691689 0.0 62.26915655292781 21.754917689733162 0.0 86.12651775341239 12.45918312158772 139.07598683248204 24.256391948084186 176.55666712371877 81.99739977606312 144.590265999366 150.47113713126788 75.19611619775729 87.38534607632349 31.267186967162303 106.1575284691689
34.42899862687479 75.90978494997671 7.769073697099998 78.02950699794667 22.72334498679676 44.521067165782256 2.3533020259025648 32.15320284079367 0.0 10.253070340331305 32.98940789046978 14.433876178760258 40.95840987353341 5.613491117830421 51.21832698524963 18.186798111807278 69.56908192763069 0.0 80.81883105891342 11.295607470753367 83.19878418335668 26.44705856157009 94.05700552468005 42.59471672143471 93.6275471351455 65.98100242777821 66.9566335870458 65.13739494182823 54.67604278537242 88.89893581603948 34.42899862687479 75.90978494997671
90.053570074435 23.673298934337545 66.96181588221066 38.57505915364697 84.35989803202051 58.05634485098711 64.27642414666995 59.11344487504356 61.585207655914274 88.40637126199357 41.88841057770317 71.63018527336814 46.38391422369338 36.09134986049077 28.058298740161604 50.07078266296457 4.058636059955603 47.99364118582984 0.0 30.812193549068475 0.18319707973248 11.492543910139055 23.91122396679073 7.679458697269617 36.42548643895496 0.6505818465949389 50.336747988375365 0.0 63.62098224505202 3.983026315019778 81.93607737314984 8.074296326416793 90.053570074435 23.673298934337545
96.54587706766749 198.46478068608818 0.0 136.0624002011892 77.46928990210151 0.0 252.65111400717888 117.16887527930066 96.54587706766749 198.46478068608818
143.67837562677371 282.0687180049312 101.12268055097292 229.94240040292598 0.0 250.04034840026816 65.8029650791575 166.44194040113683 15.113922583597358 87.82467495463737 107.82876952246383 115.56051043162122 161.2317333938541 0.0 224.84129985347315 63.20317124628201 289.3486316668917 128.00939079875835 173.1967055949438 183.4955319600034 205.20229879213994 260.42185810286105 143.67837562677371 282.0687180049312
57.75444641896786 192.2580191234021 30.85919786497169 134.52378661703034 8.06309687544018 86.22191810952201 0.0 19.37671594355541 103.06302060631731 73.49022441839423 121.16018802384654 0.0 179.45725326932194 6.687685071367653 235.96725917981308 48.55731559625313 225.7953093225707 119.44909624848877 199.65300428248597 187.57294294292416 123.99092904467228 186.22249421791474 57.75444641896786 192.2580191234021
0.0 80.57998610682178 10.539316025415275 11.280961920586648 77.95197192320327 22.273642196985 150.85752465539218 0.0 143.70910098263494 72.84428134584515 93.018290533767 89.30806043675985 64.08252517246108 89.44477039655042 0.0 80.57998610682178
0.0 58.266020346575196 88.05853760660528 47.40182142265783 127.79312804156018 29.420302214180126 186.56389658324815 0.0 218.5424010378823 53.06806652486362 211.3468659457946 104.48406194491362 267.8679859244976 166.28239475783738 218.9097749254691 213.19942857217336 155.35251396266705 224.1994760756986 88.57526518796888 249.46915688166172 50.70775562803442 183.78714785204875 15.935751822338915 133.46900985911157 0.0 58.266020346575196
0.0 53.612148296944326 95.1346253399669 0.0 200.4106563304723 26.593227371795663 229.47832604059553 140.41827435139498 132.497655829833 206.247146361109 54.11620429562887 144.76733798293924 0.0 53.612148296944326
130.93520674004213 0.0 208.94508639692435 115.68907060194798 287.5263284613348 182.05224444449328 185.56334763211868 196.94539431677333 90.99273702396601 231.81928240783014 0.0 105.86790229377999 130.93520674004213 0.0
0.0 126.1009406899065 133.3937752987602 76.30209188823058 92.72202991805267 51.7029988092997 99.74817822475757 22.140367340085525 126.87169301930719 12.917346923507132 159.547529275711 0.0 186.9567030591861 23.87585810395052 213.56530096233158 47.437134958421694 197.64434885847666 82.3223506112333 186.46821699749242 107.85984625891653 151.14316886842442 103.47845757853294 149.9148223870972 185.22503458833694 110.51920320567604 151.3445777785862 88.21393934489464 125.32337734382243 0.0 126.1009406899065
139.72062363313154 63.324478084312894 131.19314767325204 84.90059510011994 120.27758854570881 121.38747875565667 80.26047685692356 161.22214429872955 44.03999921920942 123.52960607441946 0.0 104.6322449694253 5.9796315099593755 54.284709177600156 52.04653079515097 28.84234276195661 55.715115246366764 3.496141557655939 86.64897172355147 16.481061894132857 103.51100679968846 0.515376711438897 128.48817500586833 0.0 174.0453298821007 3.3083908641857462 149.94805945486306 43.00341773848931 139.72062363313154 63.324478084312894
88.99382407472214 13.041846203314748 102.35105421906458 46.13449246243712 70.09030568548154 73.56847648030643 52.48506028720381 35.32136997037985 0.0 19.451218695670974 45.117871175845494 0.0 68.38236486551071 3.664128306064029 88.99382407472214 13.041846203314748
194.65519959613098 48.00218380408322 300.6408129931849 46.31440260453277 246.35895906168776 148.85689844794877 231.53079293164134 198.25239258530632 204.8507279096592 251.24679839184898 149.01608481729187 229.18570976042014 97.14835562913379 229.59948190102585 56.23704976876907 192.50437507179356 0.0 120.06235637736557 2.44986023220423 0.0 132.06700845625807 40.63419816174803 194.65519959613098 48.00218380408322
183.02280434572717 32.855668209379445 172.40971747111604 87.06008119984685 200.23968436794698 107.57513323030902 218.7001004085834 157.50783828049458 166.52590879648875 158.3418772053192 137.57400608657272 120.7159746455654 96.02273243570853 172.5245339641416 137.82295965812713 105.59411127070223 0.0 100.73384423588259 79.8970986522988 70.54154422512333 85.43274715690845 8.117938249162819 139.62756336425633 0.0 183.02280434572717 32.855668209379445
223.47421321268877 17.222059202175345 100.00653091195946 115.86546324714467 0.0 86.85128361661523 66.7327469206877 0.0 223.47421321268877 17.222059202175345
213.66357981196217 213.1809801561068 164.52342187412233 191.17794936297747 139.40989753151422 218.66262546618586 118.14648424908566 192.9294463582999 0.0 250.11110704525598 42.4009553144563 166.20267728949116 70.11300618596812 125.79064343684841 72.98761153077723 87.9869066124006 109.89098951220026 73.16350379297941 142.59250745235522 60.85161334319966 196.78031970687596 0.0 216.72994043992367 66.70179091459995 198.06457452224618 120.76019444923736 320.21915120061635 142.03901253864967 243.73677019972536 185.39097812678273 213.66357981196217 213.1809801561068
51.855005840800146 7.233775439808696 56.603568453845256 18.213228768050968 70.01243745670362 23.930923485487526 62.9344468844462 35.65777189930877 57.38473227684868 42.93443786185442 51.86274025844824 52.473182763274224 41.48835134973679 50.05044906017929 30.277171820545036 51.02222292932011 23.538311186901396 41.75839821607157 0.0 31.237610284843356 33.23860552601393 25.956362486913562 20.945972179586292 0.0 40.74714493830196 12.176626706863047 51.855005840800146 7.233775439808696
102.04278040763747 109.71072310756401 72.89541665385045 65.13384779393746 34.930352013363205 69.7953717737472 0.0 33.072553752156736 37.34655047028514 1.6394946900218628 76.54908092361941 18.5408703302775 96.33541226860346 0.0 120.54120209658882 12.322377846067212 133.30873655332667 40.91336492660527 104.83520058073242 55.9424465611731 102.04278040763747 109.71072310756401
233.11098154382617 164.43166536299066 196.46176761573906 189.46360966467142 177.10515987346974 218.15798734478926 141.94300649174727 217.21007435961113 95.55907241408994 230.06696756192292 77.90843839677876 186.68501925599446 0.0 133.49045753644862 69.22786104397358 89.07114520331027 102.47439945843837 32.148429925637274 158.10190035823348 98.09832521000949 267.362713739034 0.0 275.94511459829226 101.2938179220991 233.11098154382617 164.43166536299066
58.99459289727696 45.697988687690206 121.90792016789649 0.0 206.96682198004368 22.390694471565737 211.03640019375086 112.6746782097455 163.18791135119608 158.93950746377726 115.62739859084624 205.513757841872 36.47654452438587 185.58184215527262 0.0 105.623006393479 58.99459289727696 45.697988687690206
88.99936487987324 180.56335192102046 2.0665218164997157 138.22255729861237 0.0 0.0 132.80955999138476 89.67321488669467 153.85138218736464 122.68568260441742 299.2795637691854 158.77795077594635 226.48200202303394 257.50458391692115 120.97188273291611 243.7921935499253 88.99936487987324 180.56335192102046
0.0 81.29869410274142 25.07619753026603 27.203780794163727 50.66887492834542 0.0 84.29143613881338 13.832295487045208 112.18201870152738 10.531327423433261 141.29644208588073 37.24902232902928 128.72251040509065 77.84994230139495 88.73082421477139 72.5118171860716 53.21983780901135 100.42489494580107 0.0 81.29869410274142
0.0 67.61652436647513 155.64670807795028 0.0 236.86197051551773 178.76638916325948 50.09069072942962 224.1892899720952 0.0 67.61652436647513
116.85484169121645 87.6681855259292 43.358476697984486 107.91751457176099 0.0 11.345359849235855 100.90367727011323 0.0 175.57193855765053 0.16061898463160418 187.5662304307018 87.17923625833143 116.85484169121645 87.6681855259292
211.19167602904292 75.52874091043856 143.05609484509273 100.45222593959527 151.02158148690268 160.1584754884209 100.22539729395535 145.3435106940484 67.0242270914595 139.31504255665675 25.374119561257004 133.66360487456683 0.8191461691108657 95.72621354958467 0.0 49.6540843889418 28.499816351589615 13.457235530987084 80.60681096955686 36.867066243089184 105.19096349224688 0.0 128.62418645101656 23.01144373090432 137.84282657877714 50.075776820738255 211.19167602904292 75.52874091043856
143.31021622127287 82.24650507100111 146.72346899944398 125.71307821715155 97.25939797263015 128.65690111261858 67.39216521690213 127.63237526866664 43.32330117950266 117.9556733680109 28.70944469826329 101.30572138205403 10.335150602301503 90.05200474962504 3.1984037940163432 70.9620166992706 11.171389898593013 52.35334953807584 0.0 22.418382009013207 19.056008799757947 1.6701082367360556 50.27798222993612 18.24525733866816 72.3856116754531 0.0 88.66171380086394 19.267753434832628 129.33951078109794 18.302715970813395 101.50192088202948 55.79527549777264 143.31021622127287 82.24650507100111
34.495366486617925 63.86859890102477 0.0 32.13208808262698 42.23512716608252 0.0 66.55398525108373 38.672146214293804 34.495366486617925 63.86859890102477
37.148657979819305 41.02340058074894 53.54806659783797 29.54236010369644 70.01155671109377 41.38014978316093 105.41151348675415 0.0 114.0198083349862 34.917466770735444 95.31853045415679 58.890747687351706 99.11499169381379 79.83849419321133 84.13924744060854 97.90737684027968 59.4580883178475 93.61214259917915 39.144087009116674 82.78486318567406 0.0 66.71904148033549 37.148657979819305 41.02340058074894
106.7434936147842 117.69284681413785 42.1091476807363 114.3342282999403 0.0 60.35838347889131 31.738691159951287 0.0 120.3950846261435 52.096477394190046 146.26497465298866 17.687399299265167 173.2443651366855 41.99142932634444 175.8817654691693 72.64848137459511 173.12845674218596 93.46075081140148 220.6725023825385 137.1795780806919 188.96604134435614 171.87922401226533 144.10419733388608 162.0604396247485 98.48064812790162 192.2675683373294 106.7434936147842 117.69284681413785
