70
47.165394170522106 38.15350005096318 50.447982199933364 0.0 73.0860005216234 58.252654062694326 85.8329414068022 42.482978511681075 158.8845890340154 17.59807519779806 126.23182646311707 61.29458991224866 138.5617265785537 97.87787466762987 100.03439159889992 101.60261573566419 80.4964379152322 135.72860318905455 62.8025008758777 86.86348643747752 40.42325243643015 87.97861966398216 0.0 77.1640433367966 50.17868143099338 55.15473378624193 47.165394170522106 38.15350005096318
88.55363674408667 64.75102333388196 145.1992630844566 0.0 272.6976855548925 2.676466693196005 203.45505409456058 123.3273318964643 230.99518121267306 216.89776479413203 140.909050010047 240.27525767203343 88.23965622190198 166.6274096743273 90.0122116047632 129.71022672221633 24.895754666147297 115.37680671677 0.0 39.16725046509961 88.55363674408667 64.75102333388196
164.34580364898073 86.37415426140187 167.78379666692973 115.81845755951765 137.12245381825062 121.70859515277873 114.56884276843336 124.0482267607308 83.31117602698119 173.69402204879896 51.84550378055266 151.6682208018134 26.02764518799205 126.0681167960225 11.589190539185267 92.60908037753128 0.0 51.833833798442 37.94317208047181 26.904411986334196 85.68766730968255 39.83316054521302 95.54977910171817 0.0 115.88285833963621 35.67061559294556 124.90450326523407 47.992233812039174 181.3837680876175 25.309758978167295 143.7688428872144 67.07808092503339 164.34580364898073 86.37415426140187
125.069321937275 154.23570231242468 94.8777352865084 167.50832191603877 68.98411724863666 150.58891204222738 43.54608550656383 134.2493848312144 53.68916807942287 101.58268215524971 0.0 64.09285432381908 34.94345810151381 35.512880768189106 79.5691766988241 43.01575656195382 107.94954063045483 0.0 102.13212972325518 94.68747245977586 146.42463522522246 64.09274528171886 136.1149658532067 89.18857668975419 132.21498265889377 103.93310643105802 179.88713955932576 166.14515521548435 125.069321937275 154.23570231242468
315.57093459508445 89.57592105603202 289.68193107100217 172.90815961887657 271.1791722241201 245.02535620260895 188.82202721288493 227.22889913426553 138.24443639022698 241.08162391662069 100.52531055834936 206.46550699875615 0.0 170.89943214107805 79.92669739292452 105.91480324090162 147.77239082519492 117.44334684328932 168.92431360573786 0.0 208.26674971421187 89.25699000288728 315.57093459508445 89.57592105603202
231.60887203041642 19.800222532410743 194.75187458094388 91.8140313084854 171.04261152801132 119.6862653433047 180.60125458637387 207.37722707036266 108.54903309695194 216.73437410182356 69.76362744132604 156.84735810143485 7.136996148762762 124.8318355977949 0.0 56.942363299792355 69.21253631909875 29.805530803947995 113.32075216788012 9.435867156167404 164.0951279290266 0.0 231.60887203041642 19.800222532410743
115.11427358832425 0.0 135.05073400167834 64.34364543614498 173.10724482384734 59.94672933367774 236.90071463611574 80.74088272845584 174.1273908928005 120.64651773714907 199.42001910143426 176.11407447540512 171.08960866016253 236.54495523124967 110.98879153951965 154.6476325491947 73.28970136017773 179.61895240403672 11.33567079152155 180.49650896407127 0.0 128.65576130457472 47.84026300286948 88.12854246127092 42.640206478360966 47.13566670066448 79.22219165616147 29.73540607976203 115.11427358832425 0.0
32.078363891004656 14.556779703519368 43.639445621716675 8.951358198016536 66.11116282349707 0.0 73.18083463652331 19.941044186472396 60.22160932654154 37.146613503178614 69.06742908973553 53.03866009527803 55.745596728042145 62.069215613390526 41.396851769817516 64.89321408603757 30.472169045539857 57.18130915786868 32.866410209121256 41.77373064122986 0.0 44.232972376937994 14.615893143188401 28.340131545159238 8.518138525496568 6.234736229783209 32.078363891004656 14.556779703519368
59.13118574561645 211.94303441931478 0.0 181.6455814872336 34.34586605641756 135.50115847126483 43.65460297345206 83.65019756173574 92.67485735637268 68.69089612926234 142.5116380845564 32.64484874582351 221.3221602559698 0.0 188.33450487082902 128.1126452986743 203.81256418439378 153.46441494092346 158.71585626298776 177.68722128343194 284.48285814053963 268.82127018472715 183.89939904174238 248.04928840137865 145.88984811082955 249.6237210387729 108.33043795148001 268.24953846502325 75.20668391822562 243.99074715128344 59.13118574561645 211.94303441931478
139.40597126613162 158.29543944896366 0.0 183.172856792447 103.08084535293193 51.72843269352761 97.37335747348595 3.408317929588037 144.26343600787186 5.759272818978303 178.08040022544816 0.0 234.4156127537698 14.789042978606133 268.91161648772373 86.36218522048034 242.29573993621221 181.46095912472364 139.40597126613162 158.29543944896366
57.883393232386624 38.3819307615929 134.648038967282 0.0 137.10024522327058 107.44802902815522 234.4902307152662 102.66564849308232 212.43525402583435 172.97701874259818 137.95252568561742 115.97468902439886 98.09244357429867 153.54131283414208 0.0 115.0290180464346 57.883393232386624 38.3819307615929
14.311572084625013 44.466616299358606 3.2225236227531013 36.29640107401032 0.0 17.35452889150065 17.867567623250892 0.0 40.6132132994028 13.302116666528988 46.70239120887052 37.178030107707514 26.60265497893967 44.64484272256688 14.311572084625013 44.466616299358606
25.97578930715821 60.31955504347846 9.126625034186745 50.39845580993463 0.0 28.289654123742693 25.103024453027274 19.26160041624084 34.99975935895368 0.0 50.15049112175265 16.933595018424114 68.70999630507329 21.947005418774552 77.52835175120977 42.529353139262824 72.99784764886222 69.28937576836194 43.47979319257324 58.0177981925836 25.97578930715821 60.31955504347846
40.931538633362536 109.99561016749549 0.0 0.0 71.99327538944887 14.026739838268355 127.66280435224849 43.95912690140818 40.931538633362536 109.99561016749549
140.657238862106 0.0 201.7487276459866 56.66125962180217 207.70990517922814 122.30183371488755 232.1685400909817 230.73499587806884 128.82768890419814 215.9449702120412 43.49849405331105 197.54320427045604 0.0 113.47008497411755 62.59567065850706 40.34632601995611 140.657238862106 0.0
73.11063466909638 0.0 79.88621617713883 32.08860797385581 101.62343073098333 41.399930982187634 116.10636619816489 66.26911153925113 76.34340164554322 67.18967815115553 66.75276186997871 72.73319328526216 47.9260113254414 100.74307275323065 35.617124878825614 76.9678650660949 0.0 67.93305039546777 7.305544926970384 38.156498750696905 45.36981028889783 37.397772153346814 46.098185058489484 5.951029537998316 73.11063466909638 0.0
25.82801301066067 25.069500243590767 17.46164188345621 16.012447613779727 22.394740137396596 0.0 38.437702735639874 0.22610443562304283 57.44730505708725 8.789891556447017 66.42791809129253 30.80379043709918 39.87137013061236 38.63706259710027 30.574770418665565 52.16052327029152 7.615693246533226 61.315239145603314 0.0 37.605185783337745 25.82801301066067 25.069500243590767
116.73909001393217 117.05744590370908 84.59046038122894 147.70293555492924 51.58090283113364 116.10281941006214 0.0 71.69615628736112 44.91763649866625 21.866299929927266 103.30642757615092 0.0 129.40147239663588 59.23830499192617 168.09222728663514 97.03110350696721 116.73909001393217 117.05744590370908
9.649683359698301 77.39496238920893 0.0 42.07372766714358 27.721985173795417 0.0 88.58916035775283 11.57919941182439 47.68513200925344 59.39445935025426 40.855934374515655 78.0792035554887 9.649683359698301 77.39496238920893
48.818117590795865 1.1446940771437895 63.96500978936952 0.0 74.45699892622841 11.353449263817033 76.91006131651955 24.744051098718025 89.61038987233216 28.60465568783406 89.17683646022006 40.50248803391468 118.3594653896665 68.0568118963667 92.05595935640225 75.02928391398154 74.33941991756137 80.21683431936083 56.708222180313825 81.93852653009426 48.233108922106126 62.79017668306265 43.913860379858846 52.96944687305565 20.939665958254466 50.63114453871027 35.125582616994436 35.77641271519415 0.0 6.272355093761682 30.950105430962253 2.6892419050512117 48.818117590795865 1.1446940771437895
200.63493275476225 48.134453763681144 193.26088196106872 92.60900304023482 253.48889305725618 159.57818782070365 188.37776704400704 198.518502052982 124.6731324169493 204.15931839462587 96.82767775672122 144.26486104424134 0.0 143.14694580885777 66.25170366073337 80.86932427197505 57.024425024954695 20.696870994833688 111.05775712340937 0.0 152.6523160248347 43.49065938780883 200.63493275476225 48.134453763681144
120.40999367853775 15.971550853157808 129.77015789881668 48.09861898325033 157.84600656657432 75.46047591627958 141.0640532649826 105.61027300471048 129.31501344556625 137.57437022563582 86.95839523812694 123.74885400433257 65.87498812283226 140.37044071007634 37.45335255937579 137.41965224529747 25.993615919977742 110.23666751450156 0.0 93.06766892077084 41.65421908420605 70.97124787101137 22.02685311542953 43.34496114573294 44.884233551011505 36.18053332870318 64.11347681874663 38.14679798443677 91.49607300102687 0.0 120.40999367853775 15.971550853157808
160.68337891003705 39.473312121125836 101.91708890356283 100.75566551665182 0.0 65.53202835224252 87.7661045777335 0.0 160.68337891003705 39.473312121125836
0.0 2.9009327896088877 62.05836151730784 0.0 100.51091439646288 29.361338431576 123.71140302135898 19.331279098767354 147.98365853323304 29.4896696358808 125.32761271429746 60.367166329520416 137.74530507380314 75.09513138127673 163.8576994528441 126.4411947856091 118.96700600876447 117.49611943591557 91.21880348573522 129.6760211158793 71.96208113744241 103.626526845066 52.217796552768995 87.37748303866226 48.2910030422925 62.05532116161129 0.0 2.9009327896088877
35.7415175682486 46.65904717526203 19.959428727768696 42.6359333869803 0.0 18.781017591879092 27.245377922782183 0.0 51.25195088959087 16.98797018376564 50.46272524328782 37.39726235268813 35.7415175682486 46.65904717526203
37.60945178526883 39.69972069069546 24.772103229434876 35.271488930232294 23.714115379760614 25.867289519104062 0.0 31.388884719102933 8.078763334682293 17.778735066148414 12.384882990129313 0.0 28.93928155191783 6.057372375005684 54.52114410499139 3.517143265849299 43.686079436781796 27.255816010649184 37.60945178526883 39.69972069069546
0.0 204.78085778596233 44.013582443352675 116.24445235639782 18.287201488881408 26.598834880508605 101.53267826774035 0.0 130.5905849912425 119.75355477451468 257.58256848973286 35.23512763329198 294.64403188546123 127.12481332634228 191.2315894496443 165.76864595876634 167.63758137961756 251.2031364049446 95.5479652340697 216.92714682854353 0.0 204.78085778596233
161.6915359699829 155.8896773325787 94.77285758856968 155.03617600412767 33.36489791183254 115.47877478545414 0.0 23.264187821058876 112.74442893106979 38.592253252942555 157.50255424808603 0.0 272.51354324397795 17.706148680954257 227.6807691812855 116.20057472125964 161.6915359699829 155.8896773325787
131.63455613478874 226.12446843110874 57.87459824480021 201.25261154079956 0.0 111.61445383028833 104.3285075849781 69.25707275256846 156.49941201456915 0.0 207.3096303755472 67.54983600404097 249.55188608862417 112.5849544304383 264.2560218109966 183.38500020785455 165.00195476033642 140.8339684170888 131.63455613478874 226.12446843110874
39.055733584338924 19.94893762911976 40.22973104995778 29.255165643036996 33.901629248664506 35.904488887243 81.77804059700027 49.42315288048632 66.20107479368615 67.41650560855533 46.059491322261934 71.86441471553417 30.033011331717944 72.75866149019521 18.085461939583027 60.17532005118917 0.0 60.16231652027347 4.272269640667091 41.9822607513285 4.243197208820973 30.020349648116614 14.342153675002052 22.854607870621145 14.247463876267105 0.0 31.522827608544162 7.307574405968943 39.055733584338924 19.94893762911976
122.37716617776445 192.38488792204257 0.0 21.39190129190505 197.01010798414896 0.0 300.86814290545607 39.256676907311046 291.52528869597256 192.81320739905465 122.37716617776445 192.38488792204257
43.70334920723596 61.730684483467854 20.0893577590019 61.67579726640534 8.919920156399854 42.779119552926375 0.0 23.072445131532007 20.147942692777463 11.6845910792902 41.92753293616259 0.0 61.96612882437833 17.864252418567915 71.09286270554198 46.921052706422614 43.70334920723596 61.730684483467854
0.0 79.51113362987356 66.13264560235191 66.78179315730269 83.34334363873387 0.0 143.5207839062433 18.326421550152943 169.56081761263863 68.64806914613574 253.72962925010694 137.60180630978067 148.85431425889328 165.0477945191281 98.56374506477039 158.24213682583354 46.08511256103009 181.90924678532332 0.1621456740088547 140.63083083306157 0.0 79.51113362987356
315.13842479411767 109.86335236419134 252.58535607168346 180.1811000240927 247.83751510444492 241.099165861737 192.3240005033452 237.3436674243209 114.1899984010011 246.31536418336987 0.0 174.84700180141925 66.62899302717048 69.9783343882969 192.97616850497764 144.19946065708143 274.274037824546 0.0 315.13842479411767 109.86335236419134
289.34671103105114 131.30712093710346 125.58844356575986 108.67407925114718 93.34748063263982 255.41115745467508 0.0 192.22067553600658 48.5330965241357 89.85524616450259 77.947525216471 37.29321272738467 139.21829403333317 0.0 152.6396964652936 83.62897512250497 289.34671103105114 131.30712093710346
54.77775270088529 55.0508045139283 33.16088140683087 46.50930002555286 20.950341265171204 40.0159022612593 0.0 22.896347622396405 33.952079224955 26.88705459046834 40.56797927635125 0.0 62.27128813345723 9.386546553489879 78.14522690877365 34.75657168273678 54.77775270088529 55.0508045139283
90.60321826163575 141.02677039493608 50.129977137737555 145.32733504819123 0.0 130.73863474106167 70.93706597552193 77.64337092765608 25.093595746492298 38.678833875314105 45.69817119426629 0.0 94.32973497706898 33.94413260375458 118.19757555306987 14.064398937583427 159.7989695256265 7.225021943434683 195.4899624401437 32.231869224789925 191.75387715807548 76.83807283173071 154.7485008198828 102.15497788782612 126.57104386653691 106.08658849028238 123.9342390775821 164.73382059242948 90.60321826163575 141.02677039493608
143.73675244257754 103.20875728625691 144.4399363471537 170.22711989710945 101.57430721688726 115.22813772249832 0.0 129.3924584341242 2.5436570876061353 38.24095248853467 77.10230943019786 0.0 130.53378212803295 49.11791371263827 190.6396288552486 60.11021976085573 143.73675244257754 103.20875728625691
90.0406027121824 165.96612435469547 58.49557303212681 155.08727814493352 0.0 169.68211757978065 5.291941090219154 116.13234096695079 4.832385373726538 76.19642322114423 46.691090049566625 65.9324597454068 70.43356860962189 0.0 111.2198058678029 45.444187115592186 174.71131460634535 59.39150592774759 173.21390130865092 121.55028063430761 134.1434252632718 160.8834632504042 90.0406027121824 165.96612435469547
159.91196408192758 63.52807768293626 117.98398842133555 145.06172452609457 72.46005531613375 64.43357396365997 0.0 31.329680445843152 74.60060698530748 11.68000910400528 126.37555528103887 0.0 159.91196408192758 63.52807768293626
161.6320107197322 71.55339037890867 89.90379757423747 135.34266650955738 0.0 136.05814228596842 24.962556760396836 47.966810073123014 89.90787701667072 0.0 161.6320107197322 71.55339037890867
95.78162937446835 67.84479291960551 58.58655283388765 57.04517752579828 56.27762894603869 66.93886902227152 48.64954673198818 61.378857148239646 40.653600459472315 63.708864006683996 25.900217857399426 65.62328133192538 5.576660479092453 58.03025914569352 0.0 38.927608517233125 18.561688765582147 25.997901017351893 32.68272725047575 18.53082541788531 46.48745208633851 17.44269705700475 65.6323594502092 0.0 66.24218267982283 29.61920935067809 72.31352608502334 37.96617778148837 70.04809364418787 47.57920126422866 95.78162937446835 67.84479291960551
97.82552675827712 47.36784877089822 59.18456271487719 81.98795619774174 0.0 77.43258468923796 26.2539235189372 26.461788058859355 66.32673117390796 0.0 97.82552675827712 47.36784877089822
215.30260283333104 184.89089862831707 127.54413774940494 176.1706080686001 106.34819922262727 201.01040608708573 75.47644435495334 196.36720300438915 36.52372043648788 208.02842298288672 44.06142321595195 154.50436741206556 0.0 143.54880631009388 42.81184627511962 117.81587630916974 39.17226400828386 94.28646583228405 50.54158986829927 69.3648212680782 71.5232935200265 0.0 103.57856433413417 66.3217021319785 143.76054130661316 60.06238409296235 135.2501329809936 102.37449208882896 141.4437927063421 126.78585004924633 215.30260283333104 184.89089862831707
72.76890975829622 0.0 81.73333671085108 31.091531976734792 93.60363999164782 46.63832921258648 83.26729446152542 63.482217776375045 72.30661017065613 75.7504117969199 57.233989576263255 69.07756939751764 32.51727251272928 89.67328280572954 24.386342313761645 65.54715790235562 0.0 42.45493547349073 25.405845328928834 21.86755260162453 48.86823960010521 21.55193817109042 72.76890975829622 0.0
88.26737721272295 65.92280165466254 53.69802897778295 46.943836498190635 12.895094919000734 55.977138120201516 0.0 10.60911207742096 49.052851746003036 11.588418590302155 75.2679719329046 0.0 143.78902141864896 24.780664613706847 88.26737721272295 65.92280165466254
39.260588692639246 134.07333638482189 0.0 87.27859388218342 72.75668438349983 55.41731319842597 89.44132749449489 36.547336708470645 110.80846325984642 0.0 136.92606837568593 32.45011283200542 164.80918846415472 42.006655983778586 194.6585098234471 68.74130473233267 225.86876725471603 126.08301129374112 173.4503527827111 155.67939531590588 126.46378342181053 164.890153492123 116.48249841512897 78.49773320169376 39.260588692639246 134.07333638482189
144.81458888088753 170.77350873083537 0.0 177.31228830087014 57.40874298337183 41.84169125886184 271.2346704793717 0.0 144.81458888088753 170.77350873083537
4.504720082782228 56.8483491452354 14.681082538946299 34.25044713246662 0.0 19.261912521949142 23.064727075906063 16.444044736369122 29.998433293614042 11.40949177114885 40.22125079098545 0.0 43.50149866882887 18.82985514362477 57.69052596293746 18.056059885859497 78.21380693227744 28.94312572926576 85.84160940275936 55.355289108385875 59.719891436401085 61.9936086667725 42.99925823662744 74.3854450668716 27.18670573797911 54.074850217560936 4.504720082782228 56.8483491452354
30.668827502383436 0.0 38.996701806353755 23.902003257694275 67.67762663312261 53.61206783600559 26.422765092302285 63.212042815947925 0.0 41.77879329872276 3.2807618536799623 10.25826678483476 30.668827502383436 0.0
0.0 25.085579454520627 22.763599375894394 3.3586536877425317 47.829106455093886 0.0 61.55190132537263 16.755939859664892 76.57693943097959 36.32867917956386 71.51936435289738 68.83994964227557 40.3909521758414 48.67525660294562 19.969182822539942 48.39885358120961 0.0 25.085579454520627
76.654882926613 0.0 108.87221979607745 42.48523867355767 85.3019197270655 85.16857245889219 43.3863719558209 78.65910938268442 1.2814039613250756 102.55001174797991 0.0 56.374477430031824 12.720522371995635 32.76204537201844 32.07602723641991 11.253324526125283 76.654882926613 0.0
131.08750661061308 35.779197344935994 153.1367094799623 62.50030860455034 164.7620223785771 79.72573621750911 246.91876556260956 90.32036910556823 275.7434647412448 164.7510955282941 179.2467816639711 163.67288658433415 144.80122364238952 212.89396415312348 94.12003332349516 192.64002862968565 47.26204029224968 164.52892802916867 73.9347455635531 105.59609218058071 0.0 35.85124755727547 64.41206434830181 0.0 131.08750661061308 35.779197344935994
107.99252499052987 99.88677478939088 239.44431144174436 125.03321105680585 124.37043422145892 171.03743948554938 79.31345236311171 182.06896299749502 0.0 198.47689289607416 10.187688624011628 121.49316589296973 22.765572733608224 59.10420516277297 85.47702945913065 0.0 107.99252499052987 99.88677478939088
121.28010689814971 33.31290235884855 139.9381699219826 47.35703233375246 182.46913809828595 69.49945727706 136.50105743925712 90.06141826100044 146.83326683367255 131.44870595625798 104.11354775637886 118.04313584266943 83.99714717974916 111.26642607338941 56.32914944340783 134.65285870058887 61.19813226535247 91.20030898641122 0.0 101.06342300377317 20.381775123887223 67.78468913097703 31.34515725724549 46.03967333007374 32.13660995184307 16.688126412133975 60.71775544886195 8.320094282003055 86.28107755134033 0.0 97.26642553966872 40.12094129650988 121.28010689814971 33.31290235884855
33.747588327985966 91.33811474832397 53.935479287223544 52.96937384008037 112.72958147636356 61.29309134359243 117.45946638303111 0.0 159.02567192195934 5.511673540381437 160.7733262869375 80.1690373398061 184.7496566172139 75.80802971634738 225.44889429662638 82.9884442608071 243.673413213041 117.588534323111 226.5672684050285 150.64647169972517 211.42854161029535 187.3089871572741 185.51660436766142 233.52551440655628 137.65803733373758 186.7452458567967 85.06862929516109 214.60819643072222 57.60376435393161 176.24116708316882 0.0 145.72955031675502 33.747588327985966 91.33811474832397
165.13568223213392 119.11545015634859 145.30009480925156 231.54505270582825 69.32741987823374 186.644899523251 76.12759187182357 108.05633014485244 0.0 51.52450567111329 126.4112161196515 75.8275385185849 129.87466613944585 37.77966816383312 183.7069707950506 0.0 275.84959078665554 26.07019751097497 247.7437757565799 109.30239386029584 165.13568223213392 119.11545015634859
88.15823123862272 5.157944371887524 66.49490537621787 34.15429293222488 85.90079908152771 66.88415389166016 55.88411155493792 76.54226646670361 49.359952549658786 35.37060870243678 0.0 50.6076131728266 20.21466097257928 22.441889667244254 31.835922789120332 0.0 55.103236773839555 12.81754753343364 88.15823123862272 5.157944371887524
95.82484056945056 88.02821362215435 63.64156885769211 43.86086740551558 87.17182700934958 20.705452685438743 123.80464738445453 0.0 113.72042478005746 86.68961839208855 213.11733617109013 32.34554644584478 167.86263022153145 89.35913933979818 173.22095691919918 118.97195905010587 162.16105455547213 150.99687279561715 138.681444797086 185.56386066415536 102.58519791374391 140.9609383034985 65.94487491182619 157.5397341295684 0.0 154.37835335070014 35.27489071826682 98.4549810663155 95.82484056945056 88.02821362215435
0.0 28.469243782630087 85.25286051857096 56.79109416734191 116.69052094857044 0.0 161.06134828487535 25.430795995860308 173.07260528920955 75.72262989575586 96.41526793854797 83.32772459913619 115.24122932296089 127.06940554581595 86.54206483369234 131.22162983085255 33.41555281033155 142.50882942604892 9.827230674032592 93.07845993924282 0.0 28.469243782630087
57.97677762063229 0.0 58.18242866263175 21.589713631290024 45.536144444353354 34.214878415087995 32.47640865902571 37.7963149335329 13.955343664252169 43.865801359070915 0.0 28.57634457747649 0.3919815462046472 6.87416614738801 22.263821826958562 3.667449523459311 34.11376056871222 5.179791094272986 57.97677762063229 0.0
86.95015813501719 0.0 129.9256939302362 75.30282302838121 211.84437920402792 44.64307280805213 181.16610406033868 111.34678620260132 219.82422354784438 190.96067543527352 141.93644890837533 195.2290723807721 92.34748554544663 178.27103734038127 0.0 183.79051144311285 33.4772898567585 104.10224701216593 60.73515397231232 60.93182851805148 86.95015813501719 0.0
30.30377315930805 0.0 195.32090768051123 32.677899205607986 221.47466472249047 197.45320004502577 0.0 214.90320507782684 30.30377315930805 0.0
118.26537294063829 163.5019924341312 71.33673266044224 196.82970741112283 63.931702913685534 144.29275731949784 44.9806859198432 117.60974244237067 0.0 80.03965375349077 67.51444075235193 64.64311697989207 53.22835349291525 0.0 102.51199837639813 4.103688868588037 136.82434669826 18.675112159839387 184.33817132670973 6.42060582830517 197.12525681650234 51.560505442924644 250.95862298544722 84.54227488589183 225.5083431360887 133.31183419511441 133.79572874934635 108.84544820588282 172.12178583045605 222.96551034243203 118.26537294063829 163.5019924341312
110.55100625381901 21.24667924920552 79.7599903252724 37.97508528474264 79.58747803692333 64.42389316491543 0.0 83.89326499151156 15.002865668825635 0.0 81.30008556042846 2.714956330241442 110.55100625381901 21.24667924920552
214.08501114539865 98.62588450041046 264.1789507703116 167.99009874212024 133.58441413793176 121.49318172698301 162.69164797046778 260.5436850886888 96.4120150858802 221.37292771426362 93.48242347362316 117.48619036127901 32.044890246235695 151.6436231761331 17.66055419747819 117.74980568515718 3.4198268361699036 79.16060993453927 0.0 32.441723007792554 57.77793189018568 30.358407314147826 80.94042534548272 0.0 111.27852538472276 51.67244132502212 135.3577173352944 37.88205277512021 151.26256381270485 55.5455957915655 203.1185561528907 60.76326922679114 214.08501114539865 98.62588450041046
0.0 78.2823008513187 76.54644705673226 58.12177876186558 72.43426834953696 44.55177447851755 59.122065483007304 0.0 93.28305786131668 30.54280993040053 102.8880237656526 45.406875850741805 120.83042457921137 32.36399213494416 145.41483373108395 35.42369461799159 139.31244201378632 57.68263394642984 126.54941474440736 70.42051466423106 163.00460378012156 110.36861377675044 155.0103482586468 156.5981030480231 104.56200905500829 104.34502468191192 86.324689391556 116.25474791318058 51.190711578811545 129.74806057761927 45.549169442458265 96.37259815630134 0.0 78.2823008513187
47.90281984301686 76.50461264130433 38.53115607164622 65.79124792060095 40.88900913600517 53.80062479066835 13.769329637541716 55.286126912442356 0.0 33.2424068877385 9.532037909837186 4.600719496418613 38.206354159637286 0.0 63.796430917832055 3.6883674099565553 68.89875791235721 31.804162052345802 107.65315739150637 41.00622369868138 105.93298812737527 74.73684067405661 87.64543643160059 105.5168011049568 47.90281984301686 76.50461264130433
68.6673261895382 7.936782181416056 68.3915621380305 48.01538357202403 92.43596975769144 41.4015417763115 105.25920671628784 57.017311269491806 91.99602223541338 72.30350031136135 84.7189397553651 88.75335676956482 66.06691763625477 85.12575995412905 48.07953791175281 98.19625637925839 28.819120077175697 88.07248326999473 7.635343692330828 71.56279822378787 0.0 42.47118868532231 43.24846906342174 39.72413931066985 42.80057604189942 0.0 68.6673261895382 7.936782181416056
32.63368171585671 23.24238215159143 55.7094991519142 32.94139493243054 50.041612476751965 12.301847088885339 59.670204389104896 14.242999076472884 75.95564760242786 0.0 82.88201690961031 14.552221827339636 69.2016783040415 32.26119437882076 95.93938463762662 38.96536691699241 69.19460891593941 41.2658519121815 82.9791111777531 63.12262060524891 67.80493727399009 62.68827187112517 57.18226597921905 61.466229901760016 49.81561190581094 53.316700673567894 21.574817009175206 67.93436138172494 30.89572132858821 45.04822072419444 0.0 32.677869651598996 32.63368171585671 23.24238215159143
