70
23.399562881554118 43.86510706157992 10.696215331751148 40.03570951661038 0.0 31.392757439071517 8.043946982903947 18.660519865230626 21.624690188004323 19.509397562236998 18.10051995726188 0.0 25.661987637424303 14.398732070001643 48.56053374233062 1.4219737346763708 54.27040431449514 17.826527372745787 42.93179927981025 30.263222674965505 38.529951552848175 44.57957968810942 23.399562881554118 43.86510706157992
43.34250906973023 78.69415916788955 0.0 0.0 87.15911998058806 10.299389402404223 124.26685811381287 77.78098036718686 43.34250906973023 78.69415916788955
0.25783227050285973 33.427427037764026 19.11557100609582 0.0 54.84664377607602 11.081236510814158 78.79223539284637 23.860296574417823 92.9084544673639 54.738416570654444 58.35338638172165 60.57617297512268 41.80177273039412 70.69253147433881 0.0 75.2851695774556 0.25783227050285973 33.427427037764026
0.0 94.86256688779147 99.04974911909976 0.0 173.5836505162216 51.81878792728161 132.50552983657894 122.0984453556253 0.0 94.86256688779147
176.7274461726584 51.44088050722376 188.0462979400691 81.48251488789353 235.35003667281745 125.52633696118386 126.24439986480877 105.63876630101421 162.42895636981766 200.17335811664194 115.17346425297131 209.68785793029744 96.60484631316497 128.45386019093044 41.45084494852014 159.55937943579144 80.24296984974393 104.46901529588328 0.0 83.61377450691816 26.76336675652061 47.7511437178612 39.21048070070279 0.0 106.2614939999688 74.2938629989836 118.41474353094333 52.87474422161467 164.2278655304212 12.200413124237969 176.7274461726584 51.44088050722376
177.15192741784648 105.30130897287984 140.04227209202023 110.07482646990834 128.83307521716497 175.28889204797386 89.41492837680971 142.37016887029412 72.25684444907891 112.1051933210679 0.0 89.45452528470068 13.626793273412787 27.970450423204298 69.6466735560342 5.677320436268246 112.07152853993017 0.0 134.53192106833652 44.91701683360529 200.5734042134894 23.795448249281918 157.40331822870417 76.21532607230388 177.15192741784648 105.30130897287984
99.97624890193396 136.78074441646152 45.241322010651885 124.72783222166771 7.0027039140102545 81.59335570309372 0.0 4.962675179911855 81.08827666542086 0.0 155.125019671247 21.14454021559927 131.3990092689532 91.2557380998648 99.97624890193396 136.78074441646152
163.618274110367 19.829561958986233 204.82803019319442 43.64557590119864 243.67137026620995 84.86566429378043 272.49980109894193 177.99820426822384 189.94982068708475 228.12821834462636 125.62666316721625 152.2318101358478 0.0 157.8099005300819 118.39019025812425 81.5584068806049 98.00037880357837 0.0 163.618274110367 19.829561958986233
130.70475152838821 46.35463436552173 203.4607221252445 64.0070346903501 274.9076858872838 172.84093871873682 158.58571015806962 223.97720897583952 62.81080250818793 202.25893086985627 35.773508083143795 126.26761574813345 0.0 52.216922026739034 66.00408123971326 0.0 130.70475152838821 46.35463436552173
57.62936188012458 5.078987134496458 93.42824180321327 13.53139361782712 66.64640341363722 39.39122749089901 58.671223767117326 69.30035016560505 31.118157747355582 57.383631321356305 16.938175824782107 40.36927838433671 0.0 19.500422550473743 20.688568245830126 0.9293187901494662 41.03575796667357 0.0 57.62936188012458 5.078987134496458
53.856549538649205 55.73696477821768 45.20374694329712 58.86580590823941 36.34319228102396 68.87356111627359 23.00465969209398 68.18385117340735 16.058377568061758 57.099306958379074 0.0 49.837659595095914 15.37929554355837 36.55160845740197 18.581145729763136 28.597924911451756 19.06986423020213 14.674669871630442 28.937836932860577 0.0 44.686046058484195 6.522694154522171 52.13996728699921 20.262224825668184 48.4177543775793 33.745030459048124 60.567387768990955 38.03481733925983 74.18582815164909 53.22842853294067 53.856549538649205 55.73696477821768
26.056605112266986 81.15411674189914 26.995742624887647 61.442967435253976 0.0 38.811045399693114 16.852765976429048 11.092128677055037 45.711924296319985 0.0 60.86278675026457 35.70063705822625 77.48539473314901 38.78137650027935 121.06428043169782 57.219516682883096 93.3098955435602 84.31103856252356 65.18220514569057 91.91008291094782 46.09385870559702 82.04296924608373 26.056605112266986 81.15411674189914
0.0 53.129414824249395 33.97391748543932 34.37744431209204 45.58200143518871 3.5574776371869206 78.08007089627226 5.522767282743743 108.2934511874424 0.0 116.40248804254014 38.8315569601152 113.29918269404799 61.877098987449216 136.21340425601178 70.31277057165053 159.54906311636503 95.3903712026335 126.35187922543022 106.0826436550153 104.02585657276238 105.91313967961277 96.05117888876535 146.40470732759348 64.86496803517052 155.09383893528576 63.538867449269375 107.15907397803936 51.78312881783826 96.29672631862378 48.812233182165485 81.50727845576276 0.0 53.129414824249395
50.99356692113125 93.29301567027534 14.020245456996143 91.88151200960945 0.0 53.35740987085012 13.881737065717303 18.550156397146807 49.82641939500199 17.469568280143335 74.36155764329932 6.376554804896003 129.2475993113751 0.0 99.03257736334804 48.934107636524544 73.9137985532232 57.50491588471493 81.7036192795156 98.04869126483587 50.99356692113125 93.29301567027534
82.87802594063007 172.54686334410133 0.0 124.62069441653074 65.02099848844412 95.89935572943688 76.74081340448348 23.450626941597818 139.34501870238688 12.541432084216552 208.05923806989722 0.0 215.93106545708804 94.97868559418704 266.46631079347515 118.83260745042483 345.9704281208252 177.10279120963867 286.6866643693645 237.6634952718954 241.59369571601783 284.75903990092627 176.50806741748994 286.371270848946 141.7917295935431 199.32584039786568 71.05484860237064 277.80159049105055 97.79511063632881 195.42874660143394 82.87802594063007 172.54686334410133
0.0 179.75287765575118 6.120676077257144 113.38778610730283 93.69238681757417 101.16625162041737 102.98186044171575 48.27118747803951 154.58673141572606 0.0 196.8487969396411 55.5489841777825 217.41029361677897 97.66638438521798 219.49175149305466 136.391576446869 293.4961868597785 212.30910925542568 188.93528822480292 204.5888097997276 147.743943318655 182.28249361505624 106.35870721638048 250.5514804698413 69.47825917940764 209.0122529184913 0.0 179.75287765575118
33.28805276422561 59.104728551030604 16.130504632040612 28.68635977523755 36.414087681848855 6.70927519852021 72.04146174169219 0.0 83.6907023753889 34.11542394318748 110.21607346173353 56.638069266817254 123.21972671438408 98.09649718900407 77.57919846547267 107.62642304018506 51.054672840805566 111.34694204677696 34.4110348173181 87.24864023468922 22.86383261296369 80.23988142594996 0.0 69.58371739089489 33.28805276422561 59.104728551030604
7.9415165586796945 63.97304604326326 0.0 32.85699350455608 9.35331489915069 0.0 47.303348761855176 16.799960699253525 65.32696157540352 12.840611226841624 98.26310844772041 16.929631885996237 97.41479499220146 48.593176895367456 79.76133879130677 68.10627082742693 59.67973104759898 84.11509619458872 37.498197094393035 70.81623211666044 7.9415165586796945 63.97304604326326
47.80754884617737 8.660063220069318 62.325313561105816 15.406113900506625 92.49531223428653 24.461199852903846 66.47003685262784 43.669532744232384 62.28866786122464 62.3224182867647 44.82323677625361 79.9079072482075 21.682588111055423 69.98872223783002 0.0 55.151464356243295 14.273183663119738 32.104236246655006 24.14783122478248 20.437548480715023 29.471369567289898 0.0 47.80754884617737 8.660063220069318
118.03199834142285 21.75622373385812 95.5241443102969 94.43124980752397 50.30802427532201 46.470904212996984 0.0 0.0 65.65971397313034 21.561442093599922 118.03199834142285 21.75622373385812
30.739098529048817 79.83799303465939 0.0 15.965534158545793 68.108092229736 1.8475384369848058 144.96923722879325 0.0 94.8006937934922 59.93123704577353 73.98822398670919 78.38848410185311 30.739098529048817 79.83799303465939
0.0 132.18735487486083 90.93220110331839 75.25115941952535 119.42836309912508 0.0 201.03604717661312 5.54723955208739 264.67084450988904 37.996478266828234 275.00742885919794 108.13064567944176 340.4959862160491 187.234568235688 212.27164727925975 172.206380205029 190.97806097036954 225.9356536618201 132.08373124228214 237.9866143988753 39.78751409555352 220.61545000009326 0.0 132.18735487486083
7.29954652446726 111.51977823051686 93.11917624411015 132.76024670501528 107.05116243704789 113.518382385253 169.00198418636694 0.0 193.09380547377015 87.55224432306636 176.4691285258454 144.51860106732744 279.93293070430656 195.498933557446 209.507441848106 240.53717436682203 135.3061629092992 208.5854594014348 111.24530918145763 227.86078210577998 75.55518405155976 228.24094359685287 0.0 232.11524450395845 41.03869491297411 166.31953979835288 7.29954652446726 111.51977823051686
10.844328221861758 100.46201122111643 12.41699511835509 71.8608827009476 15.664291257717792 54.648749125238005 45.80606440445378 49.84563164575999 0.0 0.0 42.11577125596459 23.197374172544748 54.32202320924911 9.08451061117804 69.46652160705025 18.44372264845878 85.97420695610867 22.04151124300558 107.35364980086177 30.555828852936166 110.18513522080544 53.3971933393511 68.93905314199398 59.015488739389134 81.17147873699133 78.78684582431512 69.7893241764022 88.54745702031184 55.46278991732875 93.96408013069134 34.170037563509695 107.1984720313985 10.844328221861758 100.46201122111643
35.23078829091206 0.0 74.12435481384773 38.750623317289595 27.339079090127456 50.57318588546701 0.0 28.49166093455446 35.23078829091206 0.0
20.80085266461495 207.76427171562688 0.0 125.95457746610744 43.47255602840235 56.336195765506744 108.12716018240945 26.255420951971047 191.9687287072391 0.0 230.207127489293 84.65124097417498 271.3820330565619 171.82359941103155 146.290124457039 161.36337432330455 112.96759179231226 180.476510761643 20.80085266461495 207.76427171562688
53.796478105235295 55.402183433884275 61.97762941031539 0.0 114.21724197835016 5.108152277431898 191.5856111928904 21.040886657833873 231.64987405566305 111.70702525427834 134.3296057095429 144.24981491187484 79.52254952481039 137.00665906949735 0.0 159.52744991424584 5.208637824819377 83.97276780664998 53.796478105235295 55.402183433884275
143.00000562345053 87.04801315512117 105.06736579879527 93.15907797324908 78.11396575368269 67.87992451735998 45.75861962007119 125.80341177011968 29.387256249988525 90.83840065316971 0.0 68.89045451694554 23.0116436108884 36.72978845029415 58.375738234764924 33.934847982793826 59.53003186044589 1.6217660521327204 76.52437600494329 50.186792787067674 112.50506311459635 0.0 129.7069994523631 22.322375292044555 148.83724252814068 50.848840117134 143.00000562345053 87.04801315512117
47.92138687765254 257.7033404739483 0.0 145.04795246067073 66.85169020637493 112.93218126219881 258.76009763575894 0.0 128.93469609876593 170.6985549738364 47.92138687765254 257.7033404739483
228.53394251532995 208.60706485351025 190.22618491385396 221.00603120817337 154.12618351947083 192.51212304134086 104.56331893116108 219.47649649644833 0.0 233.14234715410302 78.79358585872414 141.99836206708193 15.307969920655381 86.57955858965198 134.5333471747282 105.78899368209062 117.50158445894378 40.04051011733159 162.46842675229829 107.73481311036811 212.21419100370346 0.0 224.25337132203555 67.2693640873513 225.08810137842144 103.80003661715493 269.62223591943666 133.1636992708208 251.68832177124963 173.36303651605056 228.53394251532995 208.60706485351025
77.81134803653734 120.52485616084746 25.618162758476394 112.55403718809427 0.0 77.20735944550928 9.433027342224356 39.2901153352429 36.67141807191168 0.0 74.15113322565944 29.028336414731342 158.1621469737534 75.07772631949913 77.81134803653734 120.52485616084746
113.17978393632949 58.77915941629243 166.49692890985767 0.0 195.3113042857812 53.69050914424838 237.20387002561495 132.78562127387733 156.10314140746976 169.9217806126583 89.03628122931391 152.67738742067664 27.176251429570556 125.12469629995834 0.0 51.8177948716602 112.3081520127299 68.7421557502493 113.17978393632949 58.77915941629243
128.70919415575938 112.02750780013997 72.76567352390059 131.5059674008634 0.0 133.07611670477976 21.41338375190027 59.04179300294285 16.540310487081037 0.0 72.70110502548054 20.918305796987177 110.30118285576054 18.740679386011074 171.96428104153847 55.978357034367775 128.70919415575938 112.02750780013997
257.2346538320684 141.49301385219155 304.5763539086489 184.40160763616177 269.2934667488822 223.15521183360727 253.66069174016724 277.2269132023148 192.52756526296895 246.55669239071972 149.75744529385256 272.07626588339394 122.08714569104811 235.88388222247937 119.71460363455662 193.54848407042044 147.75080971762372 162.56491304689564 0.0 120.61899487597913 105.05685816854643 110.19968154536778 111.38779339081256 58.12030577188288 149.2737930202254 0.0 186.0994239505909 111.83414466339387 238.52770595565414 65.56891787308604 272.28681547526895 93.09874419584239 257.2346538320684 141.49301385219155
88.12612827932765 0.0 151.42477324781208 87.58787242333982 234.2736181569092 52.53762435490995 289.363447564669 143.7008031472464 167.59708021699652 142.44349227985538 94.2987148970206 254.09427746525768 0.0 178.86824526336267 67.48015705979361 77.6958752679929 88.12612827932765 0.0
172.4813175073818 105.29163388632955 56.72839434414371 133.64462715565162 0.0 118.60739385013285 4.424508656029417 54.21494202006298 88.85321449579766 0.0 172.4813175073818 105.29163388632955
116.76469417174027 68.12463563365972 167.39229426203724 0.0 208.54539118159047 55.24037970587355 245.71343310124578 114.4181932780887 219.96322727029013 178.73651039122797 144.0953075995663 150.45844709705113 110.49800957987557 172.45640179635183 19.587738110749754 194.12833290465517 0.0 114.12975573491231 63.172039557781446 60.56690909370109 116.76469417174027 68.12463563365972
53.616653812221884 0.0 119.16755838212757 12.076080200435818 149.3268443859318 67.92110702075944 89.97482117741123 92.27771759398695 67.67732482024668 116.55496504337668 0.0 117.32519617823121 35.47253278247547 58.19281660925098 53.616653812221884 0.0
75.22109793211708 60.7774205831684 136.74384814967283 0.0 180.2121733911366 59.151685314222874 181.10926065950332 122.18449013762016 86.99977226690444 113.43129877027819 93.6094558690199 144.61821963284768 68.9950522163447 152.1335935964142 0.0 161.45275351659632 17.274493139463488 106.156450239058 3.2515965927441783 42.22483937526469 75.22109793211708 60.7774205831684
131.98550051695668 319.23357123465166 103.43590776846958 176.4488290206553 45.169862173072076 128.0233913809932 0.0 22.834854979360983 123.00279242655859 15.98021037333973 192.71110753206062 0.0 261.1160530910984 36.65323509828961 255.6750465238166 109.92302367407102 327.39946783183524 209.6566608906528 224.80861827669253 244.65196495393832 131.98550051695668 319.23357123465166
65.58680626762113 6.050277176009324 117.28113687266965 15.131712128488147 126.6391299615989 75.80430380690797 50.9088923313292 49.17676337137806 24.777841573062503 126.27678144913668 0.0 72.81816021380494 10.645116573996361 33.73821463249142 26.61016095363138 0.0 65.58680626762113 6.050277176009324
183.66883390378308 53.054724294044874 177.94597215888257 99.16208565100386 167.8578848951404 148.1576707367152 114.18625600926164 118.49850055022735 88.29278853634366 115.65764366895125 0.0 123.85412097863646 57.780047341380765 63.64703825803518 86.88409878124759 44.16415892758509 111.25076610659964 0.0 146.6642418990889 26.94726144595819 183.66883390378308 53.054724294044874
205.8361647832453 166.90527552203588 193.82961251654896 212.37811955838293 106.74332272366927 126.19065518264108 104.95861427676628 198.60034713407205 72.60566046261579 204.87821106414293 63.6175741254487 166.66169240476242 0.0 170.50085498097064 26.948817727273834 126.32103550669771 44.265329057939844 100.20965005187426 57.95637937136427 77.13004176079278 75.7179690298446 53.24953035042512 105.03678110919654 68.80409573416773 138.69799371286175 40.66083986424394 228.85072236199093 0.0 209.92315176437765 82.10951898782372 164.87794722573963 124.52980083618051 205.8361647832453 166.90527552203588
115.53606971917378 230.7626458626395 48.909370557318766 253.29016561891154 60.55500096304109 154.5248671690747 17.061083204034233 133.12640332975568 12.989310191502682 87.18908258670909 0.0 18.698246552501004 82.55472762534852 40.094038518896014 117.32558590330167 45.66302307816076 168.8220348534306 0.0 205.1685104608751 40.19163873621153 273.91920472804054 72.8938228065951 245.69055393824874 136.16707859847813 246.61203211530466 211.96596103375816 162.39938345026795 204.64790621182055 115.53606971917378 230.7626458626395
69.25819949731405 41.738236655225954 86.95287158695778 0.0 125.74328509642977 17.81309653015282 134.85683430247406 57.771015686961654 134.34488674950683 99.07206183505184 91.55343400951459 96.49539011888089 50.28645892746145 129.1583158501361 0.0 100.32387314152447 29.703945685714956 46.31972500397469 69.25819949731405 41.738236655225954
0.0 22.09258136598146 37.749580087161675 0.0 72.12979539171069 14.669189362792153 44.28266987996969 51.09825815044002 0.0 22.09258136598146
0.0 29.091302606247076 35.209754582717295 0.0 77.92952142512414 4.53865781540884 89.563033005817 42.982929892771516 135.8484512617082 93.00338991299415 77.09294379915059 111.30191602619564 38.103133210571684 92.47296991212926 11.359250999906322 71.98234103476597 0.0 29.091302606247076
89.3166640134871 168.81271214210787 61.41962341485768 158.355136539241 0.0 164.1568167235572 17.101158636124268 110.13016513591435 38.09766167413093 80.11348128885041 70.13266715564842 71.19720324663344 42.13637154656166 6.194651065339059 97.54622864665357 64.75013701460047 113.13182413100012 44.428883328660135 166.36011048559445 0.0 188.11945137830543 35.98722679286063 227.70622446827366 65.94563088219927 197.12589863977644 110.3628126700402 160.55782965538492 129.8769302378709 158.66640563334298 173.28274636987302 115.24124239956761 144.85283391917022 89.3166640134871 168.81271214210787
68.84621297134672 37.50690547419368 89.92005230196459 0.0 127.18558568239838 12.846868696458358 151.94172015079462 33.9834076257315 197.1512206697128 36.60200103889614 241.64226989830274 68.24211845990361 238.0909652190104 120.62863854505747 112.68574207351932 96.76243518535449 165.6493645630398 173.42740858931654 133.16847766636752 190.99104650875967 97.29186237259822 190.29987893412687 23.29194014198532 236.94927490427474 36.344143243052116 150.2223326559644 0.0 121.42605088889599 27.495698895728395 82.39937469727614 61.936088108153 66.28141119232812 68.84621297134672 37.50690547419368
216.00772292395075 7.397769102626867 198.48977513072595 82.24286530580224 185.68949406555865 121.69325326216375 165.75328386665777 197.814493702432 88.06767584046038 186.84807120757844 55.24574013762076 127.97018657626239 0.0 54.43972833534009 72.96711707719533 0.0 138.70330003563737 25.45329660790121 216.00772292395075 7.397769102626867
30.153856602396942 15.189721525990826 72.18211631353945 18.347603453940913 108.55654455056963 0.0 117.23791593805018 44.36819620935279 130.3676616796899 66.6475046579463 125.86594856277296 95.99963418020828 100.93149400328532 108.47002292706718 76.38953411750417 125.34776153807412 54.72867511688146 102.4093551462637 0.0 98.28472723482464 17.979184226428202 53.85635569683987 30.153856602396942 15.189721525990826
201.24196811814124 61.72547866141701 195.84693841940333 136.80960982282306 113.72224241105853 127.96671235717533 87.49082411049032 168.31419057041683 34.01028103866571 157.35372053576106 0.0 104.70068331452929 10.32774622252424 29.97473106590607 78.6187300800865 0.0 144.34919074641178 10.532361763506046 201.24196811814124 61.72547866141701
74.46138399294966 0.0 93.80162406090595 20.54350642311769 123.58861666574285 27.862915738081085 105.2828663680669 58.47464037462584 103.74976414719313 75.39783511155755 123.1437565487671 113.21956784400399 85.24843416364428 105.61107223378181 67.80120712439407 119.3000209624087 49.60839123550913 101.81078228889515 42.09921026892141 86.72882364527857 46.75381226871738 70.8439371812558 0.0 61.218266506371144 56.35700698952424 60.00773977138555 18.833543556773435 8.14072917975011 50.42682628332028 7.758502236995412 74.46138399294966 0.0
132.73305097290566 159.3892087904849 89.8344701004113 174.55416834539335 64.93560027041826 139.66510280294318 0.0 84.72895467843588 68.01488121103225 45.64436099372364 110.1658218562255 11.019495102233208 175.03714528565985 0.0 158.80762058686042 94.09074246026869 236.76636245999848 106.82478011347423 194.54983230036834 146.0152669988845 157.03687821747656 151.5298702223919 132.73305097290566 159.3892087904849
12.880947025581307 97.26896090995278 1.7043354797044685 58.9780790719244 0.0 0.0 56.96966030343242 18.89366053248346 152.1834491661765 58.35403202344122 65.91136046491332 113.79816943878903 12.880947025581307 97.26896090995278
0.0 114.15794188420742 73.29917986815383 15.08396685523909 136.10295327492202 0.0 224.85960914935572 9.861052774142784 174.3513972714151 89.14855788489413 122.78952429735102 157.19015232725457 0.0 114.15794188420742
38.284083043961296 68.95468891776561 30.536295722989657 34.65883703648308 0.0 4.993273328786515 40.58189250680987 0.0 86.15498873864405 5.370786848624135 71.49176304687049 49.050979662518685 38.284083043961296 68.95468891776561
0.0 261.84153047102745 29.799013255026267 27.814077807360604 172.33358528297526 0.0 307.8880346947333 224.25954501790446 0.0 261.84153047102745
140.60641092710964 132.1673642715819 108.10677151434746 112.37907776714864 70.84710798866851 126.29283287908281 64.99095770233981 91.42327224115513 75.93242648485813 65.2654416361018 0.0 9.286498673280356 64.7250879033393 0.0 104.54512154550544 7.131852688602329 129.68387244226886 14.63796005287459 158.6693868236564 21.278213998621723 182.8965503545727 45.07099109299482 151.00202559442323 73.39993454879534 166.62828799278765 109.57974288975073 140.60641092710964 132.1673642715819
92.129592243562 131.7163993630936 0.0 80.34469362683261 77.19404655153429 70.36698844829982 97.84160872256152 0.014339013557901126 161.36740082909654 0.0 173.43180913366166 79.76932020661899 183.8746627779961 111.90591846154356 208.35725872265436 152.11007539039497 181.57336016369828 187.9678440237384 138.3371956951725 190.77050072274886 103.03888393659545 187.2993960639638 42.89881521595041 192.60706122654204 92.129592243562 131.7163993630936
107.12100171201905 277.2574483078845 126.45228811683151 135.21904187746628 88.03820998090774 129.40748429063024 0.0 66.01645414712314 63.539324343824404 12.530427285142522 138.07031219044296 31.38099930268116 210.1329994522946 0.0 305.05913021811347 34.023834398011346 165.90182356275426 118.75729172112919 216.81823780254516 174.06374917694666 189.56245780892243 245.67428344597067 107.12100171201905 277.2574483078845
52.97175499859404 69.64653122558099 27.524284873724994 57.87864235546501 0.0 21.560511847475688 60.18749590425918 29.718439627744935 70.17762076452688 17.913549183052417 89.35144323518925 0.0 114.16544498647295 7.853462162886572 188.42608632303205 6.083732397203576 133.0602037465302 55.409085697674705 112.43439428812539 72.8363315481219 90.69079002843479 71.29941540943733 82.22937164397874 121.56892776948038 67.22134052566085 73.76118315394251 52.97175499859404 69.64653122558099
237.95479228428863 96.656487345378 298.0262813282217 149.1056660004047 206.86752271478275 169.17945032937573 176.07971720651 183.81084979458277 144.64012312270864 209.63849265137588 57.80018477697959 276.20333021135696 84.54029718811265 165.82232423696135 0.0 133.75150500683196 54.762700414961 83.33884486461692 48.34940271408682 0.0 137.97080214150822 71.5706224262031 163.26506431539553 80.01204590635808 205.21930976425938 67.54174673423164 237.95479228428863 96.656487345378
148.64217474612082 8.893426727593678 192.68815139301284 53.92180922205 213.91188195490207 127.0863763871438 115.5220480044068 107.16785809503126 99.23717291451115 111.1845662888704 60.26291393664984 123.9353248078224 87.16974374905051 86.70890647813242 0.0 0.0 88.98091798106695 3.2400484818515167 148.64217474612082 8.893426727593678
113.57066892746103 170.02927657239366 0.0 149.98611336157614 43.74616431130096 38.48224401188156 116.69498521945349 14.829656626216128 185.8254106541004 0.0 183.20436698628 75.75312401363507 162.93817774874543 113.1147865734516 113.57066892746103 170.02927657239366
89.3937686711314 32.06317429886563 97.97272457455023 0.0 123.55091739203257 5.574519896602432 142.3439742596512 20.71764355564933 177.2866524122618 24.14763665624355 181.53063770882983 54.054703687121716 192.12123979509022 85.06560596776255 127.03617090571743 74.83056734892864 149.1087995692262 130.03827401959558 115.80761772627848 84.37297333713298 91.83316963151846 125.21306167816282 57.59978156411918 120.82532212262994 70.22798821684415 81.3205051938691 0.0 57.063884029607195 65.65471555422985 39.23924401673665 89.3937686711314 32.06317429886563
14.009021502789608 203.55126167241332 0.0 98.61035479167471 56.4567177974194 19.060723834154714 136.26403702920408 0.0 199.97120607895667 32.88090700105556 203.98075828235352 97.5638168928103 229.40237761431513 155.92454583219006 143.9986398699658 112.41823078532207 133.05815624683345 149.44589952835477 14.009021502789608 203.55126167241332
49.924984862850145 20.629535341411135 85.94285561978035 9.262153424172176 115.18910326852097 51.688908883514536 73.53873376374207 82.1255345755232 37.584781029997025 69.1473166654464 28.3449504320972 44.86278604659574 0.0 0.0 49.924984862850145 20.629535341411135
83.41740322976418 116.62257020170728 35.52991634592496 124.58510020014174 0.0 82.0740891445875 10.912756375346518 26.91675549825245 54.74138620169796 4.0891952030334835 97.77574161724687 0.0 126.65191586006372 25.30742624667389 148.0486153942362 53.40672278433986 139.39284829438452 88.85563944244129 107.43640552762523 98.04952168244515 83.41740322976418 116.62257020170728
78.87237940416182 66.35911971338314 9.209503813056159 104.09118380193146 0.0 22.389417644337577 72.27741304948044 37.004809933211995 124.99949765831218 0.0 125.33069328502023 60.7795027973746 78.87237940416182 66.35911971338314
