70
8.945766552034115 0.0 23.513273267275537 19.102245069432385 27.532205801494612 6.711010901307148 29.28219666718897 13.619461448907103 49.497373734093756 12.285048625683771 35.00902370183131 21.77480041157564 34.38482751394703 28.735999514860225 33.149949205406415 43.18641447572868 21.68560741195283 40.0785606316158 14.480347356246 32.767286679227894 4.701714886474875 30.091438772324437 0.0 20.363424362818435 1.9295840926053103 9.163567252279606 8.945766552034115 0.0
44.61095428520781 20.921741368363698 153.34357465423935 66.68051373493425 248.88792952560115 0.0 332.97395920186557 85.79223743900614 272.529334990878 196.6239395750752 175.5804464003739 227.5659633120834 96.78438277194385 195.1252372667525 0.0 132.06499333092057 44.61095428520781 20.921741368363698
48.322609113645385 101.33358768501775 0.0 92.7557789469892 21.443546844459433 47.63251446449992 53.037435431369005 0.0 88.46598085037735 45.5512317961973 108.04246063482825 102.93292760915809 48.322609113645385 101.33358768501775
65.655895060055 221.64913325732203 0.0 170.21318019212617 66.09435322420357 89.898088602161 67.76780240963564 61.11195827967087 77.52097886254636 5.680689306849089 130.82790776303597 0.0 122.29356591908775 77.44747006807765 261.93041402799906 87.51140511161468 206.34040549266217 161.00561833113017 139.50835321962217 179.41410869327962 65.655895060055 221.64913325732203
127.35881507674335 172.41922404075706 79.34313275111316 178.501594374992 0.0 156.77750718853093 28.624490051273654 87.264920705349 20.42108041115995 15.908621834244755 105.76189766728336 24.935751655596462 147.51973813906932 0.0 175.2756694590095 44.89620185894184 193.66281965712648 69.14273325863661 219.59002766519862 94.883695132858 307.4951643954055 169.2909337115645 255.43730651509787 229.21332513567614 165.91220899615763 193.94551665602586 127.35881507674335 172.41922404075706
95.38389637304878 163.6317868456483 61.67684901033897 149.8528862961039 33.61203144983517 127.13419822444803 0.0 102.34852775175315 13.024491140802297 64.61655847035348 37.665658196044575 41.22161596323025 43.338914585502835 4.829293425653432 78.43471143083447 0.0 105.71374957382112 20.705447414653896 125.87347825270962 29.17967812576307 137.5616724787524 48.889166284195056 190.70514538186325 63.282199221648455 195.79852173603655 108.3423589318162 172.45288636572118 144.9681847399046 134.7313557035627 163.7285942422383 95.38389637304878 163.6317868456483
59.2610995410911 48.058573173134846 0.0 76.24540274836956 28.21710888711779 28.793840071610646 46.36654059203519 0.0 79.91860361852932 10.594640634110746 108.78117244198356 34.00813949788615 86.70688935298915 64.82237437159026 59.2610995410911 48.058573173134846
246.69533243359336 156.71220254652667 302.3275721644291 236.88751322739418 205.0581736499051 209.1901939787527 167.30630501745452 219.20686696076524 131.40888491633626 197.07366957420058 0.0 152.72207023353076 74.17875134977115 70.77804223817613 151.02912215033672 29.694829335956385 243.0565544731745 0.0 238.10158856532507 119.51261614416035 246.69533243359336 156.71220254652667
153.36548693358594 80.2279162732688 180.07339616024922 113.88933281488286 175.84163703181395 157.0725419741758 136.04816985775807 163.08827588057332 102.48636514281418 145.83543365047888 67.7182511112185 161.18467679410375 70.83060188282515 110.62760929959418 0.0 118.74125947204735 13.482782934727666 78.1210771996194 73.69474607477002 66.36447271887384 25.81250892209144 0.0 100.19754507915025 73.02906605492024 103.12198565303525 61.534506578966244 129.432525749793 21.03888034637933 166.96140534722747 18.264574737549133 160.22506323388518 56.18568577217164 153.36548693358594 80.2279162732688
0.0 189.07521359789058 75.03216306773211 35.83537357566857 178.42860252524525 0.0 216.8522191599178 173.14283312439306 0.0 189.07521359789058
96.34466756745346 145.69203959653652 68.53326435816498 110.28770156745708 35.892639961363784 156.695698412993 31.33561365621454 120.0784252459432 5.498560787045335 98.64399116251629 0.0 58.2112037142427 11.180537830477789 0.0 68.12406851642899 74.15959950650594 74.51741677671181 86.66271033826378 142.83237713665764 51.24695028733164 146.11096332597788 95.64945130392036 160.5020840110918 150.55011979308966 96.34466756745346 145.69203959653652
56.95763408117978 22.410274358276 61.95283100126013 48.012572597837334 35.678783787133334 49.412236150149724 0.0 32.336324000476964 32.017465696997014 9.190287311177059 45.86188833096298 0.0 67.16874265478504 2.947453763136892 56.95763408117978 22.410274358276
9.096372731207936 38.03116015347808 11.572717473927298 24.75576550338195 9.560024746851113 18.644278892299297 0.0 0.0 18.336097057473665 7.772724234148228 28.96195237894075 0.13214332838762743 41.37603404386397 6.000702214644832 49.76636865502549 18.401535398192337 41.26215238249384 30.820312958076457 33.85882629046773 43.446570843421455 20.047443950585603 41.634900806385104 9.096372731207936 38.03116015347808
137.6196296549421 191.75720414436176 6.598866115860318 197.78554370973038 0.0 68.23119937676984 98.80437323193597 75.5193064434476 182.90638748299273 0.0 219.72930056511632 114.14046564480921 137.6196296549421 191.75720414436176
104.54649738913471 100.95265497834905 104.45534585856068 163.76904958776913 83.92253229297846 98.06507456969743 28.036334708658927 119.92773793531163 0.0 76.02472283794673 49.62417413520984 51.167584464166865 74.50449673117531 24.06707806495922 127.87783978302824 0.0 141.61581044343194 58.13503675726356 178.35657869390758 99.6306293428136 104.54649738913471 100.95265497834905
101.16622793891426 63.25686476759888 100.12131857955652 101.28705384701647 73.15726036674029 82.69770700095498 0.0 49.429320273987834 58.972274314401005 0.0 113.2074775155349 6.199817920689171 152.23213382792443 39.8807265543637 101.16622793891426 63.25686476759888
134.29247107241662 164.11351514328987 0.0 152.92139017954344 16.66081428997481 14.662497786711079 119.06363837039113 0.0 233.73299535277008 73.31243260715245 134.29247107241662 164.11351514328987
212.79775413448172 181.74239355192918 120.7377402008994 164.41577404734988 0.0 119.63399655038623 75.35227550462648 19.893686008001573 157.1671821334952 0.0 238.2707932911168 17.143975052248024 164.66083167639857 81.91587977411935 212.79775413448172 181.74239355192918
213.74113447311703 36.96709355412011 275.84924770328274 50.13938413567933 227.41201555687093 104.63015113593241 235.66242055923937 140.1484053860819 203.0901428433934 157.64829313516537 171.17656976742322 149.63994560745067 147.03510210662213 152.37382323452334 63.475734365836786 187.72695936661614 0.0 135.08053700488648 126.32603766253914 90.5392621190563 59.423545976450555 0.0 139.06109643127235 23.582385894720744 173.58200423169507 48.52642925519756 213.74113447311703 36.96709355412011
62.003183136042225 28.788514915217732 72.20771225026257 8.879413483464909 93.02583189802169 7.129202013670806 87.62180713752232 33.74049389579406 113.89883623145806 42.340228230492045 94.90282577466014 56.76063723607335 124.28985494774889 110.726587692307 86.6703019571716 117.7273505089805 65.51186314634275 55.532976582225004 29.120304754962604 99.69339078280778 31.909201025164037 65.12590090430592 19.399372469758035 48.93365041284153 0.0 17.769749423463722 24.93193685054058 0.0 62.003183136042225 28.788514915217732
83.49383485629343 3.6856204105161794 122.62136329951379 37.517736258435455 168.67171664924604 76.27920798777231 169.3780745135591 146.07311526605343 102.34638339534003 158.0340825882115 57.364631846289214 163.32750582799088 34.61909672947384 125.25338459658703 10.436403141786052 99.98468811753139 0.0 56.55035481094326 23.84401491846944 0.0 83.49383485629343 3.6856204105161794
58.15331242601522 3.827540614337323 93.75326101500035 0.0 109.45637750655727 32.63561526369202 88.76785145543325 60.23342975176007 54.042055287585356 59.37044555777837 0.0 30.103665334156645 58.15331242601522 3.827540614337323
136.6961778592399 178.91003741234374 54.02775230162723 182.8881358250157 0.0 96.96570678311204 93.39495718769022 67.44413734633329 193.89345284478836 0.0 225.4374065809688 131.90339705695024 136.6961778592399 178.91003741234374
42.53422285711317 0.0 56.775479168737 2.381512900952302 75.90538910833337 4.197497098806366 74.0805503290789 24.42499858849773 109.85400343849963 41.934692041246564 79.2716789437911 56.12440546406009 62.01776083363681 61.51479185908998 46.33019469450422 53.10036791592334 36.82178794307874 61.0536575240649 3.538872731417591 89.34559669947922 19.12727435259631 48.245252068269664 32.98323782339261 35.49002677648588 0.0 21.65126740250777 14.47486432529319 10.256019508558424 30.086236829409778 6.581440789698945 42.53422285711317 0.0
155.81163321936145 34.15588681997521 229.0583356575355 18.23943446683525 321.6382573819742 0.0 364.6988396925981 80.99209318485235 311.5010660192785 154.167793618002 344.1707483140833 282.0369681187459 228.6704750956577 181.979986869645 144.39748261188345 252.62086529664734 0.0 204.3793495390214 63.150956098978554 81.57359698734373 155.81163321936145 34.15588681997521
40.17200863672214 185.27224555549213 0.0 129.81632921499747 61.192127086369126 86.27611937693203 79.91828345846179 30.454481613122397 148.7098703484155 0.0 168.69124530069104 81.14119801484519 201.99484506634747 118.25852723291355 226.8155222738235 195.56385036568219 137.39380137471863 173.08240543256863 101.35248131012996 182.62439350975518 40.17200863672214 185.27224555549213
93.80459876314865 220.73405260923465 0.0 182.7567493158754 11.253026441823124 76.99050303139933 126.94162418043918 95.97860249893935 182.7560232970535 0.0 289.218381289174 32.32825506160569 244.8630021197468 143.05223075364447 242.7475983981237 231.52894008196265 163.50994090363832 271.48229978380823 93.80459876314865 220.73405260923465
32.39225103231237 0.0 94.55006784035834 7.560864301338469 104.96855600083532 82.90789367209848 35.388670082050595 64.81163731858157 14.38485131873216 58.79301805588779 0.0 26.95759759126053 32.39225103231237 0.0
14.665142500380668 34.66937912045768 0.0 26.08983787352753 0.7404390816998188 12.389716823070358 16.682939291239293 0.0 39.4426522937043 21.146540587664177 14.665142500380668 34.66937912045768
0.0 101.31707230827229 74.25428710170097 59.073664183178686 135.00450049447136 55.26246569683663 168.86066636109376 58.84725847557701 217.482478303776 0.0 289.8398735357266 2.5003384325283093 263.9403871274597 88.01253991884442 287.3451189112458 134.26555915180825 226.71429826525699 154.05528676635402 251.49678165053388 242.17355421285856 184.21267013864332 220.15641417235122 145.66970076252971 203.40152983752748 88.20241160769089 206.55669728412005 67.15616943698441 159.9638341918615 0.0 101.31707230827229
35.86241754289168 9.153658974623625 47.5583696933673 19.38326987117135 33.814800601134024 26.67691515057173 24.48192857847357 40.599921284259665 14.199406000142204 27.961397755346127 8.138450122434023 18.662521996395895 0.0 2.4846473106617992 19.568681695359516 3.2940635439294255 29.59288912020871 0.0 35.86241754289168 9.153658974623625
74.81778894857861 140.44454830839584 41.97167477589276 141.71474395218547 55.797339738260376 94.2007230889115 82.3107059766298 73.5905469237401 0.0 57.533763885347696 58.1194501888244 53.40210402920576 43.3443001082136 6.094908110244717 84.13906553611812 55.345343875820916 99.6762625420415 8.64006440692468 135.93619996817975 0.0 139.41921031282038 37.929066188044885 150.96097938999475 59.92823927059683 117.76016320937813 77.85584708657179 126.13123870583644 97.32442687789974 100.1994295959678 90.53025870258122 96.23895331231645 111.70341425963072 74.81778894857861 140.44454830839584
0.0 209.28061427207706 92.68938692917123 67.72710442677251 182.17370712098227 0.0 328.43628229539513 35.85374542391585 241.1126698690431 160.14071699632282 175.48788814661253 276.4003707831332 0.0 209.28061427207706
125.39653267116806 136.0052830457418 34.238607724990175 151.77536015045166 0.0 26.935111669954956 118.93702404746801 0.0 223.16693786589713 72.570734071367 125.39653267116806 136.0052830457418
11.655358388905654 59.616730598979146 69.00860820915142 0.0 180.90786684297737 5.711372966602042 184.39210616752084 128.86955602479298 95.90308733462994 165.46232593543164 0.0 151.41521323982926 11.655358388905654 59.616730598979146
181.18744280375563 132.57828948034808 84.41750506182295 148.97936376912247 27.374721443593018 104.21949826595188 0.0 7.094584220077138 98.9527070662355 0.0 188.24809698967186 27.894067396522296 181.18744280375563 132.57828948034808
44.695793921932214 52.37656595444328 75.70409946292612 34.80561399792966 120.30959663868006 0.0 196.48092086254988 11.69970428855818 137.50979172221383 84.7739676208999 174.10722621677203 141.8459863559576 123.80984598421023 177.56906786273456 69.72504805925813 149.5583540176368 43.502480888082204 119.26994109683469 0.0 85.25655193840053 44.695793921932214 52.37656595444328
45.28989575721971 91.36445113433498 0.0 76.01284737122297 26.85163643257698 52.45809384655719 7.355766068279593 0.0 80.30646427630148 63.78174066517455 84.79042291875905 33.25836015603936 103.59987704310831 26.42900261474162 139.29813166710534 16.93346734092937 186.92089878825186 29.28549112841221 166.42838010762986 71.46529841943666 173.164972966878 106.92240364416732 143.10067591153876 128.41338441166062 122.82565170701707 154.81285785698174 87.3195730019752 147.61334190058182 64.19829035744927 127.85621012387351 21.662026743484404 138.71168199904463 45.28989575721971 91.36445113433498
135.2317070485458 18.267845332684054 196.121829109759 69.04430762055418 148.3659436216506 122.60703198266498 89.68140421636416 140.10287451182947 38.03220224800651 110.90965153367381 0.0 76.92497479905236 17.99178288829043 29.208506199724546 38.1642761429612 0.0 74.56912981772642 14.26744844789598 94.112986690831 13.503521598295812 135.2317070485458 18.267845332684054
38.231341790843516 38.87653999641029 24.744139074222076 44.33212725043013 8.951914974652368 36.706248015199165 0.0 16.27843236533336 15.786327785164175 0.4513987389384937 34.64981146810763 0.0 48.639593394734234 2.916836013671883 59.60866286324634 11.130364433969007 86.03177007105919 23.04991073204924 51.06405908744797 31.52316450557781 44.302668666977084 34.65255515278193 38.231341790843516 38.87653999641029
56.0989522126513 49.46948618373084 8.396806786724028 65.27646831951162 0.0 0.0 49.881196474169684 30.061979753356468 90.78985081872963 26.58639133198035 56.0989522126513 49.46948618373084
53.13459181563916 0.0 96.53737934762248 10.814996449823497 68.62321293977146 45.489083100012294 64.80171423431293 91.60934606009721 30.079906648392658 58.27023944450366 0.0 50.74871332331844 16.54044869141459 23.930197846802074 32.06759969113045 15.004050569489209 53.13459181563916 0.0
100.00232454969634 172.96631295602975 73.7142626435193 109.68821801615155 0.0 79.33889133729899 10.908672542595383 0.0 94.50224106085585 5.599745061006061 122.67450313446668 64.04134923159171 186.65806926883033 3.4456947831981353 217.37776594565776 53.31239962944329 190.16586152906314 101.55231008717709 152.0206213904193 126.10475862846616 100.00232454969634 172.96631295602975
84.67292591786799 0.0 108.93100256945837 27.119580475355463 88.81956947543912 56.984768999512596 61.952311986097754 66.33860757150381 37.086022866454684 63.27966477199334 25.528291702392067 43.1895752179083 0.0 16.066226597339494 33.08355866798132 3.3933198687779225 53.97920644391296 14.377433409640233 84.67292591786799 0.0
20.313747520545974 0.0 31.26028689460614 4.564064788227682 37.06837063114851 11.57294348714855 41.121106263086986 16.58171642091422 58.33407512699536 18.58081014450279 55.935950115149666 29.836563562215005 63.218924814777395 48.436263936415145 43.87020589353709 48.633728536633186 33.52711305597833 55.82497749138136 21.339232721250852 52.11882554043564 7.91875924791394 50.23102355618218 17.124638047445544 31.6572884508589 19.964122863986915 25.993445292869055 0.0 12.894461420917068 13.115124942516672 8.158176036265829 20.313747520545974 0.0
120.48063057743579 134.93437878151587 127.94771919308513 74.33219585458687 181.57909298350086 0.0 207.88932003908602 129.20090312034512 242.64767507855586 130.5022106262876 347.01213593764487 154.5032494037543 275.48748612763563 206.59527881318536 278.3526263997078 301.04063859090047 195.12158734322801 261.01220231801574 162.65773351378024 220.87485405840346 97.01301444717558 228.45385972805565 0.0 181.72267918037383 120.48063057743579 134.93437878151587
52.50486967632324 19.56046091537702 183.88585594493264 0.0 291.3458175591363 34.409374959443895 279.3180553224429 142.4908138008878 323.4605798518095 272.1162516719483 193.59231548377988 246.81876157121303 172.79783362966472 157.28200064024617 0.0 146.22829450885254 52.50486967632324 19.56046091537702
83.08374755618296 105.30680223579058 13.507156518631234 34.690482413964716 62.604083828078444 1.185890977781824 117.63946602009929 0.0 160.87954504119165 23.11465254323373 227.72734965564464 0.06972374797391012 175.29555765115882 93.97066993689856 280.1346542634177 104.58373789129959 240.9953467422704 151.56345623545195 168.12889370380955 145.38197446558098 175.3921598992939 211.17724401515494 132.062784504734 216.89600935921254 77.77183575880662 231.61528734378044 68.47187681873353 168.63846339920147 0.0 149.30357869064557 83.08374755618296 105.30680223579058
0.0 99.65277293554651 16.548306798269778 51.82321263206288 38.5308254132444 0.0 88.95888248260812 22.075877431491456 135.56793837866266 31.21695554169257 168.52375161898655 79.98091412287587 144.79980206429798 137.0118471077763 88.3233359128188 152.13747616154058 47.62958027080174 122.45685649697013 0.0 99.65277293554651
168.96375389988788 160.05556012179943 138.73535867000504 180.56759822729566 116.43358295159562 139.42482027690278 23.60216817198298 194.43819670766362 81.87476429934597 110.08850177152812 54.633625934147176 82.67581769890484 0.0 1.5908761109130296 107.08342941540035 46.27573551060798 131.66098054924353 27.77456978961564 174.4594658474261 0.0 204.35602375971553 35.86590549313657 301.8573779649489 53.89050678773654 238.74974287615004 116.24930343497134 157.53159474076665 111.43404382035963 168.96375389988788 160.05556012179943
115.46635151705087 133.0314212788963 60.139176992087926 139.27908171081876 0.0 98.78339604624739 29.599931689796172 33.219613864370835 82.18198268325602 0.0 125.86781649086268 41.77263500068051 183.4900293336655 95.11431220953772 115.46635151705087 133.0314212788963
133.55948312049787 180.64740305624974 102.25497562675935 156.56389684122178 0.0 144.2119691323485 45.28719711240683 74.7945597110582 80.47855379467462 26.446119288732973 135.92257580501266 16.765701848144417 196.04720514230777 0.0 232.2743070246811 52.56367357298674 280.95335740547546 108.04088628966545 256.8202141365837 181.77899927008326 182.4978195684254 193.2677769383023 133.55948312049787 180.64740305624974
106.93331551175304 25.23946041349994 127.11202389123389 51.6977078267085 170.42552593441945 68.2129280491979 200.44104248575843 111.38166830397479 156.04386418904664 145.9083242252208 136.10050275379172 187.78303750836818 85.87032563488853 144.96569732001683 62.397468698476075 146.7161588442879 82.13295701073294 96.07439171663154 0.0 121.07751411745693 35.967606765151174 89.1707147630134 13.015961837997878 49.71882403457814 48.75106585313728 41.36326491855771 72.49209122733383 0.0 106.93331551175304 25.23946041349994
148.015658657846 62.80503831312912 79.12256715829994 76.14444348193868 25.31642340733101 86.18184454672075 0.0 23.109625326209056 57.093125970730426 0.0 106.93795102929178 2.9554083938595497 148.015658657846 62.80503831312912
131.12165991981828 0.0 161.87946279320198 122.60114918296273 0.0 113.55370645983862 59.29395987486703 6.597350598266431 131.12165991981828 0.0
216.40637377434751 128.51323764573723 105.58416488330289 99.27098035777858 91.74528049703527 122.62283867173184 74.61337054719336 103.91715676761882 18.76750947849993 85.80905238107265 0.0 8.93881265827774 80.85711168720601 0.0 129.97343043025245 23.419258619646 173.99378268084814 54.27653283121536 216.40637377434751 128.51323764573723
286.3775458202009 37.980331089972026 331.2689679540654 106.57883927510899 271.67180965327606 175.78391112094235 258.49792693796263 234.14452721094193 210.4055375939513 271.8586460561128 152.777659109626 225.83410804200503 88.58922414082772 274.8811429835642 103.04259565945853 186.48072354227583 45.243290965471886 172.6026073243824 0.0 110.26341038236362 114.53023404177912 114.775585076697 88.40101685930944 8.658885966596046 154.5532686407397 0.0 209.01055334398416 32.11944776989567 286.3775458202009 37.980331089972026
0.0 144.7905876185708 38.14738723366895 82.62528501568828 68.73957915598189 0.0 146.00096170118547 47.20149803372807 177.655078339075 91.30605727256145 238.9915625071725 148.46528538760344 167.30140189494813 185.7844844091275 116.73640064047471 216.49919141505 70.27796751289222 180.8912616839104 0.0 144.7905876185708
45.64695110579353 0.0 49.95488688621511 12.97743613049623 52.86312226791179 27.69500031052624 44.41644923934102 47.494136945986796 30.51229646612053 23.73900963362577 12.649626025001524 28.959559739612587 0.0 12.059279414491002 17.32059405658086 0.05667743997933883 32.41238325796816 7.214008437212328 45.64695110579353 0.0
86.06337273165556 131.0904356022472 49.6028298344053 140.77453245956931 14.998303274816706 125.26512111294656 32.57832050309004 78.4940525736935 0.0 52.00006139929715 28.43288795689064 27.951581983679 51.542786003668866 13.074152740925932 74.83141931312379 0.0 96.81777406599919 21.33145598566155 137.3129001829658 10.280035652632186 186.52574259642438 31.15721680678392 115.83020811381947 70.01367248426524 127.64116841735442 97.9418346490612 93.29531052420661 85.59989311544904 86.06337273165556 131.0904356022472
207.6673971488234 170.89769599961636 170.3084088706567 317.3725050332026 138.75486037683856 153.93462640012234 86.50290904009918 158.3501360490231 20.036454484634277 130.21566947960275 0.0 60.57026587686602 36.31002594994388 2.7782645044153043 116.16519423561579 6.125578308975463 157.74786805730213 13.506132685001262 190.22196006501883 0.0 230.20877736439053 2.957966702936062 259.86840212459356 34.350751414626366 289.22499321871663 71.55310433481664 319.17701715307084 132.0431021586664 235.6340323662482 144.3358150349519 207.6673971488234 170.89769599961636
16.728547468054487 43.91199504544767 6.2499599939416015 39.47183569397501 3.8409983352387513 28.36682287312958 2.9511079105415945 21.104077823041038 2.261240179340817 13.892111219680274 0.0 0.0 15.845297108737483 13.728695542267872 17.767396909994403 17.606040256730438 30.056028751564583 5.194795202180842 58.29555944986433 5.0103266028341835 47.69300807484015 23.42284920242281 41.358115403958806 36.26713720523331 25.650511642959003 35.85343699576032 16.728547468054487 43.91199504544767
238.8113326051056 62.82559293654321 229.15235817018174 119.0758463449374 272.65542486796164 223.17032016227773 173.03708531181437 199.57424574247597 102.49939348927921 221.58223735539576 0.0 192.3781179901806 52.84860287107631 98.68468714794544 59.39412049733886 21.167101974023026 143.96683705911832 61.58049481739647 206.5847787759991 0.0 238.8113326051056 62.82559293654321
84.71091151969466 137.73945406842296 0.0 83.35219214304936 101.65261628779112 55.48913333373344 141.60269865017654 58.77378955217649 213.2113867904698 0.0 218.82632220361933 78.13821814319945 206.8557483934062 128.5001335388506 187.0530777496412 197.03025128515552 111.71614958147424 200.95782289129272 84.71091151969466 137.73945406842296
75.05570497354525 9.961090121019808 100.13182702328004 0.0 117.7224008608599 18.189867173253 131.74510436694487 37.060356519691645 156.63384102692098 64.91832362245987 107.75652892144765 70.39827535831952 111.71935817970109 108.3737851628234 81.10895590466873 138.10058246240388 71.60243243610726 73.866945530008 57.72895115411704 69.01087040585048 0.0 59.24296400711389 76.46732319621927 49.196628199234006 58.5537007418761 21.298907580382725 75.05570497354525 9.961090121019808
45.908820935511116 106.65981727620584 56.558728275217334 76.38431920271883 0.0 56.17538021748095 49.76739423427056 40.377119773446736 67.86916883457054 29.8580279173174 85.1239597385486 27.226364984407432 114.524690390763 0.0 136.7230510168111 19.976929634735903 169.51114710074535 41.461804333788194 139.87153258733764 74.39088382033643 101.63931664006182 74.93458680872268 94.66682111532752 76.27255547630926 94.86088895553205 134.01145722491492 55.43941805358462 151.9314213810033 45.908820935511116 106.65981727620584
240.49864396882285 5.562464891283184 335.4676635967146 57.204392367032476 268.22348841491066 149.9989425928588 262.095946996271 262.42606981868397 157.8440868250488 228.78778430058927 161.31440341653396 109.07965442965562 54.50883372307791 138.29858633426534 0.0 51.21684767615302 144.98703835933014 86.02240057780472 160.4932085387627 0.0 240.49864396882285 5.562464891283184
85.33511576207039 84.38778354603932 59.07346322920999 125.96984812117147 12.152416140307494 108.45022170796143 0.0 62.06911187315808 48.53398853903283 42.917575041298136 59.79736896805478 6.1101717965150755 101.73833784532495 0.0 161.8474622866696 22.372752933791794 172.06164223469375 93.82462827673835 85.33511576207039 84.38778354603932
140.70260596860481 125.14271513255076 76.23911007332094 237.34080369751248 94.99150894720555 115.2168347156651 0.0 122.22700639674434 60.085642710779155 68.36351656466945 24.512934436804983 6.474282668475269 85.91740370464927 0.0 132.96363977988628 53.27448206220086 149.62250879272602 37.03306923966208 205.49397065452223 4.995077723057349 291.92749929464304 22.97500560834591 206.54228916924058 85.08951015655384 184.48804936010646 107.44110124243096 168.3400949252584 128.66201754315097 140.70260596860481 125.14271513255076
45.365525622862435 28.152859835593468 65.16778919531858 30.836405984181987 76.56335938096319 57.71740189454817 49.67502617053411 65.61431291475299 30.058306181641854 64.43096734826972 0.0 62.9623346828781 8.277295451967461 32.7298123895875 30.27475779859202 27.264861442217516 36.748234076027174 0.0 45.365525622862435 28.152859835593468
