70
99.04200367300876 37.99863387938701 128.57254544527177 64.3932978864965 116.89853231274077 104.28154309924724 71.67602921155887 74.80949377774931 43.12635007042485 90.34025593450485 31.6938838246762 64.40912917267443 0.0 31.37145292976728 28.99792675903121 1.3876279987482363 65.81120722469649 2.607370291384939 100.0263386807002 0.0 99.04200367300876 37.99863387938701
0.0 113.7511845967939 3.4538473488354526 61.267345353713644 5.1315477386351915 16.737136327495655 48.185463673143275 7.815523098188088 74.44237896103331 21.670699975514232 126.02841936877161 0.0 134.74765900993964 44.11323325830683 70.14124368747962 53.4634975317416 95.65320525512914 111.56919195945017 55.951987494233975 112.61428620830998 0.0 113.7511845967939
27.237366303202037 64.1472269605675 17.507475783301302 44.79446323452839 0.0 12.278867539842508 35.77733801484189 0.0 61.04643259170773 18.955317511706852 91.4200092182391 48.41793941610483 56.0784115692622 70.74003843651963 27.237366303202037 64.1472269605675
125.82973004160276 59.00832044348921 114.06020843411581 0.0 172.60188772315115 57.55036323799011 198.72597556729687 9.145410796505729 241.03733612577338 9.868862171421554 268.5249407253732 41.25153165226282 215.61578900052447 86.28092933984013 234.0413350933571 107.35532100621758 234.07121126569365 138.20335512316683 253.11837865523304 254.4732980267056 179.50691762466045 167.95092321544087 140.52912677956073 177.95968077185654 113.47576490727431 147.6399092391701 0.0 145.4566514633044 32.731511937223246 74.46680579225018 125.82973004160276 59.00832044348921
31.67626792298286 10.509151670683586 62.33084941191315 5.78604438685344 94.2017589340369 32.70368914688965 54.46624435923715 56.00794737825924 34.92889654260111 57.07775480809057 7.115686055243032 94.08161446470632 4.322315911238917 53.17732468392925 4.184688028885489 33.49241396712453 0.0 0.0 31.67626792298286 10.509151670683586
18.023642320770392 59.34763963904221 0.0 14.320516502543015 41.48948761502971 9.831066688054648 76.48122891046864 0.0 130.6768248104131 0.007440477962965986 148.2858640769426 48.944345378991976 102.62219215028136 80.74610086497259 87.99825557645153 102.69035956308699 62.18875898277246 104.14575507161928 37.836026082541004 103.13097286717152 7.93006739193325 88.78976627075957 18.023642320770392 59.34763963904221
119.10143930403804 93.36337068984403 91.91250957648096 114.63024605387253 61.21959309965274 118.87559226568942 36.99212677333635 100.80326128880588 24.764638396350982 78.36798687376196 0.0 52.0775405248027 45.85793451862611 48.1772461327152 47.57850372398421 0.0 70.8228634212744 39.979108944619 96.13826650679827 37.9048029415048 102.19995845581751 59.72847157635027 119.10143930403804 93.36337068984403
54.85298298997236 48.20634302013744 50.3403545262219 69.57621067096613 29.210650880936555 41.72745512028132 12.271076714753391 61.39906989577344 8.358199724630595 44.83361237208396 0.0 32.274378436647496 10.66614107854717 22.199399435786802 22.114931614330118 20.34716499140515 29.93413732120115 0.8158852539625343 48.29423694922495 0.0 37.87425415037997 28.74049490004292 70.27772338667255 33.52819395980944 54.85298298997236 48.20634302013744
121.3989163033731 74.06499775101908 86.72242950263227 68.06408107019566 79.40588761395794 104.71079056302777 63.938015952391964 64.54361257810082 39.92824542750027 75.8637186213516 20.900146159160172 61.18099051615974 0.0 36.74846618190227 26.2376207955952 17.68627749853792 44.835538568862205 5.133117292471503 66.4678250249713 14.498763542887687 84.1657878085016 0.0 103.66707332461972 6.696123749730397 89.82863928868714 35.99048565650682 132.2291569667292 48.448721702866166 121.3989163033731 74.06499775101908
245.93442633408824 209.60983903760308 139.77255872864362 105.89292532133835 0.0 137.48385561038828 17.51178217754162 0.2902088415204105 137.02944661981437 0.0 190.56681435390186 31.156899043649318 263.6384599699954 87.03590614939509 245.93442633408824 209.60983903760308
270.95387238411337 75.63487128647417 241.872873441229 141.26506196009228 124.86515972501321 141.1821774449898 196.3694221360593 222.51375209070466 142.2098663071223 195.15428618101163 117.28638077800692 215.22417888465472 77.57804591365081 220.70091498240492 50.11295827249083 194.15090932393207 0.0 167.9421224727837 77.26229020392651 131.65484406397064 18.97858767023412 63.52033851791734 46.31122512346202 0.0 116.7302470245487 38.525162206266685 149.80794543372411 70.24815102654165 211.41836336953213 46.97533512376265 270.95387238411337 75.63487128647417
55.30243534815759 3.4191923227427807 113.77850317901908 0.0 173.75734914062912 28.605817353176157 101.62524652092259 50.54435885707736 81.13720128004572 150.97661781556843 0.0 79.88449337885754 55.30243534815759 3.4191923227427807
107.31555409288023 127.5376456950674 43.21490090604368 131.29821097318978 0.0 47.339349582547946 101.35377023662538 0.0 168.96296146863136 73.80395558695346 107.31555409288023 127.5376456950674
53.573576648458584 0.0 80.39933579143928 4.830364656685958 91.47789479613306 34.82001808990633 73.56324632301983 58.18909061477024 48.630775262765596 74.07170411002001 17.01127986648538 69.9445275162323 20.261279658792006 37.702511374082746 0.0 9.908640289067236 44.8263343256082 30.36699584548191 53.573576648458584 0.0
46.59264205612125 109.35187917866196 17.227802373127957 75.13902452454587 0.0 29.66784891515824 42.62625438123794 12.35135793106398 74.91496575217506 0.0 118.57319253233142 15.934136289140788 157.52793301572245 75.36685397182387 85.2856857039366 86.6323501378092 46.59264205612125 109.35187917866196
236.98125906247023 226.39179042151423 176.95825631887453 229.94361995519878 129.5638076228943 182.2720720507599 105.55055785350338 233.18551705432228 27.931416724636136 287.8873709913996 69.21375147805966 182.54738719239876 107.31805420316634 150.90109152979875 12.895132954615462 124.09298781973165 0.0 63.38690361595624 54.49643656119926 45.74269896201564 95.74159050677521 23.19289033785175 149.19811280717278 0.0 219.37184884545235 3.7923526267785235 193.8386039029484 99.50479578671768 231.11986977626668 127.48827118316174 297.6011148375227 184.24703263182104 236.98125906247023 226.39179042151423
0.0 47.38341417879434 46.54055816645143 0.0 141.48973587751382 81.94177176062183 155.53495949027996 31.2670898081782 193.59318000459007 24.428936277115497 209.3096119945084 62.50883363868227 267.9049440524565 71.35890054602139 172.48645906776207 117.2102038453258 221.0092865710085 144.43662305846115 180.83279359672764 143.0110146349018 195.37724930286242 213.3496842528117 153.1070115967886 262.2067302733616 137.7599894239311 156.3595284703294 132.28234972809284 139.38232228335994 71.65580891679025 150.36505687991504 98.02816383288757 116.15746746367114 0.0 47.38341417879434
74.90591453111963 54.833455022898704 54.0744538137176 66.6735687843668 27.023083742742955 69.72537698473467 7.876594006245682 46.22690222212171 0.0 7.848749615911089 38.591719429932354 2.973324552279351 71.61599064301096 0.0 67.0957503201202 33.03057761291697 74.90591453111963 54.833455022898704
43.00078596739243 16.699866902907672 98.38874894606268 0.0 69.40861555103082 42.93290841460937 53.48347572517086 60.69553417221954 21.976175906725558 83.63648814578588 37.727661795357974 33.0835757421512 0.0 21.260950542092843 25.891723424542036 10.296536037189085 43.00078596739243 16.699866902907672
45.59916767240632 110.18741308952582 25.33381286647245 94.75542779662364 7.65378426125023 80.21880626816869 0.0 52.89475753409387 34.854974880934826 53.3926559990479 44.535467984446164 0.0 73.868371824863 29.975264562013912 112.33483836762929 48.001510656735505 92.35140524100683 82.77197374644334 55.36302250400062 81.2173544319141 45.59916767240632 110.18741308952582
12.503032263984835 39.518394593786695 6.737376426643024 29.73045974665446 0.0 19.33639512722334 12.643055718550016 13.154782550459018 18.039416116594793 0.0 27.63809228044886 10.148129797009062 63.61666952387298 1.915947904105849 45.290585568183175 26.934306748255565 31.043114012821164 32.28072516083924 23.689017116486966 37.796501148538425 12.503032263984835 39.518394593786695
150.9196992542772 0.0 108.6471003616744 72.40122421172002 61.674132139016976 96.34579481304691 0.0 73.57631203465606 29.51878944090973 19.52518445214575 67.57842206383324 4.538413831297902 150.9196992542772 0.0
37.26042777018645 127.47063246245379 6.7702529348295 66.9225419289315 56.25978166623506 24.750362441465953 105.03344974482128 0.0 162.9136803654969 1.330270232735785 165.9650640278502 74.27329123974117 238.62417847285428 82.58312967353277 294.364624195654 157.0406261528875 201.59649737164256 182.88295308884744 153.9074430726105 221.3676752272591 104.33747850907284 178.0325310548365 0.0 223.34528077860153 37.26042777018645 127.47063246245379
132.57462802988033 58.3054888174718 84.53200262556723 89.15909946868122 50.22945434103245 100.0695664740234 0.0 86.72741591256612 45.89703864957819 52.36275342834941 48.13636284613186 14.383318571612996 104.08512604307879 0.0 132.57462802988033 58.3054888174718
0.0 50.05139129917505 4.2143567761293355 24.502647176252907 21.885926585029765 3.049949678120157 47.37671376271204 0.0 61.42297682945795 26.478484450819707 85.33380763531375 26.194323436368535 104.89394626568165 45.051777935274785 58.81814944326946 52.915482399586054 70.29441951034602 82.22266089772725 50.7727574557786 73.73216120498071 24.63223668515711 92.93516346108672 18.948404978496228 67.17730707741894 0.0 50.05139129917505
221.5758347729676 25.630866782900583 325.3456631467777 35.750869266882134 216.67756246364175 107.87684980582553 350.4033034165009 226.53252934817232 207.3651339733735 191.85905531195874 161.0179515806414 226.2289563940277 82.18943458095055 255.8184393655368 48.53101808720305 179.63850552584523 109.19298552547349 107.37473958872745 0.0 42.156780097331115 72.35349485412257 7.518034913049391 131.79870033695966 3.381814965980567 179.8247922166772 0.0 221.5758347729676 25.630866782900583
105.52208150157688 170.29095839833602 47.44870848919052 182.38817274719622 59.20990555702557 121.36647957856617 45.74978060774444 89.14461216830992 0.0 19.01711663373571 69.49367793153311 6.680628693009922 117.95697251409162 12.666909924365285 168.54163951730112 0.0 175.06317624417073 56.51045165330757 279.05219347008244 69.30435476190264 183.36751589118086 114.64523803574374 170.96209553489902 145.27658365665798 158.90608130990847 225.35143472708887 105.52208150157688 170.29095839833602
297.9945445287202 72.40774717030926 287.3754586761159 198.2430068223178 168.49273232623196 197.81918040617677 106.68942636542064 148.68698510438378 0.0 103.08705444597017 96.40740096402394 32.05630879986555 153.01504467219095 31.355533087110274 223.32832374648956 0.0 297.9945445287202 72.40774717030926
41.82292999495954 0.0 88.0425202481775 7.237480122303722 55.49668765887411 36.83387560676023 35.49947780295939 54.59565427727331 0.0 22.87683344597849 41.82292999495954 0.0
0.0 35.30480956456795 72.2327176081136 0.0 139.00154144605168 12.795375418799608 180.70627150256323 43.29562350259103 229.83172080947952 83.20626934607287 167.86042570929158 122.29276397575548 156.68507997927415 166.30084713735093 108.21897423230189 184.81022210989292 84.97615188459893 136.60545324165022 80.20954553239571 107.41143027834501 0.0 35.30480956456795
0.0 127.0169591821238 58.135425578579145 78.90421149640328 87.06987322140174 54.054923939501435 113.32027662317054 42.67558653174584 146.3457117867572 85.39228237371219 173.6831761981873 0.0 184.62167887563376 50.64788513085762 274.609878510151 19.846385823361985 312.94636672930426 69.2780183572084 220.60416499603852 114.92801160247163 265.0979839955807 177.40556955832494 217.65729360055965 203.80257066642565 170.03050763701555 221.36122512904 134.94718944836478 162.1070282427259 119.44204826056043 140.29166701861158 46.070765468906615 163.782097177705 0.0 127.0169591821238
172.85579390938875 80.08217628890363 201.38485762381453 140.22887416211574 162.04034747238003 200.50006052507945 90.25341371901169 173.26667336679918 85.53351224818925 107.52857887009273 0.0 114.94372200577178 34.875229074700115 62.76569056582339 81.17007034263415 58.83442266946929 114.29450861726686 0.0 142.55813689624912 48.138087030484115 172.85579390938875 80.08217628890363
75.40893109001559 7.3340534582668795 86.65074570379804 65.08733138423659 41.49086722629905 80.79022152259026 0.0 57.50257560911499 13.232810519730485 0.0 75.40893109001559 7.3340534582668795
74.18714080883919 173.70163360948027 51.19936866046882 147.87311148653976 0.0 106.43409285715934 78.44659865612248 92.99282012718572 99.66494817208292 82.80502167668715 114.10799264424958 0.0 153.12818669359703 47.38824118988656 186.05552726328625 66.44144212908101 247.3176321884006 86.77841978421753 202.0005329512596 135.1956964453234 207.84625772952782 179.61802876679062 187.89191670121974 233.44008300972126 135.32874247574193 233.38020902409627 82.16803827976678 239.2453807545022 74.18714080883919 173.70163360948027
243.72819983193133 106.28529210893761 304.9528683521253 265.99872652549215 141.5302068472497 224.9238326686812 34.5074916480812 229.01182685169198 56.5633784642518 123.02831374583438 0.0 3.731806818197086 116.93085557402958 0.0 205.37494962959843 22.851759492129545 243.72819983193133 106.28529210893761
80.19416965723136 71.25601610208484 48.43269566565115 64.17491748203521 37.49409532967101 68.64515653151601 28.160881032610135 58.41337747252629 19.269110617610323 56.316028551889815 0.0 52.848472459425054 9.898666737258253 38.54826142798669 1.457355117763143 20.596985274069823 10.643832583713817 4.323799634280725 30.416605892193672 3.916662793308589 49.39268383078421 0.0 49.865429627526254 25.959141521234542 95.09022539249793 21.120654076507307 49.247752103066816 43.27010719531562 80.19416965723136 71.25601610208484
44.76616495906397 48.01750603375103 27.80191263221819 52.63698131344246 16.892682553479375 40.98243243948376 12.145459767346566 29.427889720144208 0.0 7.358276972372238 21.464131512533513 0.9932937511496363 42.46750149708187 0.0 55.21000936202803 15.894183309598844 69.88781082323561 37.6886616534601 44.76616495906397 48.01750603375103
55.4010986953502 60.14348477303484 19.057330181379356 65.59736555431311 0.0 31.39541789684037 32.22725452746336 0.0 77.34355262638019 18.236109815562997 55.4010986953502 60.14348477303484
54.88593860252843 21.350753821437344 85.259736858433 0.0 110.7635008068357 32.791322368104716 172.3095253826323 15.252864466795728 149.39925834177808 63.830315630011796 124.82370090445497 81.18029949654264 110.99806962642474 105.6737473879367 73.21924995976786 130.58332944743609 71.1392137690568 78.88552800191059 0.0 54.077160572961674 54.88593860252843 21.350753821437344
0.0 66.48149576745216 20.50128792598062 18.10854775694198 126.18180731461712 74.27397430682339 118.63890380558203 35.014896289037566 140.92412190781292 0.0 149.07600526943833 48.89741730422345 173.77278036196793 46.12120395295594 264.7812789571049 39.63826223495712 199.17333493025615 88.3788981565809 219.03824150944791 131.13883819056844 178.5388215828482 140.33240759436677 162.04016914962438 191.5848730303526 122.57378499875895 160.76901572987478 80.0291492251543 171.1459481910587 48.33812853861636 146.9986696744399 33.348572595589815 108.91076406367947 0.0 66.48149576745216
71.76554210886115 33.22522239742061 48.45154223171413 48.25902070666338 28.670988967495816 66.53972969911516 11.340493184891614 44.936989347282235 0.0 17.32804387844287 26.75803965943551 0.0 54.80541358663183 7.9386417614069416 71.76554210886115 33.22522239742061
87.23706170769108 24.439545083398478 122.10243396720956 0.0 159.4376662039595 13.232456565036216 151.70117839172786 59.35853051865722 152.58480104620014 84.23814938805722 177.96879129537092 118.11448985601795 155.68330876194273 144.8197293822845 135.5325055719353 175.59316923163686 95.70488954252963 151.90373945262348 73.81921107403532 141.05753379612253 40.92554533052485 146.29028566952763 21.35316811865961 122.7538498681932 17.142723684709892 93.62118285616997 0.0 57.710333720660586 92.81035799340545 87.89038496963248 62.64864684778564 30.777202129422612 87.23706170769108 24.439545083398478
204.6329181982459 212.82241849076502 152.7064614832149 202.15403937067384 119.6609658762442 177.6038876359852 93.40289625868255 166.37215811483077 90.81862086715273 135.92053811498772 38.81073934887138 118.11685455894361 0.0 62.59743186660476 59.8134983858142 37.78772145704933 93.0556406119068 0.0 141.04699165931154 27.130292360819183 187.50832637377212 10.194828560932308 241.52393535161949 25.291532677170082 222.1432784506544 88.14928691182736 258.7591740972188 128.11831305508065 195.7874059304806 146.88461109734766 204.6329181982459 212.82241849076502
70.16028928712679 149.28508279396527 46.286386878363885 125.72880358130733 25.306906290226664 102.5175032665576 0.0 71.28506172109479 84.3192227525796 66.72578594310498 79.00015992599181 53.309791837471394 73.56845192934625 0.0 98.73108873765057 39.72367906062679 125.85227661133672 18.660311956645288 130.6281547054368 46.50486126636406 195.63465912947413 51.200101700551855 185.5064991992835 92.70153000442494 174.11335547900205 130.23047826296204 139.9488464140588 153.10338820376018 104.70046356250965 173.76315285580426 70.16028928712679 149.28508279396527
112.93016679413022 216.74447701613377 74.64125711959304 170.08935837581407 36.696953515688506 150.24925009074656 0.0 96.80021796191274 47.869183587594506 59.05076357260031 88.15693009935642 0.0 103.57428070044543 119.05686529378264 229.03447236827594 65.91766731358905 174.27252276300376 136.7635817005616 164.96905994862425 189.16394245751053 112.93016679413022 216.74447701613377
87.07890188891189 234.91333197880041 0.0 152.6185483395271 68.92488317348368 73.93149746854084 85.68153791993902 11.31651860207424 168.1407547706333 0.0 254.90842844760402 79.76550856954006 148.60194582540223 136.35067575699196 87.07890188891189 234.91333197880041
156.72058995250737 152.2778746064265 77.24256303402828 127.67681023684214 0.0 46.07589468708898 111.01377961443816 0.0 176.94889918530777 64.49172083063124 156.72058995250737 152.2778746064265
35.06161932724753 8.645179976542579 25.86596311068996 30.756759840453867 0.0 27.27875933256503 9.963061824206761 0.0 35.06161932724753 8.645179976542579
111.90289715388369 116.1502341940114 85.60328320303802 107.26316193268974 69.22782668854398 117.28990927098928 75.15619067454472 70.94949339315181 37.437498154228734 100.3688792234274 18.524818136915172 87.67008994568087 0.0 62.0707892553105 33.15158024781468 47.263425376383296 49.89791222747456 38.25584238210473 57.62383404565199 10.421242425625529 83.05299521782369 0.177512353471883 115.20669325945661 0.0 90.37904616639894 58.77188300284564 134.16221401076217 54.5345647816458 119.53582863426725 75.74339060970634 127.2686179025194 98.76653419699133 111.90289715388369 116.1502341940114
46.1673732714726 60.150826533016314 0.0 52.941793246383185 37.28670429200491 38.75555648019706 51.73406323905586 35.2752916920893 57.55808009495938 25.02932642258766 72.65900701225158 0.0 85.18498698071245 19.70734337077478 109.97452346451954 23.312200973951036 84.60873649654621 48.979556001811744 88.6844482858914 60.194740511490735 90.39181818033808 79.80100565030465 73.78100445637858 84.97916304444657 55.196386384333664 99.85661907354792 40.42708891694407 84.39548740938694 46.1673732714726 60.150826533016314
0.0 155.9728218210824 33.26203771367108 100.84400355178072 98.83540254096333 98.15116099242962 105.89726023783808 87.43556129145816 118.03931419738085 0.0 127.33155597001324 96.43559746279242 141.00124659179784 96.75940207495157 246.8410842640757 94.24165085642387 240.0750964566164 157.14938558024642 164.66444563382487 160.57313903046628 137.19138937939405 181.102278311884 100.97497313568363 188.79647487765885 42.852840991731 198.82112385097076 0.0 155.9728218210824
77.00153801904594 21.372070871595767 100.56891899753455 22.643730857306323 99.8624750189264 40.94973010960727 91.40483639339666 55.63164648429911 74.95772425118415 58.36876466506418 66.37102487692505 73.69149750747395 54.59409771830575 59.01067359977192 34.47178918371161 66.53514592321689 22.41071048215894 52.165430859308486 16.127906023538955 33.658675506086865 0.0 0.0 51.73729407650775 23.135697481513148 58.63463545569657 14.039234081338734 69.58514612000144 14.260113583691833 77.00153801904594 21.372070871595767
0.0 96.29054227444493 0.3670620679018839 51.905853243725396 24.87494389792306 15.237798809320537 63.53425608470599 0.0 98.45360039745383 17.80791685290957 142.48357989084337 31.726220422035787 141.72537358810027 77.85667400918331 135.49262268739136 131.9645853513569 74.09588824096014 87.8977313510519 44.694439592391376 113.92365625715598 0.0 96.29054227444493
87.91158977706341 92.73624515109283 51.98670696457107 161.72484693831444 60.29349722563565 101.7753029714114 0.0 102.65471285565329 52.43319260491934 73.36096984113436 59.62438232803042 59.86910126649187 64.95020562912485 41.31989843508325 79.11087667542786 0.0 109.09517660916502 21.055407396117005 123.89788427908697 44.95302110745651 173.68190013451277 52.80404356763408 133.31230431303163 86.07425286881477 145.4714031667571 117.66067766785143 115.39157722793543 127.54506364255634 87.91158977706341 92.73624515109283
0.0 18.05510356372973 33.16249127669329 15.88259575438623 44.0944927208282 0.0 61.339615211565004 7.431154084341657 75.50366656830349 13.461785041372465 66.78320078567897 35.84239227877285 111.93498040320581 40.119528572200025 99.32955279229293 61.55015649471683 73.73458319825158 63.77333373300354 70.21436378257836 99.63247281155277 51.923354506834755 59.18494954588893 49.55386897098643 49.971920713991466 16.570389970298294 62.15722818855849 18.86809067412767 43.79039957511567 0.0 18.05510356372973
102.60557681041146 79.99424555285034 148.79270617183758 70.42746467454147 203.31370930418308 98.7536225509986 129.41259146804532 106.73223671570109 137.9909491296133 140.4842800461705 104.54075379825139 122.35835488134406 90.76905730218824 117.80645058185665 54.63686573284937 158.51707283199534 32.865741717721846 137.70775244453915 47.73886928351402 100.75002557889101 0.0 75.95585068970726 61.557747353400885 69.09926839211468 24.334860415009587 0.0 86.09551068664918 61.6204203197822 98.07156537979249 42.37661350694347 132.3302790872462 16.538606240608758 102.60557681041146 79.99424555285034
0.0 44.64954571127089 15.720343561259938 11.922635519513307 39.8651292645212 0.0 65.86640534426228 14.565508083512995 57.11049111260179 40.59935636684888 35.13453458695817 61.05368976343581 0.0 44.64954571127089
28.316020144355647 60.10773513256905 28.80195580242166 11.419355754299062 84.8756879251633 63.09683414203097 104.03551198437566 24.63273956929359 162.4141779250759 0.0 149.85387545018 61.65716564046262 188.09920706612635 94.16564862474033 130.8317324298512 111.45710289038335 99.38469934300063 101.7896858639179 89.20579554504646 176.25901870926512 46.61538496502705 162.979327913622 53.809975099092476 108.69311218854942 0.0 95.12796012017823 28.316020144355647 60.10773513256905
96.93796760864996 62.29385020722454 57.42761194949476 91.27674730468125 0.0 67.43434972547252 19.843241685332018 0.0 83.62234128044642 7.779965892686263 96.93796760864996 62.29385020722454
37.32309457951739 77.1168900594668 0.0 28.113570754247604 42.37153522312059 5.760681880549711 80.17067201298919 0.0 93.24245725638583 55.49139589696257 37.32309457951739 77.1168900594668
221.34183006017352 29.79655353584451 130.47823226719296 144.0858273811235 22.822572624135297 157.61778538619646 0.0 53.88165007066587 78.35999846683275 0.0 221.34183006017352 29.79655353584451
7.948626239684245 0.0 51.2257783402271 6.701432826850031 78.7121525667051 17.87670251406641 117.1688795870169 48.084796609238666 90.95022480171573 87.20371458249278 50.863518950402245 53.233211818252755 4.284422919827293 87.862685379818 0.0 44.44547140834895 7.948626239684245 0.0
260.3297260031518 253.38661813394293 178.18990673454567 152.17092946048365 152.60693164633778 148.3022454680273 53.49283097320469 200.5677257953716 0.0 145.04222535211068 86.63610850448184 78.63983963733548 81.28699373308586 26.917486248411123 124.74259096316658 0.8078673634429947 173.38569877548144 71.971333549045 213.89283174743167 0.0 247.9000987909829 29.17265143499486 177.73330372728978 92.67719389830354 310.1115258268363 118.45352346500346 285.5690526584457 172.13873840507745 260.3297260031518 253.38661813394293
85.28357868334487 5.867771588591168 122.33863027813707 7.649777981965613 99.44543134273724 39.91528231234535 55.510550185824854 43.75595315636621 73.76233373180028 58.6037244815269 68.77020107900871 68.26792972861196 57.48895875129355 63.100001452769156 47.80576859277771 70.05484125684939 21.303435087504283 86.24322219858993 1.051767388879739 73.847417386491 11.266455739865563 48.24656448362419 0.0 27.540906821417245 36.00496897391659 28.389459334640115 42.921947483313986 21.732568770645138 50.19907180867351 0.0 66.43313758116898 7.243099949897982 85.28357868334487 5.867771588591168
36.019537048407585 0.770701714337406 103.23158360918144 16.24576980105816 175.03132681075624 0.0 229.01070316763855 44.35175418832189 227.60413260072795 118.58345028716022 240.40185887880688 182.544424854254 178.7699919476121 218.33815457981328 127.76071203958004 231.161303654776 86.43268607907298 209.93582717534534 58.013538491370014 187.108770568783 32.398626014899946 160.61711637909218 14.875823566487782 121.04567716501455 0.0 61.58221287669019 36.019537048407585 0.770701714337406
157.21904692304562 160.4529500719239 0.0 152.73264383518205 61.22699567442241 48.16153211979868 190.04675757334275 0.0 157.21904692304562 160.4529500719239
162.65422057949567 125.27281536422312 111.07210877581234 142.00579135236353 82.0872674708851 147.58338873209215 34.85109337469794 170.51344438218396 11.536689735306197 124.98432306111512 0.0 79.34853464793787 23.04947750146343 27.94377966508418 77.49587653084302 0.0 141.08107171361087 8.801377945799231 233.0644552305828 40.9934272086092 162.65422057949567 125.27281536422312
128.39763031265105 126.80527021256704 67.46028460836268 125.01170183003485 47.32547204038904 91.03405496790054 21.623518428979388 76.88880487969415 0.0 21.632717423124923 56.961165866767324 0.0 102.86956830775486 26.446965218542317 91.33130639828158 68.62542526953116 128.39763031265105 126.80527021256704
15.004440733996901 125.69682484117861 0.0 70.30842219462598 94.63909835311374 82.23633998036559 100.69357442360473 70.69798448206802 138.34790147386406 0.0 161.47346603866248 51.8858159952716 149.23159518487515 90.38643747201003 194.83764476117912 141.39802165173938 131.21654749553312 141.45790758071195 99.13766971245795 175.63270568199266 42.92719725563399 178.64468930936437 15.004440733996901 125.69682484117861
20.71438621692326 163.08774765849722 9.502245561211822 101.76819504986206 0.0 32.01473580012905 68.30756102240042 28.771693390228627 150.1189786686752 0.0 196.8829336491225 78.75078525869777 112.49056946941171 119.55641228017929 75.27009367639211 91.08503345877897 20.71438621692326 163.08774765849722
