70
39.38974331652442 57.00233977108198 0.0 54.99885662781368 19.164123745146213 18.888191120999522 44.66066546713972 0.0 52.333722811194804 30.043876020496867 73.25512623542848 59.136412844673444 39.38974331652442 57.00233977108198
111.12900565640935 53.19854771871187 158.6616241902201 47.07238189844196 145.03286422959212 84.19908988669717 175.09293805485856 117.74465472943128 109.28326508987433 114.21596738924133 126.19719389252596 170.7097219380908 84.14887701859513 111.20760288279014 73.36553898952474 123.18929022799837 46.26839821715252 137.92749568309773 0.0 140.1983767936918 34.19838863521524 99.54512210852346 36.70300244558355 80.73304115210092 42.42181023742239 63.07162088665274 71.31852239557485 74.8063934311518 75.47699480316989 42.64718214355213 107.21728102013316 0.0 111.12900565640935 53.19854771871187
0.0 22.540479534021713 70.38372551233645 42.563944306497326 130.79879644983856 0.0 155.29809589537678 62.2528469373798 213.4447603035532 134.36224012502453 113.72666644087688 145.8499490065854 64.48229598449042 193.2185209247482 42.316910742872196 122.36784047820454 58.5782921250175 92.42717251985108 0.0 22.540479534021713
160.92000949495812 150.6147823544668 71.78765198659966 168.57726534548453 0.0 70.0413292400126 89.1667989611791 0.0 163.86801778437396 13.397921698997251 193.4545409011706 58.621924322953774 192.58324884107043 101.65791735099265 160.92000949495812 150.6147823544668
52.803972936976294 3.17564594175073 78.47079908341497 0.0 102.42616220627161 8.338188158932262 139.42230511690707 13.65596258598265 156.33329445024802 45.011885369342465 182.6060319361826 87.25063453418039 125.83296242854982 100.44024632941964 128.8003699441621 162.80749430139926 77.56516347226821 115.96406840402483 47.08937815851573 141.02985793549013 34.07872448719107 102.48936859389607 6.879006666580153 89.80444040925036 0.0 61.81359337436447 36.090317721869354 45.34015864484786 25.396176073757914 11.096327135970881 52.803972936976294 3.17564594175073
151.69171662744108 2.895408315640367 192.89079969820847 41.24373265847348 208.2371748401439 101.0711515802164 155.86926029235028 140.93839355469623 105.77692153175497 126.90477962351635 39.35243877725193 175.20167477339436 0.0 115.11861862597105 29.02245816119077 58.42514835171498 64.62561814017258 28.747895940673047 99.94914429767422 0.0 151.69171662744108 2.895408315640367
107.16752485908243 41.30907446634461 175.59276428423917 38.63577539925964 156.66540671713832 88.53017759996172 110.2628187667565 99.46021669656261 95.72082392971274 135.14585391478772 62.165489720029015 126.2282325424809 13.307351767786571 121.93644208919989 0.0 77.61595323361081 50.725335032300535 52.3839612045584 75.43216048621952 54.106810939116556 90.72748783532379 0.0 107.16752485908243 41.30907446634461
42.15961582550237 0.0 103.28108969268092 1.577008694640682 50.23605677984146 44.68980446513831 0.0 15.196315322929905 42.15961582550237 0.0
66.36457802536952 67.06049203953512 51.57515953171358 76.44818822394771 34.704209860902026 50.04815295140763 26.32040640245161 55.3653948522563 9.122873003552257 61.46270247825916 1.7533305296713024 48.863622444287714 0.0 35.74354125274631 5.732968415509504 23.473575699959525 12.693012354391911 13.701718972337602 22.322893630992525 5.216073633901232 34.69037601237619 0.0 47.985771580920726 2.097609895045082 66.36573993411886 3.0381800930498883 61.917434881974614 23.983824082980362 60.513089343055114 35.20712943663892 84.52711643206621 55.95418421798385 66.36457802536952 67.06049203953512
48.86394427934374 0.0 50.14702946003649 25.39578255605018 39.97153440949252 46.86692919988303 9.757293600841436 45.81531222265481 0.0 14.694779940766153 26.465112708390535 10.458668128516834 48.86394427934374 0.0
156.441163158734 187.8150909840116 96.18853686085319 141.94197486938748 20.2769691836977 127.62284732226536 0.0 42.53151538238657 75.48405060293535 5.945569305893471 132.469275599818 0.0 180.6063505768038 21.564874840166716 250.52898445347404 66.82632982508274 237.62515565296846 153.62381641028196 156.441163158734 187.8150909840116
34.62063881398082 0.0 46.187790837819605 12.65415986889515 72.53861310122682 16.62327384166234 55.70891180295922 34.32570541381992 44.6343380357316 39.94511770040104 35.97705300922995 49.326402047437256 16.62044776210631 55.929134320403335 0.0 41.02549867883843 12.157831261870342 21.255839524457116 16.68083493363271 3.5188649528295457 34.62063881398082 0.0
126.40273843930746 23.84489439994495 298.2589872553193 0.0 324.28402629775496 224.0843080944768 155.44984344010723 119.5698845237428 0.0 119.07838167959858 126.40273843930746 23.84489439994495
50.730252932977706 39.9558277449235 82.54544856295209 36.6693014768504 131.27873033074084 74.32824488603879 72.73277926303012 80.45464100810997 49.588987237741236 96.44006433741686 30.98923221394176 73.96540349808225 4.572936053695372 68.49251852204861 2.8181186441034356 43.03293383344769 0.0 11.532054642148601 28.87648591516421 0.0 53.63133917799942 4.107678382220264 50.730252932977706 39.9558277449235
372.4924450908834 87.85006521577469 248.29030099265347 187.56569323225233 212.73281565691667 308.2231799321729 126.01521604339796 208.0627559258878 26.620425828331946 203.4933478440021 0.0 105.82011567920961 81.1615754774367 50.0967004173699 151.81799130095152 14.312435488087672 264.577717042107 0.0 372.4924450908834 87.85006521577469
0.0 104.53077806102432 92.8017659140435 1.9006742039947682 235.9936703469628 0.0 251.0152560288867 161.64577175574286 123.36056110426712 145.2705416697926 0.0 104.53077806102432
52.94881363496208 28.9243305556261 90.58263401673969 27.46779769475627 81.4642199748896 55.56916061737759 72.66469466511612 77.20799922042573 50.84426210056452 86.42935140248964 29.47235081148824 84.5871893780248 0.0 86.06464763244303 29.08119422641846 51.760408033010975 39.34633992491291 50.17151002931068 24.677462316197918 27.211476865569495 39.21413205866129 0.0 52.94881363496208 28.9243305556261
132.77092054154036 208.85228167846967 66.93705347291703 167.8571673518802 0.0 136.35635001706208 73.1705790144002 72.16993730953021 62.41474385143673 28.224895838143887 101.9407950302968 0.0 128.52121359627336 45.645783012910286 217.85488708404532 22.114413499894297 195.18133886144113 90.34241875760867 150.78637058560915 116.48772367151503 132.77092054154036 208.85228167846967
212.66111077396772 47.3241119975262 190.62844006974586 115.37318815840497 177.45473274458257 175.37826402037842 111.58842712325898 167.9971157020442 66.67548576062757 188.7237261938272 15.866893544408612 164.82459190690014 0.0 112.09704346966743 54.41099288113841 83.03635886173832 26.641987747591116 0.0 93.45181653029735 42.18309766517754 134.2886066698048 40.24668425914013 212.66111077396772 47.3241119975262
0.0 159.94517197668787 104.50465468207099 0.0 283.07546471952355 97.54998016021358 171.83187417514762 280.5422282487532 0.0 159.94517197668787
240.60776245264174 106.78029371280391 191.23528790507783 144.26016565610144 196.59264922603217 224.58489544312306 133.7639058851742 195.79126724519728 96.84713212579499 171.82434072945142 0.0 171.46636076133285 35.39436608250597 97.23312907121391 17.38362987166748 0.0 125.22599345585178 54.26377421318966 167.71625975505964 32.333191788540375 211.54315507087182 57.81437931558736 240.60776245264174 106.78029371280391
0.0 0.0 30.83926909815243 10.598733235587574 34.99785369610386 15.09123392058028 70.31279038005411 38.97289152528066 30.983394050458102 55.79939723167671 18.787312113187127 23.931782245312363 0.0 0.0
32.62468499004825 80.55804453635051 78.9357855366066 76.24479338559613 107.36475476365467 39.69867376194827 167.58962572154755 0.0 151.55361497717436 99.7330074014105 266.38624447543805 86.27026549799338 244.4492442668348 152.44676741489457 137.91315586607857 150.9495485678897 159.3167316254995 213.7802461192218 121.07978106980399 220.5035986920149 71.99760403193133 249.66282583147495 26.4915301029622 215.76939290249013 112.48536307894567 135.1893063386815 0.0 116.76253568023856 32.62468499004825 80.55804453635051
94.76134019873102 6.321098688774242 152.5426741497921 31.49073645232366 99.91029367008981 69.60670985545173 87.37641830444751 102.90299755422316 54.508944123928345 113.22418216245995 23.129507447094127 102.45620764264149 0.45915034003531474 87.47128192425384 25.961920012094964 49.12683227324206 12.971330255532024 41.726162405878185 0.0 17.852612120186734 19.591479805518205 11.23485234964869 37.73107639753286 24.59151623069539 61.2799102062672 0.0 94.76134019873102 6.321098688774242
61.66105197284943 43.271858380432974 21.680019554995162 47.36798127642538 0.0 0.0 49.92298703815087 5.122646924838989 61.66105197284943 43.271858380432974
0.0 87.0468004411456 49.838720081119874 43.461071131415096 81.98395186336879 13.535313295305244 123.90853215675698 7.258441041497392 181.1729799393853 0.0 204.37801913913887 53.22548509092829 193.40241577592258 99.157512381938 142.37693694523813 107.64787319492773 141.3100161833792 204.32869999323884 105.1081329230385 112.27739679401765 52.30033970461707 128.8259805913909 0.0 87.0468004411456
0.0 107.4342335956232 77.04004256225514 0.0 146.9319074918196 7.566770993124422 138.34884561543524 51.94390919672741 205.2193117223508 100.74103242990236 121.45953507290506 196.99593343563734 0.0 107.4342335956232
241.02287708636433 123.84899709632278 178.4727528163283 192.31561093184803 117.05541213461761 150.01210681520104 6.170215733144289 154.6343174947583 0.0 26.178155339048487 115.31069626305427 0.0 198.04760247993863 47.256467856610286 241.02287708636433 123.84899709632278
84.6987631035916 9.933784811891684 163.7034814784958 0.0 205.77681205684598 55.2202914419638 228.32565806822126 106.96694126609012 186.93695977676782 148.47329598955625 163.21100310894127 220.92782193624643 129.72138131673336 129.74760296232853 0.0 159.81547688823514 97.79547092807272 93.89527682745481 84.6987631035916 9.933784811891684
0.0 106.54791665807149 80.89948784350912 82.17875547477328 128.2921306982335 0.0 179.96686683734066 64.81293418665996 287.515494090117 140.18229626007465 188.44589230616134 217.97979858301215 98.08405979100095 219.47933790540276 71.33708595085365 149.1587925415514 0.0 106.54791665807149
52.23210524774524 30.71569391536488 73.0472284162598 30.756761741881164 67.98490969869209 41.764199963095436 72.52986651038321 57.923776368820725 52.653927154202606 52.15506335226917 45.60398316602134 58.65728688313021 32.70342096041105 69.51390373274752 27.253840704219215 54.92348986553547 27.786042066835734 43.43548624871325 0.0 35.31320397714116 21.69345349489862 26.177501757887384 24.712086368555816 14.844763486776202 33.04549613790577 0.0 46.396439104500345 15.528658697126033 50.71821387321933 24.887178602487793 52.23210524774524 30.71569391536488
0.0 58.911133207607904 39.52847669302919 0.0 88.9528639400847 64.27777283122647 142.63133433300186 51.137968130621616 175.50090458833324 108.66812447711663 128.9403093276444 166.6872391293955 73.57559095580181 120.51228359708479 31.95657748921836 110.27550555892104 0.0 58.911133207607904
47.827490361141045 24.773086763284013 18.20291288599192 36.523219721628024 0.0 11.617317492113216 21.214296726566374 0.0 35.06833548410616 1.0442654828721913 47.827490361141045 24.773086763284013
0.0 154.9621122398465 0.012350054507194841 87.88581716483006 66.79374014375324 66.31135717060967 105.43799796108927 0.0 151.32553435426374 59.17400451614569 209.27326746291905 84.61126514058998 221.48070940453098 153.48034146137456 152.04706632053015 179.024283621449 107.48893882281892 188.00953396162888 61.075118788956864 184.5326984755987 0.0 154.9621122398465
0.0 9.693961499721212 33.226494329162804 0.0 63.42390405162642 43.2834889958836 6.665889029496697 49.113366666146604 0.0 9.693961499721212
37.470912837166104 0.0 110.59995824458693 5.435855031230659 163.65276846597402 51.715144385123494 127.62653501843764 110.80871951859088 55.33569626887021 147.8497303142737 0.0 77.8976002435112 37.470912837166104 0.0
184.72520180743328 10.367508016137393 250.4092531693264 48.68938667091966 286.7958856384623 131.42907778992128 154.3153318881095 140.6815055738291 172.54374581298882 264.96515351198855 99.53508190548985 180.05017278296606 62.244910186558855 164.0554380326879 11.9144300153188 141.49598609497485 0.0 87.16226691490813 47.333960093718076 52.44725328581881 73.79403750074331 0.0 122.51646690126056 31.7603832210404 184.72520180743328 10.367508016137393
146.5200671769331 174.80546802746701 115.31035944681099 159.96936936790502 60.572934526096475 141.34566418199438 0.0 82.86056601637205 30.72590820522413 18.97957707777661 149.66536795692906 59.56814544607032 179.2283830445536 82.05504671905109 201.2449534403008 0.0 234.82882124076232 24.383875095065235 257.93577911054376 52.181281332596136 236.96488393802275 93.67714195571209 320.5269619255127 124.4616715295745 299.73536348949915 173.4178553231807 333.63735067057235 295.4178177489588 222.60993190914604 241.7006523216178 186.08730230723927 107.58385250070128 146.5200671769331 174.80546802746701
68.90910442040706 0.0 128.96202898543504 61.31560110186951 42.900169320525976 86.09590394163365 0.0 22.307140894673786 68.90910442040706 0.0
133.2756223028142 27.723212722232418 207.3537474926806 3.9459209775414053 293.31681916288153 41.68623191801407 206.98997442404357 127.43266434626489 187.48903484398534 163.062045412002 160.76481766045526 208.83506037177014 96.72646012767521 240.62871219199073 28.25177050389469 211.7010809774576 0.0 140.9754474295459 20.69477895802244 66.41829817895726 56.99764702076038 0.0 133.2756223028142 27.723212722232418
38.351662126696105 52.22769301615575 0.0 49.291058065946025 7.270814311956407 22.639682041721265 47.699406031763424 34.86498826177981 51.035746396230884 0.0 67.72503266994303 14.39727278931138 100.54019851342295 18.0244726220942 84.57077682946877 44.72354497474698 62.21250069277853 49.37271862840117 68.38713917765628 94.61183338464173 35.856893835480626 97.45673820705937 38.351662126696105 52.22769301615575
131.4060449283593 116.80648333288997 67.38459300271761 130.23551764063205 0.0 98.40902344911976 29.23861906415162 30.81085352698223 74.5781676477209 0.0 115.65953992188844 25.198912509958916 189.8853904494228 60.07770863534091 131.4060449283593 116.80648333288997
0.0 14.989534381005925 30.8977816713455 9.839081796399839 40.65573041638805 0.0 53.50110212441544 3.669819294797179 48.31282519146164 19.792924067153393 66.65774442627755 26.331448018820424 70.3835604901279 52.18239367904074 44.89299673162485 45.73333686190482 26.797410238349315 51.024368721416366 2.973298983760799 40.33419938626915 0.0 14.989534381005925
79.5635699925301 171.624896967599 16.887320973157124 123.19660748754326 0.0 0.0 121.4934629788812 42.73193505852156 173.3724062462312 129.90945623800755 79.5635699925301 171.624896967599
69.52591264472207 28.023144529846604 156.50453896212724 23.476952494573176 197.40006129428988 37.33927017152723 271.7729417537968 0.0 409.8402897891755 37.93934715161972 343.80350187172775 154.7211336678469 215.2226656193688 128.15229945657416 171.20562076308534 222.1299802226361 117.37032727672829 158.5580540079663 0.0 119.6723276105687 69.52591264472207 28.023144529846604
226.7647386372681 130.67290810254968 81.13340113179521 213.19360414150157 0.0 2.0367337871639393 192.3413503091894 0.0 226.7647386372681 130.67290810254968
54.50392534672655 0.0 68.7998956919885 41.23924101679603 25.491998525016484 35.92708266495532 6.240798890289184 44.905321077039346 0.0 21.817521290893353 18.119687527463768 6.092415068073137 54.50392534672655 0.0
46.67573675354135 138.4519564234805 0.0 73.458702342939 48.52872650371463 0.0 129.5398268555336 4.1434069218085625 190.27453471141553 53.19141858569924 138.4488886666064 107.95310102528282 105.91271558583304 117.22006082520086 46.67573675354135 138.4519564234805
56.26433698834026 31.691170252344016 114.72117368188414 0.0 178.0249777359092 77.49873829401326 88.61728894789503 89.10202268696901 0.0 101.23997279700248 56.26433698834026 31.691170252344016
67.40201905689278 112.67772003683541 0.0 42.7400585284482 95.05328800555739 0.0 137.15256129408823 58.98514582674791 175.06952316044226 110.06986521042066 117.68697861293525 161.27850429329362 67.40201905689278 112.67772003683541
86.35015892360737 173.13649850704988 118.67738773814118 105.89972513339639 0.0 113.10004599401358 21.679058795628833 60.26068788108935 40.671389833823355 6.518178668622056 108.56886377917479 30.40225040667093 140.82212389864702 17.737426687406114 190.74687335448405 5.052566855004557 293.5092648919061 0.0 363.5302385386593 71.06011617254863 233.8562299740111 130.2241616850042 219.75495234281928 183.68806302960246 189.46617924408065 252.26863010948998 115.07060392250577 258.13452183214804 86.35015892360737 173.13649850704988
84.43453528342152 62.003960169878624 105.36878638255527 101.89262486016143 75.17229498731048 99.45804904133074 58.24266698837573 76.88600184687793 43.69200748322153 79.40903642783906 0.0 86.90574913660477 12.69794263493202 55.48459189863357 27.983685636931625 37.58362585702652 17.65890777352098 0.0 54.02260333182805 17.124961567839065 68.71332231335381 21.30122645969901 82.3547948549215 26.973649774563924 105.15707034228507 30.5062943856948 102.28018797804887 51.62998774691795 84.43453528342152 62.003960169878624
46.08094953048989 4.580688862125001 93.03682128942862 0.0 65.98810445127164 42.361925580071954 21.592067534050372 52.983799438285274 0.0 4.3355667782435034 46.08094953048989 4.580688862125001
98.88783560527727 126.18880814129122 45.68707757866679 108.69978091240421 0.0 9.268919784070292 111.07394764500764 0.0 152.3954831695614 63.305491602713346 153.02330241903903 121.5248104513596 98.88783560527727 126.18880814129122
9.288424222663615 0.0 46.530112786669626 12.834464551570655 68.10512614383924 30.49733752114801 80.2985005822878 42.8513606756261 124.67112109052974 29.90267750364565 135.77379916652305 57.2719628310376 142.291571055155 88.06910570590132 102.15691435349325 100.02913486108042 92.04808492285014 117.9763817987259 73.88004533197139 131.68366282104316 50.85046253335535 134.9047993574658 22.55392928322066 133.77518759141256 48.28471489030907 82.08811332959009 0.0 86.60715414792315 52.987004379873234 72.28644973260059 32.70282671076165 55.73895381300065 9.288424222663615 0.0
3.8509353400923416 44.26162294319313 0.0 5.052547331304311 39.420412584056834 0.0 66.93459343854897 2.5215173274516474 84.81437174893911 32.51515219881233 61.932933693795874 54.673682311729294 32.370415279797484 63.992492650031295 3.8509353400923416 44.26162294319313
31.5633112673153 91.65312788552103 0.0 83.63489390436197 7.023152045051518 56.013410606954274 37.58177356687952 44.44062843049533 35.24690609145999 19.36929564415783 56.93138039744133 20.265801905488736 64.15540775649607 53.35114590701621 118.41130410641937 0.0 158.68078710386754 24.266425460235247 115.57770338664038 63.126313534697736 97.03598087605114 77.87964484244202 114.2608822768692 133.23658675780553 73.35145677690114 134.28634162714215 43.87974152227518 114.1172587979824 31.5633112673153 91.65312788552103
0.23176577561305578 48.441042325952154 7.802032198081662 30.51065500594939 0.0 19.619189266640888 23.969750745556922 20.96332963065433 13.693426170198961 0.0 26.92078632977686 7.5995494004764055 34.392988154447366 7.529340208458322 46.502348940768826 3.9267636325245263 51.17405927917011 13.834839836127983 56.13140615969553 23.492431067733563 47.46663044888416 31.70966945523317 49.15447018170582 44.5979409144786 29.97364847557685 24.84635475471343 29.5101433475473 31.33069558567213 18.36800898746864 47.130782475703725 0.23176577561305578 48.441042325952154
50.23552321626663 235.53033709825974 0.0 196.73916097030397 67.02606238362038 149.76129063290136 68.67223721549247 106.35676740346979 97.49272810891287 58.224734437378345 160.57435166066776 0.0 206.35752854616385 71.618224359326 329.1521269167675 70.79860417508176 277.7453675443916 173.7146084609277 332.52205612743734 285.8843004237053 213.39818850999265 293.0488303607301 142.1413760189373 265.83550925664963 84.32368183686168 285.4889312278582 50.23552321626663 235.53033709825974
3.768153170208109 54.231711540719665 0.0 18.122675453470514 28.504841008736705 0.0 52.545807627260615 16.73823145230596 86.26860612495867 18.800863757341368 115.0079057653015 65.48513180715747 62.70143388742545 80.68700007669247 25.54699211045812 86.74068807930459 3.768153170208109 54.231711540719665
45.35873519713002 73.00297610342234 33.778992123528155 13.08042179776075 88.07094329449477 0.0 122.37384535460592 43.84102820952934 144.27368164223805 90.2799337526092 81.37454650749544 97.20135967895192 70.28175600096259 121.72348949614992 28.692210608213706 137.95778930821638 0.0 100.87560403697923 45.35873519713002 73.00297610342234
227.8432958523782 63.30838488201315 283.09189973856724 128.69681020006658 194.5790270827304 159.5952757350418 131.6709808005474 256.1323621489364 82.43973737595539 158.82500253650474 0.0 76.2029019934587 91.68346860908349 0.0 176.4153852736267 30.960038420416623 227.8432958523782 63.30838488201315
83.66847674997925 198.76690200339362 0.0 45.61243658549251 148.14565402324124 0.0 276.64920640306116 37.5781994436522 214.2991017484516 154.25388985581662 83.66847674997925 198.76690200339362
179.67098299502223 278.0089953594606 136.27423714581064 248.6067361036187 128.16808057682238 205.05482916247337 41.84921898671925 205.56429895535183 0.0 138.66597437441106 62.52001770691081 92.68413336712538 131.5209600933089 100.60477434754044 177.04628550876652 0.0 206.83038825635907 102.69801840034287 278.0439333629996 106.43918886325969 309.3894373269003 163.41881030392014 252.12816676353134 214.2807722549481 235.97649704370332 268.67221852864066 179.67098299502223 278.0089953594606
37.439495538349306 30.32561247982686 22.841727292271344 34.07877230253939 0.0 27.648546136501835 9.276511536662738 4.308512696885515 26.816995244059328 1.9043854254083925 45.330228001009345 0.0 61.89132329814818 19.76461542034994 37.439495538349306 30.32561247982686
53.88816926673835 60.45471787141011 41.418293992697734 66.89320669525965 21.82153660007861 67.24477565450412 0.0 53.155359442428676 16.291769958869146 31.2466252588425 13.209141180134417 0.0 43.65653110381688 12.06028834037879 57.54531741793824 20.236896069548195 53.149253671445344 37.258828485317466 93.22891745673536 44.45542289300158 59.096014627426165 50.31313002904014 53.88816926673835 60.45471787141011
62.5395697746367 46.89854484348493 63.10578396447919 69.1942668607798 45.50277180952817 72.86236718481865 11.622266288638606 79.22119378441099 0.0 50.3331618708431 31.323196205841157 30.59068968875883 40.568385141908806 21.688203119534876 52.65053746164483 8.46084054946246 76.89878840430322 0.0 97.93816675320448 16.72402852880424 77.23147088791805 41.529615728544215 62.5395697746367 46.89854484348493
35.191543732298065 84.9582362209775 0.0 7.122978897020047 101.79199495015914 0.0 159.36682879614176 93.996788104232 68.46364646651438 142.647737483119 35.191543732298065 84.9582362209775
310.0868184116148 12.695755954319509 320.81640059278163 63.73672038374248 338.87876786602396 114.09708511788959 248.87308761710352 94.51271494073268 274.82843047259644 203.63092834934787 207.51242678986696 213.92000042674817 189.71767340392594 138.27525380763467 35.46559885577739 148.64635799654206 0.0 30.296785229698898 210.8888804773646 59.160086738709495 228.47614142492694 47.57465936999544 261.0965948697485 0.0 310.0868184116148 12.695755954319509
101.38179886295443 78.18245549627993 56.08456664095752 110.35550149160504 0.0 50.465340990059715 66.65180006152022 0.0 115.34700957439176 42.42666419530468 106.1290327755384 70.7896946006236 120.46055164747158 85.96292513851706 101.38179886295443 78.18245549627993
