70
75.70804065617958 119.54201664763988 58.57362542953243 97.39306865174848 62.76863758273254 69.01163506196201 0.0 79.51582065502987 3.2299985437165333 46.764156738633766 25.5727995568312 25.106623934992662 37.73067560080989 0.0 67.61578756129195 5.152921803705603 86.19261209747756 17.454100487685018 109.44138694493697 14.195802104350136 105.28013111287873 40.93727045436439 132.3840235383362 51.70233679351285 123.44029800101566 73.30866560831319 150.08795887789756 129.0470056190605 102.48518421823707 120.60982832175111 75.70804065617958 119.54201664763988
0.0 12.892895659493718 19.190734081471916 0.0 43.889239982601794 1.3478730305246813 27.40955439189949 34.52232646374722 0.0 12.892895659493718
54.82303117636281 171.30880925905097 94.36566383855465 90.35831419063231 37.698260460900954 76.78418602953789 0.0 7.405270077442836 85.08936130086614 29.369088102785405 115.69180204329784 0.43013052029499477 165.04539390372776 0.0 175.7987283744767 50.310028205573445 188.59621871918034 85.98031558887486 164.4726822233365 115.57353091547361 148.96913333805486 151.4278061817045 109.96046968686035 160.22873663793305 54.82303117636281 171.30880925905097
44.220922350104104 4.8077982186949555 72.9184485200264 5.124867365231523 102.03363168031171 0.0 128.55561744802608 12.512009344229185 103.95485036466094 55.35035845912162 152.62875727819278 66.76449568126355 117.52535211877216 84.03339293427129 137.07149511823596 130.32109697878164 103.81598549541044 145.92861333621875 71.86497068183358 134.7024083456734 56.13805709641994 106.43339417529165 51.96692459572404 86.35155396641943 3.5876600281391973 80.84298415579045 0.0 46.06854982374951 49.777824749707804 43.680652545118576 44.220922350104104 4.8077982186949555
196.42961834203618 0.0 229.11486307073145 112.45446494829442 187.98396025461648 189.00035452396116 287.466001318522 216.40036659959526 324.02545168354106 319.87367315134145 182.16401605165558 256.1448142545092 156.1279401050033 303.12114322559825 100.08611915949116 307.98396874611024 48.25854124465762 277.7450191480699 0.0 224.669514176138 48.05435406560187 163.7072163591768 66.3706217572667 109.7773934581481 118.77389066093754 70.49675439811261 196.42961834203618 0.0
202.60944302030532 92.95642477407829 111.80347977286078 156.38621978939926 0.0 118.68655923772249 56.487410647632714 26.668923143777178 144.3373157804465 0.0 202.60944302030532 92.95642477407829
0.0 59.25386484158638 31.71447401164218 14.2515308710381 92.45251572953521 0.0 104.65994742570692 68.36788656394394 47.53490760736365 70.48591059291381 0.0 59.25386484158638
144.9596633283761 95.17596023829842 134.67709218112333 133.3252952361202 87.44761005273884 174.15339248399866 43.04035565639123 141.00068514566763 44.51518656542305 84.84694445524718 0.0 36.280200211535615 51.1664818706879 0.0 100.90253175112018 9.050283666539414 127.7323563921781 24.98632284543482 127.82438738286305 55.77844496173856 219.13722167363596 40.804394601176554 262.60667595985325 107.37272924770431 144.9596633283761 95.17596023829842
21.262530305963402 71.37051321280316 0.0 41.3696938806954 32.305331781636696 25.836238813774862 59.08683888275826 32.172270934818094 81.37174186214737 0.0 109.12160090622844 14.607826276569021 121.37837782080213 43.84255932676408 92.32522678275471 64.89731812572228 102.24316273046357 93.84888875421743 81.85542668584021 115.27050147493605 51.81672320039844 112.49075801747003 31.71496472785769 93.90967788972097 21.262530305963402 71.37051321280316
0.0 76.70248423365621 30.13224911337729 57.02777974763114 62.23920010957998 60.75753324475335 30.169854413338882 0.0 62.0325285936962 18.2073215075743 81.14823436410065 18.77052358968062 115.5943499011256 3.938218657173678 118.4493175018337 37.28770348818918 158.69504015758218 52.33898080362077 137.0849020692795 80.9783844516026 124.30414583385438 103.35879030141557 113.91578070089766 134.56293284255617 74.2567133258675 92.3967467627559 53.44673088378269 136.26280320781552 15.633594992034986 142.99381885077105 32.03374156082603 89.34247671326762 0.0 76.70248423365621
65.36973530696383 178.66610344160415 90.46131413043514 83.79864243241069 6.178913311296299 100.19179908156389 0.0 51.49256382486921 31.972261673956893 19.051395898983223 67.15290433446066 0.0 103.63429748418328 15.4204904881149 135.40033781356442 11.968824769756715 158.30606321883522 37.72131091650532 208.93523511987974 67.62280314722085 122.09672513139726 84.04546509291295 159.6493838937597 151.30584906071033 115.32943767136231 163.75591580849164 65.36973530696383 178.66610344160415
259.710663674525 152.4562654184573 246.20744443314263 198.16064576760817 208.7961175489531 227.36371830453174 166.53680728384757 175.55233083165382 95.3702570374145 224.5803772337989 0.0 202.54971238753632 22.609744315599016 116.36046733923263 17.282902712748324 38.412302590823515 81.48714060189789 0.0 155.62830165941995 19.577598877211386 179.00625877399776 115.52991921610565 244.82900176741774 29.621316507603566 221.65973023868702 94.69078176836824 331.73502859404175 113.65605306828864 259.710663674525 152.4562654184573
0.0 126.56441638167603 42.750849106694915 56.28860283343847 96.23054987915506 0.0 169.72683293568286 44.11853620202867 202.36416067741345 120.53952899103139 103.78262085830153 100.73234712110768 66.84268579188019 194.69065257359296 0.0 126.56441638167603
40.13607553131404 54.82127004426259 0.0 54.547693796733284 30.064009681810013 27.929685154129814 29.694324821758507 0.0 52.30243912134335 29.511610648950153 81.18105310938259 9.722163176739969 111.22392566113155 34.74397419485203 84.39882822801022 62.98476887447788 59.052179231888154 72.85316349245056 40.13607553131404 54.82127004426259
42.36693451667733 1.827714626282642 74.48940427573281 17.380721024703874 99.71117896117761 0.0 116.02285393184002 24.667580519807757 166.5603433754004 78.08061901256426 106.93924671241842 102.7318147624346 74.69807407752376 40.10398678221205 17.215376041063813 75.06517731244818 0.0 26.332465081963107 42.36693451667733 1.827714626282642
41.87374935511646 31.112519431765932 65.83830812547289 36.73876241028148 100.78399149228319 0.0 147.11044351328093 34.757574739826566 110.87083128715251 80.48415727572268 77.8832211259043 107.89663950277105 19.247176452735957 121.6772484365261 0.0 59.96154236186692 41.87374935511646 31.112519431765932
106.49137029339462 142.57001736900148 82.36872341429213 110.67545195803262 51.05245007817926 121.98730653350577 61.773414508124276 83.75917246307179 0.0 79.08127968905822 23.41077076509852 46.751779917488946 45.12946069569453 28.854638049580387 54.78453004821614 0.0 87.30507524028368 19.65849171158083 105.19305946709842 18.46071063759812 132.6968203958416 13.282012348643285 146.74995188393814 32.22024423798729 159.09870871195335 53.823615508347544 120.74632693608733 70.40944713300954 141.26852774316598 98.58328045773578 112.47839865131054 94.37510769989828 106.49137029339462 142.57001736900148
273.29945703818674 36.8074906965313 361.7764117584946 68.75934998600069 295.12186801783184 149.67769525964462 282.9297256797297 204.2655441759996 266.5787587499992 285.5491185393216 188.59246429192254 265.64198265397926 123.37778505143388 283.12248804326896 122.50349021351802 189.11412280429627 29.671150378178538 190.96652039520603 0.0 118.35833685789451 40.519907425140985 57.37405314107251 164.17995073657372 119.75267796374756 157.23795767013547 0.0 207.68199291650447 38.67678360965074 273.29945703818674 36.8074906965313
36.375589709967215 56.035331390738506 29.754870313359277 35.41417791224141 26.94525575957377 33.53436914891532 21.722188163823915 32.96739794676017 14.679216300729138 29.00929706694994 0.0 18.675621286714772 14.09873678035342 13.480914753162125 18.802065395674973 4.737269495662417 29.418313376088435 9.786348627025319 38.83513867106936 0.0 41.87419009214611 12.995234454112534 55.10657999424933 12.608797195834939 62.8998815350578 21.884298342706884 54.615305789347175 32.304951415792246 55.468997089813826 44.35646642634474 39.38061611114023 38.38893116890179 36.375589709967215 56.035331390738506
102.24314942209966 63.093808232450456 67.77655344760242 61.28253653011494 64.31054556969917 83.1709503257289 44.636178549235076 89.03187239576125 19.60866282699694 93.2619324827064 0.0 77.27628707294737 23.999217035562573 46.66329236341585 8.006418055240353 32.81037343548476 18.53534819558707 19.275187750666134 24.23021875350947 0.0 44.40291397853182 8.582940209354163 56.20046408720844 13.511673216994197 66.02640082569243 20.747474318503848 79.13851004528371 26.299659475252398 85.26234902912674 40.31359947822024 102.24314942209966 63.093808232450456
99.5824284888109 93.36315939088188 172.5355660522963 92.21904028027163 196.99002721761013 44.27025876556033 258.8663266018872 0.0 244.0122397800885 125.87887820982675 293.46149725949266 123.76436738465824 362.3327085416298 160.92491265602044 337.2179868600804 220.23399541167038 329.0904897537658 308.6462910674405 226.02167327033854 202.03375525770878 181.30495652837936 288.38609470719155 121.15013106771326 267.35365622224106 0.0 251.8669726769212 137.47734146219773 152.0703387068752 99.5824284888109 93.36315939088188
138.63843160547117 116.3689700064949 99.98605616966317 126.97354573921014 70.47717503783251 97.26182060960359 36.45614267128319 94.7895472517513 0.0 68.82854816777102 31.264749410925837 33.46148901018179 43.13217111080313 0.0 80.22835003116333 13.178691466200583 90.12235952106033 44.733584187035845 123.692200852569 21.409593443880638 151.7712169479123 40.92421772052249 128.8388844799092 68.61766892339348 138.63843160547117 116.3689700064949
77.04599988197172 223.99509689161476 0.0 162.81040272279319 74.25772881538522 86.73735860706005 103.505627348526 43.903680235315434 167.78550068686928 0.0 197.3703141334784 67.87028404906133 204.79637545222923 114.37532154807916 274.5575265800504 229.75586201254595 158.04649116841932 210.93099216858536 77.04599988197172 223.99509689161476
0.0 106.1830128826524 70.21437797669256 11.272850038798879 195.05863503568042 0.0 190.86313833983513 110.39489553630249 161.8088514796411 184.71971378839172 78.95676813022641 184.20831389133204 0.0 106.1830128826524
48.55150164058257 43.88759476748497 40.32660896153246 43.6861602465697 34.871102754745465 33.73089431533626 25.662263475487336 49.26941778677059 13.307515301402319 49.48563670775428 1.6950680132395064 41.83198276533355 0.0 27.86959491996079 23.768300215848996 24.070895066850724 20.42991718988462 13.311062452546267 24.562160167645303 0.0 36.61046220167597 3.7472771854443607 43.13517348828462 13.148818157261346 67.6083811105336 0.5694700568488997 43.87341615234179 26.35373714571766 57.35156488640396 30.50315877564482 81.62303899174415 51.660180527006204 48.55150164058257 43.88759476748497
170.53096673968483 170.89969481393584 95.16111199095047 228.44035522235586 0.0 171.59920285113324 26.72405100614455 63.0017754398447 101.5388027806728 0.0 183.86243908670755 17.936443826826277 298.6687427932234 8.042795517147297 260.7458647988867 122.51887096426246 271.71253919320077 220.20091173432414 170.53096673968483 170.89969481393584
0.0 154.21224042720993 119.96967867335218 69.94485414053845 322.8404294112046 0.0 245.91634480835322 207.0158756759884 124.59235737368432 230.19252722883783 0.0 154.21224042720993
0.0 10.424213580533028 35.12763143981935 0.0 62.30830122130861 14.564628365979473 66.63468673987346 36.98884627340729 112.98043898789253 49.20375774968555 88.91097575883084 74.79758718492518 60.35464087976386 74.20445763825681 38.64681739184856 89.83783633790544 23.6842408029584 68.88911248661826 14.331213060895678 48.784164222195244 0.0 10.424213580533028
126.64543739784024 126.47246845924037 233.57546432721438 217.05454971824184 149.23924513550452 205.81806748548803 106.10404291868264 207.21871351085213 49.06719443349772 212.51321802968306 20.06429851255359 166.8781848530062 0.0 109.81145110319669 26.267333302962328 56.43925588384215 65.84935107546605 0.0 125.64090629222055 79.6738729111402 174.36163611453475 55.218954690147 252.7639266753232 71.10076036126989 126.64543739784024 126.47246845924037
216.32110177418122 193.3587680223848 147.81423110279485 192.75140038380465 74.24751664771475 185.73806574602798 0.0 83.01975762600935 102.03806292618282 0.0 196.41452248771867 54.753885670778715 236.407840600521 117.84638133224735 216.32110177418122 193.3587680223848
53.93885999435261 22.030944448990695 35.73162090967217 37.26662592057343 22.957429792255056 37.3397865282777 17.03203103016432 46.65202135419486 5.592291657040505 45.46381653306398 1.8976540638577148 34.21414680040658 0.0 22.539218201096787 1.0992245428811742 0.0 19.59086009946155 21.732547625526294 33.39224210404721 13.802331734252789 53.93885999435261 22.030944448990695
177.41973515846558 0.0 207.28826870328095 54.63440602870101 264.30960416466803 86.42358637021071 169.0338990250426 127.21894997623968 225.85853454870542 197.34691603550925 165.02871196860733 196.18488917147107 135.08927262558436 125.95368501456237 71.18315579377766 216.543434526542 0.0 197.6039872241205 63.91178117458816 121.99492720633967 38.71228668154204 73.22950207467056 84.47089728065421 51.872802212949296 117.93337962492706 5.502902109787897 177.41973515846558 0.0
186.40792072232182 207.07722823677358 52.2335965817787 234.1016466151761 0.0 87.68463214019712 116.17207232703987 0.0 242.98738974011255 9.378010124559893 279.20597265389546 142.59846363799772 186.40792072232182 207.07722823677358
299.78233314125623 197.54912498314664 202.03076704809877 185.83188533937212 180.1383667092229 235.1638319672637 102.99663024254698 302.7840211905441 79.28324228945706 211.6004572374354 0.0 164.1536638185313 6.7502131501261715 74.82612390841892 62.49590704895206 0.0 155.11098956539035 8.374412265959819 192.88377684847396 83.5919375149213 337.3610606355927 15.325750756369061 258.6702112015908 130.0561999046078 299.78233314125623 197.54912498314664
29.747476743406764 50.29142606745751 0.0 45.017438094018004 4.632633838000373 0.0 56.41479916306615 14.624585735117392 29.747476743406764 50.29142606745751
81.32256216414974 110.5737134156405 10.44572464354863 116.90100406676652 0.0 0.0 125.4289176508481 8.256425443613551 159.36274300139263 103.0176117364283 81.32256216414974 110.5737134156405
263.60553267534743 140.68271639087763 232.39550494706197 188.73869816192234 150.3842214595964 123.73267856238365 134.00592556840525 209.1044841921312 93.04897013294459 182.50510295696634 68.43836002156837 150.5913078448269 52.5556080384321 117.26663307611291 0.0 71.48885991677751 78.94860713856303 55.35418391488455 85.47250196123707 13.148598232652844 123.38134887435888 0.0 162.52434754576342 0.73935544698017 199.26197275521295 19.42066598607599 232.27321281224215 46.97828271844201 235.74812682068656 88.46484150806891 263.60553267534743 140.68271639087763
170.18611626320302 51.35610021280833 201.02728016955888 114.06130060043766 138.39382721268703 151.19187538372307 89.60979725927551 172.39575729909723 0.0 170.9365808684683 72.97107055577995 97.2772233418341 71.26133172114383 62.10613269940289 113.83107311857023 0.0 170.18611626320302 51.35610021280833
8.706676302308473 0.0 36.39252768209895 24.27162305663498 42.74951701214854 13.789162064675338 64.19131848497463 1.9353986976954332 87.3616325903424 11.743494787378694 75.78708585777332 35.64015501660235 80.98810543985837 58.97586647426516 57.09550724088644 64.78406961114138 40.28335181795655 81.12622276452774 18.45209322454125 75.47277143336677 12.559762975300735 51.968047023083244 0.0 38.05074108481372 21.293788731828663 26.23220393934136 8.706676302308473 0.0
27.26384478206326 3.337440741046265 53.76682678715204 0.0 84.97181484248925 21.170532034877766 73.70400394075253 62.206128505283345 35.506999922681686 59.260314180862 0.0 54.403214054619156 3.240815504790561 18.08059208648534 27.26384478206326 3.337440741046265
263.7474955681404 163.0626752759155 326.8256702437154 218.21213322633935 225.86727817478896 233.396538681075 228.78803351723343 303.1077322496126 173.90897775243238 310.3036118959109 125.6812716384206 296.08687704397005 102.16715406737305 250.58310331756144 57.58142341486305 239.61063726242438 70.22366026929616 195.092269171402 0.0 148.58842456252003 61.10340805728899 120.80684878362608 97.9761076187089 97.74149978185486 132.99906090666872 88.31736828205935 187.63269057221692 0.0 201.05792875630138 109.108863868521 242.79157893219184 123.71839185391504 263.7474955681404 163.0626752759155
100.19593595634758 21.28125689231917 119.80731514079274 0.0 136.26534576244694 17.812841807373083 200.01438937135174 12.038818981312971 156.15648493075946 54.548257702868575 184.07184512575196 98.08694764404322 120.57344679505233 70.17252433182364 113.3694964927883 130.27728035777298 83.04782491056103 108.93360694746704 16.280679978395256 121.27390502483593 0.0 69.96329894121152 47.61569515520084 32.56696437806449 84.91260953742595 26.405016158691744 100.19593595634758 21.28125689231917
85.13228371251768 34.382655448855445 117.89374071799297 30.87348407504426 144.715562447337 52.52417765244408 134.98148858044362 87.23165595737177 182.0455684865293 149.932659524402 90.08351513544527 111.94462022682842 79.03322694708056 176.80640029387007 63.787413152138996 93.02735325268567 0.0 149.61373860114955 27.515235773710515 94.32233823484982 21.952507540716773 74.09647263991175 17.498346765022866 46.34892883410711 19.421871759939386 0.0 59.99642173030112 0.91809601595061 85.13228371251768 34.382655448855445
278.2366727192618 20.023004651312377 182.3148557492656 94.45978293155312 250.43162810456926 128.40415688894984 187.72189147613935 129.16357448316887 184.8927407520696 174.93579567182127 150.72423819965337 167.58762892060707 129.03922281330432 143.41729466393463 57.616100576669794 161.92623512535022 0.0 121.21102412557991 126.86872963459302 88.76475397152056 66.05174882736239 16.793689217116352 127.06404223914225 28.325990227424754 163.59840471929903 0.0 170.06513469952694 73.78527264619993 278.2366727192618 20.023004651312377
24.160157751605674 66.77936771259206 0.0 32.12252323448686 17.297686023200434 0.0 45.879676446247096 0.9902916470361305 67.1497693350706 6.624505246552459 82.0547817921553 32.88886077250751 60.73266880362305 53.11005693286208 24.160157751605674 66.77936771259206
99.10024597360811 0.0 178.3875276213741 84.7270265205917 110.5054294433201 150.90171466708603 63.11149379189156 155.1077202666914 0.0 139.76174003315822 38.843211874449665 86.59773252361303 99.10024597360811 0.0
137.16710284216308 67.59189974102902 173.3836684094297 109.63735473254602 134.55662700005587 148.37823892671042 87.88249172878965 131.23664230263284 33.38092949771638 140.68677018990905 0.0 88.40655539075296 17.48461629416144 29.25401416026113 74.8001397125016 16.43960793513328 134.7052189615805 0.0 137.16710284216308 67.59189974102902
89.63675405834775 194.98072765247136 22.385765334690902 146.9818334205865 0.0 66.84786222019358 57.96475695107875 0.0 118.03275393025338 56.10844393527801 270.298782106099 63.527085922514516 229.3909634837981 206.7258302143145 89.63675405834775 194.98072765247136
231.4653889111252 138.5055025842389 276.09547254446915 207.3151454137023 229.41660924711726 217.357446016769 185.7501408441364 240.75255559805743 156.63018316666282 193.5151981913258 176.60099470560021 141.67619088314686 0.0 146.6336492666411 171.5851298419823 116.77718232799933 120.31516370054402 48.89834295004739 162.15955888689288 23.798222528317652 208.63919313349282 19.46994345545083 276.23127177265707 0.0 278.820549761509 76.8470549216575 344.1862591141766 112.03060401225439 231.4653889111252 138.5055025842389
30.356884045256535 37.90408761179398 0.0 38.017897687845604 6.1210319200200445 7.001165024362024 33.766226357670234 0.0 58.06531456723536 14.592785482414413 47.542015186887184 38.53741984249042 30.356884045256535 37.90408761179398
256.1905079341295 176.35679544141487 173.96187074867998 207.3736240389548 109.42892640595251 199.36548581587954 76.03436886448273 161.34046012842379 71.5440214907585 125.73211580494092 0.0 116.6308862457103 13.322441119623775 68.79045008719827 26.771613003783173 5.974625296581877 98.72996340784454 84.57296786115366 146.83341312510294 0.0 184.58972585177492 44.190526152526296 186.2659879120223 95.05682419205245 256.1905079341295 176.35679544141487
75.79014690886993 23.183925456226397 82.59715674759826 38.81217879230055 59.52628121725408 49.89449228058353 82.28684260352782 73.31804423168776 64.71027801647126 79.31905505334879 48.291646763313594 77.10961488848378 30.42836187647103 74.46009628468195 33.43734358778448 54.97359516290367 0.0 36.506039270707724 39.25386223674762 35.713183020553465 38.11509238792276 2.8300903527168018 63.60804656241699 0.0 75.79014690886993 23.183925456226397
29.203720892192365 0.0 51.939156275271685 9.383930385596706 76.90936356695396 21.756604838443145 72.71565344250263 47.07865532093894 55.52346860347791 61.24759790193975 41.31074596227987 75.9893094677939 18.109614962186768 74.05080763953976 0.0 57.451456421457245 18.291628338132796 37.687374993465546 13.721256265697363 17.77239617726132 29.203720892192365 0.0
79.31536941144313 30.06645373390335 98.01211623797786 76.49296011521002 49.727419569087715 92.19231318437139 11.561988063454152 73.7866105205612 0.0 25.94365777102086 46.77020135092596 0.0 79.31536941144313 30.06645373390335
142.65073133995008 0.0 172.04475671590933 59.57657002715996 249.26172786052342 87.44551501089103 162.3166237504255 143.4327419329726 179.92781329798333 194.90370200169286 145.53578194247996 229.02652644864685 96.94437967705515 197.51220615899075 78.50105503462073 166.7690165366817 28.871103573960156 190.80692548709072 0.0 161.34915987869158 20.415920412265493 122.62637418521436 10.108716379243845 79.64884679486431 64.40692704463153 83.67668051751798 88.52899486793133 85.76094162716191 142.65073133995008 0.0
24.140972649910097 39.959019111706056 0.0 17.54442474541861 25.087014314121035 0.0 39.355867720842866 6.470145330964328 58.16392631199031 13.375992477233098 47.57847660161886 32.336056127604024 24.140972649910097 39.959019111706056
44.000855070818574 8.850343949107923 84.95761127528937 30.65225998149782 127.52809456272875 0.0 111.11299173168698 68.82655526607478 136.7872651217785 75.24359471665808 186.87284163674178 107.36556914931629 188.44418561599122 161.1513826740857 111.54121660223458 135.18360419791867 89.04441024058457 137.49040638028674 57.11861206158737 164.11627932325825 40.68393784089275 132.8492048545844 0.0 116.84205643986425 33.00080772774486 81.64844173761827 32.04949555065419 50.5954784923139 44.000855070818574 8.850343949107923
73.08653001098274 61.11040356948787 148.5555190341516 0.0 220.48824405668762 88.86629029872749 158.39474343619503 176.8607981873126 58.12468986701495 204.4846933107559 0.0 108.1013089306203 73.08653001098274 61.11040356948787
0.0 33.312526042590605 154.2174528693496 0.0 157.91472551852002 156.66564348090515 58.954326804034494 135.7899929139436 0.0 33.312526042590605
87.19622505646507 0.42801328989052223 126.01006346669513 30.2154313135781 102.15224788616572 73.16356776774367 66.41133550282356 82.86575911158326 31.392505370098114 98.91184622194316 21.801070830934798 58.641937424659936 0.0 32.67753419555975 17.3676819168842 0.0 52.792540045333006 3.8169965539120625 87.19622505646507 0.42801328989052223
0.0 86.3479645644018 60.70073370598146 41.835072695246126 97.52187128987133 29.01258416768067 138.94602066613888 0.0 131.72855338891054 69.1690859305192 173.5055765621707 75.19643568195632 142.3191703330475 95.0183947343762 142.15718125439906 140.06861378337453 98.99858444931377 150.26681764241232 113.84656544680202 83.39166854852108 0.0 86.3479645644018
67.34166684542046 48.49169610669422 134.2678145966749 0.0 177.95872734811783 92.84713126305537 280.63906362711504 60.39678822886009 377.81117712659966 121.63808467106867 317.5927103917661 218.2973706174072 244.78525288140492 262.8598174543803 154.93445993590683 201.45745799881962 123.24584440739685 284.4902768586962 90.78175666059924 238.71664423055748 46.20883840177882 212.95717390737093 0.0 162.8451567907846 43.529092612382684 109.35737154525958 67.34166684542046 48.49169610669422
68.2742828274565 138.2547270966451 0.0 143.43807165997143 79.36791494900677 94.85521103629348 1.3314875411534928 0.0 81.47083762441262 14.781265632104606 139.64106707645323 27.781736708484033 178.39235579239062 79.79340397840622 151.67222002074212 135.64136138077393 109.07585571849954 168.5015278248445 68.2742828274565 138.2547270966451
5.802597743097493 34.63597864538585 0.0 8.293887167640307 25.143486559511658 0.0 45.581798898510215 8.267337506354139 59.33149610276526 9.522192870036392 85.9298399504785 5.773420652464324 107.82767514461689 24.682181677532327 86.92584721605785 47.199026540051165 98.70509241918573 83.62154354066175 61.25547984415647 75.21952308740887 41.95840954853212 74.82107938981241 30.79556612636307 58.2497065521096 5.169260495101462 56.331791585011686 5.802597743097493 34.63597864538585
44.35711466526385 77.42452987282381 0.0 83.65640639353768 14.628680056220325 61.99107996507699 21.21336280439973 46.79833736842224 15.625891654845574 16.062402189413348 37.07212975685235 0.0 60.409469056552865 38.48479657195749 74.75176542410873 34.27386857330248 71.4555116888774 54.02176176625311 80.62742956309134 58.407281937609525 124.41596278976695 70.6787837614545 102.09445810924339 87.17020668052682 98.18503007501792 110.46654531971264 65.1362371842475 85.91238615340275 55.76224087359006 93.86710056672389 41.13509116035131 98.76600748449191 44.35711466526385 77.42452987282381
0.0 60.1770392884535 46.97566249077278 10.627792037853105 100.17801429179441 0.0 124.23304894407042 41.14365790704139 159.33074140769423 70.0830627401649 136.24012026090756 112.97820128206878 89.27613399355744 137.12339486771316 29.01879507856671 121.76608580593783 0.0 60.1770392884535
0.0 92.65413435090038 20.99283530030658 19.141114360371482 82.55634805236153 0.0 135.2012402056144 12.783350026738617 216.7326987634533 44.671807441996165 212.507577538792 148.41617876104578 129.35564304987548 207.42329021247292 77.53747727923582 104.584435577897 0.0 92.65413435090038
189.7539773374836 50.65724237724292 204.91112594268435 91.67851741517595 246.24718258389498 117.07955165638151 318.2224128227708 175.67213553237661 216.9078341679655 196.85261651204826 162.83272168956685 187.38167877871075 162.18850732171956 272.2131706102035 121.76655700366776 215.2075367859481 86.0198443575024 222.67252866863117 112.19814441697227 158.52012098286525 0.3916200622299755 177.7539298152605 105.76949333088837 139.6814276381471 0.0 67.25846010542104 74.30015051677896 66.25587787751725 96.57438749005777 0.0 151.645537713074 24.35853935463429 189.7539773374836 50.65724237724292
238.25486102326707 23.60247522211705 166.25933208990372 82.38484652242889 150.7007225603444 102.17344545750863 159.97754889334135 135.7958635851669 137.03045500077585 153.07125690534423 108.1605936094625 165.97248346694016 76.21253833853933 164.22091499021113 26.712757823357975 172.69807392846087 51.9565155746256 109.31229304281933 0.0 89.55639027387599 9.729839295322762 49.377085164032735 18.307533599917377 2.933001324745149 69.02558577054967 6.447796534136074 101.35430956566263 0.0 128.07533135574099 22.859547798568983 153.8500521097434 30.862186232107163 238.25486102326707 23.60247522211705
12.124798851114917 212.84133514990788 87.54454767049066 147.5514661133737 0.0 96.624258496443 25.35175719290625 39.34362380864587 78.8217897538933 0.0 143.04259130522024 17.74764937308055 182.71880486180677 51.598141991480176 232.8309301933901 60.58973593337748 330.2068668064164 82.45972370533502 244.02087178036146 152.79114076634465 198.15516907871748 175.39344580728834 180.2805799173462 197.2598288626053 166.2436402898228 265.03856382537924 102.21256667053063 327.2845174328361 97.27403033996475 203.1618152779506 12.124798851114917 212.84133514990788
