70
119.03685678122213 72.6727552829104 97.89295762662931 0.0 134.99824588494525 20.201164689885154 172.8099389270875 13.020993044469634 193.36832189367027 43.66640428940754 163.45785004792933 78.91446922321549 233.05574934894764 116.32043246828657 134.31199528770122 86.69260197221449 143.7102991006705 117.98560427526299 122.26369098303186 185.87314913357233 77.94866403818756 172.76912516560998 111.1976627146835 96.6311957820144 93.86955131959394 88.68851634825246 0.0 42.87544073548279 119.03685678122213 72.6727552829104
66.95434669160382 271.27394842232286 67.4510119848727 189.6839653334079 44.17837703568124 155.1621854946279 0.0 103.076031174236 89.12176110215735 94.04595842898846 98.360429208693 62.14869453434244 119.97780354406902 0.0 173.00577746410644 12.00754845491113 233.8662164675404 12.771728636231373 277.58245853963217 59.34965035875729 268.6019508689817 124.5621732222658 339.17166096311746 209.14886216728823 220.66046292649764 210.1793324658557 183.30209975422582 242.50030640869963 129.39413770486277 282.4806062213461 66.95434669160382 271.27394842232286
85.12784444815135 154.86056917540174 65.28111742393156 119.8453668110328 102.53169166632104 82.82387510027827 0.0 47.20677860471504 69.61970011385256 36.487438726157116 93.71113348754302 0.0 117.34786454052279 56.37965162617826 125.87840393602198 66.94333509755161 224.24790237800704 58.980187954003355 199.07385089395646 111.90389419420104 157.0480924525689 135.61301064303024 115.95913993960025 112.82154360978 85.12784444815135 154.86056917540174
0.0 17.645558610461435 21.631108787942075 0.0 44.529478000933146 7.575237521772195 90.67328841318621 0.3558019032488744 50.828905442757566 31.96453749979503 73.04489758930308 88.50564086769307 23.68081360486638 85.41284594416598 14.201953839977143 42.671490959276255 0.0 17.645558610461435
20.653530083449468 47.515097696568816 0.0 41.93429203220492 14.899163387336316 23.13453882319034 15.356094945068165 9.304908536950848 27.738470736902315 0.0 43.72123005331392 3.0469892811086936 44.16091580934125 20.370518701757234 63.79751204834743 32.62418359748774 42.16467855088631 37.28332539843794 33.66240716240634 41.79602937048321 20.653530083449468 47.515097696568816
144.5231058687569 59.0062047331582 136.06800122479143 95.33897262852324 103.87826340417594 110.78222264090951 74.30292426530488 106.90224342271924 47.332326972718846 105.28638155807997 30.111866926388117 83.02880331442988 0.0 50.852832711996825 62.730947073062865 50.59875368062363 62.40164370643417 0.0 88.9054614654308 29.76759652334289 118.18097080529522 31.116091104377645 144.5231058687569 59.0062047331582
237.37462262815922 198.85075339641867 159.48168594820248 165.89755541282676 0.0 150.674430182504 138.02112196693514 79.05929247552994 222.92141836282866 0.0 232.72618564354664 114.66042788711454 237.37462262815922 198.85075339641867
49.46190876993079 61.44630245092878 19.6563844076271 58.08644299815637 0.0 35.523230457960935 4.368624110598489 7.380216894053376 28.794860067247953 2.3837251641363935 46.10860388065123 0.0 67.52449133208233 11.647825632734865 53.69396533281707 31.642240459222634 49.46190876993079 61.44630245092878
331.78639946674383 321.68348954691623 202.6067159671494 296.3763384252103 116.03461553039999 290.6310054342994 0.0 211.05501253980933 164.68122466804914 168.0194026367854 187.06239829796448 0.0 274.1352719262114 115.9562045427302 348.8468072984997 191.86382930964822 331.78639946674383 321.68348954691623
78.5056061423986 173.36524173378734 0.0 89.43096893922221 28.99690334674665 27.934806405462027 92.31925544758073 0.0 186.88810232049167 78.81971465825609 78.5056061423986 173.36524173378734
301.1085233467432 79.29192065130064 205.39381153499937 143.398628856585 215.7549060577672 204.84531390977494 156.08763587813445 215.57297987019595 110.57087081943664 215.612283972131 68.42045684432203 207.48003271677888 24.54274446263436 189.7561293951712 27.878793280559165 140.71978612523918 31.934528111973435 102.28322452517975 0.0 31.21160348999696 100.21861316231306 92.1104259350824 114.57031013095538 8.972041657344462 174.35628087588933 0.0 153.79493818857262 90.18859542808819 301.1085233467432 79.29192065130064
116.94081035576892 107.4424757411912 94.53239675836868 108.86643409389782 77.73393818060529 105.6535751553968 86.56402156616463 74.77577115651118 16.33377257672086 93.82604028922856 0.0 50.34078296634908 45.73959605610935 31.000193272459995 69.12494946080713 7.837099225100999 101.43642094495269 21.269253396114188 165.04523355469084 0.0 175.02223878394813 54.59849004702487 135.190523756133 89.16268454315225 116.94081035576892 107.4424757411912
13.29002879014422 29.428122470951713 66.25049917941911 0.0 27.068743053443782 45.725675707118874 0.0 57.30314356746363 13.29002879014422 29.428122470951713
24.853963611749776 56.95024298046857 0.0 35.69480701866645 14.125233525409186 4.530063736591586 44.224630858745755 1.383954355824585 72.41915228424388 0.0 65.80037632217523 31.532501146719255 69.71543887125151 44.427324009638866 57.64195915916177 51.898795384859994 45.16657630672114 58.359105245867894 24.853963611749776 56.95024298046857
146.13858486599008 90.92919763283854 149.41223143949307 52.72489629388748 191.46652364409528 53.48302788383627 220.87263553918942 0.0 264.0899429976496 17.068103127390373 296.4657681333256 46.56433220067389 374.305254349888 60.37261216598076 330.45976147979525 125.97306280424553 272.71175063593586 146.71858590226464 318.20215580532 226.35107559267578 260.40098375309447 236.91413371354162 215.14793102079238 214.5315824394741 133.8770609506015 311.3601612618169 111.05070575487694 224.21383204296143 91.74212746010072 172.21358660887284 0.0 119.8343435930173 146.13858486599008 90.92919763283854
91.49131791715615 144.29954143483138 0.0 169.64534891770347 47.26013213726769 93.3414925201877 71.15387118865881 63.95219766196993 42.99914786861021 1.4252452800955666 98.02194250687737 0.0 135.4572435705012 20.01937675929551 158.2864830449826 37.90572722507069 169.8121219542361 58.14028956339581 217.97069482569316 73.59985557209934 245.55911507910054 126.92605334319695 209.67318831956106 166.5511286366883 173.10028074336412 210.6415335107386 124.16301993908922 126.57643329756935 91.49131791715615 144.29954143483138
217.49320149780345 100.14016408999413 248.1864196802237 150.53593060371134 307.44611443264785 209.84719385187583 266.9156559200244 286.0922153444825 177.80574994233046 246.058528825947 135.42966635084287 250.46331220846102 54.51986943908068 244.94946958111908 0.0 155.38309318807734 116.01442852946275 126.84624412579629 146.75463389283445 0.0 217.49320149780345 100.14016408999413
126.86642681977276 212.74493273873935 89.05294158532601 164.56583894106728 73.5536727368684 234.15796228873995 38.73533922333394 230.6123355147101 0.0 214.2110188253704 49.28079332213565 164.58025075630982 58.48355991102582 151.11468795631353 9.870421617530923 105.48357230286638 0.9242753019877625 32.65773191652234 50.161094866780985 0.0 106.71603868528005 20.764119556854638 145.7341994763611 61.27045515405166 236.2973969686222 48.19743090332328 194.05888162068248 130.31054952364298 255.11900756423103 184.46766049373483 122.48422435267102 178.6556796302903 126.86642681977276 212.74493273873935
154.42786793854856 138.79119624730433 0.0 149.32953885516105 101.31306329851067 79.71757543891019 129.6009213075826 24.55087545989211 189.4087093745343 41.08076192600133 292.5059762821105 0.0 252.0525939074063 103.43978509671368 222.1593959586827 139.0483138463475 214.55545907702836 186.31979800827708 166.36324694962724 199.55872811880437 154.42786793854856 138.79119624730433
58.93707858609851 110.55551969533545 46.348197321429566 89.85390641356908 36.06624941233069 76.3125065235223 0.0 52.952441932425685 24.393387332830898 30.210608343844726 56.15497017149613 33.363496526794336 81.71477460780002 0.0 93.22194781865447 36.649556974254665 134.063419260051 42.90730327723294 84.85648273209466 69.25315945699359 117.7338218690281 109.87612861388135 82.58038543673241 108.32908035243307 58.93707858609851 110.55551969533545
0.8453413499283755 6.482635612150517 22.732910298334673 2.810715546165625 51.92366070271777 0.0 26.180919666311354 29.437949433253536 27.42086020661867 35.7178639652701 21.060595775074248 36.85906119964157 0.0 48.36453603708965 2.619101832704274 28.48554675011394 0.8453413499283755 6.482635612150517
199.98687732894234 58.7214390382681 96.13495707099688 145.07872732318157 0.0 156.89424094585524 47.71982728243413 80.8223167914758 75.17195046463635 0.0 199.98687732894234 58.7214390382681
75.95881103927039 136.6543687609016 33.56351092423944 125.00874135473627 0.0 82.23023376383992 11.411512412658283 0.0 93.56736059883497 15.33000136822298 144.13010829288592 60.3687703820991 80.87386890046417 94.3094181645705 75.95881103927039 136.6543687609016
52.16491659058714 54.40946409193943 46.41258713066145 0.0 74.2906064375946 31.751965502440015 77.9863619873376 56.9142466507102 94.98105582883639 56.37071813979601 107.40831198028002 68.98662088710533 125.62845729280342 93.33783836991189 89.42304773385273 94.69419265507993 81.80071621985233 114.13717558631355 63.521654722489814 108.85637079727654 42.82040464728294 110.3823520342812 25.07734566691994 97.68953124246272 21.0441372642469 75.61752430564064 0.0 45.045810537598285 52.16491659058714 54.40946409193943
138.04774686072642 82.21969089757833 97.32209732174502 154.04661880027385 0.0 138.88835229195047 50.90188836859677 53.467341548453206 83.63815820049469 5.536055306325665 137.53148190034727 0.0 167.0923322395381 35.67083077362342 197.25857562223717 61.494201614333775 198.26381054606586 109.91018027715103 138.04774686072642 82.21969089757833
158.6674885660005 169.54549055261936 114.01769148935648 128.54874526211373 76.39336112163963 146.84209802822176 0.0 127.73707477066326 31.640482131077874 63.194414277159 82.52445127423309 39.088443100844636 129.08717818626636 0.0 175.9385527051328 36.01651467453303 186.62758419946525 86.8376900661832 288.98534009647926 174.19957967135144 158.6674885660005 169.54549055261936
0.0 22.93923977692387 46.299483705489465 0.0 117.85782909033163 6.55037768094796 66.9862279091439 54.08802468640373 20.32213280139689 85.22892439105044 0.0 22.93923977692387
266.761387354554 181.95307318508412 158.44791495540227 133.40680058729487 160.47013595113242 186.58900690091303 111.53878829171208 229.85390027855118 118.4751139781491 153.63281535247717 72.36519265718078 144.22929809185536 0.0 90.2770343017864 72.63166274475438 55.31549714376642 101.68929472153133 0.0 159.8805837891138 44.373918228110384 192.7660803911746 62.08018153349798 275.6795275746931 57.86446861399706 258.13490996109067 122.7175564498946 266.761387354554 181.95307318508412
0.0 13.348498555785156 69.0522962886485 0.0 116.29519262607491 50.15236939294087 157.33532943061874 8.11280900944594 238.07662930944127 6.051903898004596 218.37888678278566 79.68642655322033 221.67682625827547 138.91966417167106 175.8853488478251 180.50809361819415 116.25496472305123 205.49292109987397 99.88963142004812 111.35850021608432 53.74840602863517 118.71421591864522 55.231172163876266 80.9156112803308 0.0 13.348498555785156
154.86699649948264 86.30159195125205 73.42767953080929 119.81356717254184 0.0 96.29825808837157 11.479250682060233 23.325934190419197 64.5419600919073 24.30494584058291 131.28042118149267 0.0 154.86699649948264 86.30159195125205
164.8327136091341 60.264449960259185 225.3148967463603 34.70633061927006 226.4053781008145 91.94147687375462 289.41215369208663 129.15844544247108 264.2735250827393 188.15540047935815 176.49751409279918 165.83960717529217 167.40792808343232 226.82449518251866 120.07630450844032 232.00563275064815 134.7843553765424 145.48487181646243 47.87451723609618 172.41688977938756 66.63013463450585 127.17733630263291 0.0 56.05435919817229 73.38792893563614 29.160262666981325 121.74490876791998 0.0 164.8327136091341 60.264449960259185
33.65901739444269 237.94293831784074 0.0 120.3308142701223 72.4881696229629 92.81776488277863 137.64918247082198 0.0 260.9335065990161 96.5508862686535 145.9753029232366 193.26085733901886 33.65901739444269 237.94293831784074
86.89844014276564 3.9730860577884357 113.56717254089858 16.726739417693132 162.31103190642006 49.506284822150754 120.23393448325726 87.75074551512031 82.51111373045873 127.5041048575334 50.9411669160654 79.49774825524608 0.0 64.60260452693163 64.79876210654768 35.78211393473581 57.049545957563424 0.0 86.89844014276564 3.9730860577884357
47.35091627744276 93.38817279163726 0.0 83.25074252376399 20.557607408815606 36.08573778674612 88.36061495485214 0.0 129.35349975714908 83.65827862806987 47.35091627744276 93.38817279163726
154.52362996104472 113.91470198578199 287.69510406172526 178.6072473022237 105.14677708300795 142.1821324426797 94.87574188683891 281.9560951428149 53.079194481364205 189.56311168833332 54.559591405650536 143.979008270924 0.0 72.72928933640195 58.45804485767895 8.261823517690829 158.5295958072942 0.0 154.52362996104472 113.91470198578199
54.90963630544206 0.0 118.63662376244221 10.233538401214105 158.71085193774041 23.560583050794634 182.91416700376624 52.29597401939836 238.73394884557746 76.11011697499852 160.42366759323312 106.51808942264158 179.52944551662534 155.25911400386235 145.65923793373747 182.68921297072387 101.75570642499844 180.28065780331042 26.582661368958128 181.94097762231138 11.708046892483509 116.57273805029928 0.0 45.637497201542196 54.90963630544206 0.0
144.07236347215536 152.60496607153138 82.43191227740489 154.29565648953584 0.0 123.20127552254863 3.373053471483672 16.104167421098552 107.45230733287684 0.0 158.84472464038566 47.954447050863344 173.657922467405 103.10665949550467 144.07236347215536 152.60496607153138
33.6405936275311 71.92494996636944 13.05544796416038 76.8163888857072 7.914708712098161 55.32498420443731 17.880167605981597 40.45254786101632 0.0 25.02200834112812 22.029682982501868 25.929004304708748 28.687388319228845 17.80713034438032 39.00378603810928 17.94946813423811 68.741695118163 0.0 68.40103902069038 25.73251697126836 79.11854092399352 43.88070318582486 70.15409495544978 63.661736700636304 44.07449101925293 59.631978498610316 33.6405936275311 71.92494996636944
21.01374951218989 176.76491831384354 17.579501726446395 131.58413384159135 0.0 92.42198931412031 26.523391485976617 56.01756613989047 60.627497193606004 40.41743719288665 92.63839942398697 0.0 143.28664274516018 0.4331574341549924 163.40020618922813 50.46158765882389 161.57343401486548 90.36926408535678 328.289456828615 151.66220840684076 211.0222355086836 191.11203272853538 145.8840989646144 197.01312742407669 102.103136423483 227.18762402693406 57.77034472128022 200.88258777483946 21.01374951218989 176.76491831384354
80.35550796053639 199.7726828889843 0.0 82.37297814926151 117.44625553087349 0.0 209.13195044602674 63.27873266317781 154.4568847232516 129.57452436022876 80.35550796053639 199.7726828889843
106.03746537757152 55.20571144266218 170.82397070743718 0.0 143.03332396955918 97.25804890382092 270.6679046658194 110.75460271331328 210.04433795470428 172.93740100818763 122.8275693729289 143.70336136453432 111.30566246170505 244.87141837311714 50.401101293888026 225.39017162028597 40.15319719633007 163.06703069047046 0.0 125.5955935071515 5.427925382268981 66.58038716658093 69.47962139790333 60.962821687177026 106.03746537757152 55.20571144266218
2.1209918345131484 7.238604111295373 50.94731931921669 0.0 95.60518598468211 2.469279605594039 109.30867346412433 60.89102986500657 55.64471058229472 83.28756211664671 0.0 64.34822165349937 2.1209918345131484 7.238604111295373
80.68689542473982 74.40309410512025 73.0173458135817 27.233723125178457 100.56316945516441 0.0 129.0782901269251 38.57243895961586 146.20738312068067 55.86570759491774 195.19683665978994 52.86205593697535 251.18183668032972 87.29522372031501 215.80435183351705 135.45489820481546 225.18603535872518 199.24415421072223 156.721426753809 191.8012584284355 117.28764737684976 194.410403313728 65.33584345301168 240.51488896617292 29.04633263215993 194.62387862601278 33.652611826855804 137.36248654868345 25.01187398966195 106.76561228089658 0.0 62.44660793668034 80.68689542473982 74.40309410512025
57.68587428323785 34.74013079328768 90.23714656342167 10.331805021437418 131.86687938500927 0.0 206.32655002416675 15.73052872229367 200.56288465268688 89.59691557154062 134.17626033284847 106.93099839322605 84.10937566329628 124.51697318240119 0.0 104.70885823800444 57.68587428323785 34.74013079328768
69.40322505685948 101.6038609798485 55.38358630827237 79.13632454737315 42.48090353191691 78.77670508569435 10.194724101496554 81.94560126110618 0.0 60.75468694682978 24.420235569944843 42.089780023889276 26.911158678228517 24.6963234604287 32.332540240047095 0.0 55.66956186508686 0.38944725279193904 68.2977064493216 31.178212541151424 82.60190330954129 26.05187767554186 117.09851856874367 20.036076411437065 88.34467812692434 47.861904551878695 100.13451425754808 61.4423751084133 80.12502855149701 64.86475471066296 77.05521371414551 75.92003077859421 69.40322505685948 101.6038609798485
60.675552067143116 207.88217606555935 0.0 74.42101249545654 114.47433830787395 0.0 212.81322784887772 68.9008708874861 182.9566136397095 181.79655009744766 60.675552067143116 207.88217606555935
273.130399863108 77.53761639096811 251.18689848598916 146.84392189316492 180.52071077469174 159.3542297573265 134.63885342801944 223.03504643553651 118.4698306519119 126.02825511015901 0.0 152.9626495583006 44.66480842835952 74.63942416133975 94.90333247750692 46.52767535706901 120.7600438612716 0.0 157.63586311486 51.597383446808244 248.88926063046495 7.472191473230112 273.130399863108 77.53761639096811
125.18247253591586 196.50174931143437 0.0 151.1395280294547 60.81667969883037 49.24174340196292 161.98404253540963 0.0 201.92778859361067 117.4652296675567 125.18247253591586 196.50174931143437
71.72348113427671 62.00395704539516 52.26175990516422 69.48391618281033 32.82592614997842 69.94242704866923 3.0735107980532206 67.67308673406237 0.0 39.2447026364541 3.5746283896080584 9.080928600232873 31.697880080504085 0.6434938548412816 57.80195250160795 0.0 80.95790343185737 15.164702556199849 64.4335630410529 40.1923793621039 71.72348113427671 62.00395704539516
47.86576795049598 0.0 100.426983450827 33.01215288823832 133.94121716062514 28.483858472758172 141.87795903379677 71.89271024778989 142.79438372650503 94.06853543597671 243.92196778413197 102.69639774527278 229.3753596206148 151.15681279635686 162.4306603724687 159.25066186461197 159.77017993008417 220.32491902386562 115.4532359271621 231.84441900579708 73.29809232421741 216.2850482503065 57.84845608549003 167.6300124449403 26.899496211835697 151.9323870100224 42.441597505266316 115.78720502224321 0.0 76.36016788166765 73.69875669959498 83.80215409758019 47.86576795049598 0.0
129.80282579526116 124.35919174591135 85.30480111197696 174.54516986543302 2.1616844671134174 167.8275209509552 46.0106789582687 82.4110428535709 0.0 24.98466400425913 72.00845624224735 12.50239365203258 110.45437777986804 12.252287786789054 153.03164801642149 0.0 162.5577296756339 45.403325790856826 149.52928723867566 73.81684343848683 176.2274776411311 122.02362953905515 129.80282579526116 124.35919174591135
103.88653655302048 50.23407753571193 144.13541831304295 116.19181233789193 164.25242934590386 48.80659217101693 241.13399355802667 0.0 331.1776840024105 20.330425874951587 329.6769489739247 108.12124875668631 255.208337077094 161.20123319492143 244.53290092676897 221.09149583990916 193.67214497498574 247.87231679909343 137.65434002431536 234.16317063764274 87.70740055488372 226.90967505088065 110.56084513151038 142.42411716326237 40.797035141278 140.0185907735384 0.0 88.3610608540321 57.58101846682233 55.054526572796135 103.88653655302048 50.23407753571193
125.09293551147496 0.0 164.17826624149683 50.916429660289324 142.71205897357498 123.48128847128909 175.82318637627753 122.63922981606353 313.02512374084773 150.45405578916788 222.91350943807237 187.65788301373195 210.62543466088187 237.22662878925118 154.12545567909444 223.89351850743157 120.73208167912023 250.74591658150544 92.03463080583157 215.39254600875645 62.42571237761143 202.15953111213128 0.0 194.74611950433675 14.74805105617591 143.54127314338032 34.063117410965305 106.60035400864832 21.1804356030801 40.8245587850253 69.86510064976667 10.973458576196691 125.09293551147496 0.0
78.24278040261876 35.57904627307828 122.60506893284841 75.17648507610812 73.57514325741244 81.75230154972459 28.66982942376466 103.15389685338258 0.0 61.84050317196809 35.35023541799908 27.82992772860718 46.7351474417681 0.0 75.52091226100572 11.241277713662278 78.24278040261876 35.57904627307828
86.52645910452098 178.7104130265387 55.72622079492709 187.86789905848735 34.09783061082592 161.57044235283732 0.0 125.44353371590323 20.210298477575236 77.68730691487791 60.93965372777879 31.83977788695809 133.746587527862 0.0 147.41178994479816 88.15075136006584 137.4003535952447 132.49570198088318 227.85145390522237 205.31333501265877 141.56035001554562 223.4478267950906 86.52645910452098 178.7104130265387
31.624398756361444 0.0 32.526109620364736 36.59467053189413 66.83752988535807 31.962946131851574 31.362920279497786 42.17194509162629 37.383421835219764 54.538154143568484 27.70929186709398 66.04498101025831 15.116564450608195 58.700117197356555 0.0 49.243256928263214 7.451009368460163 33.917586196979265 22.732398744818795 32.12423645054049 31.624398756361444 0.0
115.1593431351706 127.86488468532542 56.280016577628714 128.63317760594862 0.0 84.76000721528314 42.75745063951857 29.50317908940803 94.21096902980932 0.0 182.92767034458427 3.201071870633001 185.78492550039147 96.07851529525033 115.1593431351706 127.86488468532542
212.57793503913157 149.09283638266447 137.68015466754423 189.00103252874231 69.46657268261214 142.30344258191928 0.0 86.47386472409406 59.265206524335326 23.364925148379015 120.09336862744419 39.93492021688103 183.53441953896672 0.0 225.55489837815756 67.98220594917873 212.57793503913157 149.09283638266447
141.368510657336 204.906773163997 101.2063696299283 175.13552634892625 0.0 124.85158016853693 32.05682143997353 15.210609834410903 144.1692142630904 33.492779736848746 236.98790991859568 0.0 234.8168421617136 102.19182188309065 280.69147765326034 178.72138332490545 212.0450534271651 230.5914733721929 141.368510657336 204.906773163997
0.0 216.2677187989695 66.73749094150341 0.0 233.39258674310796 71.45666182102809 195.0441714202297 212.9990075876434 0.0 216.2677187989695
66.76015733981453 88.23965981584311 24.88605386668104 121.01430072008172 0.0 70.05164473803947 24.817832655671182 35.67712033160609 73.31729200632294 0.0 136.59248091394625 49.87958850076231 66.76015733981453 88.23965981584311
104.66130093673199 0.0 193.31546217131196 54.595628819698945 140.09866622024282 123.07580007375391 56.756368387708825 166.28729437118153 0.0 61.335095665595944 104.66130093673199 0.0
141.2224231729824 164.87108428953735 0.0 126.63954793082596 73.83900880958112 72.41899792289023 133.46792637033937 51.53528324361862 168.6839840439265 18.946352630595342 220.43568549506267 0.0 237.7784658049149 87.62739423990932 295.44125320270143 64.77315195810127 315.41945994245305 105.17412985118773 353.6010227988902 148.02974807405485 306.86782633729774 188.05278395992252 281.34815828567264 219.502661380389 259.1477813491963 282.9346925307932 209.76789377220786 180.08600266433515 182.536307754498 200.90148902773004 98.71575567510399 240.49255617980364 141.2224231729824 164.87108428953735
192.91146519562983 19.465268092852 240.53804316997113 29.77004885609088 281.6044758907992 64.97249963001948 247.24473764896982 122.85247353980685 233.17771905055343 154.2356785171603 264.601978698853 220.82066786707298 168.99998393943082 154.36998366446488 165.79159780452747 243.17890625500561 129.86590257117732 207.66562907878244 72.87485228345741 222.0809340640124 17.18633009125938 192.89994174069443 0.0 135.5445416278369 100.4230586619816 109.04980136303095 31.156380256438624 17.818151205504236 112.85941271001292 41.54018809304992 147.42511700740636 0.0 192.91146519562983 19.465268092852
115.31451564992257 197.8827578355719 86.05682033906626 127.73173749976638 42.89318353987281 139.745292489738 54.83659608666183 100.86489409603523 0.0 65.35509489378485 60.5925964108332 54.929383946389805 62.512595701876904 0.0 108.87896277944226 1.4850899365874142 152.79247164868192 12.728480284706677 205.860635930729 34.556128456106315 239.2136202428635 87.48855114689741 199.81426751766878 140.17560633391304 140.61180010530413 147.22861596158066 115.31451564992257 197.8827578355719
0.0 46.85054446285132 57.45523021795843 0.0 104.27950020692977 45.21887516945657 175.8972081525032 79.45172629854626 135.1763604320584 152.75098719423227 58.19757406603689 166.4686707341913 6.684361191641074 113.01591868655672 0.0 46.85054446285132
17.51919537009838 0.0 35.10708137793261 9.625727388850834 44.88993913386032 12.779939771659173 51.401023599919164 19.492207593161083 94.138441886717 15.47821018510416 52.523625138355165 35.404343614288706 53.76265279783899 44.81061739736617 51.792736447101355 59.065931437631505 39.38181010457625 58.12511288286014 24.575424015305195 68.22004625573632 13.355721378471507 56.51591005822681 0.0 45.606505474358016 20.868756862885114 30.925475997979717 14.809559857001808 18.194094417282088 17.51919537009838 0.0
51.631470992414734 85.43096835420221 0.0 49.59541874730671 45.52605280791539 0.0 93.07134875055378 44.36638254453183 51.631470992414734 85.43096835420221
30.6332552085424 53.66144823522416 20.74444249794483 5.159934695070476 70.10216804311214 0.0 104.48291185589432 0.361595040585982 121.53884199333861 33.98894738484701 144.77662276408256 47.60248440570777 155.20765172716 76.46129671721579 181.3589342908552 136.15724541582242 140.9493020377068 178.85434891700936 82.64837149470075 147.72334549290795 39.495442773057555 133.78044645656254 0.0 100.2917392941917 30.6332552085424 53.66144823522416
48.06229249386047 133.82610544846415 18.419300836137495 127.43528862295084 0.0 102.70334242559734 11.590608107047956 72.24788645497745 19.47145294792233 49.42455372977817 19.676140053968368 9.697668851392905 62.39324405087389 39.84705213005582 87.47126649639917 0.0 100.39796292078339 37.98786290886099 104.71084038908785 58.317311162633374 108.83359622895884 73.72694694138153 136.0164201856191 96.78452337347609 96.90152073395397 100.5828489306166 94.36976957870411 125.66973483240524 71.37989953213672 95.38356133633812 48.06229249386047 133.82610544846415
