70
74.54646761484013 0.0 179.80056374952738 97.6523972897188 293.33799665793765 170.8625734546158 154.37004888856518 183.90721180357116 85.80529311851762 223.3312886152443 0.0 137.84071562011042 74.54646761484013 0.0
115.00981398429028 46.43104661870635 191.04475577056434 64.83215214934681 236.8138037845901 148.8158695442031 135.6227635772854 172.23198669995162 95.25576069649571 225.71138271825774 28.861524946076003 195.54742053553775 9.425518994018205 125.53300805781205 0.0 0.0 115.00981398429028 46.43104661870635
110.13238633668729 122.69447286467627 136.2143011072868 179.83491663212354 89.47604834276893 130.59596440322593 63.666326899017406 145.62480920071525 0.0 127.1439559778627 14.811916670228385 67.33825824104623 76.3390656711458 72.58788601072997 144.01859783396284 0.0 212.02090814749565 56.99364801917564 110.13238633668729 122.69447286467627
134.41385513362397 75.4099971205236 48.808832545794814 37.9310170957579 24.04477302911876 98.84115838211946 0.0 58.527817647395345 16.089406708243857 25.94440881379999 40.83698212607261 19.156416043189658 65.41270210860574 0.0 63.217496794650714 31.708198481703597 134.41385513362397 75.4099971205236
0.0 71.27962460619742 39.17820110474665 39.78204040701789 60.200001320296764 0.0 111.32553292388401 8.483733153624058 133.5376385766968 54.408888333123826 114.52901537849682 95.94653514080899 74.12046284371444 105.0420076803508 29.177779449655127 116.33643098778059 0.0 71.27962460619742
179.65574254217972 158.9269142867456 118.66416771719797 208.3845029758836 59.966967667570316 149.5292881914765 0.0 108.36807307588715 26.30833942405596 35.74877309342939 81.73343892379185 0.0 133.44071774617242 22.78414012474832 218.16950873997024 19.363511719389756 194.43679906027077 93.93892329488455 179.65574254217972 158.9269142867456
172.05652690494725 103.52408967765628 231.16933259190532 159.23857850062808 208.31309112250634 222.66503839543753 116.63883438373495 177.74014334350437 88.02392548225937 200.3082830870232 70.6795427316608 157.78003573575774 21.07387930382434 169.59719515935916 0.0 136.7451187039424 49.17962958500759 106.68985442452676 20.656534725962658 58.40238145618186 67.67914225668086 63.88034790731436 95.00849064015627 0.0 124.0970715354135 57.11005836014609 170.72309776906047 62.32025843351088 172.05652690494725 103.52408967765628
82.72446677647378 61.487754210272236 74.61162103768928 76.57170936501825 59.138596884634325 82.59635182740166 43.164558334467955 81.39257861772401 43.6653212360733 51.82794866342132 14.354350520427914 64.42034764402558 14.64260001014378 47.49068775830518 0.0 29.921825416671787 23.51969236852736 20.96503169504856 25.3226863539943 0.0 45.84639928337998 11.128572875028318 59.867502724050624 1.3610798882610027 70.40558444126333 12.323123854563924 68.84268120400127 28.56336330153338 61.327623820727126 37.9871290095824 86.42593718682502 46.944085656641626 82.72446677647378 61.487754210272236
176.33089317787858 20.359373785091805 198.79767941635038 59.76374551902221 230.00485868053448 105.88636258930013 204.23355626294256 151.73786101321093 160.82170829115398 175.9525591798607 110.97455207496616 229.30580668661753 47.607838103934284 202.25278370837566 0.0 146.58736083632402 0.8389934625061102 75.5899554827074 73.84978058479209 52.29416372858582 87.20818114711693 6.420783442140532 136.08668007377628 0.0 176.33089317787858 20.359373785091805
32.06819640461191 73.9160483663793 0.0 13.22629145459544 44.98797629570035 0.0 88.72875816257672 56.6713276064047 90.6716202996565 87.22133517715578 147.62435679809397 34.55939422879256 101.34219630813138 85.50943322679056 155.83530989884696 94.55581213500446 121.02246216723626 106.83533678175009 135.60487550897506 147.7709675266928 99.24932207932628 125.22861265736974 81.69942147059359 147.48245001831503 59.2983013954952 137.90260206170188 40.45227474349619 122.17970724606612 15.510296847535898 101.86686071000948 32.06819640461191 73.9160483663793
40.82831574336039 0.0 71.617993197988 2.723631551235684 105.00647484489684 4.498219458653324 116.1917042926583 38.998966639290856 123.48691867985946 63.32399637092227 126.64603195804642 86.74254380350735 155.61284544785175 127.7260137711309 110.47709839131853 132.73308271951532 78.56357541510488 122.66684509077935 59.507859015233564 138.37477291401433 28.474433883388798 146.48877538791834 18.603495573684597 118.35417206537089 37.22170510577399 89.16530715962615 0.0 72.89745878690128 16.90757005530594 53.632984569159646 29.40942168573787 35.81171889830176 40.82831574336039 0.0
133.46244920013822 101.00011647231176 135.32089058833816 60.72577429974913 158.33109063124283 0.0 198.41584519685904 56.813462781127214 252.9141157020808 35.503644036100425 250.16345633163013 93.70785870692333 271.2839462241735 123.1468922991849 306.78146407830417 166.86205055443332 257.1613436445474 190.88922859574936 266.1507970930628 274.94140255222544 193.0188893076996 223.29773179163521 142.39638459406027 283.4069192898028 100.41583413868415 240.21488674224003 98.93916017917013 180.8679191408608 61.529946375621705 150.2061528736209 0.0 90.13088545173792 133.46244920013822 101.00011647231176
119.30159703735708 90.40585793367798 132.31515198903264 0.0 178.4136229795057 55.880052596301496 227.8409193298241 136.97859169507745 145.03997422812608 199.89554904590824 66.0545580743779 156.46123043165505 0.0 93.08009369686287 119.30159703735708 90.40585793367798
110.9965049628827 0.0 135.62729829965963 76.25413195696432 78.87924453845845 107.56965240720076 0.0 97.84080812160956 34.59994062635808 20.439114510477168 110.9965049628827 0.0
77.5352892660909 92.65098269633222 27.862937850865734 67.34471906761414 3.5687138425024614 49.222511059345585 0.0 0.0 46.95179178178175 16.19260477738556 99.09090529897335 33.04185182317217 77.5352892660909 92.65098269633222
110.44423745152874 94.38701704365997 94.5851350929126 108.36233708610655 73.90147233179495 111.16099182744412 40.88900896083618 126.8612858462142 40.43958032348172 89.45236028058967 0.0 72.09003967452402 15.430271061165882 41.751234652873535 27.90848355922597 10.739843677397346 61.681183003507456 0.0 87.89709530529359 26.443985608531356 127.98951272137012 15.392985288333264 140.61812607870735 47.135436465505975 112.6372713956967 74.09207579141875 110.44423745152874 94.38701704365997
0.0 137.58128765607316 20.945888536035056 87.1000356869936 47.0309145840298 59.69537510709122 63.33915564807731 30.41679438950527 100.12222634184086 44.66618901475988 144.16520982759278 0.0 117.34633392157639 82.13371685507768 178.27512374372287 78.9637527024528 227.5380910338386 129.13694579029388 163.956769901085 154.76987058261864 127.68076422494785 180.23812374817484 74.29738510696774 220.68160084798964 35.28668152040427 175.82987596640842 0.0 137.58128765607316
76.45717989516348 23.853338678326345 94.72648015882586 23.06324444907071 96.74028470617027 52.5372602366005 163.87273379897283 25.252720283157913 97.4984495744669 67.34722466830239 165.9542600744449 93.85406234269169 127.2265374936736 106.17296205358147 100.70898606102743 103.13792092195649 86.27756229202662 114.16047582757307 65.03603605729906 114.99930414314903 33.75506180795153 116.47653639206621 17.552445682709447 91.44048640913687 0.0 60.21344809674336 51.2876019560681 49.28766092977723 35.50469250668464 0.0 76.45717989516348 23.853338678326345
0.0 16.151019017490427 22.235392297428405 0.0 47.109988608050855 3.285109285604392 55.24597288362945 28.844457957805716 36.48777685202535 47.44747792196149 8.031525867913075 45.21631635280623 0.0 16.151019017490427
21.175240082447672 0.0 41.23519377356112 0.3664458185630224 53.94327324386667 10.325285462296492 72.46898926137709 16.371736785376513 71.35864204934343 35.258422034696466 47.77598684250839 33.285601210976566 44.30619785311194 62.035499182776476 27.356003904429244 50.17136123537925 6.945582965421465 40.62977920419121 0.0 14.435218940337222 21.175240082447672 0.0
27.063058087739506 6.405252862380195 43.73206734310543 0.0 53.93043428230692 15.658780525485767 41.39555121848639 32.01380067958689 76.40269547470069 40.452575715543446 63.4504095430819 54.96692200406595 44.086232891520524 44.69872938281874 31.85123072408838 59.42812946039027 35.90515489868119 36.36739437985531 0.0 35.33574192015922 4.7719211143887605 12.267329083242004 27.063058087739506 6.405252862380195
36.70281447799237 124.28598153049457 0.0 75.73807194656136 17.98950954246743 24.167875975753674 46.0786941083209 0.0 75.90957653063353 29.33756007409457 105.9247825983527 6.1915240729230305 170.7500663659868 27.671289029865065 108.45317662533178 60.71692796742383 106.11317177401934 133.91992732584947 36.70281447799237 124.28598153049457
72.32554295472814 0.0 112.7376471825498 27.538451889543254 62.7150835263719 60.891029835125835 0.0 30.99680494651635 64.24855802064572 11.325339436939515 72.32554295472814 0.0
0.0 17.81905179916769 32.57576958926339 0.0 59.65687436678877 26.483529101226587 82.812077243696 77.37085219972167 25.354668288503603 72.77894774506066 10.098982970876875 46.476757133159516 0.0 17.81905179916769
4.843798756653754 108.39915281484984 19.51995543845635 21.58742301177746 113.26859357293955 0.0 167.7936396068789 55.91679186449988 226.08516179081715 117.38143345435888 166.15551748813436 175.70065820947727 103.3917989356302 200.13151145043497 0.0 214.13264851036337 4.843798756653754 108.39915281484984
126.45115718130843 128.02592061750573 0.0 1.0518736920286642 206.55101239721486 0.0 225.70459598247615 161.31063319067846 126.45115718130843 128.02592061750573
0.0 114.42184542255748 42.13242177982565 14.5816835289993 143.19929390787314 0.0 95.76818436914698 85.09729053781973 0.0 114.42184542255748
234.20777540924405 76.17688069383364 226.9017148745785 127.91843362404812 203.13677477839042 176.9339786217875 130.3102861375066 124.85308675297937 107.37395092458779 178.6190465431327 53.02943206719334 186.84752806410262 11.37386858481915 149.30986058796117 32.14154142416206 95.00459228295023 0.0 27.097512956029618 60.086832957162414 0.0 117.98019737112055 42.6762738222711 153.51763770078784 20.264602557256126 182.74991866651231 46.41242680470119 234.20777540924405 76.17688069383364
38.4931407599816 172.45864588434685 0.0 105.34349662337121 38.695570558944326 38.642247872848166 80.63120255125042 0.0 135.93405627758315 10.868429673627105 178.4032684826647 32.79542311566875 299.6162739611283 57.66971613534757 243.08015545257553 145.06864702362392 173.46702795584085 176.9605524134378 111.41547039238914 176.6190636179079 38.4931407599816 172.45864588434685
254.7563197132144 110.15325538433694 338.62665873665674 133.99769574525226 247.23170125742703 184.46074416517905 289.364963575076 257.56976976584497 233.52904171557117 286.0145299264998 174.61189782951487 299.6741474337615 129.38311872302307 258.86449622083853 0.0 295.7970048314485 30.788404626578057 195.62895852196414 73.60930801090353 139.25063203282843 57.67146199292023 65.38070534242586 99.39016621316205 0.0 180.4440861548931 54.011700199538765 217.26840893880308 90.08711470628083 254.7563197132144 110.15325538433694
213.2561144023447 174.13650068146887 204.89525728371538 229.53349854779484 157.27134228480077 211.77241925494874 113.35460390127191 219.84585416511933 100.55654220857679 176.52569373686063 103.63836695366822 141.74510643595596 0.0 87.70573658479248 70.50549150547437 52.51482504601017 155.29979689557143 117.63660142540184 162.9013953357387 0.0 223.28701947115832 7.334398990073666 226.55021993991156 77.94775197291929 231.8434031680767 114.74192415284591 224.3996370739713 146.43463440283034 213.2561144023447 174.13650068146887
0.0 84.09359101021462 46.169444208596914 0.0 142.08454645340657 35.318603350148244 71.95265077934538 85.91863748740863 0.0 84.09359101021462
42.26434334753637 18.875788961891423 96.67739943999594 0.0 102.14190423691645 52.5465902656375 118.0320112440921 95.2921648667843 71.7734691483615 83.96112997834396 0.0 75.78049905315004 42.26434334753637 18.875788961891423
35.05260126726361 0.0 89.73775351158613 4.492019527841151 146.4734062475821 10.264925457299142 172.2369887645832 61.85877207937298 214.77055663626814 129.5637965012561 136.4585413962505 157.3560474489539 98.32011051546793 196.5634505620465 45.98029691765328 175.71169955118367 0.0 148.1385321270537 21.033661520009133 94.39512303862219 29.912967989297726 61.8681581223822 35.05260126726361 0.0
0.0 78.33499390604129 58.828507103095546 42.536941138174186 84.70642541983668 21.30472281206783 112.90129599953917 0.0 133.67048449972867 46.93680819354364 151.14712904769343 50.79620583561693 217.0023820781749 50.72592034148869 246.7283002038896 104.40663307792482 162.83723582731335 111.5685617773417 156.88806596132108 160.34906832037439 120.22655842259235 99.77196192409882 82.79528944880937 135.5572887483634 1.0367418105598176 140.9039400623809 0.0 78.33499390604129
161.242736940527 157.49929879691342 154.74410022829244 189.70888005096506 122.14559124490549 193.76638912978416 95.85248242408764 165.87458210674444 93.98501325137644 132.7632514848053 41.48390640917158 189.82316650547986 54.79461385573958 150.23691414117184 0.0 133.62991193788383 32.140091881538495 108.38079130793642 25.169533755977838 67.60610225202335 52.88592753484145 39.01034186243676 89.15493321201215 0.0 115.16744760556774 76.03776391123698 166.09896057728494 55.261908822486646 216.91808917709187 76.89406256365339 152.17593582543728 131.158353725452 161.242736940527 157.49929879691342
80.36138006624643 74.71775136104783 164.94899862778703 0.0 220.37134338089317 96.4328392901686 237.64576892906518 201.31368702605658 128.59580936834584 192.62908791053846 73.02580125530194 218.49632585278198 0.0 184.60945818937165 34.76909877160233 111.13532947516788 80.36138006624643 74.71775136104783
106.16683822449858 163.74731985118777 0.0 119.08829404746083 41.530491474080776 0.0 136.9745102018574 21.506339095356815 167.15756277689462 97.58668815268243 106.16683822449858 163.74731985118777
0.0 9.27819052722117 31.215942352353693 0.0 46.677637983296094 25.394657685512016 79.2532249952908 29.068413583083284 93.89028251185312 65.85568407532905 59.147606308189594 88.2992205127541 27.18830616964118 79.10064796223965 7.380368646604282 64.8746583003671 20.375693553993173 41.35404963808894 0.0 9.27819052722117
69.23008572021948 48.80602033127815 32.87000703227504 39.280137718278155 0.0 16.928044731473435 52.07853177010669 0.0 69.23008572021948 48.80602033127815
126.5085549066145 4.931291707812051 287.9205277884252 0.0 191.31057018434217 133.77806291658325 0.0 157.68739098562187 126.5085549066145 4.931291707812051
78.09946416783613 155.92046946073873 3.115610617537726 162.41524061633123 0.0 89.46115415394753 53.662520120390724 72.08167374737656 100.02844063783263 0.0 168.44639237465415 56.15023921741496 158.97534023136197 145.393720932877 78.09946416783613 155.92046946073873
203.90327307874435 106.53265032010307 141.11418919659945 143.87879309254586 86.47279165144359 171.65114058543327 35.319406638916114 145.53585608509502 21.42728880296025 94.05941485210482 51.65344609020282 59.88041623668736 0.0 0.0 58.20469980159055 4.983499345411573 89.20158318724624 14.39821472496827 136.03516599878077 7.409890428961866 164.93435485184062 43.121115641683566 203.90327307874435 106.53265032010307
62.496343337763506 18.483511542225912 83.87363929655746 33.82710288682685 72.84313138186499 61.85869836955368 43.450482948115734 75.70179065864167 15.576145091972052 60.423112703699786 0.0 28.78586293555489 17.930665743894195 0.0 47.75206532669506 12.157839614863732 62.496343337763506 18.483511542225912
136.96371572238712 80.96284536193062 117.94589528871323 106.77253942890587 87.07435798363139 121.064007356259 50.891641336260236 115.13094780518233 14.158490975788737 89.28026385435393 0.0 36.177935674140265 39.95069183464318 0.0 86.34407508508583 35.78633154854261 117.86292317010766 19.228206326815318 146.10221502759333 44.448963861875306 136.96371572238712 80.96284536193062
29.94137374155988 66.37329126977198 0.0 49.16360825280163 26.28720677228761 22.85291832688622 38.177260786764315 3.190652932401541 62.838939205741774 0.0 89.56071108181607 11.536074598441196 119.99568592994831 43.081026428824224 60.53197752867715 44.72186026102411 54.2805313116255 78.2201292752589 29.94137374155988 66.37329126977198
157.05669524442584 181.10785107590792 108.31800425411612 189.119582531995 0.0 245.79486047940634 16.472393136063374 134.2555527342583 20.139464971814476 71.23002049104625 48.14766317242564 0.0 122.77468618409752 39.434751487091006 199.89689242022996 11.880995650135759 285.69883804502433 71.03945985013976 294.31838529434947 186.77604576336176 157.05669524442584 181.10785107590792
0.0 172.79405121988214 52.386667898022324 68.39265763337146 134.7936281871295 0.0 261.6639523132044 58.482074657803615 183.5746597549322 167.79932025458578 109.65679734502598 203.4750719444766 0.0 172.79405121988214
93.40154498690856 9.831895419736426 111.28389334811908 16.726272247860493 211.78394299157088 0.0 218.22537165080843 91.38781041687008 125.02176215664134 101.92073803032523 57.446767856372276 122.35337578893677 0.0 73.50988880037738 76.78945225772179 23.561338022911798 93.40154498690856 9.831895419736426
2.258672566346405 0.0 50.65217151376585 2.7414933840804565 91.50412989991696 35.96345731828302 45.02970486048912 57.51739846121177 0.0 55.60610337632501 2.258672566346405 0.0
37.34296695884984 16.611278004743966 23.29325798376398 36.735751258955645 6.832969712016151 31.333750890711585 0.3869182497904404 22.268065762090245 0.0 6.4268675188035616 18.858579928354047 0.0 37.34296695884984 16.611278004743966
103.95940012736646 41.60445450710165 184.26693876211874 23.08034639787536 198.00299299001972 100.0255049552829 277.95105567151575 174.90393014011332 204.99892039036263 240.34214935423662 119.94342568599869 223.15573376058967 61.863861291241825 252.1275628470668 33.5634690280645 198.11047210091652 10.488688413731353 155.36803130501886 0.0 95.04419381560913 12.706419050853413 0.0 103.95940012736646 41.60445450710165
127.66277125594554 1.7105999649740227 165.17072030430694 2.7051386857988575 176.90550694513735 42.162852592804846 194.14136371647544 64.15142567931284 273.5181566890867 102.8965918722403 174.56786147036354 113.72097870804478 177.132107473055 156.80152339764362 147.79599377382948 193.21042581425252 99.6340051931909 211.34649504218567 64.04694820243273 173.63830303523395 71.12623698892904 119.916133998989 0.0 100.25839058320692 87.74273446650358 73.61309804466926 86.95794024331701 49.42026552194172 91.17701234506166 0.0 127.66277125594554 1.7105999649740227
91.78625187047051 124.23279822342987 52.411837152414705 178.78119752500277 29.97445821326808 148.28046704171646 51.35868007072524 108.45973497539173 28.953170908996867 87.26404017062019 0.0 35.36237072811827 65.85392527638069 53.66731558525444 84.64405214263539 34.546517997500125 122.7854010370419 0.0 121.86968325062203 65.55477028954967 136.31726157714058 77.31395240164368 193.44968623420084 95.79774453809785 158.1763154070972 125.19649471435007 146.1921227525827 152.73835725350244 127.11685233933936 183.99769377195167 91.78625187047051 124.23279822342987
52.56279128814802 27.09384098724663 67.337478600259 38.42189848921996 111.81452655532513 0.0 135.3103079386138 29.96577103627154 87.39306715825089 63.08921942746431 102.88269722620609 92.5001425247101 79.21579757642058 105.7887123949632 49.379850062893325 132.12318623865474 41.90326130730628 84.54677756330972 0.0 81.40960718725262 18.249051063966363 51.316769889798245 14.80932439473662 18.669794115034627 52.56279128814802 27.09384098724663
113.82114520380955 0.0 153.81458154736208 86.0284288053723 150.24969187831744 114.22183910128298 165.0040764311117 120.91217965053504 228.46030642025454 174.04710726071855 184.83720309853632 211.45571217035572 134.23928153130248 178.0911244848048 79.43711204831894 196.20821244841224 35.21632772203016 159.48206456896924 0.0 89.24404998103557 75.91816458269847 53.53409454392654 113.82114520380955 0.0
0.0 68.22528458662521 49.47471986552705 40.86239524317838 50.905714304019426 0.0 86.37811305087571 15.584912206337052 67.69638473450406 50.264491000600316 113.4544367516884 78.56748778453246 77.70579425964607 92.95776942433267 38.240682019880154 98.84273225198612 0.0 68.22528458662521
199.49099194742246 123.64261911041217 280.24324895843085 179.12514386801837 238.93051258549622 269.8655194751773 152.93586361766478 221.37516424806748 0.0 255.24852774219627 29.11612828528979 113.49021422676351 60.847315003017826 0.0 174.22613952083935 60.502078950407935 255.62815791638621 22.570437353240123 199.49099194742246 123.64261911041217
47.79158839934733 0.0 78.19881659410707 11.914421229857084 81.04971122648652 60.32779912049085 23.41460228537491 71.37079784434206 0.0 16.198778273307965 47.79158839934733 0.0
150.93020512808715 74.05003676259288 167.2705251890446 149.54663338497403 76.48600322285779 159.43179745590726 0.0 0.0 150.93020512808715 74.05003676259288
47.38276023880731 30.953088064300445 46.66474623425296 47.577325788262115 31.669819340818236 50.80229303963938 17.98042517332415 45.722222468553596 0.0 41.109041981032405 8.67803746653884 23.314069340422066 9.13330408262712 10.295135131655599 23.131118571118137 11.242355051982727 33.80467864754819 0.0 32.73602757443267 20.34004183508634 53.41762885988494 18.867560880113317 47.38276023880731 30.953088064300445
44.18807017010843 37.36600875853982 55.58695534828951 33.4817679476008 101.25417534484149 0.0 83.50855697277369 46.47941551881108 89.41118494545549 67.14294694476101 81.54143015853333 99.95544871126069 50.80872548159881 89.30356716521055 23.016969660570794 90.18357888834538 14.373114150084376 62.55511939975128 0.0 31.406534991608467 44.18807017010843 37.36600875853982
66.94078494462775 159.8680022402241 36.10476984585688 82.56248832111399 5.331515689299977 62.571254708497406 0.0 0.0 65.37251663458814 13.12075443934215 176.5248572784503 12.17457663633153 112.51393624236394 97.33920844222058 66.94078494462775 159.8680022402241
162.310852578089 72.37739128649322 107.49930262167948 186.6889660219215 128.47790074680043 100.14786947126406 0.0 114.60402808358067 69.5915592015017 53.84099747691339 96.86699394386409 23.54481709393236 143.30029403182073 35.00977861281394 162.0224631661079 18.258913764962408 188.82061862823608 18.76874260806246 253.24110483792563 0.0 202.70078752587196 62.76165709184043 298.11574608037085 100.62307222470541 252.5155972985273 141.92504073937306 237.41095085433832 223.76297167786151 162.310852578089 72.37739128649322
61.19702244309213 183.1783159161574 72.5206726174832 137.24670083542907 0.0 54.59939836492053 99.15900640124855 81.17100377283886 160.9788217097361 0.0 209.15364776303636 66.27934861883146 284.282891884498 130.01190482061656 260.9818884016827 233.8755498475442 158.75598609407302 245.93369503238344 103.91082644762113 192.98941441232733 61.19702244309213 183.1783159161574
106.23572116938128 18.548528474492443 124.3905060855176 48.00395544294556 87.13112268587588 72.6769741127332 96.9469292750221 112.04980287711939 64.33169755423276 108.03595163409085 54.651076497854305 75.92817300306561 26.409852511535163 82.17189207294604 12.627276434443012 59.3208353932229 0.0 14.740497050497211 43.708510365613236 14.220877287805799 76.22364394095594 0.0 106.23572116938128 18.548528474492443
60.58808476685796 0.0 180.48934535237632 41.68697420319468 226.37669123043668 104.28048623908036 174.46926581247934 141.80974798152604 124.81690749725878 185.16852587270733 0.0 134.22154728751923 60.58808476685796 0.0
344.1026206261384 0.0 288.60306861699 109.74777581204322 415.8380420955037 145.02849939986385 422.74010765231446 240.83536568892694 327.04793711565526 269.3779478006977 247.03910026448312 231.69697120801405 215.67941997450617 180.46142087477196 149.71212129497496 228.67372453049 150.80157903358756 170.81268254114204 0.0 129.1443465508396 111.07756808934008 76.75674526652531 164.63136402829488 53.73290657774619 201.1971432514148 9.44635011993897 251.62216427688116 37.262877260967684 344.1026206261384 0.0
111.52599611663946 149.65358446139612 0.0 113.81331858990188 46.66424900244343 0.0 122.93007953797583 25.876307162572026 160.2326921020212 75.24374499092968 111.52599611663946 149.65358446139612
95.26879898419729 18.592267945025277 121.67737491553115 23.429491332713496 137.32641305174587 23.848472980280746 169.91699482343157 0.0 192.9215566362884 19.464586868002648 230.42060260495933 45.82667349125316 206.59992957981817 83.01918867947364 202.38755394844722 125.5162929948616 153.6230467043984 113.08163562177708 129.4593567490806 96.21172061508713 115.49017526919401 87.8743145545073 90.84489995875069 85.01096724928992 51.50866588816477 66.33340640174072 0.0 9.790815245568751 95.26879898419729 18.592267945025277
