70
26.970233222986565 8.62543097141409 37.435677981088446 3.343555412300688 47.38518517802204 3.6034580927863544 59.1354614951545 0.0 74.90270207177223 2.952461498431404 65.28141495789636 19.22109178664165 80.50126803421239 36.55341621574111 60.25020527638449 38.592220937473854 48.5298135188538 26.761141774817588 36.29387495964805 43.09939260862269 19.048580066629142 38.20403721489107 0.0 22.500299859670093 26.970233222986565 8.62543097141409
205.19195680880762 90.87249479295205 183.51108287355828 144.75584528892955 231.88502010964442 228.1467016627886 129.28149782346213 208.7022313095891 92.29868000309018 231.36361262878967 47.98157186996906 230.06113520184195 33.425986212052294 182.53840555293516 27.480251296371137 151.63305963665363 0.0 123.87707661379937 52.10869227555068 115.00615836663678 13.39894352317998 20.527234628228555 77.00177120696948 97.57873855255029 128.40538657808912 0.0 174.70258990715263 38.45401112448003 205.19195680880762 90.87249479295205
69.64171697858801 48.41605682465323 82.34921411155986 54.88850112571813 99.50761056944702 82.14061569594602 72.32010980631317 84.345130850728 53.189697295963384 87.10062548229811 29.877097084978857 83.05559111652317 0.0 65.32839000993121 12.414729742846788 34.75513856707331 52.59098846820592 43.07627814219244 56.528472871642165 0.0 72.6640477565508 31.258501153673187 69.64171697858801 48.41605682465323
181.3651370220025 286.69520360628457 97.77064286258849 281.20716919039916 49.26181550723085 216.0029007629703 0.0 97.07426925799935 102.5326480266263 0.0 240.0578425653883 43.78635868889316 300.1405070013819 152.04489023499724 228.66144433905788 231.7968384308631 181.3651370220025 286.69520360628457
39.597924554133684 0.0 55.22338165946833 17.66843925281863 40.09662693441648 35.22678317947688 27.202767703962778 46.811428198825055 18.912421212642116 29.310027637543087 0.0 28.49439091960606 13.853125995524394 17.361736778072483 20.45601681743794 9.164349225858345 39.597924554133684 0.0
82.72493375139686 15.313148925730601 134.13973533428188 0.0 229.7583861205301 31.38848826336593 182.04343746428452 114.22282216728965 115.79158847745232 138.69526678481756 54.71129805652683 147.7892815635648 17.90234014767239 90.43891660551101 0.0 13.050127974797121 82.72493375139686 15.313148925730601
40.05020224371572 71.21097486678796 26.789684295951787 47.44090524142638 41.052546460405964 20.025367463677263 76.88273618451393 0.0 105.34245478391296 27.074519192684072 112.00135234352275 61.00356969996123 125.62820152611212 95.03891712888193 101.40479307439571 119.47756501126258 65.46699804969545 100.02579659102133 47.38252570124044 103.26837517145128 0.0 108.93340865174937 40.05020224371572 71.21097486678796
95.98316092111696 10.861489320983026 135.46064233563166 44.551677270086 123.12285405747889 124.59451937365938 45.0417642878313 110.16038005588018 4.801050963899058 61.46424039992358 0.0 0.0 65.89495644498496 28.664947024213518 95.98316092111696 10.861489320983026
0.0 162.57884494189005 34.7636492635269 71.93764588459783 82.34231472746535 1.8668729232564658 165.14920585926376 0.0 177.33315883984022 86.08986944830234 267.81289505866755 120.68816473594693 244.2271439367682 205.40743742192842 154.83425941472706 206.7983373737502 78.36109699242209 216.22318543927128 0.0 162.57884494189005
108.50932909177654 137.3250384276516 0.0 115.31876211100419 38.75589618713589 0.0 138.41610722058476 41.026912523977614 108.50932909177654 137.3250384276516
101.84278740060793 79.91634949320044 83.15956054570479 84.34877868476909 67.65358516642263 117.19888308497343 59.870854517832186 69.59597435039822 28.669110362851846 84.92832698433014 0.0 67.89076459459838 30.83185544181069 45.29969378306526 45.02733872843022 35.80701997947367 51.31541960636574 19.572234470942497 67.45956958623236 22.00816735769269 93.44839635284487 2.9453941455286596 136.13418254105466 0.0 117.83049469403414 41.84034459898675 141.32601273358242 69.06481086180983 101.84278740060793 79.91634949320044
44.36041476634283 36.76953488421536 0.0 37.797459223569305 22.076238757108513 0.0 44.40173160478733 11.232074097261872 44.36041476634283 36.76953488421536
27.053391313566806 219.2405001505328 34.74437458736375 152.8625028930628 0.0 108.30064904731283 43.3832075342244 66.72290076831167 76.81024569082791 45.345866719708596 96.84676785709095 0.0 140.70799310444465 77.258019484351 168.66107506948325 46.14869955996104 225.95514527058396 28.54463119820531 199.50824387726266 87.47881867520859 264.9695505596077 115.26188664191613 254.79056524495 163.61863943470803 224.42047303180988 201.39306338991688 176.4010117668701 203.8323862420774 139.7492742645903 230.19525363792235 98.29530588534166 207.52045971770715 27.053391313566806 219.2405001505328
266.5632836332235 210.55437871576925 190.65151867401687 190.3873487750719 140.89773046371067 202.3313677264219 0.0 192.674220874568 120.25714154493645 108.88238452090596 110.30266996934891 0.0 198.78917589907377 61.43043740961693 301.9394295618208 44.23904269455603 306.7494288057453 137.9356822238931 266.5632836332235 210.55437871576925
186.04565765099528 32.382540625159876 273.6695637243969 0.0 371.5729952603083 44.459221781614474 177.57828538879147 129.45338108312555 267.1512747019543 198.99132517436723 223.344340936291 240.34456433746234 165.80002654595657 272.8068272313165 69.2086013234691 304.2202688845896 76.70794396652282 186.3314300114354 0.0 146.98687081219268 104.85111343479679 105.50501186622915 53.20087128991483 6.464077224826795 141.2192655439635 44.83447256217171 186.04565765099528 32.382540625159876
203.89418070432305 70.26545617922922 238.65165773086875 111.46902347587897 219.9992769228811 159.10269774688413 168.65023428572974 161.39791101412425 133.22102229246093 129.67577127846897 94.49017237326584 169.22687961273436 48.60820744620645 158.0940099427441 44.30569982760903 111.92178128566562 0.0 63.21213486026842 30.419725173883933 11.252251864193894 87.4029826538962 0.0 130.6278041035094 4.268366650732034 162.8506082878055 23.18479694339645 223.09526305816524 12.920044615751777 203.89418070432305 70.26545617922922
0.0 91.45501225257779 109.29031289177556 36.047769785995555 177.48331258972232 0.0 226.8449583297578 69.8349244000365 234.87461099373306 104.28980788076575 295.91288979510057 135.8078506857004 319.9476152987902 234.42019108432453 214.36273026527005 205.1397598652012 148.00528409895674 232.37775015053666 114.00143538687809 168.53107738170013 0.0 91.45501225257779
0.0 57.47882470817858 38.072959873675636 35.422128704376306 65.77621872218847 39.250776637545684 74.34728932144483 35.089267979731815 88.55209649499295 20.06448494838058 134.24605546688457 0.0 111.24283736966817 44.65314172377481 153.89973033017583 70.24647476236211 96.20599091866092 69.79639627419772 96.56586255774923 99.14598007363149 73.80722126015014 87.68844603147251 61.597959136435435 79.06028315458806 38.19681451605652 77.43706337648294 0.0 57.47882470817858
33.13907733854535 37.88265295552739 21.490041178485733 7.065640048290675 53.74366171499322 4.750818733288668 74.33324860467079 21.33491240493403 93.41007453981845 0.0 124.86551975021133 0.20720728755883044 155.62059913343722 24.703130690202215 127.93620783816404 56.89973908676288 106.94539965608682 72.2915187925343 98.06543228420416 109.43960348583468 64.20366722400726 106.33029855315871 53.73693396931222 69.7097059710699 0.0 73.99813023020474 33.13907733854535 37.88265295552739
58.257149832006505 64.94018478529031 0.0 44.853530267786034 36.811068325171334 23.11936059884375 61.035484250147675 10.623676125051439 87.8619977472154 0.0 121.4015320805722 6.247981302838873 116.79637764664395 44.18774763825426 149.93747714739118 69.65529563602871 91.20323923191552 66.84538836751003 90.82053404064943 87.23607608188851 74.12513586200109 91.75518151806298 49.912950297546814 92.9160424756802 58.257149832006505 64.94018478529031
84.49180686208727 112.48278144769746 48.21280710927036 108.66293936566287 0.0 69.24294886750455 25.301536604173464 3.1748471418136006 91.98483535447474 0.0 139.93043823697388 28.50684366403501 157.93142858015037 78.63938118493165 117.22194642584257 110.2468683334698 84.49180686208727 112.48278144769746
0.0 118.25360047955067 63.10097045749151 33.1454257568988 137.5432228577439 6.958328696145244 201.53508717482885 16.856952394472444 350.04974477033323 0.0 252.02288135184696 114.38287292307979 259.74703447256616 217.57794514800116 164.89526716026592 167.36262213731612 71.14278428334296 201.77537546191667 0.0 118.25360047955067
20.119378210116928 0.0 37.64052117768991 33.37130557971847 46.6431738235618 7.442781096455192 55.716361640128746 13.00420230939649 62.59088552381285 20.893618562790124 80.28646056749807 30.815960526595234 58.86454874250118 41.02370618126872 58.28206677388203 51.36332649754638 43.533643821281906 44.82534344784925 39.973108350732296 55.17763629040091 30.187573224921103 60.84687603556209 25.177968101813214 50.40223112954172 13.685890119624041 47.48025523928018 20.483502627158806 35.795956847176754 0.0 22.316411238424223 19.096920797570867 18.701645472517598 20.119378210116928 0.0
65.75557274864664 90.42965393839691 0.0 23.42525975407225 90.52280093582458 0.0 102.45988766883318 48.91483918320484 65.75557274864664 90.42965393839691
24.74904883441107 0.0 38.54650653659333 8.450880198771031 45.95994985108649 11.91615207881415 47.18771236546797 19.78157202460021 60.32488441215496 29.349076048230813 61.29136330851139 50.657895689817565 42.66940308197498 53.64842639620781 30.595812201512103 39.1296198906775 11.9803886648738 41.173865575361916 23.741809736378926 23.802975623777826 0.0 2.023547625062463 24.74904883441107 0.0
14.003269464149355 10.622778253671072 52.14087080840639 15.326561148725006 58.22415843849991 0.0 73.37955575231236 0.4600553686964588 86.71775746485505 7.882174258612665 132.85484736304335 15.82191129629689 112.90094374527021 46.20897151135611 97.51059619091802 71.4213799567732 66.70349036976893 52.8172812046997 49.98947045580559 63.479409750863425 0.0 79.66037553027752 16.696470433861123 35.89947484716616 14.003269464149355 10.622778253671072
211.1504813537884 109.59744439218656 112.77535325965306 174.00238570167016 0.0 170.11312021846987 47.15732078579552 68.60674460492629 66.99239683559824 0.0 151.45259065819067 14.008253146989404 211.1504813537884 109.59744439218656
77.48652253053524 70.65501554932096 117.2435443442278 0.0 123.34625105931771 35.553641384936164 125.9500341347537 58.61492468111044 147.0865994343273 81.34163564774565 124.2626905257542 100.12167223018355 114.89448329602202 119.91807921137593 84.70890188885389 100.27113466553106 70.7743001822248 126.53572376302662 58.463813971648804 107.67687477648218 51.646016058111485 94.11299357978747 0.0 96.86849750378855 13.976087072557846 67.6839195418118 41.737925472640626 55.932403668303635 48.84131777134117 39.98127295380206 73.41981932911455 61.85791933509228 77.48652253053524 70.65501554932096
114.8227927228704 67.24534625597016 93.57551826147161 0.0 138.70608590066155 16.188499165765798 170.32535969142495 30.36980019862815 177.09074403026932 62.571919794944506 222.94048240229424 104.06779838199031 175.80832922242766 131.82632951082326 142.78882862391868 182.85697800509752 103.0242298766857 127.64035468717405 27.894962485795674 139.9533851596243 0.0 74.2593895008427 114.8227927228704 67.24534625597016
151.82871731439545 166.6483057091785 111.31147763721943 158.21307596347214 72.88809179585013 184.34038664656987 24.09769882550728 169.2609740013848 0.0 117.78829502369523 29.96644343964803 69.95187764328242 71.46147815089628 52.65514033338192 111.78393198288252 19.85934660097314 195.82676854081961 0.0 160.19471252185275 93.98577783168582 173.2557186834672 131.27204458896995 151.82871731439545 166.6483057091785
148.8193218041064 59.498847888806466 150.4449681355772 95.91569328737877 141.93575871729138 139.488962168749 94.72092255735637 128.87283807843204 64.10843201573614 141.0624780043571 31.892452168973193 132.39962889708255 11.202363106883638 106.23940937487944 23.811667210958547 72.58029053123616 0.0 41.84208057880517 4.277282613989939 0.0 50.08137061442858 1.8575808749361897 79.73401968354479 3.968512877363807 93.6601259022096 34.27500337122218 87.77662640245093 59.59154789713263 148.8193218041064 59.498847888806466
81.10892350812432 34.135447814462324 108.21653586181688 36.947192424388064 109.22832810437413 56.76572128255404 92.44705019140295 68.16675281719247 94.27825111088758 100.25462981962366 67.04908414409684 88.4081640743899 44.872524212234524 95.98057706755995 43.10746504670357 69.2672458977182 28.988927795457954 61.029478437097964 15.938587768934127 42.821241471419185 0.0 8.083473796109345 54.095815552294155 32.52810161549199 63.47023933672371 39.98121699250677 83.29117260186705 0.0 81.10892350812432 34.135447814462324
64.22238009140257 8.439320504492414 59.34746824640577 28.36357850613244 51.8669127228401 41.36561408459882 40.42172019079982 45.52587986136494 30.15193871688372 46.297723152086434 4.313345896254901 59.3646523413729 19.46679629790019 31.61646287137262 0.0 17.665561098450695 11.701004366848139 2.9096447129358864 29.805680425379222 0.0 45.85781270555793 1.3280235426954903 64.22238009140257 8.439320504492414
38.73753216287342 12.633357442366986 55.10138057925458 1.002374114891694 81.82498638194525 0.0 83.86830444692609 27.33663558921539 55.353395568687745 40.57164580014124 71.39724294962667 60.02572898699452 56.42611884863423 63.949317096144284 41.27913116301089 69.55539732919564 29.78652707763007 59.292006107385575 0.0 56.14316941862883 34.336340031297084 36.42792792005817 30.980600622054567 24.450650438067797 38.73753216287342 12.633357442366986
256.82654944609357 115.97288106321878 203.34378569574113 185.27435404609642 141.50967421022693 240.7692536940059 97.57405354202213 151.11686337956868 0.0 151.14254388290297 81.76521006543143 94.6132629391178 86.46114087936472 44.11667186167777 148.64331633732058 0.0 132.73612000613574 102.45796997944142 256.82654944609357 115.97288106321878
170.1997072596301 13.328693138999803 173.13936083980718 171.68091782359687 0.0 119.79487185513275 66.76923094247337 0.0 170.1997072596301 13.328693138999803
242.81094802722077 202.5346500395307 210.15230664483673 273.6982078693902 134.03503431290346 263.04385029203195 123.58683895369519 170.34602776579098 98.78253125288337 152.06501426777635 0.0 104.07422487946589 142.9836833112302 117.30258858943814 134.99948291852976 64.40974007963216 183.06325201428206 0.0 243.33911976485302 33.12214783480688 342.4101697022625 71.55327319640558 258.07132099679336 150.75588554591894 242.81094802722077 202.5346500395307
0.0 1.800847741974131 93.09769053276305 0.0 159.5693916516073 69.21954530096899 42.412275223152506 130.26931663635492 0.0 1.800847741974131
168.60855604822814 99.83400481707895 153.7234983226374 154.9752013096379 98.93168896026093 145.58412337822716 60.10315765054736 119.53963594735768 67.97599287011354 73.76617066238228 0.0 0.0 86.66531498144064 1.754704474589417 117.60098478197986 59.96834592570059 161.26817033521377 28.49531027136483 214.94240356884083 59.134091524042276 168.60855604822814 99.83400481707895
119.62064423784129 10.243949533003097 161.51912065247174 86.3106761922134 70.04336565723244 102.78431992334308 0.0 0.0 119.62064423784129 10.243949533003097
46.03721008725293 63.725285655509445 31.539233499159465 45.965690703221604 6.4782121597069136 45.23418876084295 0.0 7.50138678839695 37.834894251854735 0.0 76.06225308202306 11.552274343102063 66.35449998149366 48.5406112975617 46.03721008725293 63.725285655509445
175.90746866103257 0.0 189.6552056322134 59.64834256095808 291.7889458808219 49.82645452053799 294.3907257019149 121.36146508106407 232.72443286377137 163.73933093382627 185.8386681112354 177.60536848708514 156.4136201413873 193.62375885434903 124.64722621973115 206.98804661721317 69.68900476275475 233.4210606193293 3.5001642213033506 214.85244821090788 0.0 151.30723425263153 45.86104432558972 102.91321363806182 83.80292292887619 84.27465519406118 72.20741426748069 11.311864952648435 127.4630437477958 46.018525842078404 175.90746866103257 0.0
50.759659771498534 65.35380183318256 0.0 55.94237106736298 42.3910822887795 39.26456701548427 68.14736284056679 0.0 94.09500903420181 38.415555450135464 101.19057976804913 78.79740106871776 63.53750735961131 91.03800658315609 50.759659771498534 65.35380183318256
131.77150884670417 142.44592343787863 46.38191580162703 142.85393081312833 0.0 43.29846036182075 103.00526071936895 0.0 202.9463936206463 54.34366537360995 131.77150884670417 142.44592343787863
109.9086492549996 152.70467028114894 69.16859911824767 110.51617675982293 68.2612978067709 74.02566573307828 0.0 25.251348544203395 63.816188470553385 0.0 104.49799762261122 32.09741512568333 142.18697877355723 29.750143320637278 169.1749920229205 65.93913007899326 150.6206334025065 113.40606779794557 109.9086492549996 152.70467028114894
38.91678646878981 13.579229043227336 80.43949168897835 0.0 126.02020898344296 6.926682243916851 142.94230170464886 52.955196390496106 142.57345820904678 114.66524374344965 79.94661979229336 116.82143207755433 29.147976618067162 104.83450554648533 0.0 55.31104587547433 38.91678646878981 13.579229043227336
97.0093925993218 73.40666137749916 129.49031205616637 0.0 197.57393404617451 76.98662778942824 299.5681022558024 9.52083091509354 284.9151331482335 107.56026533733488 372.7458806472164 193.23899188114783 239.62292013750593 201.9044526372087 196.87515779742515 262.411688998426 158.3226790537222 192.49604911889844 80.40797501587619 196.8624467744012 0.0 126.11441224182327 97.0093925993218 73.40666137749916
125.46382275672678 19.931327617163987 120.94743877181014 64.27375686717053 78.98029471370205 97.70229608578313 0.0 78.64412885259941 31.283392831769277 0.0 86.4651934489909 6.091624476587739 125.46382275672678 19.931327617163987
0.0 30.14631232948122 31.34899130119591 0.0 52.150499470152425 26.02371736089337 33.53411614362743 44.69907832341998 0.0 30.14631232948122
13.937096433872455 130.45626097639365 59.2251114030318 80.68384888356809 0.0 71.0718580773278 27.62640817992076 51.99530078053954 41.90748708826979 35.8000021830473 63.67562684857069 39.49448280697234 76.75767972739669 56.867816494231135 111.68516006337198 0.0 77.39182113033532 73.45273877820752 132.27312483675726 54.054932531034936 116.52801548050564 76.86452868307828 127.90047897370373 100.784240503773 108.58645773183511 112.0990938489106 91.32328984736132 118.48631122385697 73.07220269729851 125.53527694578287 70.29760559257062 86.53421656106606 13.937096433872455 130.45626097639365
192.33889874313363 98.70550037417586 250.7352958256097 77.50880003463602 315.0284852222586 111.08535620095512 383.78048621214117 183.96940500927855 293.2858127856864 240.89578299222447 255.57574715342525 299.5924955726875 180.46270631181739 249.958406475933 139.93422129361136 244.51473895797344 117.1867308203644 209.92730440012176 0.0 196.33473941695485 84.7642730503735 135.29393895078334 23.54970626924802 0.0 153.19523947397602 78.64549331857215 192.33889874313363 98.70550037417586
6.0148692818852965 0.0 108.36524729433866 3.6474160551975103 168.01066084569356 55.81516723283568 198.23403407006273 179.6206961998948 74.66080943706125 153.2052900056144 0.0 104.957882473155 6.0148692818852965 0.0
97.50817012206291 25.987420461193167 127.42623452044451 22.656845312126244 163.92662038452704 34.843924727660884 129.30992760692567 72.0360281958592 135.67723723828482 95.72393714231745 144.24394547121852 151.3661552229662 100.67143086890002 150.62437054877557 68.18908794613009 134.62547550338718 67.63988320016497 92.80054988467694 0.0 95.05308524498892 12.901091735619701 53.46163212318159 74.05755229468487 57.188508961432674 63.577822412551185 0.0 97.50817012206291 25.987420461193167
255.2892629577884 0.0 280.79244332594834 58.1539902239295 323.1708857541657 110.06114409263682 301.00779134883953 170.37430430317136 241.3200472196678 193.33240484259017 238.40212366577026 278.2916191982765 162.04231749795366 175.3894990285828 105.11388878710423 294.88211228799287 89.95667815109002 206.75545578781498 99.24795492955249 156.80575689983016 0.0 138.79048979226778 37.817275831611255 89.25756799616292 71.3862606934498 54.94166322722826 108.12180546537456 29.964715064016872 146.93571488143436 8.717507481772515 182.80163590336798 40.32494300156202 255.2892629577884 0.0
65.24442111329063 242.70087277912745 4.50587092406451 194.54165165100258 32.810147725288175 126.75461658497689 0.0 4.054341028123105 114.75682733145022 0.0 159.748492313387 93.33386043623625 238.15981457101336 108.76561574203154 318.9655630738908 210.7501427959373 204.71548054831572 259.917212816826 128.58425955136568 302.50320201430293 65.24442111329063 242.70087277912745
177.59433774594376 35.62887180690055 237.96162433719658 27.917406497025894 244.69456498129466 75.54299815274743 275.9220932705324 124.75580391160011 197.85875803083675 139.35659883561743 162.16494456296883 134.934771460887 149.97719518563284 150.7883014090496 121.6111870487243 206.29460235700327 81.6764477744811 192.7534050847741 79.34274206797156 143.0463294721211 96.00652935936259 110.88629161844958 0.0 79.14420019099448 46.908560980225545 43.75939467764181 66.29824156806635 0.0 116.74484792439114 12.67096471040962 151.4355686288514 12.9312401398562 177.59433774594376 35.62887180690055
125.25155359216971 90.85091244725189 81.54331727156377 120.57210025585567 40.02271419079527 90.51498656380753 10.410008201431552 87.4383823448664 2.555701180754305 59.27952832300205 0.0 29.35628024426972 22.13497801449182 5.875155064498436 52.70893554045206 4.547297156027554 96.24966076368416 0.0 74.25556198767724 46.814821602066026 125.25155359216971 90.85091244725189
32.19690911723933 43.88515079489082 0.0 57.71628132137492 9.001047592684102 23.323205571076755 16.973742250626856 11.129146908422626 40.10490998825303 0.0 68.20710420930908 27.11618753216888 32.19690911723933 43.88515079489082
0.0 0.0 53.0682510754166 2.8481564564602664 111.2000920444646 5.088305566262903 119.70776364463897 73.23759144252617 72.7701714293406 111.5979003004874 24.734822060401527 87.39090278458735 8.515508262614333 54.31192456343124 0.0 0.0
0.0 53.35510548517706 11.786671600492767 20.0126579047364 27.611439543607773 0.0 57.118298794338514 6.601410249998921 63.883877099654484 39.405563616524645 34.963167840347424 53.03807768726992 0.0 53.35510548517706
48.111073615812984 17.765740153598898 75.57615887980367 43.95430018212893 37.5198352161525 39.53151778375296 0.0 49.480638921647966 7.726335181435218 0.0 48.111073615812984 17.765740153598898
121.43792612907711 11.219818295911807 164.5641895097907 19.8243452022829 135.10966526515625 73.10591867130535 149.12626690595818 96.25343097881635 182.7397162405613 163.2361875859973 120.26614957388557 156.61255813726905 93.25807028466932 105.49982609329777 56.14181289821221 124.04072648819151 0.0 105.31908128299037 76.51071476514107 75.43914715480429 69.32305923838118 50.257289355919795 81.14136128973149 0.0 121.43792612907711 11.219818295911807
153.6213453461759 78.56934104524589 219.25861425338934 109.63693101541715 190.35010844292822 140.4340748777403 152.89187984181157 152.54450567736723 125.98345010059005 177.4642059463486 76.73992359634843 207.9571268996235 53.65247491575957 155.12865598272077 64.14283641021666 107.92949902418215 22.348255802802157 85.32724866649095 0.0 34.76553351917963 41.000888819267914 0.0 91.60907980144182 2.8324223718147863 126.37293176532218 0.9396047335248738 144.3415458643729 39.9919098395285 155.56822598452322 58.74525016153339 153.6213453461759 78.56934104524589
211.7199231932857 20.561065201421727 284.3345472432604 37.17579322584257 247.1191571757912 102.68970079067776 264.70831653146195 223.9775492302961 158.25122734205587 224.74371599091273 95.63784477809334 151.49191950086532 0.0 77.72111906333947 81.65594770708519 0.0 168.11851613226924 35.414298763464195 211.7199231932857 20.561065201421727
84.65505923274137 0.0 164.24071418555394 84.30404215872663 109.17944668217983 151.5043404251178 0.0 106.39398529647751 84.65505923274137 0.0
318.0504438828134 144.93875022207965 246.2984631406756 178.2990902361143 186.61748228790967 181.17774491426536 142.1080442998657 125.37221276678453 104.64970162004398 273.7462298958199 84.05021117016095 186.66603750245247 119.06429375575672 118.62853947396613 64.80408077707605 119.07526068437741 23.866255154802545 81.56731751710639 0.0 9.034399990658073 109.33385206203661 59.74114429419173 132.57003158897413 74.99273677594684 159.83316311604892 0.0 177.87086038453288 48.869276313497714 225.4412436360252 48.85250307071158 233.3608467780522 89.38235001989077 318.0504438828134 144.93875022207965
131.24881053916016 179.86308413350008 58.473212054851246 236.71369913534653 0.0 179.78799805208564 55.42764201927318 112.95748859283232 86.09305918500694 57.90003769991684 154.8657030842299 0.0 237.62578432879178 33.383020550945204 161.77636436537833 143.2764989496772 245.22281541122902 197.60941114768556 154.6333677548888 183.74074587907768 131.24881053916016 179.86308413350008
120.48304621316198 0.0 153.03929197800574 65.22655414270069 131.43631614587906 132.29558262154654 68.17438201349292 147.89014808954175 0.0 130.35286282998794 14.860728863633852 58.235829468345614 62.65052056299301 42.64441774406684 120.48304621316198 0.0
222.31398582882687 0.0 64.31768222823644 98.77294208725527 0.0 203.12378511234587 31.760728636174925 83.29631617252844 45.239808957146614 51.72779949847711 222.31398582882687 0.0
107.12594287868303 0.0 138.59137705943334 39.94224098978972 191.8465565279867 54.521992010496696 219.2529919496592 111.00368301577807 185.35043685232483 161.34685280751074 121.2719092797333 156.66113064120242 84.27006849427354 187.85014418005028 0.0 215.55875661359534 22.135083202122715 125.46809610677305 63.54369214279494 90.44257441032431 21.896021460350354 39.34808067379561 60.223860314051976 6.108453137887679 107.12594287868303 0.0
