70
31.66865059391722 78.25187824545739 0.0 64.32752936258439 1.2108582219030382 31.856734450127142 13.461432166716236 0.0 55.280941777089396 20.10401957797871 71.98260309313862 13.137641072984458 75.06424876799787 38.29162094216867 97.15967427950761 36.544548083869536 126.70543117894013 54.92820904812269 116.28263618728957 80.35906568391789 80.92963771616643 75.71659349120301 69.29567693138534 95.82368503975076 36.0603998346063 119.60998701452854 31.66865059391722 78.25187824545739
24.634530401854448 163.37645847087668 0.0 29.3087234926262 112.64266165024617 0.0 159.87023529890743 11.38348016943015 285.6374942916063 16.688311144071868 268.924476684065 143.22139036533173 141.17129448201212 58.935864598176636 24.634530401854448 163.37645847087668
210.85297761401947 87.74771611855566 54.63769092925818 177.22860524723 0.0 82.7608060564477 57.13897642032058 0.0 210.85297761401947 87.74771611855566
95.55196403386259 0.0 138.17922104115004 66.05201075636612 122.4604491140326 116.736622103439 85.66210909962392 92.433751322897 0.0 130.3606956281952 78.0544855900117 82.51584154254853 95.55196403386259 0.0
147.21644913362536 77.7595869376247 91.69641901601221 139.5646422201558 5.074277139221124 95.17509615877134 0.0 0.0 88.62844285802288 45.899025247320246 116.64801563824793 28.142487349073612 147.21644913362536 77.7595869376247
163.45581660602573 147.86894726440482 99.45613843287923 125.02626655338663 119.24953333039421 52.91133663545915 0.0 35.8007972563192 99.44949689202143 25.932449174095098 119.9330857029902 0.0 158.4027925862488 4.7745678877343565 179.9291371913692 39.25767295852715 246.6238219633982 115.82870396364827 163.45581660602573 147.86894726440482
81.52559562591152 118.23165499594413 58.997385090456845 69.20058311066359 0.0 29.75345085761881 64.5327949111682 1.8113869674834433 101.73638752010636 0.0 136.7191351922226 15.220515377535627 135.0161312318301 50.459761452516695 113.87462429727813 71.33507961293591 81.52559562591152 118.23165499594413
84.9321670642623 251.87155695537388 7.103664295962147 220.93457521955312 50.49956934267789 135.186774920381 0.0 63.5417397623077 94.59287880057798 53.84129759140107 128.33154137807708 24.00203980247184 161.7868211537192 89.02904743646745 258.93527617637375 0.0 256.6020921713673 79.46908289727065 330.08747211387254 133.55437131983274 262.29881538306944 190.65531960786333 208.25087540367846 216.8420340912721 155.7141522954634 234.2028413144266 84.9321670642623 251.87155695537388
33.29769332204677 102.95682071629321 0.0 39.61172874503984 68.43639485716346 15.014054878857038 106.59720295988144 53.27797773921523 200.3350546495331 0.0 138.37133145288806 80.67543256394698 199.21289132742368 169.07367760873402 110.06895997935507 137.04297982227354 69.8371349798202 134.49770891115742 33.29769332204677 102.95682071629321
40.299281524384455 55.614706537406015 12.292534263264287 54.36613118433869 0.0 0.0 70.00316261011425 11.164911141889114 40.299281524384455 55.614706537406015
33.25001491085064 17.388517989587072 126.3985560049011 0.0 271.5540922940467 7.1658076824326145 217.35804159997176 140.22718699150073 117.46121146826786 202.42929517803805 0.0 132.80156771868053 33.25001491085064 17.388517989587072
278.3009611792045 239.94784726565 217.77285719605717 252.11505959431761 174.49498361956967 250.98263240247041 129.3367240776805 270.8164294125711 85.1230974395463 243.88970905539128 56.97611512374296 203.07293248286388 48.65524533129046 154.26183597922798 0.0 68.69778037256064 154.4505827279217 151.6549972474281 142.58942152516383 0.0 212.1518694305038 23.77991896950806 266.8296301483846 58.74910821565547 256.0627789379508 130.3457009102138 285.1731284186236 178.11689976187284 278.3009611792045 239.94784726565
195.2238274487924 0.0 214.7860297010925 104.45433721745276 238.68445090307995 92.14926169978422 335.5276273007528 79.70690646978676 374.1158213649427 139.80356548114713 306.7590729276303 179.84560686314768 271.9460457425035 221.99037671588022 216.15869908435286 188.3092929010991 143.16228062126552 303.16652499287056 121.10958192732943 208.29987575676134 43.66351291794862 181.1241430986348 0.0 103.33252280660038 204.33497192993627 116.95390049196232 140.2370643400145 13.808805644137024 195.2238274487924 0.0
110.90410078963296 62.9352973960567 109.60610362210096 72.75446640942833 124.17965945151346 87.3330104917939 141.49734308251482 122.66275457498023 113.6972866090921 128.80150269998566 89.85298536316816 115.6038505615405 67.606899979638 130.23473388256562 52.733321359534926 111.69855627055856 43.48356322727446 94.44499609549166 0.0 78.31285217029226 54.38525583352629 61.018336056259784 87.221525392795 72.91931338171429 54.49097310338411 0.0 86.41698681934918 19.276351873646604 113.48417661452226 4.965028920989937 156.66175215974943 1.7431972444421149 110.90410078963296 62.9352973960567
47.875563950569926 200.57469606484005 0.0 143.38882211018617 64.15945148435804 106.76854653211477 86.2627011795277 0.0 146.9674087906383 76.09329433048285 209.8230435768372 150.88470311202235 115.3605046294154 185.51972850558064 47.875563950569926 200.57469606484005
200.90744148401456 150.75798734213257 107.95954416355535 128.3954830681437 0.0 109.99315407553502 21.419047218203502 2.7866785270535317 118.45456801072194 7.714414074274522 173.80441599692904 0.0 248.5485998390323 62.04790227152043 200.90744148401456 150.75798734213257
16.102836474435264 18.898881755773537 89.90431955822396 44.15844772688091 89.32352821666451 12.754084040117128 108.87345361566213 11.009379197198548 139.8661097399327 0.0 190.17427225581594 5.268590413115476 169.0582384686184 52.78334141374256 187.77910761347812 94.09700889100046 178.2137764882167 148.22860376011366 124.35764247561404 142.2875262600841 91.51308613956168 106.10792981000205 66.9038195502888 102.02674475313395 100.35461816231667 56.69337159628745 0.0 58.83928920080952 16.102836474435264 18.898881755773537
35.64653259476353 104.0231077405435 8.88765095201515 83.22960662565735 0.0 54.78895992102511 17.304626364230558 32.97293046986081 28.954125015221805 20.84723512149482 44.06028666184963 17.606232312291198 69.59999873913827 0.0 61.02825714753665 34.845541959616426 119.46200194104128 46.43288442940033 97.56159071805297 80.26607822395651 70.42054907835788 98.44427430784062 35.64653259476353 104.0231077405435
213.13290382234277 84.97402277518735 161.90292099350978 108.87746085266596 135.22088078307112 116.85388708527441 122.73291226203173 155.56608472126356 88.84612718819535 166.21397303704452 104.85083151103362 77.42563767007425 3.1124013058687297 141.97794809195102 17.83304102949853 89.34721679152847 0.0 48.32756637531796 53.46920584677662 35.85427617945199 65.38089052667229 0.0 101.805807428359 13.656125612386099 126.5449659369985 23.239951194176577 170.90024622148502 11.618713078632211 211.81039016789936 37.72443657921178 213.13290382234277 84.97402277518735
17.539211976376635 185.68226566347965 0.0 85.62765187864598 74.61782100421271 0.0 189.29654335846277 78.3831378831804 111.45822868763719 168.52878454449814 17.539211976376635 185.68226566347965
175.01441929249478 194.72410070909874 104.07890189909635 264.2366859285373 0.0 181.95428940613593 92.96218943121531 101.19358651466146 184.8229302198855 0.0 311.16214821563545 115.36649425093759 175.01441929249478 194.72410070909874
0.0 78.75568015498007 29.387501193559217 0.0 105.89549587884424 9.349845511174976 80.90655112355367 75.03918617388445 0.0 78.75568015498007
70.62375665185425 44.11233792636797 49.57146408256094 42.96599871354205 39.91060576862415 74.43644294215136 26.978320980517253 47.50224884993759 0.0 52.10444071379612 19.16359631422543 26.12018915215117 4.519673519595642 11.757283790590023 17.073126022603418 1.0215583628615832 32.59922327141621 1.3138260420861911 38.20144012397736 23.596648719439088 58.1279669719393 0.0 93.35042576775174 0.3309725872349958 80.351227700138 27.041513492053298 70.62375665185425 44.11233792636797
68.74376370361595 74.09064031157948 0.0 69.94999531602241 15.706723249351796 40.53791693935619 57.33536896117991 35.83756426887039 63.40606859086266 12.331303826383476 87.15966295385343 25.739972701221646 109.7473150454019 0.0 118.09341992854608 28.859193969612498 151.18773638960263 30.05859456096845 178.8334996734717 54.614918325563245 179.39926710404671 91.06956082616048 134.27184030398382 100.43446745285041 116.81166438690752 115.54512025476635 92.07286864992415 90.96388898098567 75.32865423857932 109.1928639090201 15.326245739897814 150.9081676522269 68.74376370361595 74.09064031157948
136.61350447062745 126.58459973458758 133.48719400898938 172.70966189286787 97.2767485505549 190.01195304665174 67.72516747309507 142.0859769859777 72.18340843996488 97.65816060920596 0.0 133.222875686151 12.155831295508165 95.2707771021955 6.306891836430907 64.12904319829076 7.296006231411269 26.043188221303964 34.76345411294156 0.0 74.5975671295016 20.93068386791027 103.35283354929629 12.303216085572515 135.20194793860304 17.28731537172152 106.84512355744714 69.76304681984301 106.37169926421072 81.07774630274835 202.10570497715435 118.62968224307133 136.61350447062745 126.58459973458758
0.0 74.50770747163324 9.799702942008622 0.0 88.43681217773012 10.30037043940429 88.32816037076958 75.51471188944848 49.53062502502482 62.26418117819519 0.0 74.50770747163324
121.09702916705257 51.39619229934743 128.5198051063499 70.1189673128283 156.47721228441168 101.31486322468649 121.74224785609857 115.30285284529566 96.11817529985728 113.85837502050515 78.70064420976533 106.30928374618313 69.01077282565551 93.55632064225689 21.531085442055826 97.39665299006674 0.32791061157655577 63.1094363913943 0.0 15.669319322304418 45.98828315860743 0.0 86.21421462970902 41.71781864541546 109.44066109843185 33.287361146301436 121.09702916705257 51.39619229934743
118.36025066944856 0.0 192.3037643472562 79.17363237242509 86.6749981148323 116.90119952356147 0.0 70.67944320772182 86.86317839630058 41.496423730282295 118.36025066944856 0.0
212.45834145001118 107.79466497711373 229.8163709921623 228.18882648955199 106.54809527786071 208.4590001098791 51.133657680084966 157.7301044158111 0.0 117.33672121207191 7.043718459833997 49.82996764839999 64.7430204196605 10.965431715076534 129.0470300893162 0.0 152.3270794046493 62.68586797492193 212.45834145001118 107.79466497711373
52.311541136395704 60.196212703335966 0.0 21.37209957950683 50.92121225857525 13.026923081110233 73.21906783301424 0.0 98.75283709286524 0.9503376964920918 123.71565222795891 9.366906319223524 129.86263844643838 34.07899778390851 149.9104747032024 51.37153693822845 145.10980141924148 77.9062859007457 125.78295900431192 94.59571899038869 102.89935186218348 95.91492835947079 81.1001660265276 129.58193685824148 58.985254796069796 103.72919923442984 33.206652913097514 90.59424574390891 52.311541136395704 60.196212703335966
61.91391768893413 35.455126347738556 59.8378441655105 15.242556722743544 76.71240308825517 0.0 85.66851546106813 17.65386044473675 82.57073535004525 33.696444251364355 104.45001999952049 51.881364789536775 87.78265266314546 66.09054672164626 69.39853016934026 73.34958413429936 46.036629443161736 87.19297504667404 27.348832995970795 67.95673028227515 0.0 47.62874220228373 37.85277380724711 27.35347523194521 61.91391768893413 35.455126347738556
0.0 131.19986012087207 67.77244699691195 0.0 226.53319125621647 63.63510383517363 130.45682607318412 197.00903719550104 0.0 131.19986012087207
21.7013157372904 48.688362279505554 0.0 42.54313227399446 14.791025512013434 25.686943260259298 27.05275283329607 19.5277601717395 32.01178492437987 13.008782927995938 37.99027702398179 6.094424934299582 46.88852956884773 12.119861442600524 61.81078183247618 0.0 62.584416979255735 15.880737455954659 89.16389980452254 17.160894224280042 79.87146359298944 34.20898422564508 69.76654733427573 43.39283049906325 60.73135552929912 50.01437699933274 57.91234187378235 74.5240102487112 41.854616631833025 60.76744367242303 43.266551058685664 32.62775465567978 21.7013157372904 48.688362279505554
136.18886867220778 151.22618861316897 30.652162379195154 148.6941784214995 0.0 0.0 169.43203250606837 26.3422151298806 136.18886867220778 151.22618861316897
253.30008406173351 159.41587476805142 395.1973124093991 195.02261993017999 272.715435226415 254.16661746862653 257.0431490635734 360.33134986037845 170.19771294930345 301.6569707709803 46.335978238617486 320.8599337455686 0.0 215.32345364922173 85.21713743500601 135.58013306643738 141.01623991668436 65.69189018579115 252.60954074753522 0.0 253.30008406173351 159.41587476805142
110.9609209544361 42.4329679852443 127.84445154204104 60.80464615504298 128.28376058033848 88.24709205615699 105.33646894238964 107.73497445622502 80.51214212368482 117.91432084329512 53.498534187877695 112.21354087745439 0.0 115.43559976165528 28.899662167704577 66.69017841079548 31.338246548134038 41.099207392451326 38.91399943290841 6.268685423532794 75.22978471189518 0.0 102.34698072650635 16.87377443795979 110.9609209544361 42.4329679852443
99.98988343558491 27.805399153299163 80.96761727222741 68.3626892601978 61.438156806625 89.70598375746151 36.195481892932506 86.22112839273761 1.3033730511652024 93.59806134040291 0.0 60.77933855132915 12.85852793097385 38.35880245485323 25.397777890940063 0.0 62.83736245924412 7.3905802205830184 99.98988343558491 27.805399153299163
0.0 64.09197503107754 113.77288350866567 30.85494061510891 146.73937225638105 21.11668001522677 213.5948971219334 0.0 222.10199904917062 64.65538743564619 252.40937975109645 169.95139372833765 147.27113040812546 128.0385944375343 85.2785775323581 123.36065380580519 0.0 64.09197503107754
21.779282709389918 35.48453914533147 12.792550567752684 28.836231138917086 0.0 22.57993646658798 7.360987281809244 9.79007628193483 9.107512644404139 0.0 23.368356861563214 3.7869993295454236 27.965432773968857 0.33186415046503726 27.82997824837635 12.271332035131053 37.158011770604304 6.177797429092436 48.40185510916747 10.322454437423644 45.591572822030045 19.534875893716205 34.62846007996663 20.136831413320223 31.652186541694945 28.204549248566877 21.779282709389918 35.48453914533147
209.69028803865785 4.371338272028829 234.22562958505344 58.02192677565871 198.13898438379854 105.03358977548999 193.10222231122572 165.92106381728405 141.0325325798094 208.2053514160636 83.18510554534151 171.49365963572046 17.737216367622608 166.4429921934746 27.1774836205187 95.57785173286541 0.0 48.876638408617936 44.25999121661894 14.056530535887752 84.17964527547983 3.0769167210582324 117.40234262948438 0.5514632905608039 152.40381443405758 0.0 209.69028803865785 4.371338272028829
0.0 47.592167300191306 12.843214275861186 0.0 45.46112815779085 6.780870036391292 72.69645216665609 23.954928575585697 43.43496910638039 39.73550794633644 0.0 47.592167300191306
96.31948675353217 64.26729550723819 39.07216541218904 109.96792892592497 12.851299339828955 86.95311524685384 9.331313398194396 53.91991432573673 0.0 9.21691409479147 64.80996937019549 23.526006178250604 81.67229220305853 7.072662071257575 103.51332537566503 11.738772464866798 132.18484312823176 0.0 140.8659957215321 28.1322065914147 126.68006078344948 55.73567261777211 160.5957032351169 72.10513987451426 199.23232684232005 121.41777711160357 117.93306248199312 90.53351177065241 116.79023958114004 133.17370490823606 88.49295818377718 147.08908527731933 96.31948675353217 64.26729550723819
204.7937355214758 244.71621644531035 75.14225727840511 175.74827073879567 0.0 0.0 179.9235751455133 38.10795999595415 260.8468231663753 106.91699009490495 204.7937355214758 244.71621644531035
117.73212315330271 51.64412068660967 159.49149839823536 0.0 202.03026675427282 48.28020121310635 272.2960814067085 125.18079017236595 188.99123090552308 186.95999431290744 118.11474916284689 143.47066634167282 0.0 163.35913701322124 58.88213852790187 63.070935608386506 117.73212315330271 51.64412068660967
16.322744858555893 50.64645822049974 22.176796757759135 37.02507183538715 0.0 27.60977001102239 2.214363294929612 8.525579187839767 25.43149134686533 16.100144269473972 37.62277683677047 0.0 46.26143921524573 15.9489666032229 75.89621473108602 18.46061191777588 31.735838481017893 33.96226309462642 32.80417714008162 35.28179759257341 41.82638476598359 63.628985538943994 26.53354179927271 58.86899406014095 16.322744858555893 50.64645822049974
0.0 94.89817983966795 22.6732878991796 56.65928118754806 79.87698888975194 56.06963815690179 53.62306251940336 0.0 85.96825555974574 1.944921151218665 111.86931911575309 12.466896634854983 137.4488521304831 17.07745540933587 146.44847926772775 41.91687077860749 208.49385718651197 59.7251018796954 182.47652752862766 98.09972412120861 139.3498413742635 107.73120626524617 140.40575571239816 169.8899713817192 96.66613208643429 144.2571039127485 86.62214132959062 89.92545473847963 44.015410512962525 113.51083572863668 0.0 94.89817983966795
111.32114184978106 130.1762073451079 73.24713889078133 105.04149651321295 56.59677813339239 122.24453950471765 38.13058494891469 112.14716895683321 0.0 100.50598135632836 17.20503923357937 68.74718853184056 29.523629139541832 41.169591249363435 53.04207070429504 12.326382356972829 94.62585415317294 0.0 118.75818040439846 36.74288445226805 131.14242664546458 70.59349053011373 125.24700995059972 101.58191437346304 111.32114184978106 130.1762073451079
0.0 106.9276311341253 30.42637476043683 62.49784538490402 44.490317677759975 0.0 105.64432479732606 35.23253788179653 138.74371379796958 42.928197145045914 196.07912953177487 49.44962926769334 151.08108869063722 101.93657426371854 184.68662543256568 148.01369371465438 135.0458306372496 155.7086940652065 105.79677476176232 180.6472768175023 69.49287561832992 170.4843226090091 11.041273696294184 162.6387874047337 0.0 106.9276311341253
19.12588007733588 3.061679675024209 36.21867443076795 0.0 51.6180805699627 8.801232257866687 32.390754180413154 31.583826835374893 67.9497498621405 42.72266951787225 47.23993479063513 48.790522178094776 35.970633854105856 59.88645206980384 22.01187197963111 54.2504275520824 6.303543294696695 47.82590895160014 24.773018540539056 31.40534329191584 0.0 10.693727324712185 19.12588007733588 3.061679675024209
190.37862022163148 161.74297153152696 75.40189501437104 167.8438278179553 0.0 24.27565001016535 203.32801456587322 0.0 190.37862022163148 161.74297153152696
140.6079186659057 43.37082304699432 179.0483563755366 76.1898199353663 182.5395943724329 134.62866637479613 114.6459016678543 134.9317789298829 87.19486651749683 137.9424588966363 23.583659964360194 166.664882725014 0.0 111.63423404944294 8.28072046428791 55.45389048434777 36.53752723898251 0.0 100.48673388266705 23.033201529286245 140.6079186659057 43.37082304699432
8.02696879694004 68.62334812018617 0.0 51.71772781758148 1.9749276281369816 33.94037752393603 1.4632135129177612 7.774243650899173 25.564567304063985 0.0 46.8283125333333 11.610079716435102 73.63407501366076 17.473280881392036 66.59147952747752 44.49388278098879 64.27702174838406 66.45514443642847 38.520952797317435 61.99666876939265 25.871239867833452 73.23068153486193 8.02696879694004 68.62334812018617
104.05914088474418 99.94629000650357 79.95563374214042 103.39486168273035 63.148718980641945 90.7297887602713 54.12653402898617 78.73729333226785 16.800563133410172 76.79020648783873 0.47583639967955094 45.438587335487306 0.0 0.0 50.27901720593056 2.1078227987812 78.34618043924306 12.45629513488226 80.36863066098195 50.27226798722101 110.84138470247487 39.07732050799407 127.4781344310617 57.92900004580387 134.78188194353234 90.09184204754186 104.05914088474418 99.94629000650357
72.34279609953491 135.71024184937826 48.62702569173153 109.5323481630503 28.578013413249572 91.64648097121267 14.870364743567066 64.1305719427211 0.0 23.172644324531618 41.84766093395076 8.058656602864708 72.5686092256303 3.685452513433674 85.69692485197811 50.20599248918217 150.89299590991212 0.0 121.24364457263118 52.329213697665104 144.42646810763128 78.59468984392598 138.25608627843843 111.96755580539383 98.09263033659843 106.72159012804661 72.34279609953491 135.71024184937826
121.06074512949179 0.0 176.8890561717242 11.926462417066773 143.26923110785552 54.788732636984946 119.5496290773708 94.79187844187456 61.20402252749007 84.70058204205884 0.0 24.16375775867411 93.01871973303184 8.325196584231563 121.06074512949179 0.0
151.76613535919083 147.3378336759298 113.5167326057141 211.79648415869053 47.30113775624968 201.80797003536924 13.609232625881688 147.2833732770501 67.58855174686542 79.87238321557066 0.0 45.201422967704545 40.2688139774237 18.86755983085461 86.02522151796248 35.38263741345857 108.25119355492255 0.0 148.83330505979512 1.9766721664085907 151.64389322282153 44.829211614830015 217.69490779665438 71.36674587862191 189.07539751897374 120.64119218736899 151.76613535919083 147.3378336759298
127.35903366768618 42.76593127623556 168.12306536726953 75.57527649021995 144.3684102211975 114.85465446643107 92.64247004926366 109.04521124880546 66.99755606941842 154.82004284618915 54.771333082913856 98.19723557623301 22.557268092217313 96.0805631969271 0.0 65.92876807631546 11.488194102129633 29.637433764412783 51.41843453254704 26.34117663024331 76.60667379036049 0.0 92.76505358089956 38.66503257072631 127.35903366768618 42.76593127623556
80.79595278643512 22.004820461889224 132.06242706060078 0.0 180.8693826937477 32.453924334473854 239.2109329425192 71.03499575741573 134.73908132674865 110.95467690045119 185.19034915694027 185.81454193805638 127.0606310937775 188.90661547470398 91.32148492107223 155.555002178187 68.87927743309334 134.6594759386212 0.0 100.50466255625805 75.70101802405313 76.26671847438065 80.79595278643512 22.004820461889224
149.5720473077219 10.857129955166315 192.45394390219076 80.80553585418468 198.07170677220586 176.35194687429606 99.24654395914001 183.12464654015167 31.47871967350659 157.72634614631687 0.0 102.13964404108535 22.953019202388475 41.82466404623212 76.96637942005879 0.0 149.5720473077219 10.857129955166315
40.521086535888344 143.6366480795158 0.0 72.65948085644874 112.0249241053925 121.6967909625024 117.64007868314789 50.58899606547865 182.47177949439805 0.0 219.8508072579575 65.91957149354724 213.69538635115902 127.21236499110098 250.6094917264823 181.5576910559971 226.01321563857834 240.08859095412154 158.8545801902057 234.46159243329677 122.22716677441898 180.23368346275063 63.14322569001112 236.35916097038773 37.9408494867088 189.27117795053863 40.521086535888344 143.6366480795158
140.6699541511727 67.33982267660853 85.91136073507649 122.16866511638553 0.0 108.3600187701205 30.714294020465474 35.21773206490013 92.52174300623624 0.0 140.6699541511727 67.33982267660853
81.01887079971675 0.0 112.43081766067309 65.55547201814213 88.28953879729093 111.38597760360315 29.303365809898814 107.17300508477871 0.0 32.99439004960969 81.01887079971675 0.0
3.5546243043433208 0.0 74.3254373663911 17.174474789580792 98.52072005749378 28.732401634946633 193.79549841881598 66.98544409930872 94.74325419522765 80.06209459735334 57.47855588839424 100.15215801896835 0.0 75.83333657371998 3.5546243043433208 0.0
38.22887267619778 75.72291037874497 10.942183385976904 74.46439095977048 7.8960100584148165 46.85233477499986 0.0 27.679322253420267 0.13171395210036962 0.5164170920322846 29.084392939297643 0.11493549070782194 47.05529818312495 6.49167884260163 76.55043356893128 0.0 76.50381953512134 27.911833998824406 67.20812653309858 46.54916716268518 50.982812905393146 52.53638676076754 38.22887267619778 75.72291037874497
15.385385411959987 29.806601514396434 35.74550011745566 5.8806744664383785 59.40815687382441 9.960438932523928 89.0218048356923 0.0 86.19045810185543 29.778966148608873 90.8760463903705 62.40069275101267 58.71536704111264 76.49581577010393 0.0 87.28802830788392 15.385385411959987 29.806601514396434
81.79175629138336 11.43360375419445 83.83569486104719 52.740916106844935 54.0041796793047 71.7914086125386 13.210108707828113 64.13061743308377 0.0 16.666502061499287 43.74945446130543 0.0 81.79175629138336 11.43360375419445
124.93119306356363 198.5488810161915 38.7297854472112 230.81604568393976 24.06352729101286 139.71191179941172 0.0 59.38176051652495 78.96904869017546 0.0 150.04319870212845 48.688154274718485 281.505622003425 81.7414288957852 169.77810175867347 163.8498999694928 124.93119306356363 198.5488810161915
0.0 41.466296924313525 39.541033434549064 0.0 89.74433036368217 2.6961622068573945 63.64186790956849 52.50123656764009 0.0 41.466296924313525
54.82767763523901 30.772033402546704 57.99034522863528 11.14854623298583 61.278523146721525 28.1117353128192 96.3802529372974 0.0 88.33139533535268 25.526034745778013 90.2709004233821 37.92843292650884 78.24218914758633 46.707650802284384 77.54756290734616 59.19994816748255 76.00661006460014 88.13752069121406 55.644203351499584 85.04762013919569 45.142185827223685 64.55930390728776 25.914530975111745 66.1830321591057 50.84171797001467 39.69846652253491 0.0 35.18910792635909 54.12567378734471 35.93637157646864 29.35641170509078 6.9872806975226 54.82767763523901 30.772033402546704
121.94472680211348 86.60880894773274 102.28725054996607 108.5761237823673 34.62745755192324 119.57332926288178 0.0 29.134461304923093 89.61774018885842 0.0 181.90274581663124 18.946796996497625 121.94472680211348 86.60880894773274
