70
294.5040710932224 35.870959845440666 140.600301218421 113.42668445393602 193.1377047153057 186.21135654246282 133.00403019065124 222.8968050894054 32.91975973035022 230.09964606040788 0.0 126.94105818598116 26.03604881274964 37.696721507778975 106.38147681934424 0.0 181.87106876175213 15.309967580651488 294.5040710932224 35.870959845440666
45.82697633436289 0.0 52.92739121733475 13.7800920000374 59.87153771878588 22.015064991887996 55.23528661432109 31.62671194861801 56.57583559309379 47.049530654447494 41.62310078070055 37.272862041179536 31.92315287388795 42.06634814723995 34.51741083729865 29.568823385225187 0.0 23.17747342617983 26.23517578805386 15.596388663281488 31.35036417811323 2.3289442335560295 45.82697633436289 0.0
185.93500255768112 0.0 228.44037915907174 83.01483149884253 186.2801592414208 192.45410386624616 0.0 83.26269653765237 185.93500255768112 0.0
60.27983460793699 29.94766087611798 79.95739506330582 42.722983733043705 56.35433435032351 47.09769214258863 58.17296672548693 66.24091474365444 42.80558221052202 66.77499685385864 35.77460001343049 44.957304699386796 25.986165421476258 49.183445867454694 0.0 51.88099856654024 31.12427755635565 34.441184008473115 19.350935256092356 25.255541704504367 8.32126228843049 0.08178694990819224 27.69809775230202 0.6822295273977232 42.16978988727135 0.0 52.69445272542333 9.701617100753083 50.1813970808731 26.0607038750085 60.27983460793699 29.94766087611798
184.1675495067687 217.18566767224453 126.18023991524733 202.2829550544312 119.89704127402737 141.8033992979772 61.17446151954016 132.04322662785424 0.0 60.86827032508294 60.24610872094382 0.0 141.2824702483053 37.69005936425121 194.297615765605 29.43233636810713 257.33791760890074 56.43560675992007 285.2693344240114 126.36728961337772 275.9248233344009 211.82184652894486 184.1675495067687 217.18566767224453
203.27928966071897 86.0606056400188 223.30456611920906 124.66698277158922 154.81616611207352 123.82992341528815 149.0530781277433 150.36435317038746 131.06761727482916 198.67424900572001 114.0240393279357 115.14999991956776 78.13892929337658 146.05460673306504 0.0 160.91755147875642 40.71893114506196 105.32841682114216 30.9114166366964 69.63664685939584 81.09549175167803 65.32490722737701 74.0156483015628 15.611289048504815 113.581116353596 45.67833791089287 147.38937832718548 0.0 190.69755875297594 9.480797298222257 169.96583193312262 68.6307764221832 203.27928966071897 86.0606056400188
40.584762519259215 120.09468187065866 0.0 16.658894272598225 79.93329397468298 0.0 141.1203919475241 66.59849021632354 40.584762519259215 120.09468187065866
75.23960512271827 49.45927872245829 33.94203342061324 59.146410500883235 6.754962893796858 38.574060740082544 0.0 8.187954722487547 29.336279671250892 1.1782498562497778 44.37509306704385 0.0 88.1243476457762 5.10274107838373 75.23960512271827 49.45927872245829
10.125581835821208 52.17889868441658 0.0 37.23496504917402 4.769053255872237 20.330179979141477 11.05877374910581 2.840886100871657 30.952653365756106 2.9376656211563272 48.09545912212337 0.0 41.923508174181876 26.875729207789064 68.0607936418979 25.916731767145322 57.23842610446498 39.82571372509581 45.414826650589106 44.1732486669879 39.45266250166047 58.28180471986079 22.836029570551702 65.55619307400674 10.125581835821208 52.17889868441658
120.83340680779328 172.05086781830119 86.02789415413004 185.44160287199793 43.900300405888785 184.42092566930512 55.16342863203829 130.6243317203298 0.0 109.29817481855503 85.15363575887721 89.56541417849881 50.13656950956674 43.46362510708879 61.6323156025818 0.0 109.54003925864556 43.228702554992566 133.72198547955293 36.899749221257444 150.84665648083774 55.822777230624105 236.4234341039941 35.99547455983785 141.28816285423056 97.00327916189518 130.1924761749214 104.03059380649104 215.86347664682398 184.25335087818473 127.88139385289873 124.40358706406333 120.83340680779328 172.05086781830119
32.11303099941122 14.45968598413097 88.48430448681974 0.0 118.39631920036024 61.51599250477815 183.16296485418007 43.79612303607897 164.48853181798768 101.34635625955293 240.90340057873908 156.01047973122786 163.55696535574344 179.18932082835138 119.15280513488996 185.75214925549443 81.70984828900028 194.5104970258446 29.749613409362354 200.9818969126552 15.933973103296736 152.509279442676 45.117182183294126 112.48645679724092 0.0 57.803665487363666 32.11303099941122 14.45968598413097
112.55060492751043 61.65320527760408 89.66448792147149 77.92423012574389 68.31456175069778 79.01585275288988 55.79308022371275 112.06294661153734 45.478481667875045 74.48684496996236 28.094525839420854 75.45109058275841 4.873583893053286 63.00832452724017 0.0 37.49117773754913 46.67684470767324 47.05519113002827 51.78815138168268 44.360052478305555 66.95293663107019 0.0 82.50700542830582 23.365918720806995 105.48794596529386 35.57455176484077 112.55060492751043 61.65320527760408
188.46705664830662 0.0 224.49905699340812 26.621091360403355 290.55888771958723 11.202718282502332 367.7916270099794 38.90685875031538 248.51338002833148 111.21318650935356 314.43653995311485 170.24678209544663 270.93346472197544 209.07261053000792 208.6660993246892 181.5115923263416 181.98898187308117 160.40580491419684 166.024301862529 146.23188844963704 99.52645719325517 167.75518528653913 0.0 134.59949563165884 87.82837605790746 79.25004861451005 104.81321046179272 39.14012604222452 152.55860340058865 31.39431422174148 188.46705664830662 0.0
91.4519048181134 0.0 114.20278245276171 16.802844452996155 102.5127099551511 56.625573885374976 43.5951595073656 74.19072413423159 0.0 16.389887207590505 73.3003616452692 1.3972273783018636 91.4519048181134 0.0
207.72460299445146 102.11584271442378 174.43773052728713 167.72791342750043 113.21397940270334 206.95093459721977 0.0 169.2772557264832 56.76928005961564 63.72427606822596 156.62523371892536 0.0 207.72460299445146 102.11584271442378
61.33889293300541 94.64406046839838 86.42642904912796 35.00110716064624 146.09887952393404 9.151214877974581 197.54655277904254 133.83182888324347 275.71630818285655 0.0 197.12036617304244 140.14829884394896 307.733625136376 124.64561260715956 346.391838680184 187.5206012611285 300.0365155815109 236.52370292470368 250.63776126758233 272.9627168029281 184.13974446218975 332.9049173952071 118.62461617979234 275.9799706513776 81.90826920873126 219.66215134775345 0.0 169.71488843092465 61.33889293300541 94.64406046839838
268.1910738022525 104.94002027787003 273.4742167002396 177.29557272059162 185.66557860328066 189.4524556555497 171.5329478322136 262.7094989385652 103.67519596339045 270.2057326549579 90.7011860933117 191.5605078504353 0.0 164.96677365745055 52.490187403607294 105.85384930778929 87.93754590878072 57.606215885795294 149.00544622899952 27.189905479000018 254.4711050949469 0.0 268.1910738022525 104.94002027787003
66.97071687116586 10.605344202089235 88.68235654794445 20.305506530473572 122.38385041090878 32.65193541174107 97.9136675479882 61.0377356874178 97.90055623244855 84.27418456934424 82.32811577674646 101.36711947234636 58.52183450469268 110.65834581001442 45.45359326160302 80.79905922736086 25.942560635146606 79.24606350526517 0.0 63.966789011791185 49.02431923393189 53.466905088415025 13.860767069876722 9.160882954104487 42.34524073779815 0.0 66.97071687116586 10.605344202089235
39.108941626798206 9.19577544998581 77.02517070144245 0.0 104.22145897063947 26.7074105745232 86.46579561848245 59.98704623109145 119.74483361917635 115.91490671649524 62.58459836518846 92.46148102120455 38.107074549490555 87.39738757933958 15.096041346438135 67.9260166914028 0.0 26.546345702849443 39.108941626798206 9.19577544998581
51.44737185524065 30.970292877061624 24.76389950727797 43.4647273348226 5.528266083047924 47.231623541260035 0.0 27.91694022602826 3.6048883169499533 0.0 27.759006507483377 13.401402655616465 51.44737185524065 30.970292877061624
74.93952042742438 0.0 109.06857610763839 58.19183632316091 216.46301348148242 60.304547036692085 135.29613721962602 103.2711583456886 75.39427282628867 120.33319741667785 0.0 61.67728325011669 74.93952042742438 0.0
138.9287552454527 22.287885018443703 191.33808359562994 45.22594789321862 264.02530567165104 82.48436890061663 237.37623988030452 156.33455721015622 225.02516931225432 240.95528590047246 134.46198373994315 198.32099644500326 126.91963084054483 122.01844825368457 0.0 197.40677158824715 73.07837689798458 120.14655517024636 68.83465462687911 83.46623012840084 68.76660634856265 0.0 138.9287552454527 22.287885018443703
53.2238044506552 30.982932284316533 62.23279240885565 37.23854352643332 70.5475592648971 47.21997629715368 81.99353496521908 66.50967681129269 56.00585259427067 66.7948066793513 49.71509108220959 80.03115727825211 34.926006464051476 80.83602298159185 28.508889866787733 66.65616075948225 11.515865539883116 65.53897617497158 5.974133481275707 52.01662220922347 0.0 32.64843757092065 19.532045106449054 26.037628577462357 25.898575097626725 0.0 44.284449541409465 26.061048465357658 53.2238044506552 30.982932284316533
174.7348799944104 0.0 271.85454639696417 125.41203728828884 172.30045186511578 217.5497120932066 51.836181032861475 212.69366515814949 0.0 48.088679075498604 174.7348799944104 0.0
0.0 32.24295878958597 13.692627948410674 0.0 47.49105744203669 5.893948554118907 53.47990663431952 38.59608879082805 25.73669942581556 50.82372706539972 0.0 32.24295878958597
112.88551622960279 83.49473450791888 95.41013768617283 120.90506164067935 48.17802700559601 142.82107283175756 2.59373209530699 110.86256348869497 0.0 57.71235718281694 31.18135673427136 26.621710789202616 64.570642895395 4.512600198491967 116.75828907366862 0.0 180.91677322749794 34.92632443938236 112.88551622960279 83.49473450791888
6.638087519235256 6.548412792209696 46.84978385121757 0.0 63.6766084407356 25.03043919937341 90.86394583246721 51.55179803668198 52.736175055705125 54.52338456963914 25.299361945407092 77.41288878005241 0.0 48.0102986232696 6.638087519235256 6.548412792209696
238.38900665929924 11.981423167658988 232.90397235593463 86.73185949819512 213.1404983319846 129.25080468481116 167.7839065906873 138.40603490562864 174.67891852440215 161.85887875790277 168.56737362660974 213.34445439949377 134.3960215228995 194.93606924174864 83.25155277911063 213.9883803026519 93.74223124381925 157.5360794989182 46.6045304953856 131.81068355470762 0.0 62.370846499127595 34.23865654523581 0.0 127.21078935943132 51.69303120926941 161.8365253428756 59.23824135540019 238.38900665929924 11.981423167658988
52.580643392475466 0.0 89.68223537371786 1.6042599047460442 115.62633786832242 23.892577063754942 218.60003163112302 11.34471295769248 240.57165882242595 89.72753935384857 148.51711399318762 122.06844811678461 121.50317817272915 160.17664952885747 76.04486635738644 209.6852077885767 17.985412630147742 184.6662982506815 38.468687314063914 99.72686149056402 34.80574191309006 80.37501752499723 0.0 48.34329818453648 8.63910587809552 2.8184662560203435 52.580643392475466 0.0
0.0 25.574336073340405 28.096664083189523 2.57110645599532 47.519489623135144 0.0 52.67530389792813 21.627442323330925 34.45144570708909 31.17594728200676 0.0 25.574336073340405
94.96447296307278 56.62261408796253 61.34551076942762 73.8471202171738 0.0 41.06902615274434 47.82160207260506 0.0 95.4037297173987 36.05036093213997 118.4301951295836 13.072119138875024 122.10607532714455 40.5424424705227 224.5105405027296 104.1315155688938 130.90099048473922 118.18695350758748 94.96447296307278 56.62261408796253
2.0879042965345604 86.38383591077864 0.0 0.5951226352398251 122.26356160344463 0.0 72.63314379965497 112.94365710559393 2.0879042965345604 86.38383591077864
123.73958446275296 18.36031204497752 111.70428403514626 69.46523546452977 90.94219085736532 106.30867409160419 51.98268644962896 103.15350244162227 33.05502841501891 84.34511556567287 19.29036520850042 68.67599244095044 0.0 33.96821165792881 37.096639201221564 23.36475200696779 74.78473608325203 0.0 123.73958446275296 18.36031204497752
205.79197840930317 107.22401760250227 240.4199700332785 149.272753129089 219.66831336857575 188.14708770514218 171.9130931186172 193.02088687273127 138.14709882947733 217.74903941272484 96.16761262207098 216.82191010077267 80.98581707122011 166.6439156492689 114.94607314050603 117.79987626979742 0.0 116.1734281838735 7.056487472147893 64.2483574234673 54.54179139569058 39.61702798095213 107.83911341484585 58.78105208556798 130.10727939929305 79.2238995530594 171.48559466163812 1.892560094385999 233.17634443019523 0.0 241.15998337459078 58.62284509377717 205.79197840930317 107.22401760250227
193.91575851163645 182.36880190095997 161.41365347898608 227.43986581793095 76.71030926943098 271.22609599748546 118.96282112924781 145.6267780047179 0.0 116.41417197024826 15.675294760197673 19.76615762194517 116.98410285888978 26.65658712598021 203.15198166852855 0.0 281.726632090188 55.40100814131658 221.390153641574 144.7470653622927 193.91575851163645 182.36880190095997
225.0555278222128 63.26356722310726 183.1959928864298 133.9227008130379 334.76403163466057 203.06103660517357 218.3260204026969 225.91012937730187 154.7363424202959 203.02139793756476 95.59175845770096 281.15368695834593 4.396677850547121 265.17462476524685 90.1202311049698 154.9293122751451 0.0 96.38972947069371 123.99211088586355 124.90629434904577 106.61521696924115 0.0 168.8955669433276 50.70077779873603 225.0555278222128 63.26356722310726
182.15298567980057 79.32452009188715 181.0554754165707 125.13876353607967 175.5477549804342 178.65330804247054 117.32822559587711 166.20160332368857 93.82136472177295 134.48151555666084 20.457941251886737 164.28140118060884 0.0 106.10248389222266 27.61550152414516 53.715610876998255 80.26645352084651 44.06428206927623 122.51318087309807 0.0 169.25026592889506 31.116074973086782 182.15298567980057 79.32452009188715
28.347245609049615 14.803404657664245 66.36157008232333 2.596225607157642 111.19287740589813 0.0 171.04790961757487 35.42154353682379 125.13448421416798 92.48103391371409 81.35105978951358 164.86686590746217 22.381437001953593 108.47637163037295 0.0 55.01907848266114 28.347245609049615 14.803404657664245
20.945821242844715 27.880034157878924 0.0 15.206024107825172 26.591232880585082 0.0 62.941379450858676 28.463272272957994 20.945821242844715 27.880034157878924
54.646051133304596 104.37700529696271 31.011683624543835 107.649522323808 45.14559525083328 84.07384666151788 0.0 69.16052477033435 24.520575814531576 51.019105604440554 23.74063030939429 18.398461587600515 55.91151874165476 29.267025537721707 77.22982933948396 0.0 100.90504888164979 15.089694147189924 84.84256393591012 64.06296489868684 110.21194362919987 63.99452989874514 144.00210075728756 83.73869747981367 165.1292492887593 128.26668557214816 98.0778343054373 111.96706759914254 86.82155984684097 134.3235080634796 68.01552040665935 93.96506521155779 54.646051133304596 104.37700529696271
66.41480415929969 33.627706802781844 74.21483699496392 58.881995906700666 50.81094088168868 54.61226708175812 36.105179666365416 53.47007402925894 7.390579105116814 65.3327284791707 0.0 41.90440052477602 6.316326396698628 21.526559508235508 10.377178627957534 2.9642854828709915 38.09597378271822 15.277911753766375 43.218486610379784 13.405293696197731 56.63163870660705 0.0 59.22201720568846 14.098684499190355 71.10185749436133 21.578804679150963 66.41480415929969 33.627706802781844
90.56921118694729 19.371454030114023 123.21594037251411 40.415930887080066 81.55378136582819 49.85740002430478 68.68806223276425 56.70273708217201 45.123054862663054 73.11252318664373 0.0 66.58259948949865 15.700329558816605 25.546475773568005 30.198049279857216 0.0 63.48072776772557 29.212034360595325 73.71024495210355 13.787553759139286 90.56921118694729 19.371454030114023
67.37113314321083 16.145036529446642 95.85526997171137 6.389147476310754 125.70792221767134 2.0624834320508683 157.7082161686938 0.0 153.62446047523417 45.291911181291056 170.74250332423014 57.33209189712426 237.29760713134334 87.44500965442006 199.58687040308496 117.70291376033217 139.8101918550816 96.64547538584276 135.33739949363775 140.30115809883674 95.91849842353257 178.8319719501586 53.62794392722286 157.35910188449887 0.0 133.26134461595439 44.939011592394706 74.17661384408169 87.94315310479185 58.37760377000723 67.37113314321083 16.145036529446642
263.16539054108205 156.20305225764747 163.83202535461078 167.13098129366261 0.0 186.5536324556129 124.82675885063423 73.3596011809991 249.72050707192804 0.0 263.16539054108205 156.20305225764747
101.8885770430233 180.4219831827958 52.173530922202985 177.81412306071948 67.29162540486931 128.97723137781884 0.0 71.65957729294865 89.8494637430058 76.47871085726132 97.90942963069574 0.0 143.94727283353 64.40328347794426 208.55322042574488 30.164460712090914 281.1299227986625 57.235677689637456 253.4206613589449 128.46436837344555 218.38472262799215 173.43004986740667 178.71019305322415 203.99513534479544 132.3767511411843 166.82367813568717 101.8885770430233 180.4219831827958
54.94097026350778 62.7840984427155 39.79247506060997 69.95750686096139 34.49913826048666 54.44072887503478 0.0 57.35273688617674 28.139040594515052 35.08922031437777 26.19229581370317 23.631309546292144 36.07063040071422 16.76781921317874 39.30938935142018 0.0 53.88637570438581 13.25077104553327 60.600839359985656 19.578280719249477 82.34326240587822 5.466400255511147 87.92037668382304 19.605811150925447 76.7610046064583 33.994027531518384 92.8669822234981 49.48243849071821 81.18260537312443 59.6575089006182 64.04283713247517 55.69731592713177 54.94097026350778 62.7840984427155
29.51068505145834 0.0 39.80962341039188 27.067074450316348 63.198970646544936 25.01988546292008 80.6328850518214 45.58431299460411 59.51176003735789 62.63440061058338 35.96043261832045 53.50648699688147 23.135014676995937 78.28898564481634 19.57601789615515 52.34327153056936 0.0 45.98554631791631 25.4237235977846 38.50253567633907 21.334879370218047 26.42310999045032 29.51068505145834 0.0
179.88376144038665 83.86430998814281 274.37305217180034 55.11579066833978 273.84383189422823 98.66047429252663 277.12892626005475 146.51308709643013 244.41547847507417 185.35166790676894 185.63499376341412 148.82294287839073 158.1013548543358 164.76570480425622 114.49902555848033 172.06968216893844 107.2809456199758 128.5147104096013 0.0 110.7513593404458 125.76596956992628 76.02818091675468 69.56468459794252 0.0 151.3182051192487 45.527191032558115 170.73696845115677 12.790179526830357 178.74021400120594 75.16612202674804 179.88376144038665 83.86430998814281
119.11231833176382 212.19074769631652 87.44498618817649 186.65614372170307 37.7020453778799 153.01500970773097 31.161544769471618 97.37946663913291 0.0 0.0 124.38565556429596 45.84324803569858 165.00730876550068 59.50520457437172 193.57516492492223 66.72668977038526 226.15746621767732 70.7312413649636 345.767990288966 35.995042717759716 348.7691480010818 109.47127233302214 281.82378675488076 162.25154576806557 276.96497166311946 213.25818051489654 224.85079149348036 217.42791693207516 191.54519779629445 248.55710749069357 146.57215614510653 249.30284078443003 119.11231833176382 212.19074769631652
7.81561449120521 26.170132197993837 26.406382353162734 2.756638385414817 52.961753048754055 0.0 85.76529648896084 7.475561698730047 108.91769381730447 45.34314157014512 47.33636616941563 33.97501800276544 41.83713425907805 62.57570216661492 0.0 64.95142367293309 7.81561449120521 26.170132197993837
9.879223330316222 143.8721267781981 79.56569984991984 87.96500600039796 0.0 36.004898169306216 60.43665324662163 23.750801164943063 98.32479824910786 15.538569101835591 138.710122006522 0.0 172.65271163201504 24.01793138368948 133.81325448613913 79.7778787793652 159.3089896923118 94.95503032847502 188.2795857381666 148.20453647574777 144.982648304621 167.3283955704556 110.19717580329538 97.32762712881178 61.803887204114204 165.3049514415502 9.879223330316222 143.8721267781981
72.38099032226145 77.77515598053193 2.168467476137266 76.65695060195182 0.0 16.299262765147404 36.778581545916495 26.39740416996915 125.98328652963104 0.0 72.38099032226145 77.77515598053193
98.37459751646787 145.17101644218474 49.59979654166176 147.80177919406862 57.64897463298627 91.32463050051604 0.0 54.72853086841525 44.20399661414973 15.275180641659531 87.03489248683094 0.0 117.99275566646565 30.01023404931908 162.8054791216169 28.279232667952705 177.02789299265655 68.02302782817274 155.26850027236895 102.6244745391553 127.32961020004785 116.03956563763518 98.37459751646787 145.17101644218474
38.47191401912188 34.79080482109053 28.791221026227234 50.37332639497444 20.38986548797456 30.94528087747011 0.0 30.1525470626854 2.3125235316452404 11.65937979976944 15.655100768059683 0.0 29.362333878459154 8.914096277989032 35.078205632152134 16.06038417589673 57.95768713280391 24.785683822417496 38.47191401912188 34.79080482109053
0.0 79.11544095530293 22.826038607451984 20.60946463920576 75.06017995185353 44.86644443241293 186.1176563484588 0.0 144.13376412661358 96.6298849352174 105.25615841430196 159.96501850941408 40.447310252666796 119.53998948305579 0.0 79.11544095530293
43.678690010495956 197.83460781467355 30.13338113311127 134.95399546238906 0.0 68.54139334937591 71.23006364983539 34.9326182210212 136.21643271942332 71.03069771008725 167.95804586228718 0.0 219.38505694280155 22.815140698493977 263.8291516485058 59.38098437990317 268.90088619672764 120.16396218895449 313.192490787854 209.86336309964005 195.02058303814158 190.51970460581398 162.32967054109824 306.6771691525969 114.66733129875732 191.026693966948 43.678690010495956 197.83460781467355
60.3549371100527 0.0 110.44106935154403 85.14664505799686 133.19330120651085 26.42500740558348 151.69625985222308 47.37836423379871 168.33000867360363 68.78730027645355 204.87480222277173 103.42266675602595 200.46941547137692 151.2258047407032 154.29065716491377 168.55391291405155 111.2614459030132 101.14092373544847 94.14944628656943 126.2631569423516 37.29997612241053 155.10808427381892 0.0 120.53587361090169 32.1051373258999 75.57696413119362 17.891537455656902 23.03230891230878 60.3549371100527 0.0
93.1511711252656 99.17545982635977 58.70503866247911 81.41949369139084 48.14048578696652 78.63414165638542 42.66889713179127 69.25403592463039 0.0 98.93022842059517 15.638837512117078 67.56948268289432 13.734899338990346 53.31927847552439 19.76056555951206 40.51765386973428 19.234046177925592 17.55960858896964 36.22019242487784 0.0 55.5821922579463 22.02676932860144 63.58960848347135 36.7747103074749 101.21057376937435 29.260711566936116 91.73717192430428 54.07772380976375 89.76113140409561 72.37417834210794 93.1511711252656 99.17545982635977
71.23618093517044 47.87005179262006 84.58454998376139 66.86717292731937 61.278481135943494 67.86664060307609 48.28084682795469 64.31098137212675 41.07252449732894 63.24326470114832 25.540580015310226 76.6704915640957 19.35119624255468 63.76902980689023 14.750143761022514 52.68007737136871 0.0 36.40954497644418 9.639687891885558 19.843213339611538 19.54731224153369 0.0 41.79735160780817 25.74042417015397 58.314221569231506 5.925623579767191 66.38571796695109 23.324760706302897 93.36311986257593 26.33065067325768 71.23618093517044 47.87005179262006
152.65342505596684 136.93589157713228 113.61021572327589 148.32098648919526 13.418665737198566 210.30114814525194 0.0 110.11587862772508 26.087489767802253 40.790461554694566 95.11430284956897 39.62783733872093 146.0415048273758 0.0 174.50393656378458 56.719710441523276 243.62313421131722 111.11053372669036 152.65342505596684 136.93589157713228
69.16185752303892 15.792441346242882 101.91320469704658 55.68508738707584 75.22379482349805 98.99739213281974 33.51628778918038 80.0859164396976 1.2164383819963405 76.00361680570738 0.0 38.79799997782433 23.453192752360664 0.0 69.16185752303892 15.792441346242882
2.9389918696287154 7.816395509749398 21.5126926809659 0.0 36.275914602455686 2.384991730979692 45.82975253898955 0.0926852351709897 47.33975049107394 15.395628399030599 70.29058849672728 4.886709792269244 69.84311306103397 19.22811470784299 55.611689979405725 25.863459134711817 60.17497379953528 39.641979780844366 54.823806038828664 58.63901864725065 37.325074891219344 66.49140142357697 33.03850490803586 37.47504034821614 16.219614740762182 38.54724075138596 0.0 26.039904475989843 2.9389918696287154 7.816395509749398
81.2982102868291 194.6836151110926 57.41858796992953 147.9363157417726 0.0 117.73023893174899 97.16707569066037 77.81248453776296 44.30846806654719 15.039536244463847 91.64722810677145 0.0 135.87686197369706 35.994021251321 165.0548873340824 15.07614069089982 190.76901137154618 33.22337957221957 216.6495280475305 55.34045818429772 237.75667107500792 88.82630504527438 198.26347258226247 114.17368860353575 221.82186413866154 178.6395321953002 168.3392271359097 171.92085536573097 131.34679951748268 186.30575036453257 81.2982102868291 194.6836151110926
251.3487211252085 79.70778655314285 242.75768375019476 151.44483229018616 188.57027800902824 190.22032626960674 139.71881513789742 177.5142439475895 108.34326405876075 205.81906832953914 31.434215292042694 225.5997603877178 0.0 161.10489651887133 5.970099594753918 84.1049572344303 39.93495960311611 0.0 124.72595904881904 16.424402693947485 210.02130084474004 7.220347637260517 251.3487211252085 79.70778655314285
216.7438553971962 81.49615556755695 134.98457724363007 124.99111080387848 90.66729180074205 117.76764608256732 29.611649793308914 187.49039610850025 0.0 114.85729776328265 18.27712783256112 58.97136487452579 36.75262461665889 0.0 93.25527509195669 17.119415385540634 142.83187288304538 29.17605119110479 216.7438553971962 81.49615556755695
104.71284307103544 0.0 153.7800148176937 147.51933301672008 0.0 110.18740053983967 5.820216721663883 4.944543099525966 104.71284307103544 0.0
0.0 83.2923356122505 33.57653111463628 0.0 114.6987879030036 22.564254651619002 199.41171524209494 26.839210954864917 217.40445431250697 127.44687258095736 117.66714904245507 134.06073547438484 59.64256964574811 135.308404345219 0.0 83.2923356122505
187.1671331285902 62.69444498372364 175.15067863184893 121.7702237303558 238.99025375710647 213.47290625848316 140.71241813026 197.31497703911472 126.82789954010855 132.33141020239094 0.0 129.4511225126346 61.33267747619891 57.45896908020477 128.88174553291168 0.0 187.1671331285902 62.69444498372364
9.673146178137529 99.34774562430154 0.0 43.511003961737984 36.287294474879786 0.8542279217949726 92.99063551635459 12.121264904948752 117.78492690855165 24.104975235768933 164.19125553999135 0.0 204.58714022037034 28.572369715498027 131.83026042026586 64.55385407738065 166.20242075034562 107.90679271057736 135.73524897862936 134.6265423783825 95.17304057388844 145.37537965253858 56.84732069685248 126.10748217498572 9.673146178137529 99.34774562430154
14.450170162767279 77.07927115557119 23.33746919583581 0.0 89.05441781377091 35.82033833667424 128.6088058962174 59.75299500691198 211.63347987306872 91.51199166216912 183.13042546850886 164.60304653257623 117.50419076105372 187.0897158889677 67.4896303199765 192.1137256956415 9.330708552003145 183.38562673889686 0.0 122.49169218314574 14.450170162767279 77.07927115557119
