70
0.0 58.97522383902263 11.00138194101882 40.83085084738039 14.782078975489355 30.069933996469288 17.31233077496387 17.998435388455846 29.116368338725337 14.311550336945913 40.13004277440787 0.0 56.42353314009664 3.225823953257958 53.82662684591722 26.056408112584847 69.93105734190706 29.653876377786105 75.36139789927816 43.481486836277156 63.379134849542496 54.02597290635829 45.97356817164814 49.657313463643334 41.136422026243835 55.13800128819932 32.85960914620378 59.59429816643413 22.0067925361152 58.9397903767978 0.0 58.97522383902263
310.8274620171656 13.316602052110625 346.61063642274394 133.4330892237963 280.8639222741589 225.47378910032313 158.02256401607838 280.93871760970757 0.0 203.79820058039581 164.88358239346042 86.54933714636805 198.0119756744141 0.0 310.8274620171656 13.316602052110625
0.0 0.0 100.8804746765841 17.516983255610995 165.97707898271108 42.63873831362086 150.85598267203784 115.2324153879031 83.33880986111768 148.9732395380638 8.370030998480132 110.76615516040039 0.0 0.0
357.4596748016102 148.49072968060784 373.0115639702238 262.06115221247217 262.970337778825 295.93592345818047 203.95697030582193 221.20070313733845 181.83082108619743 216.28274741391286 0.0 184.70887305204852 151.03947935889335 139.69747478191985 192.5117386815267 0.0 231.86694990063282 161.74040198881767 357.4596748016102 148.49072968060784
81.47814251292831 0.0 212.2881975865857 67.21173056566877 87.7915684938429 137.2083489406679 0.0 77.1827821660448 81.47814251292831 0.0
67.39011101371943 64.39277123803615 52.804599184137146 78.16417021463656 26.602118726341132 77.94927292295276 0.0 58.143484647844296 23.44822154366608 31.96071224231526 36.14811754908081 15.737177269857135 54.93411746606324 1.4150758917007806 81.72180742492016 0.0 96.15067391123083 23.889852929498453 105.92070311869476 47.4141998791358 88.72018489961542 65.52985490875207 67.39011101371943 64.39277123803615
0.0 39.77604241732592 7.2830494391239 23.547826721920977 17.23477893154036 0.0 35.36228884509967 23.217178512206537 42.91170299231595 31.32822955687461 52.937423088743344 45.62142183480689 38.009638267872575 52.66519975601302 27.31754911143203 45.69596860183683 16.373911810733333 50.02753209641164 0.0 39.77604241732592
106.02382837462426 0.0 221.73067223899454 8.194238883572083 266.8498078514498 119.53298834845293 204.53810774862706 198.38756238315818 122.34256268279015 226.10802782341557 0.0 207.84461419294712 38.16332967519875 81.25232227047374 106.02382837462426 0.0
165.6814257043542 0.0 235.122307455677 15.138655575534088 204.28428284699328 71.92025235195561 198.17480834267764 121.83555394126904 139.18884016802633 116.62023471108137 111.33020980056948 70.21715287756781 67.45281988752393 150.65088472881376 53.481895355895404 103.86637521691023 9.787346942614079 74.94322373457148 0.0 22.126298777650618 80.19408256495092 29.973670667064 98.73291615793089 14.724441516875537 121.94090768465692 16.330662450055883 165.6814257043542 0.0
71.54794283598696 18.528878945964337 66.22752139181688 35.5298763728708 83.02236038145901 46.92159470946683 77.50083420696026 62.81083362180465 60.774729529733165 65.7781711972642 47.8047237363852 62.503087007713546 37.558262130806014 61.96314150717535 28.690277420970787 57.3762598596318 10.414691823877149 51.603950280809116 0.0 34.12984116315906 18.84610703381233 21.993856642706746 27.291660340607308 6.384236822867109 44.569007458415 12.744251608503362 62.55836413491296 0.0 71.54794283598696 18.528878945964337
238.05069201732078 264.4013910508205 121.69541443862485 276.54438316125356 0.0 197.38655810612525 34.620665404068006 62.86883283362975 180.76462227341813 104.12540740532212 251.05894595499169 0.0 408.69570686057733 53.91402942842903 393.7668286169905 231.03760994515395 238.05069201732078 264.4013910508205
25.036012688311253 0.0 54.91046956328368 27.099405629274365 81.47703369005427 16.78309364440124 126.36279268051575 19.93806955739965 165.02619588637313 58.930130915165144 129.46004079091497 97.82052726603322 108.79742789629572 134.6123433710656 53.7786988908723 67.79069377423357 43.115906020044115 93.01199487817311 2.2292128147229278 114.6220650410803 0.0 78.19375885212773 3.9382437255935656 52.341912796372306 23.86777425566448 39.00591931902559 25.036012688311253 0.0
53.113763780409045 127.23630893287402 45.37961075882367 105.3809692792251 0.0 75.53688191382132 30.68205795546602 47.012453469804655 57.591613657118295 29.29616515727856 88.96973432572837 17.60591295432549 129.5475837623357 0.0 176.5108746760044 14.879948929863431 164.4360244508121 70.68651406442858 209.99978944732845 109.87588730327158 129.46163130124472 114.00181522938038 131.0513161966478 154.6583231591245 99.04302980531256 142.54838476130192 78.51535404445201 131.62808559345007 53.113763780409045 127.23630893287402
92.11320540814475 94.70160953745825 154.20640484234724 104.57172695988905 178.5964545723494 57.71590001615358 243.08879221321519 0.0 272.2772981441131 73.31586905017078 292.115658840665 117.69405776509879 347.8255053730253 166.01764941292203 270.66371773625843 201.47648173687003 200.25557578877567 176.32840513996308 203.11693637152194 205.16207669152797 178.033859167429 284.92160830646344 140.90351636611797 250.16274527219394 0.0 301.1164857862768 18.916096945104016 198.33411204619017 18.926671456767792 127.63279498562827 92.11320540814475 94.70160953745825
83.46887763222696 27.34372104898212 95.3866253050521 43.639158378019985 92.66819530326939 65.08331995641664 68.28331836260115 63.93192289062263 52.28360584962746 65.36330702318382 43.70209611685826 52.18884829390909 0.0 55.394605981465716 18.8324894542408 27.7881245307117 17.57036342541727 0.7166059752402845 54.0464253235705 22.304737405160083 62.371396527958936 16.219540356129656 90.23402318557586 0.0 83.46887763222696 27.34372104898212
43.03479736151235 33.60240759502589 77.96996891463868 58.94653863267575 36.12946225215099 63.12040062998812 1.891632199509175 63.29575523768177 0.0 25.92674556940613 30.047818555165364 0.0 43.03479736151235 33.60240759502589
55.63518952980753 71.40168639150579 10.017038618977693 74.36078666305457 0.0 20.23201660523805 48.442305086492624 0.0 80.33027427808676 24.519378200418124 96.0158940054762 49.772029619244556 79.19246912923086 72.42379898292603 55.63518952980753 71.40168639150579
214.3882182024948 148.05376930467745 123.03277743451542 197.23853184215034 63.77771251907848 134.96674751104433 0.0 85.59759587174342 46.506010249101166 7.7579925975613975 129.4052091725836 0.0 255.8118337693012 29.00153927095525 214.3882182024948 148.05376930467745
228.29854802969336 51.4035812147185 214.91635721192773 122.91769365939695 251.10721890252864 156.26092357780232 290.62076322970887 233.96619987921662 223.23339444191416 262.69035597832107 159.3971394755706 218.15578314982596 132.8287989844178 202.30193110145953 52.250868667806785 238.42159368998438 0.0 185.89511962979373 70.59815223966778 128.54952788107698 86.59408098226807 90.6045456002802 102.07397066917594 5.614225224393749 175.47688548184118 0.0 228.29854802969336 51.4035812147185
145.77113286484678 92.16244477477743 133.95647669616483 109.00819893650795 119.54278825925769 123.44928074121502 97.99858223905092 115.28255466407875 87.2496777660254 98.64730010280213 71.23880318761405 99.54333185183354 0.0 114.78167504280442 98.78736280078402 71.72990557147857 61.941444397122524 56.504529780890536 75.4247169480521 48.10614767504718 70.534493597871 0.0 100.11306689854585 3.9009223749100386 101.576598699789 65.14343096378484 131.9689020401305 39.851127098706925 126.34632593449105 61.061576372209004 157.543262846572 72.1236699387864 145.77113286484678 92.16244477477743
215.19954287764796 93.46021790587075 129.70141677227485 92.11688123705237 105.27624159350802 78.53865741262939 99.84050463677958 148.68869403297322 51.983866509945926 165.97785391304694 18.733582084833216 132.49815684657028 0.0 89.31502099484861 43.4931817613265 54.4161514124138 49.9065868315314 26.04519762958619 71.84248558138046 7.611884154577453 101.82424308742061 0.0 128.6359703049688 10.934935523194532 168.42349852028292 16.420483152528227 183.01375268587205 50.57347910095221 215.19954287764796 93.46021790587075
269.4953626073809 42.95840334576154 377.8755218925113 0.0 227.3501500734048 120.20420541461162 285.91869443959 128.67263898797887 330.70814034657195 183.77422476167072 300.0824792416761 219.52116323203757 231.94239699692397 147.49900736391436 200.66889529006733 293.39949182085275 142.43882316092345 256.86132784029826 88.14674027215315 223.00502727834726 81.49971698082874 158.79461431789377 0.0 93.99959071340633 113.84666230265032 56.91798076260697 164.6486467853802 42.78453088509366 205.26309490861024 50.38284334342512 239.3636752905099 8.717000441841463 269.4953626073809 42.95840334576154
40.334088290953304 84.77892947433267 35.74179902244663 55.856439820978544 0.0 51.03333256843441 3.34602711468753 19.90499186919832 30.78659036147036 0.0 51.73390726919034 31.150490073435243 85.36205021075344 29.981410576384242 86.05907609961005 59.57375673854411 64.55237715733358 76.95817651127618 40.334088290953304 84.77892947433267
109.08461486929706 28.20727125425612 101.90782749061295 74.24797927336249 59.82952308180485 85.25659291480517 28.269048559493186 85.39517439134752 1.4623489991463998 66.73767279068579 0.0 35.535700104371365 8.270382341037305 0.0 43.66474741429553 15.544092074165185 65.93780289063865 15.093652749951595 109.08461486929706 28.20727125425612
67.34727690822865 66.3378157109914 33.49150807133837 37.23435342131522 29.248840358930963 36.98024376890551 16.541658974404527 50.59426141880459 1.768266130918093 47.94042461953185 0.0 33.45280543355122 22.490750134153018 25.991460944818172 2.089224614998244 7.033310214444612 19.938462017067636 10.005240718518507 27.85638793652886 0.0 39.090041136835694 0.9645597467842606 44.32669404303775 11.849337169721068 65.09214771736492 12.330953252683315 65.67053594961249 27.355187008494 42.41924225705489 32.808406671986006 67.34727690822865 66.3378157109914
108.48489699202806 171.44544282854815 80.02440763696085 142.53462915390043 17.718873624234092 142.14339620607961 0.0 93.81913652745611 28.49064253147455 46.17232935725576 62.81534880963331 18.88986667889438 109.31968116553456 54.89827299927005 144.18278872244855 4.308461064827966 212.94055675014027 0.0 251.59597300387742 50.06077278732692 207.93653094848645 107.47504242157338 142.7102848538202 109.92066743377465 166.80132624469735 200.84634249020672 108.48489699202806 171.44544282854815
32.0505401300225 0.0 30.516498071605923 28.46486189373988 65.62478991379675 33.21587680463965 43.421150862256226 46.31399043067336 27.572871392842345 51.21065629977171 21.72848821370262 36.0558053125589 0.0 26.229938164697614 12.25514528503632 6.778236290201818 32.0505401300225 0.0
65.08913409796581 66.51143836366074 34.036967964239096 62.71293915185286 0.0 37.60092079766596 28.869029979199752 0.0 71.64245306534056 1.4118132155732113 103.41999337154644 38.50509762847698 65.08913409796581 66.51143836366074
180.44581761605008 111.99722206981613 165.2086788636558 161.11467112841595 98.54307016958992 234.21975695023673 39.98464752863589 168.0132590208089 0.0 100.56404353349785 69.32206179116017 46.45607477747461 118.73940108991548 42.71647771913282 141.63421915238578 0.0 188.11284154797906 3.3895504420457883 284.86063416907507 5.103647191519585 230.98985542805966 88.4524773319657 180.44581761605008 111.99722206981613
44.9274053423724 26.974870507312623 106.38250332291184 0.0 184.53866046832144 10.637379498120751 230.7491740963307 88.410367571779 204.72324573430478 193.30847525364783 105.93620705951578 188.70625682104964 106.57081336723648 87.11366026325005 0.0 89.37397508656626 44.9274053423724 26.974870507312623
26.71693409003005 32.413002330716665 6.893595901627364 34.771672159295036 0.0 25.71134818260775 0.7855204933228634 18.971964342182275 4.7966325613190435 0.3190614389833826 40.09709475290197 0.0 26.71693409003005 32.413002330716665
119.51325218223903 174.63197697208759 0.0 121.72254198094888 33.743777814882186 0.0 219.04415292462178 18.947299722357116 119.51325218223903 174.63197697208759
83.106534547633 141.53425325917567 21.132708665408757 182.54560001925788 21.856715697724468 113.9391033942095 0.0 60.424182148671576 55.551838772549914 47.4015170786007 104.28592230339407 0.0 131.85831692240038 58.91883989806952 255.79756554825718 116.00315777240694 99.85260856641686 117.03237665975037 83.106534547633 141.53425325917567
196.65561311465308 40.55358368494663 220.64993342022976 88.69041880248635 216.76957241786167 147.3865007193272 172.15888926749597 179.7607524854589 121.5986630878981 180.73519642920368 90.85221124088541 136.85710594331866 78.04341566110594 117.0486379488368 0.0 117.55532056672224 16.03358154741349 68.10263020348793 10.853944769258021 6.596063361511895 84.894661140296 34.69160745010966 113.59060311433902 24.46481478044251 168.34581583511175 0.0 196.65561311465308 40.55358368494663
83.4071061304661 140.7489772695905 23.43397975129605 117.65524340892192 0.0 68.86416746394916 23.968363297016026 0.0 76.39503496992478 44.62289117950864 162.10513419253883 82.44737897139326 83.4071061304661 140.7489772695905
54.78670026724362 66.52814589954141 41.74521971826023 79.87742866207941 26.570911370506096 71.79983997262562 0.0 67.86801207628014 48.081704061884906 42.585441332117234 20.513231138975343 30.448908773246153 16.28302968302144 5.98750531739428 36.798347563391744 2.723103757239379 55.4058879459875 0.0 71.19140151503697 10.174643446953787 83.45447665614937 23.79903934445357 68.988518664856 41.43733415704684 74.43312670170486 53.44387595891035 73.36411383729474 70.08972063149952 54.78670026724362 66.52814589954141
90.70817958272879 10.997907201304002 142.50029122630337 0.0 171.22269943799785 41.27832399081888 184.02228478652972 89.73619276634213 128.52800495310655 110.67067712848531 99.22474924089308 105.39053970470269 81.50273013266772 167.18698450427462 32.015051652106365 167.64309677889412 51.18864144493483 101.87883090687343 0.0 78.11104647957049 67.403740257845 70.03726882718018 64.76200713849926 39.14740861779121 90.70817958272879 10.997907201304002
274.6781345425219 12.337891023502031 202.46665003173115 79.67051874084365 192.38465806067387 120.86287721211467 171.53770393342936 203.22501343478427 102.95039067592049 179.10239303660063 37.891087754501115 149.3039279057873 33.42145728389892 79.35960037634328 0.0 2.7376162676888924 134.25877302380272 67.72413453933557 134.68202854753486 0.0 175.6286100443099 7.290439373923526 274.6781345425219 12.337891023502031
110.64005752265447 97.7850537321461 0.0 74.27086993513696 80.43781853494386 38.279050048739066 140.39744677658499 81.6547886041054 154.91965280780357 14.776871989785633 225.0758325602158 0.0 236.25942097568182 64.06306214171408 243.9905605964123 123.58312797936223 220.47147828838865 190.56506063521488 149.17373388370532 219.2477947427176 135.45946170973946 90.5575953426418 110.64005752265447 97.7850537321461
86.60093128410105 24.869770150879667 199.8491561286393 57.24506283662776 83.3054565079973 88.76605900811595 43.540521209631805 80.51328635991604 0.0 0.0 86.60093128410105 24.869770150879667
319.44913044623604 139.54011499206075 243.84720253903197 236.01373830038796 130.27643826643748 202.46407116576063 0.0 153.5865888175199 61.87958133119463 21.164811163398767 176.98485662422863 0.0 253.95911080645206 47.899292589478996 319.44913044623604 139.54011499206075
30.31315121141735 9.661012022313088 42.01513804592048 6.3411675178378175 59.590597275620084 0.0 68.42062692690315 15.197207649923456 79.10183128844587 31.63206698097416 69.7408475490838 49.85228837211143 56.78777895062741 69.02901876287311 35.950705066852805 53.28456178928421 16.34718317969282 53.41247954066807 0.0 35.94600807013951 11.952005793008354 14.966585666682832 30.31315121141735 9.661012022313088
59.07354714316082 0.0 84.00603582268737 30.666819961978945 131.81903978811602 35.27439324561368 100.85548214086313 76.11140366611043 64.65704185211524 77.72740973641817 75.5003803725982 110.32222413771755 52.652460694437266 129.33041419481356 27.300017580391852 118.27485786165234 3.663031164766295 100.85152599140422 0.0 70.60545704378421 51.311511443034775 69.11127246023682 42.615071738621054 46.74156477624179 59.07354714316082 0.0
264.8540134414407 140.99877150459352 184.7118296972613 188.05561851920604 93.6151615599079 220.02553767258766 0.0 152.47476250010172 40.756404123655045 55.65719152692028 102.59410900057625 18.565359306054717 173.8798960104195 0.0 248.937022648535 43.632182264516466 264.8540134414407 140.99877150459352
66.8361297172719 214.19996220466135 0.0 103.46585412549607 105.4669818378256 12.327341683468774 247.32511945911924 0.0 317.4806062972683 124.0992028496022 263.5262718600229 224.8929638812732 191.24932968156287 260.0386906182368 108.58948780493613 294.74659375560907 66.8361297172719 214.19996220466135
224.84999458555498 190.6581289058169 172.81194501344055 110.95656893887467 94.58214334289181 225.56007891829967 78.78732467766389 146.29120189888596 0.0 89.06180974488856 158.29488240783516 86.43340962179114 125.43946932694624 0.0 175.5623953898825 31.55754143910967 225.54128865221858 9.060513447938092 252.73060071322317 49.38069035550023 336.6688124449074 94.12236073341019 272.955466400443 154.94148355099452 224.84999458555498 190.6581289058169
79.84411189192556 37.5746830584634 140.8128295211872 0.0 115.95444132234026 58.983635632211005 110.28817699067058 81.418694051967 100.55566399341579 97.10829325197953 92.15591175647998 120.91958587446753 69.60977572502192 128.1391352928872 43.321676321907105 124.26307026573728 0.0 122.71118545020063 69.87970849468392 76.05776365823716 26.88655284889471 59.79365532941371 54.50910553649028 58.30856574629162 51.60328868151264 0.01033061815260794 79.84411189192556 37.5746830584634
161.418000102249 41.823214547109 162.67474904591825 94.34128702188892 103.86188991774989 96.9179101631571 89.60418873033647 144.9476717621655 39.29038478804276 150.64689632711733 0.0 108.39720347464416 57.71204056054512 66.31657823682708 41.241142216028464 23.634040659992785 77.82233487089734 1.607339091454179 130.3045637062219 0.0 161.418000102249 41.823214547109
63.67949859334982 63.26140035359285 132.30410943319407 59.9716070975182 203.1849107530976 0.0 218.4436507463863 95.86687589748502 337.1493788931606 125.47971534367579 247.42347292747058 188.48065483679278 225.86075865569364 262.6225437341397 153.1482009822337 309.9703296355018 121.19684690648066 200.3583040932734 26.81363658286216 203.15625559074533 0.0 123.6952532313587 63.67949859334982 63.26140035359285
34.578372971595314 0.0 95.84032696637516 6.437467917980392 134.48780802261757 66.26313627422314 82.86410356690524 113.98622593772825 31.214307993025727 107.17233675222428 26.127772826940358 67.80020484643825 0.0 35.994500918381796 34.578372971595314 0.0
6.081253090539043 43.491353684763595 0.0 15.305766392525271 25.337998423747713 3.70795786676382 46.45863905521026 0.0 49.37162479239445 22.034980440100526 56.52527445113706 33.71006093774214 41.36410458618089 34.07701101296678 31.29096334519607 49.25736673951705 6.081253090539043 43.491353684763595
19.638705761276867 202.87919354372664 0.0 155.84829455198664 4.339391686803708 112.13519090290426 12.53709335719401 78.25628836782666 0.902539339627765 0.0 72.73370530423557 62.29835121363675 118.84547756166171 6.070951295232916 202.13695331780474 0.15848925832666794 162.45964695999913 91.78543392741162 209.13446023560974 140.94105204526093 163.46008819294013 184.05782740031057 109.06814477174919 186.1264124496747 73.61884708672123 181.76871597913785 19.638705761276867 202.87919354372664
200.44810697820057 212.53057955242937 168.14314277816317 212.1376761514379 144.54361779088532 244.2276850628935 119.94751198115105 217.13459129381332 44.074148010640045 225.17188228362843 0.0 171.2787773628062 94.0727797447679 141.87045138141121 138.70822333808945 152.86372610158716 126.55440370220384 0.0 209.50887604625737 12.005546144579853 246.44922157693108 87.33102314428952 266.2073882173055 141.16020791511858 205.55518428772257 183.3342636543045 200.44810697820057 212.53057955242937
0.0 74.71530085184365 50.87946902742857 0.0 173.89262423305814 21.22253993303881 147.48393732949467 144.8167536358547 55.62975098805896 116.7378375895245 0.0 74.71530085184365
27.346317971957177 47.120346417981935 16.757804528425865 38.40771589377826 0.0 25.550604987972577 1.878384570014859 0.0 29.372629640722295 9.719741538705264 46.84436419716772 1.0863840098837017 55.80692936576445 18.174110795404644 49.0586009434885 32.81517468711195 33.035504312579945 28.2056197993585 27.346317971957177 47.120346417981935
19.56087228886416 101.49838300272387 0.0 53.55916346590941 47.14411855346678 0.0 119.70815072299388 26.619616110986968 152.16148319729987 95.92776134224565 79.97090753506339 118.7389938671759 42.46852681689998 135.66542780439207 19.56087228886416 101.49838300272387
181.55699552632873 14.526108065978569 199.66467694453596 85.04888721198827 127.49615407407555 107.58567995400188 39.97895058261528 179.02895787997664 0.0 79.66321513539049 58.71266697805929 23.723405715382093 96.44443078246263 25.15052299684914 125.44736379646815 0.0 181.55699552632873 14.526108065978569
46.818487807205685 122.58788187446518 0.0 55.826439634127034 27.205664833989857 3.037954729031945 84.91407838782956 0.0 160.282629488171 78.9114988367019 46.818487807205685 122.58788187446518
95.89496188667638 72.81623179177677 68.02887098804302 66.4939584584489 53.0182404612464 82.78543999984191 32.516785542594654 76.25929997276452 34.67177585287731 49.89283839549105 6.979627811772566 42.12440602399395 0.0 17.918341237711054 31.569888956913537 14.140698638681549 40.69316606795787 0.0 56.01908419919558 24.220980331628105 73.08513220877651 4.487048131347329 97.15473592252587 7.075411946630815 93.31104255310683 29.702698277793566 87.38360524937323 46.28187598905068 95.89496188667638 72.81623179177677
154.88251412377102 49.15117349838056 288.1380162618052 52.184566690375064 253.74970409723292 174.52974844023197 185.28576309249448 245.4096902675945 109.83217203311112 184.95430553429003 32.99979152051853 175.012816456473 0.0 82.79773555179722 69.6727858875013 0.0 154.88251412377102 49.15117349838056
72.61433229545317 32.64025318938866 110.26016421768242 34.70658168625132 158.89111906114974 64.1254026382512 134.81053154200765 108.13426431895051 98.32809598329757 130.98797413201584 63.7341089588472 141.5315059025511 38.691311635563764 115.46270449933441 20.067452799220092 102.50234011053905 5.713533410917876 82.58794842492334 21.123051446690994 62.29609665549741 0.0 4.624188186472509 44.580867220325615 0.0 72.61433229545317 32.64025318938866
30.939056252667704 5.447278236260686 50.30941951840199 0.0 67.39376501938673 15.820021908905773 48.28032302693695 30.63238522029019 44.833168419907004 49.231658944343366 25.745130243038368 49.415311873316625 0.0 36.76317991056284 28.05142337904224 20.06585100742018 30.939056252667704 5.447278236260686
94.91685610029069 94.20065148882435 75.43444406375771 86.62392153647141 49.26994753474003 93.39212550019116 0.0 83.81774354798137 39.57673497798892 48.49472141646576 60.142892564600814 38.94778249293497 68.17732528802617 21.270049403224824 91.81111797445537 0.0 88.77531854766444 48.66970727733855 124.74330949808191 42.85072849941651 103.96714705409478 61.50117279012556 137.38221770793018 103.47633558408941 94.91685610029069 94.20065148882435
15.776998456680502 10.844746708604077 77.46356142354003 0.0 127.5862153921955 17.535453286984747 166.63307953024378 41.085690523301196 247.72482960376152 63.372141573328285 201.1498775196377 130.5204402911584 160.24977254999408 159.77651763241226 137.58711672964438 228.70585779708847 80.49739261482263 183.84421478785873 38.73916563078191 166.10992087351053 0.0 127.2895562659705 37.369846880977036 82.56452408924007 15.776998456680502 10.844746708604077
141.75047456211348 274.764758615918 110.80974940128817 227.92301926675518 74.27154130602844 211.95664679453282 0.0 187.1768860660211 41.384824719423364 130.15947197463868 98.80873815767353 116.54132283286955 79.46325334788952 0.0 150.2782441906029 102.79393198560447 201.90567630266014 62.383041976688546 264.14873991065866 80.30164449642456 289.91230032151475 134.90911056976967 251.4116861119807 189.72222236555373 217.93813565070147 222.9099945188039 176.90965526456648 227.57671915316465 141.75047456211348 274.764758615918
232.765049254493 248.74459970405766 149.81369850560037 262.974372858691 80.82892928411098 218.68176000163172 0.0 163.56887694876383 45.64563971436124 79.27547678233888 92.49392056886288 29.913573059200658 159.29313199600386 52.325029247415344 221.00962181312747 0.0 222.6784444651156 82.71236139122269 265.6387422717309 114.94836071004886 268.85948857607355 178.03146169781357 232.765049254493 248.74459970405766
156.96707377426168 143.47365302829684 114.1537902647167 124.52736921217603 70.5157684514194 148.32959112566698 0.0 141.0225896388979 2.424979449286937 73.92167038331462 6.056718073677132 11.633782024071202 86.3915069672294 24.657973528979944 113.15325344283612 39.82939042702759 151.6675226834618 3.309061864941995 233.22884910148173 0.0 254.4362297626672 67.25183572527217 187.02559077021607 112.6899645469699 156.96707377426168 143.47365302829684
126.33844545641577 133.5351815607319 99.12849028301754 134.51795678270028 71.74608732322662 174.55767719928647 14.721447642809778 192.75781398734924 9.676130006153343 131.94825735791588 7.918832871479552 97.01932328886473 4.812353687731985 63.828075388947994 0.0 20.88296180149956 40.63261051932282 4.074874670198454 80.80585199701567 49.151620548856414 105.94582051770931 16.683706306344035 161.71639311320573 0.0 174.22219370314727 46.5666807243638 169.04784503220964 86.21774425083606 194.344325982286 137.22950173756135 126.33844545641577 133.5351815607319
68.79630852737097 31.264200943070065 201.78799370421712 0.0 261.2175151291317 109.71923626225693 217.35616892504902 196.15337324291252 154.13469233523938 215.96636965934408 91.61046298838329 205.40441873123297 0.0 136.91099972394983 68.79630852737097 31.264200943070065
290.75622317753175 155.14591249909537 210.8317147690215 170.04373092867039 170.98022404180605 157.5442791654628 157.2152893919125 175.3253011125752 120.36616414832073 213.09087478394017 58.369569731843356 211.32426708443086 23.06969859473776 166.469645047825 0.0 99.97973342856065 74.84847524299086 70.78192301470628 156.57143189970475 129.77625195873665 150.7757968151608 29.42787980122027 211.10140908993458 0.0 208.26588864569058 85.38107615616194 226.43061698773158 110.92572377335713 290.75622317753175 155.14591249909537
