70
175.84395199396593 180.48863141373678 142.4211596441712 186.68894934245816 97.72990128795747 191.87994652723106 62.51224222623493 166.0482931130442 36.365342874966416 125.49272074562441 0.0 72.22451686178997 92.2163785306684 58.02383406179043 83.74624997759926 0.0 137.35199773880595 26.320679703021312 164.89384809785798 30.16197409579702 200.2574234151853 21.22025627262333 228.40313156405915 43.424035062440566 233.0442115940079 76.83254274331354 303.871598930686 121.61815175218251 201.03848100281377 124.67523433879006 198.9641980839744 156.76619940302277 175.84395199396593 180.48863141373678
144.18960730599747 205.3673522724726 84.376731375585 210.28949105537433 0.0 175.045798152997 180.163772968541 155.39477685274844 90.86182893739635 74.24754986345557 109.35365251739199 0.0 179.68299545916528 108.29130520576521 207.3061058086343 94.64136510871019 262.11726653629205 84.19292865701094 236.64833483039843 137.14988268396212 227.73149456226153 161.6060422689854 204.14298273383216 169.4956396907147 226.85588508494962 219.45318011404666 195.25348799157507 223.746546668566 172.635325980523 195.85391006165858 144.18960730599747 205.3673522724726
80.83827592033316 67.67630592919865 141.69783596275022 73.41965821247541 85.76232652744626 87.86997083847268 118.73898971570647 139.61821569710955 78.9172682911226 134.6896461880768 58.149870342678156 99.94865619384888 26.369295076976528 127.46383909786573 29.602259282453133 95.68126784568064 22.80300086582116 80.07937050503668 7.655230367624512 54.86643972428517 0.0 8.899470147081288 39.920969590386946 0.0 66.79686995202029 50.11764106227402 85.04713758958863 46.085267596785314 80.83827592033316 67.67630592919865
201.76595733362726 72.49591658457109 85.27714156934522 128.89370478651963 0.0 76.5417695594058 43.171772679896804 4.622257580971905 105.80919218150906 0.0 201.76595733362726 72.49591658457109
78.58548313919307 135.75109896140387 47.3423583307513 134.43218938324065 0.0 92.51616128130286 12.321977270688336 0.0 101.79877766543463 34.670884943113435 214.3760262330622 30.602305138622143 171.74815198821295 129.5210848893841 105.87490593188494 146.2895826597052 78.58548313919307 135.75109896140387
125.03833020449446 27.448691612471706 150.95950388525907 72.9341035300473 96.52502782396705 50.86011264477939 64.91312717189771 66.50074376411284 0.0 25.016532899722662 73.74177624341404 0.0 105.94830927563841 10.033046888499413 125.03833020449446 27.448691612471706
147.1546923390299 54.179399406864384 183.55074559756164 61.889508135045006 208.4618449750938 89.72940903192037 197.40302828724077 126.24878360046957 158.97556284898764 143.63463684420623 174.7553908374824 199.45789775269688 130.743903400327 185.0180796230436 101.61126567202639 194.60329269593382 92.17760236252897 148.90869142039998 31.2993758778523 175.50675304900315 47.48377500901722 131.59664110383184 0.0 100.55665250459775 30.893036655480728 70.56016963692548 69.07766525642657 63.64226129343738 85.41784620244346 22.228312019609632 126.10997959189066 0.0 147.1546923390299 54.179399406864384
41.97742933744096 0.0 60.003327934082655 7.030659400775875 71.18398828658104 19.38280018129585 94.78448458308793 38.823014536491826 75.02094348699634 59.83044645844382 50.9523778478705 29.3014857999934 19.089952392056922 62.235502382132324 0.0 33.918849221714765 26.133807112510176 12.183659433051815 41.97742933744096 0.0
58.55063064591421 9.303094303462615 76.20057329065193 25.92127885574685 72.53880674128592 54.69835834787028 113.19395893712843 34.49628064578121 87.66202321221468 57.43818913566683 115.33622894165651 74.6344087458561 133.98042775181935 116.93679512027428 90.18239989153582 104.76334783115796 69.33746737831622 118.20642097289006 36.79597738124562 133.48047538863278 20.93055177680219 102.44610728629824 21.515091541385857 75.40144162167424 16.10895861378617 55.13809701591367 0.0 20.65434611243507 26.484890457297354 0.0 58.55063064591421 9.303094303462615
82.93410517254038 91.93856154982711 74.74712632172034 117.62450136699991 56.7443281091131 111.17259207528454 27.60328005879336 115.020591471002 0.1374290828142648 97.7089596717639 33.32093572038164 68.222887507571 0.0 28.06026487887683 47.97499693474607 34.68112528701785 64.26763301940485 15.726143390100255 96.89996386131081 0.0 112.99099623047208 30.683704375498962 127.2255392013847 52.726022248663625 101.49864450301493 76.21987427651268 121.63774485023154 105.21593275694417 82.93410517254038 91.93856154982711
71.09057725648105 70.93813393377525 43.066923283355855 104.3965975586276 9.36316116852462 80.38883930511221 0.0 40.20113745677158 36.638284857433284 19.801592850413932 60.874991358709984 0.0 97.18145149253439 4.576892395251491 120.41013503488631 36.81404690639156 105.19001586716524 71.6472891287462 71.09057725648105 70.93813393377525
40.775305855585145 124.73326945332894 0.0 67.13195118895375 44.524053680647626 9.211950904197451 112.25958203458133 50.962338104785445 187.62864122610512 0.0 177.82932178234233 78.33700071168123 225.86415490940038 135.31994241989287 187.299708075402 194.78422290819765 113.08972991584874 133.23041112902956 46.53804640213795 188.63526194377266 40.775305855585145 124.73326945332894
103.73147444062589 57.37638105693316 77.6809802306301 72.13745908247273 37.02205063953505 95.93308254606987 0.0 51.83798911915736 26.430020051158692 0.0 72.88713892944348 10.525940838841414 82.3860870171508 36.56204970346081 103.73147444062589 57.37638105693316
197.05955482270548 217.30810773371797 50.34146637094841 249.82783010924229 0.0 128.20116874568023 9.39204143104115 2.3922713936083966 133.69710031368066 0.0 260.3076364478739 66.0723550981843 197.05955482270548 217.30810773371797
124.94224911574005 75.91830100562669 91.4548040486851 82.72455304075396 66.47016590482019 76.88500757583984 45.45020113262726 72.72679931480238 0.0 73.15356342125497 2.7548506001667903 34.57612217071557 40.80139966413657 21.36023737336 48.26681256016309 0.0 69.09150383872965 23.01715277304624 90.06474446157092 7.558032658784391 114.05540789285985 16.58098006814412 118.87344639347461 42.804021062042516 124.94224911574005 75.91830100562669
187.6356444506898 0.0 252.47299811777063 64.21898374130875 223.0959071517756 144.11185582157842 212.9244049728248 190.08760797892546 187.82919853592443 247.00407388787806 136.3319211119649 199.2497119378171 142.88003206274453 155.25311492986674 0.0 159.40594314442592 45.036554206397724 83.93080991584526 150.39921006436563 148.97808069924906 187.6356444506898 0.0
97.58114680092561 32.45279687429461 113.57242622024822 51.41639777248651 91.82936931347555 66.32741768656453 90.19809517334855 105.35665739826896 67.40745818456855 65.52868969621889 64.36622094484737 57.06916524128339 0.0 54.1810280342501 29.051314344044187 23.546117771788325 54.997346300331714 8.845652296143719 86.5839000777536 0.0 97.58114680092561 32.45279687429461
103.65385958023039 25.141303291700588 148.82063334471206 10.472934536206068 159.74701755277965 52.031436814805396 200.9185875375755 124.83555582281696 123.18325709302817 125.88198158482652 80.76208690010421 113.90629047516842 0.0 117.9894501036257 73.7059697544729 55.28082429035664 52.55570054479611 0.0 103.65385958023039 25.141303291700588
0.0 61.439512878333815 23.12459295012107 0.0 71.63074250735059 3.79600091824166 134.30459362803796 5.348416600672508 114.59739175648161 70.04722549237216 62.94790091041922 69.2219302326315 0.0 61.439512878333815
0.0 83.28942339536098 85.27909583651885 0.0 151.18997088639696 114.67890811537919 62.26694923224808 106.50203723144526 0.0 83.28942339536098
69.14580705125027 0.0 111.91244054133293 24.092452998103298 104.20037792168276 99.87042953683759 34.842554414629724 79.48597989483515 0.0 34.78852148090455 35.250842117933026 0.4593552668286236 69.14580705125027 0.0
29.419882411932434 62.86769477269674 16.73979507924318 45.53193411823922 0.0 16.20654746917407 28.382687293496275 0.0 51.20445652766416 18.595473810312427 89.23151060206557 19.940046819297834 101.34225956587484 66.97957271738889 52.38331798989989 67.29949389119514 29.419882411932434 62.86769477269674
0.0 0.0 36.25044718711182 25.18251092641563 90.11105501819141 14.061135954438 54.35025266594545 50.258922502098414 26.621922496202927 65.11136944456587 1.316169402933994 40.651130383051964 0.0 0.0
91.88706890014988 0.0 119.71256754368224 4.98851502188414 128.9489281912636 35.73652288888245 150.9086483391395 45.997909808377784 176.11772024317122 67.2230274789631 137.2318875181086 84.78080902344387 160.92445989101472 127.08826689481114 121.57931858569694 121.5575661025612 101.98654446896533 164.88440707121745 73.45965509069231 142.5091950109283 83.83105160022612 87.78042468680508 23.219800539799053 108.74858611228152 0.0 79.39474602023148 33.536859018309485 51.59527550178424 40.08043609850006 23.15008337312056 79.0146548644309 34.34201753535389 91.88706890014988 0.0
109.75967774108395 126.45262311149013 116.11663959854826 0.0 180.76174812368106 84.82601676604357 215.27328062661144 117.58151822604842 329.6229164463638 95.3635613918276 391.0824697672208 173.01241584423082 219.69543941631707 216.21710236148232 241.68262820087836 271.92173930382717 184.64384259212432 256.5117451499103 154.91699903388616 343.5444595663494 85.69359475093279 353.6618696323144 33.20924915511438 304.13775321176536 133.57518623193732 200.8627330574406 0.0 172.68491302097948 25.726748818363518 111.43935725605579 109.75967774108395 126.45262311149013
128.7206520497423 147.4089402035875 0.0 112.15336137431987 89.64582571982714 24.894741290255666 161.90863640987095 0.0 223.0029950130041 25.92580135555758 314.26552867372044 77.56050914830564 235.55891444318405 141.731165218789 182.94689591732518 175.69960692520252 128.7206520497423 147.4089402035875
63.046151143931894 7.7584866178594325 51.04569193014922 48.8551707987025 16.56945018930388 47.308663928489 0.0 18.482406365082696 26.131411243579137 0.0 63.046151143931894 7.7584866178594325
0.0 89.80139102748093 98.8928338731292 0.0 163.12882118911284 89.00386148472587 100.95502249070687 162.288410254493 0.0 89.80139102748093
98.57365786166773 152.44024329842617 80.60284821852669 96.54788718779903 42.273347359115746 134.41049645886147 0.0 125.44655501589966 0.9220915642610805 84.98220328000109 0.8428008267102882 46.80107859789256 14.445296835975654 0.0 69.14325413062144 24.992291236247254 88.74600926759607 60.398904283983086 114.69846019654432 45.6806493733057 202.21106207312533 26.95333814665122 164.3991135760295 86.13723476492012 184.44430634417472 133.3326041626966 94.37231995531815 99.64476345962757 98.57365786166773 152.44024329842617
71.14087598385893 38.056496563313374 67.89307245509569 49.297928049860204 57.2387486961111 54.89216811265874 49.64421972304521 59.63556496373879 40.651305698662085 64.50835609254858 35.63315091361139 50.40007390467876 26.446438094527565 52.73717421475641 0.0 55.09434652597817 18.4577780403565 38.14626831971607 22.050849623381936 30.33816443217502 25.900885612473445 23.026907289483447 25.433521615606608 0.0 40.59151826461871 24.049672214456294 54.71901577127963 4.8923406615493406 51.599480685286764 27.543101224704856 58.59282988292705 31.17871319044488 71.14087598385893 38.056496563313374
118.72838325394737 45.53031603891613 114.38244562471024 65.11580258657605 89.14189936505839 67.13239940384358 99.39987991557665 121.46562751346721 68.19533643613435 116.35220733830167 32.24050544555706 115.63571032913217 0.0 93.83071322266989 1.2465297923895662 54.18318382146813 38.440478281247664 34.68272160377118 55.08013381451049 23.582347261572757 70.2165808809148 0.0 95.14240379639239 11.262664281465497 129.4695938242181 9.826272856829334 118.72838325394737 45.53031603891613
156.20969657800273 90.71182910829594 68.04564458773388 78.45654975155216 28.71586576484868 72.77110830999206 0.0 17.118962730662673 61.91439681815173 0.0 93.73740716788072 27.03193254120373 156.20969657800273 90.71182910829594
67.02490112578765 0.0 192.70991979949613 63.16728149312203 109.6892923320193 155.2511114363582 0.0 113.81442804771415 67.02490112578765 0.0
183.4446546234295 202.6522223383609 104.73975785764841 67.42605858621705 13.425419926837861 98.67770041497742 0.0 0.0 102.21446905403113 39.516516195368226 165.0229988949019 9.81050773301201 238.4789721045471 87.375528053859 183.4446546234295 202.6522223383609
136.13266687936678 86.3636417800221 0.0 202.2208971126803 2.464676447759132 71.69661144780414 84.3930017264218 20.35148152080164 135.09371378461123 46.704890058462986 149.81131401513042 30.088191303350847 252.28614990367075 0.0 256.0540106449529 87.51097222167203 158.15076973698132 83.02250529332323 136.13266687936678 86.3636417800221
30.289272189434875 5.194137415589552 68.647357027385 0.0 87.09198670311059 58.7429391136377 0.0 68.60466125322023 30.289272189434875 5.194137415589552
296.13053849791964 134.30956693805197 130.9965553730856 148.31616944860545 76.40180093849102 150.57473623219454 0.0 85.0504884728868 75.06415895728477 0.0 161.4198193344845 49.141735618187845 296.13053849791964 134.30956693805197
157.62834811774383 209.43243473398746 104.45805586596754 205.6287910759013 122.10594986769394 123.77977314588121 86.53810050087463 108.25276955067001 0.0 51.29132378617974 85.48825588094786 29.933092283791105 123.06330794575749 8.583464647082124 162.53214954464823 46.23333459826779 211.97089072346552 0.0 244.9758005201844 30.05245582361279 304.9501899854447 63.92921562297087 230.45311540787662 111.33293134173033 264.67184021749614 180.48910857241145 190.88813600725467 160.56756860155548 157.62834811774383 209.43243473398746
0.0 117.47084483782704 67.94902193311303 73.29159421587887 110.05794563797602 48.66295642851615 175.22044458709573 0.0 205.95870992463327 72.10305885052915 245.76116296798335 127.5668624390697 162.28278220569868 144.71095836214076 148.9969709284526 182.55053173825863 87.36201879277273 242.99439562487737 51.85458671742656 174.8954914324998 0.0 117.47084483782704
69.71897610917779 179.0833459159968 0.0 128.72705537134465 17.483947683609586 52.778301264343 53.86972855823666 0.0 98.37872655276851 59.801750195526864 185.1295970683929 16.61364651811506 180.57980649592338 88.16185957939066 160.74055360989843 175.58557889104816 69.71897610917779 179.0833459159968
0.0 28.307944066690936 31.25362843066935 10.606363453344898 45.17207668207362 0.0 58.03686799468197 11.08212045692025 75.7950231336884 30.305998497150725 57.58221087672776 52.48858337451078 40.17075812819701 27.10117486442516 0.0 28.307944066690936
39.239455556399164 0.0 66.67992244156275 7.198245839519011 91.97529169554393 4.539444633930103 96.7171349492741 33.31911632919064 104.96138956022376 46.11081238902323 125.04113090571651 62.51138845855642 92.53447870403159 71.2716268223885 93.56022294500261 88.76464690844065 83.49021354150506 105.48695494112835 62.85595926350375 116.18681954972331 68.47790723805477 64.18993581353476 31.20125063511569 88.195229776698 17.615286358691733 71.71070726382257 0.0 43.61574344133508 39.96365987887266 36.99278809164158 39.239455556399164 0.0
53.36677584504332 62.709645246958914 0.0 77.60735599601496 14.591024826562744 32.54125331503543 22.144697454085332 0.0 55.355304409742814 1.489364771199007 68.36513724503173 22.389826719957497 93.96027763111546 15.770473571404608 73.34897849666301 35.69591363269845 110.79627162393379 73.12718076872424 74.04389829649033 72.46821064134242 53.36677584504332 62.709645246958914
47.05897360231387 43.568350982160275 48.828169823295866 25.4538792546467 67.09648556199683 16.460513444205084 112.34213100476319 0.0 81.01724276261338 46.6693181665244 142.92980831347012 103.93417131472961 81.14993734445585 111.30130277047402 41.834534640888506 96.34645670854951 0.0 76.18758804455618 47.05897360231387 43.568350982160275
34.2963918697281 88.07352182369245 0.0 51.53237237432555 23.884755270367734 0.0 57.809716606099016 33.620951478934956 114.77211483431299 87.97575250344791 34.2963918697281 88.07352182369245
191.31207012778924 111.91141978144162 157.44122133615184 142.78997369153336 130.31589261593032 181.7890031588514 90.98201911809205 125.26762605164183 55.054026758375876 140.7294141322293 52.46673731089965 103.64028133448139 0.0 74.78783444871951 5.769489022723036 25.198752471358986 60.38981760932265 16.332918138500915 95.84419328839839 8.585501284554667 136.25312235875143 7.32908988117606 209.20354449137574 0.0 216.20628438605019 61.89144341727675 191.31207012778924 111.91141978144162
23.459224443956046 53.26659334823867 11.3790251825762 38.23722877657916 0.0 19.89394163167063 15.493326964847355 4.801514431960626 33.9920044272873 0.0 46.13950359673686 13.58975198378721 64.8403491471684 32.88059254249302 37.652409752572595 38.282699648566705 23.459224443956046 53.26659334823867
50.26605378874768 50.6575809594698 39.99120524586796 57.66871876187646 33.702394886645976 38.50581927801679 19.359065669914145 46.6530943556142 18.702438899363372 35.258168379806165 20.53970603654983 26.83777496652641 0.0 9.208726771378949 18.566005233276314 5.228993283319099 30.959344454904993 5.240577076220475 39.865218484510606 9.903259635335601 53.51506984414493 0.0 63.358039991049424 9.237459672046299 60.13022383205271 22.70390357499872 61.64475163791087 32.17681988353634 59.07209382513726 43.23081774774228 50.26605378874768 50.6575809594698
52.80267933805092 13.229882672027088 118.45516477170386 0.0 99.26428508325486 75.06206913968265 0.0 87.80353055472196 52.80267933805092 13.229882672027088
147.06290132475488 0.0 185.2617900846894 32.558814544090254 167.64603396158242 94.02321825736085 205.82816841351143 104.67199671449252 233.74775221048705 145.24214495952026 234.86875008536703 205.5664877593203 183.83061640885978 228.70652345329125 133.48390027362578 142.33904414197428 99.29763104928597 178.38223553092905 0.0 204.70123979271744 91.55513865945119 121.40786368448228 39.94755161799 83.39965013364677 33.41400479004503 14.875476766326656 92.73748146957021 1.582897325621687 147.06290132475488 0.0
152.47383257828653 85.7636362842467 128.89006575583426 114.11941608591043 96.19135252875267 116.84452183402972 76.08357876078671 156.01679934085894 60.64216683166681 110.64610859967193 0.0 134.9615280276766 9.67400208280992 88.1554708014249 1.2143870025854113 49.969665557311814 14.510343899711103 9.55329837779739 69.77218700879452 54.293504068531306 91.01207302221091 17.535449184780973 142.42509079520772 0.0 196.13051475773705 30.521654241485457 152.47383257828653 85.7636362842467
49.67826820418155 50.262083780220195 32.352453434326314 0.0 77.8203006003784 23.53899732342822 101.25397236511293 8.620904161263255 119.24087447930346 28.640899938930083 129.67810479981256 49.03247168403057 173.34304927302372 70.33412508867656 156.60407780061553 101.77926422385961 126.11848856253626 115.79174675538916 99.67901754388707 118.84128919519982 88.51646878479069 68.38141923665877 21.794947769968005 152.66926404078174 34.446616765247484 94.85073562867095 0.0 68.12905807345051 49.67826820418155 50.262083780220195
156.0835187751311 94.00359869258601 245.47395910566183 125.2600179411334 185.07006778243107 166.35593602251447 142.46109085271152 211.1227564077406 87.37296847974528 188.20765689598352 0.0 180.29152444040795 4.5450325389700765 97.40837719265933 91.79788123550534 81.1000228974469 99.9121083997938 0.0 163.7340089108695 26.034897264494774 156.0835187751311 94.00359869258601
128.2345277514873 48.8060612365601 98.18817075770735 81.49995133665769 71.6647463905702 121.22480952719519 36.09691087040616 87.60708601890673 0.0 63.81650554700589 25.48390629385988 31.017122267938433 40.17534550481028 0.0 70.34343436348139 16.28454905544288 117.037390547158 5.859624774626269 128.2345277514873 48.8060612365601
187.10558125961683 0.0 221.3326815364931 52.543654565857274 244.3713933940163 117.68388387214237 152.49031950760445 127.41450717237622 132.74576954610663 156.42788603807577 93.63576565273247 167.6575013391053 54.33854674937223 152.20713554005323 17.077278595937216 122.4456233914032 0.0 68.27197488221456 45.84660573766157 31.933513255137242 88.92228286484851 27.894635587274372 126.69135124542791 1.7311857765737102 187.10558125961683 0.0
72.14805183914152 0.858323888506348 90.53174141442616 2.8354828063341984 94.06305872668447 20.954868977041485 101.55048709427004 35.17849912557439 117.508588531564 65.78748419471759 95.17875602263747 81.27099502107541 71.30769550347846 109.94856761420556 38.379761665995375 92.74981894358751 25.14696811872753 63.34711146380448 29.03669022641651 39.630180084810235 0.0 11.53776479940396 49.613397529647926 16.020873190971486 55.75251709736867 0.0 72.14805183914152 0.858323888506348
29.553772932439045 70.37338128662049 0.0 30.065972365669424 24.179665366405743 4.0210650738594325 57.66249844462901 0.0 71.85313008076585 39.89504710824497 29.553772932439045 70.37338128662049
258.46376454616495 134.88705234274232 329.47009081986346 202.30832541987087 243.45820585771796 236.5674655838483 209.33750603991308 297.88231940935555 141.09837895493155 254.3069342549055 98.1206561330499 250.1018667244921 0.0 277.5922640882879 49.73442390428001 181.41805052914802 26.482903818292073 141.83931512573173 24.011969217022937 89.6311935501686 97.2195629354804 97.56596164168289 101.13691854095512 0.0 162.97956013883254 19.449792466888965 182.75323279310342 87.78532719518589 243.68831454152746 84.86175526574834 258.46376454616495 134.88705234274232
124.62441067528297 7.274937330116039 136.57429239299375 56.23418248180115 104.45103464963154 92.84414186639967 70.59970741863305 103.36469034366317 44.06806448399422 103.37232696466722 2.8313604358286 113.05247708377877 8.319214612116298 69.99802261272129 0.0 43.456570091485226 2.4964437823882406 2.8147935322975357 48.69209207060206 51.818605271611055 76.226561750574 0.0 124.62441067528297 7.274937330116039
50.38622419912431 0.0 71.39803683506995 1.2093601438896115 68.53187036965167 20.64926380298499 50.40724599556423 54.34038049463818 0.0 19.311990269791764 50.38622419912431 0.0
3.234371653465274 44.911994362369526 78.87734670269705 44.214359209843494 127.36841520172774 0.0 230.56304015301808 49.91232709204604 178.25097905108063 149.15720687731047 86.2001371802352 195.43199844929373 0.0 138.6985140477997 3.234371653465274 44.911994362369526
77.20757536674067 0.0 141.9238767353716 8.463041586986968 183.96267990170244 82.6698813979157 115.7104668844706 135.74441729654063 43.08135791751817 107.97809970522945 0.0 29.549991295964638 77.20757536674067 0.0
47.8090189338799 206.392552798615 9.828319267628416 157.62205400311228 32.197592016227475 100.89159187388019 0.0 30.631625886650212 66.1236735191045 10.900425955302339 116.11725996651082 0.0 154.41387770124362 38.25541169799337 218.14153766626242 50.49014245463858 242.54234446397714 107.76395201633392 230.3728094219927 179.8505582880636 153.6917318037227 182.89077476278277 110.77823573044355 143.600536609901 47.8090189338799 206.392552798615
36.18946830429553 108.34176818105209 0.0 58.3732868063666 33.095355110279996 0.0 85.02432320225122 26.198527229788546 179.28233977442892 62.24174501148992 109.86396006888413 140.50129877942734 36.18946830429553 108.34176818105209
33.43313905992456 29.477067772703734 94.09178980653058 0.0 168.18176172837894 70.71528049328283 68.65658537070188 102.89356313306178 0.0 136.95146441482342 22.899623380178596 61.664208888278836 33.43313905992456 29.477067772703734
0.0 26.73246998001494 4.035557505605027 13.111628020542184 18.153134945882 10.959605203255805 28.73101695390325 5.124657362631595 51.91110769829078 0.0 42.890075324894696 23.43548112825428 40.12615954946527 34.31240074129657 34.70420304008904 48.19280962751863 18.240682510229803 50.64065131978758 9.170698164481138 37.69723785695784 0.0 26.73246998001494
26.55681336209542 66.31512813640373 0.0 28.44313752983311 21.56446484853182 0.0 43.61227291797032 1.0767507909183536 77.28220907017524 9.810606264336911 46.59550336840568 25.904321580575186 26.55681336209542 66.31512813640373
67.89840920879482 146.19965932797004 0.0 105.93901919588846 66.2727372245842 70.16813710211605 89.16805163745279 12.80760406698117 153.92995707240505 0.0 214.754129018566 35.02102505564062 204.02238348680527 104.50315078669382 147.4510158967675 128.87383049053537 180.12234469085638 202.5768007528452 125.83369068707954 134.90660191099246 86.7976118873923 183.38168543944943 67.89840920879482 146.19965932797004
160.75746263559745 162.4725519794444 38.20263233257791 196.83038349362027 0.0 79.46758502620348 77.42371098260259 0.0 203.38529566937382 41.43195872874385 160.75746263559745 162.4725519794444
64.44356574201305 3.59133454778501 52.05771911045519 21.605610357571393 67.35827740907393 33.85587948095838 65.99868565377352 55.26667960171801 42.26758139639711 45.669565255096444 31.46256111574892 45.44446824967761 11.086191848615734 53.288143288463914 27.02157242997182 27.57043070927199 0.0 19.772012253821217 14.732312476844164 8.85071585389747 30.518564787116624 12.693976717569669 36.49252519316949 0.0 48.89044254719871 0.34204377319612433 64.44356574201305 3.59133454778501
