70
16.101890147833913 76.28196217802522 19.768648806234125 48.72168392366554 0.0 30.39620290667017 17.441895608601385 12.942585484803658 39.03774587369395 19.684021138396147 58.05903775744109 0.0 69.77140277471665 19.380950973967344 82.623521907303 35.627334479737 70.71536947818409 54.09419492218386 52.19880850545091 56.60405314375788 39.57819394510703 81.19467784098299 16.101890147833913 76.28196217802522
139.87780535003367 59.38327890898401 100.3697932738012 126.84580977158572 42.08941618183113 101.30642931198906 0.0 74.08482630846775 6.464899725738128 0.0 61.600056525077115 55.64130843410827 139.87780535003367 59.38327890898401
235.44124396908794 113.88377125568506 100.03686469748516 106.24592314306206 7.82882839271187 192.3525595699423 0.0 68.00839680645097 70.07460446295372 15.977592310943393 163.8887961046067 0.0 235.44124396908794 113.88377125568506
132.03777656155228 160.14857473669338 88.56532078385852 188.9562887937044 65.54602526235908 126.96434620323534 2.671101044004459 140.55972337798386 35.39283031416215 86.24575317986935 0.0 42.51837781487657 47.198112313774566 28.8268160719379 71.82129528316037 0.0 103.02793086521183 32.009002111963326 121.01080237133773 45.972314914482496 154.19512556205558 55.95207227497157 256.4558346936655 100.48879511122038 157.68863619169883 125.1185350723019 132.03777656155228 160.14857473669338
96.9008732669288 112.89793943174996 18.578045423244248 92.67349724094791 0.0 10.345475609484339 83.1759514140553 0.0 166.53180506578417 42.64400035208707 96.9008732669288 112.89793943174996
0.0 124.66904485925417 44.722971073270685 66.14060236937928 1.501785299730443 32.51632499333336 28.405497620430708 5.600083793598806 65.38016859473427 0.0 91.67534098419762 9.763658213995349 122.68017295075529 11.654684305546716 112.77371921029726 46.78598152826435 189.2632979555589 68.35327217937291 197.1928153482845 132.88033453628398 110.07289790260073 108.86832456455545 86.37490714521152 190.3904603909612 30.266934763581474 171.55007047485051 0.0 124.66904485925417
51.707148411879686 73.94492480118987 41.92820117528619 62.36773042232324 22.099008252213665 68.512797995552 32.600231298885134 47.932415098052324 30.60749841190936 40.00651531387147 0.0 18.503921183997058 25.478228062586552 14.721304813158675 36.921355063454726 7.257455455850071 51.013276530368856 8.569600756736996 67.31873565424729 0.0 72.01024624377949 18.595233654265463 88.02106635427889 24.282098576901653 83.5274165290062 39.52172606142154 93.01720169903463 56.7702889235649 93.14297988072418 80.45500594459645 55.144454729481325 50.59205572435281 51.707148411879686 73.94492480118987
64.85343066926964 0.0 119.45454981172672 31.59448302775995 162.3070421064288 8.230837260363657 203.59155583819927 29.3666141361781 230.9160069013648 67.96419216098039 324.6028255395867 127.1790254141272 236.96223137628573 174.0454344880776 202.13241663430176 225.72895095808366 141.9781578331496 259.7201519083826 84.75726685240323 216.48968155392828 54.20189093755795 175.01073630720032 64.83832122324554 123.81965486587994 0.0 86.01297440135941 15.965800847388891 31.212511404856713 64.85343066926964 0.0
187.1950429818447 11.900040446249491 213.51131353791592 52.129736204899096 206.20037447210132 98.09774153353862 169.44765447017468 119.79338915100624 179.16814110306942 156.1596873868737 138.80319732040857 134.34759008056926 124.27641983102143 149.9925302400287 76.41442355758338 190.80832695175326 60.28069945264821 149.18295125497627 0.0 119.37832223519753 79.90518269438718 88.67644423388474 23.949326352902716 0.0 98.86051385125651 18.481189981935586 137.63581462572017 29.143275407433364 187.1950429818447 11.900040446249491
253.5187878024688 43.62198975343429 291.3132571048563 92.15067368364929 220.67449687663807 126.44563867664588 243.16122509270906 215.1315099742722 168.58811572593493 256.95504674527865 35.65058502613721 264.42497888827126 82.65447595769288 127.12884480124771 0.0 14.75283734616795 151.1583410668069 37.079654569094174 202.74198322153904 0.0 253.5187878024688 43.62198975343429
181.51299652419095 83.53377012657336 64.33833617762895 139.84235338686236 0.0 30.51480328850937 107.20621287292231 0.0 181.51299652419095 83.53377012657336
0.0 60.11892120495453 80.27035286283999 0.0 143.3410459528818 67.08002325982218 83.28339267309553 97.448898366816 66.12766371726877 103.23534378328408 0.0 60.11892120495453
116.03800420032341 142.49668030262947 87.05862078927245 149.94999366870684 61.925400122913345 131.3649376497824 0.0 110.37247940983995 1.2514970707883037 47.37017142236084 81.85083523917648 64.07050082458261 104.14218056055051 40.052545483726234 166.53725465806866 0.0 146.27588860155473 77.58599076257032 236.90087987892977 116.87040454850089 122.97859535324964 114.62278200692276 116.03800420032341 142.49668030262947
0.0 0.0 139.12153810204882 16.532956142240238 83.38288621237443 104.43479178740765 33.11198489279822 110.70759829665022 0.0 0.0
265.75216609127745 181.26818640126453 244.63044391579638 237.1071516421352 182.12537114401087 191.0421483187468 132.09206491761438 222.5818778578539 56.1628293838254 214.2187825380293 21.282078242131377 148.83931039599156 0.0 62.3109895154402 89.94631996223444 28.264408775014488 151.9132558155125 22.475762550863067 205.33114425196231 0.0 276.270935503434 10.859780080273552 197.41295832185608 116.87378435817335 203.538789966943 127.5323124489495 265.75216609127745 181.26818640126453
187.54864712581005 157.35478485243948 254.07662032678445 161.79430000102997 326.34147450326725 243.55308570912084 230.82233036914155 272.99528841637846 167.6749903171731 238.2376038295047 114.15042509003021 262.3462367198655 0.0 255.21890484521762 111.88956217432519 170.7188964143301 68.52425738945851 97.6063189669084 137.776683261709 97.23536462763383 213.64464396092504 0.0 187.54864712581005 157.35478485243948
37.683792293877985 62.05416756307817 48.423562444333726 5.673843680150966 109.68337683397989 6.859279559880974 148.91790363068236 10.487252105100843 241.12927191777413 0.0 191.09271803506135 78.72115183507793 184.0390435091033 127.44985649222147 152.66550263078597 211.91884820353158 68.84167569972573 188.5147941141466 0.0 140.67089738687136 37.683792293877985 62.05416756307817
47.22001675236987 131.95588019052246 0.0 66.24777028838697 71.36595752142782 26.220669133787638 122.07742001819575 24.975850722268717 186.20307801870408 0.0 199.93467621961398 65.2989254634619 160.4022706883813 101.07087082148814 142.74919368468252 125.53160177131332 96.27262641636331 173.43448213252384 47.22001675236987 131.95588019052246
172.91279742107898 41.24961882906989 130.01983676050799 148.1564125294504 0.0 113.11389927049252 68.07457166812594 0.0 172.91279742107898 41.24961882906989
35.62478268184878 42.352438769303745 18.848235189928964 66.65261222881779 19.733658348241313 43.513110418870255 17.317658274539944 35.32913208147613 0.0 27.688784432806614 9.491326995318538 16.64115001804616 10.175183325230485 1.83277602554314 29.4034784973689 12.109516736586755 35.985561254419586 0.0 39.16336813750306 19.541842544162165 41.11647261094391 22.315235718665647 52.47415167376548 20.800297080306805 73.15219975677971 27.881732761885658 58.432169813077245 36.94663661888393 59.19753422019364 51.311008274973105 48.10824607845958 57.86536911063871 35.62478268184878 42.352438769303745
112.84354425859921 156.74716743394237 84.31116614458699 149.06623218902018 43.11616103969274 174.46452370506438 41.432703207098456 128.2762702170371 0.0 106.94360936046716 11.866836286979606 69.12199795298433 20.25510346138043 21.028421234774214 64.48258504899931 0.025240294422275156 97.6997670575278 55.880241275759964 177.52835159575125 0.0 106.93555680726149 92.5059608966881 193.83427732516918 114.79431777483961 116.04402488536385 122.23895943939347 112.84354425859921 156.74716743394237
0.0 160.92051055454868 14.37846517464844 0.0 144.67817843061476 61.40525028720824 277.6280676665592 163.20408455739027 113.22801751253529 223.88714175536774 0.0 160.92051055454868
7.509823363312336 33.930588178814745 0.0 12.649301115805017 20.539840267076542 0.3414386690257203 38.60852263947726 0.0 45.67778535451848 14.603064104853033 80.0130771228921 39.28254515177309 41.83343657002706 43.565253212350655 21.413953905561243 50.603723913541145 7.509823363312336 33.930588178814745
20.592383387583453 2.164153815800546 40.41348533174971 0.0 65.52708629551857 12.388586924285676 56.57972792475731 37.717775031313636 34.456072216378885 40.44137963656931 19.177818614852782 46.315387599700315 2.7615385560384453 35.70394307332265 0.0 12.360812146291181 20.592383387583453 2.164153815800546
76.21088553384502 0.0 103.46651243717008 13.262296139707637 127.06497196502102 36.8930151805313 73.32407673585932 55.41377302230833 98.34895729678536 92.5905543294758 71.27912329707225 114.4679054728498 31.708854797130186 114.50861633662592 51.135242113391556 59.87337000144361 0.0 47.37987851295882 49.38287180123298 40.52542801746801 49.87281503451446 12.19983722739886 76.21088553384502 0.0
38.98071367697937 49.53960748165713 23.076206984162475 53.11423280445301 9.135270622192685 40.122444247279375 0.0 19.396278546580405 15.43564943771441 0.0 38.109569365595625 18.890878639725514 57.50654692767076 3.8711832494631153 77.67861842483086 18.557873330023213 58.99493140443206 37.22948073845177 45.175299442292406 39.729421381336124 38.98071367697937 49.53960748165713
133.7256628465582 30.842948782159908 156.05720966987116 49.838427763360514 193.73556358718918 80.29941229570044 210.7768842842221 137.4992613549074 117.36791486095383 107.60040326420675 105.99113249244283 135.3218636890934 76.93941396549447 147.99637017186467 56.850135498127116 123.36927138642575 39.8681547388976 101.64868111456012 30.366493113347445 75.7443727243549 0.0 30.059399739540147 94.95885965818422 77.10752449393881 78.41175303244182 0.0 108.79005608393621 22.735304724834656 133.7256628465582 30.842948782159908
120.65483672105839 0.0 256.2957622645895 96.3000295325063 155.33534564308133 182.06198922056404 0.0 150.66718382167443 120.65483672105839 0.0
72.19569050313807 26.19796224992308 61.45671748477713 38.03503568745063 55.65529812963729 63.01789263335026 34.17886395550045 56.491900500929844 0.0 48.498957989928144 18.574924796534447 20.23968726097408 37.04295823781516 12.650075466314789 50.04678015602785 0.0 66.49255627991398 8.571259804690584 72.19569050313807 26.19796224992308
170.25128245032778 92.63363723896167 108.99164128888029 101.85614398528118 103.50225215810086 143.61657511406565 73.24011923296503 119.78046550917638 49.94979966419888 111.06663343926716 74.4093630080107 81.98146232097857 0.0 44.487418093236876 26.057674918055618 0.0 80.1013770453013 14.824377638343663 131.2356248390351 1.1193006070639626 144.79203559233378 51.65803316067945 170.25128245032778 92.63363723896167
95.79695817279566 55.38859962649826 145.11790535434142 0.0 188.56268184607842 63.61913985944368 163.05486289015454 131.9251278153317 100.86632720905708 94.40832090651335 0.0 141.52280222454064 71.03908117592458 64.08222705884715 95.79695817279566 55.38859962649826
0.0 23.33441904938355 87.84254660802837 0.0 110.44678391586903 46.577420239863336 73.83399838585495 92.66641704272993 0.0 23.33441904938355
278.57340560904504 0.0 256.9879602497506 93.47393711146219 238.56454969542665 135.37561294427238 308.1701671977562 225.92529620085566 223.88694827269742 241.1019120298484 156.407275358424 308.07730467333056 110.51553928148155 216.2062732263998 0.0 202.94801769088528 85.99322270578894 116.26720945776835 158.9086607580501 113.50411769471346 144.5199029757785 46.65810812047262 189.75968707369557 25.09870411069552 278.57340560904504 0.0
24.875796868897254 6.980822031266811 31.500519135703797 0.0 40.02631259105489 2.8330006495058484 52.53265343244519 4.1104255341019496 46.96282063416862 17.75498895466754 39.794613480604085 23.104337221504665 48.299679145138256 34.35033178487477 39.94556892105987 37.69396413252011 31.901861385908063 41.607370171394166 17.020080045663505 51.93551587139828 11.737420054961063 37.560212753534984 0.0 28.678746918484904 20.335748892457843 18.661877956669855 7.498858209785652 1.6328860752231549 24.875796868897254 6.980822031266811
0.0 69.6983649775093 78.21231142767475 0.0 231.86549426654244 97.47834579263498 49.37405858944477 192.42321275363864 0.0 69.6983649775093
27.769536415591247 16.1755746161395 57.20906838998533 0.0 43.78506839260764 34.405383696116346 53.6981391080419 53.163620025229406 35.59967483355817 47.673821951578276 0.0 39.439251607694004 27.769536415591247 16.1755746161395
52.385414658313564 105.31127694775539 0.0 69.03950724641288 18.783368063059967 0.0 92.60375227039847 8.762900251569803 125.2777349709878 53.997127373889825 201.01019771733132 91.65567137037193 171.6006151815498 170.9763506978477 96.39040051160401 188.928303453201 41.487169696341866 161.38759288292852 52.385414658313564 105.31127694775539
121.62096923012578 80.38194487152657 132.67365992885425 95.55008404281159 132.71184582541696 122.39113403476881 112.47020664014036 124.77113824149973 82.65421186830277 152.70815817917997 69.17407223009567 119.30006489088561 0.0 124.9732250570772 62.91050756169676 76.4889474847143 38.01211346750816 46.316602494075 41.13236548657194 6.905579778708969 79.35224722210954 0.0 111.95145676241485 16.354675498176157 138.70925863843757 20.406879952004452 165.78050792908022 34.65493502065529 194.12189320687406 58.28935009611493 121.62096923012578 80.38194487152657
167.32112604618118 51.70318658321968 94.84908203138858 138.71694268246307 0.0 95.63254419463541 9.259676078374753 0.0 72.50804154283162 47.97647314786534 167.32112604618118 51.70318658321968
122.53593311840481 73.57125608096499 37.21920606348405 98.88090743390785 0.0 0.0 84.56819689017388 20.33807045266147 122.53593311840481 73.57125608096499
61.998315909744605 105.96173645904658 0.0 8.163803648037913 126.01084088907753 0.0 157.10786808404674 75.3898072394461 115.76192672859783 109.1979730767468 61.998315909744605 105.96173645904658
131.17777555196807 281.80199155880894 82.81251130605426 217.3662847581811 0.0 156.28317641196458 116.78767673867833 115.28573041177484 112.91040122846505 0.0 181.84145058770991 93.27650014220515 262.9328991663648 71.42005655245462 310.84972663252404 143.05291477419016 235.0796785208067 192.62140920843547 195.93972642020748 222.05050949291544 131.17777555196807 281.80199155880894
102.51375196072863 0.0 203.75499706660514 28.703247004423417 317.75668334254885 124.33194734955269 191.8574434039877 203.64240406132657 107.76247379179706 190.99636206017036 0.0 180.18763246921887 5.46001001421665 58.64081309264081 102.51375196072863 0.0
12.914847847462738 132.2779982610091 47.478035490015884 86.28746914798681 0.0 48.09882499748538 11.812506644220889 0.0 74.19381221234295 12.196378493316402 104.39553483166488 59.4415065928538 124.37079798432387 37.18207819314216 145.60947258654267 44.67053360972504 170.81012964729553 59.04401948805352 177.29733784145878 88.56475268111949 163.75594122454038 114.42882045685404 150.49776775374733 142.76058990420427 121.74851456241414 163.13991755762845 84.14259500440252 172.43572943494343 47.93014641122693 155.98848358580523 12.914847847462738 132.2779982610091
95.04122790359447 157.33476798721307 47.024012568749725 159.88057759028575 49.679311034763174 120.72764040018727 0.0 67.68665577190703 69.00206090774213 57.15233246202959 96.25122479792935 30.771818678318056 135.76290647167707 20.515891336404053 196.047481297374 0.0 142.98960408421817 101.12965956179552 268.75593037640783 97.16251108082771 196.61865043114264 137.48596310370135 189.5111456481265 180.70144710648526 162.85859010150565 232.59157653670698 109.70354666156923 222.58494777264377 95.04122790359447 157.33476798721307
270.46993698227953 149.53670955167718 229.56403845520643 174.12356952074768 253.27250250499822 238.36615741211904 187.38823738151603 198.02714149393347 164.98250799465666 269.7515158217116 117.67216841061276 259.0186593285109 88.2049973830274 225.264531862515 0.0 212.937204630635 71.32359379708798 143.3344294739399 46.99588829380632 94.36590146710245 87.3594351685159 64.50716756213899 128.29905286557852 52.02421526143114 169.0477577409901 0.0 228.46233377482332 9.277234472292548 186.5923040872364 129.46306489839802 249.07298437037247 114.90352408329147 270.46993698227953 149.53670955167718
47.78689042920331 27.048963044952004 57.73278032645605 0.0 79.16005690039418 12.81712415253304 94.25521640670581 24.267954132355456 104.66222519615647 40.835118415484175 106.70792138252708 61.79915711601028 87.435482278833 73.44404406517258 74.99762467205257 91.86488771645061 59.0628112883535 70.48039264774765 26.80800099356489 83.08072241436072 49.9705431895718 51.31537551137171 0.0 24.889749383786295 47.78689042920331 27.048963044952004
139.3378145117319 0.0 200.07987551964567 88.55850767745886 232.28207185975702 213.37722628415167 120.18316420616802 153.282738695725 0.0 75.95522594071878 139.3378145117319 0.0
0.0 51.56957742789505 61.84242615340286 35.48466379032154 95.40133598127225 0.0 135.05785880352317 34.874502896931844 210.0559949164584 16.215106627135754 175.3709546255295 87.35823846771602 232.24309580279666 144.67867572217 161.50680613359202 163.33634688188522 129.10881782100518 220.52716890034273 82.7247106575901 169.01934132777635 48.23563454449486 145.93056360587158 3.155387451358905 111.56353026543361 0.0 51.56957742789505
103.51944423982086 123.84836999571179 14.87436448495842 117.7258635945902 0.0 5.727693298137133 104.33246761052622 0.0 143.91074959011638 63.798662326918816 103.51944423982086 123.84836999571179
157.52836129959292 155.0101931595166 0.0 106.34684063908215 166.819812143087 0.0 189.16674804250033 115.63405877379333 157.52836129959292 155.0101931595166
12.399179997756896 39.913349422069246 0.0 18.326215906173232 25.305026783060804 25.69239609025051 31.938607321309313 0.0 44.23449987508186 23.929427181976394 62.203236259848204 16.0687326806936 63.49409178517899 33.05956198544716 68.7449957160448 43.36042255719333 62.23960331576357 53.63673673112139 86.17057885960708 83.86072245004208 50.39566187690931 68.49037527724673 41.408886528943675 69.94364338958947 32.676942809910976 69.06004307473096 25.243203575232663 64.86029900962258 4.93003109765197 66.95123975196773 4.902330063321436 51.51155356525322 12.399179997756896 39.913349422069246
40.4886343508057 10.584421662444981 49.567667343598856 22.645799384891035 64.50104750064753 33.05202627386247 45.40739181862713 36.26309265328295 32.043450693946326 53.70258456738833 15.377607983595226 38.221956533281045 0.0 0.0 40.4886343508057 10.584421662444981
34.60441364057594 0.0 59.017904338327895 6.509596894577697 102.40371051938214 18.710457357800024 86.70894171262175 59.69070313439565 39.67898167381867 42.361983033337964 31.663564545115833 63.30390664698808 14.122389565412547 55.20043624775522 0.0 36.523174343315134 9.710774557319041 11.442615591745351 34.60441364057594 0.0
183.2785598936687 10.510944702380073 250.0132196614075 24.576662291302945 278.1308422346856 92.6647746759292 256.19244347342465 180.56942575075348 160.8223219471285 156.16249340799695 105.01422340145743 157.6132693020981 16.945235548833296 134.79142256921716 0.0 45.99847733036185 85.57240434719655 6.172832675180459 141.3871765344224 0.0 183.2785598936687 10.510944702380073
0.0 0.0 42.54984963195215 3.0900739802302724 49.47417517375241 9.150593130939257 94.75046399545968 27.399590468481207 48.903780887011415 28.197764357318377 13.098349221966451 42.99100538262971 0.0 0.0
109.12415360634589 16.850357794275332 107.72703971448331 53.55883229104612 124.9126900451504 86.6860242229385 98.2506100853848 113.71622080244794 64.89129182245746 100.32046784807383 43.2934988724209 90.74186998573074 10.434955969204339 74.70186786919282 0.0 30.757846182499698 33.94762507651734 0.0 73.22927998824728 35.257700822476416 109.12415360634589 16.850357794275332
9.935085866151923 2.5429273099410636 50.27641908612095 0.0 78.2653724962154 0.11760285323901343 123.0006676309044 9.520318349594845 86.04819230948895 46.301005112175076 108.89005329642717 106.69628994106444 57.932603810792614 84.46850254363974 22.088369593096814 80.91719479244651 0.0 44.3889965659495 9.935085866151923 2.5429273099410636
0.0 37.31991936303477 40.546115069834656 0.0 100.85940721681267 14.869297371575385 131.4528615252583 31.456894561729577 147.45617853872955 50.28545138376312 211.28154301731104 23.673601948057666 183.48179141182266 74.62451421419928 148.6394784478651 94.14514629686977 205.74022353965648 146.03074957811367 160.63354847116864 147.63654516503186 133.77792358295187 157.60467650299 107.13332177838912 153.65048085039632 103.1017143605496 116.72071294355524 43.70446237842229 130.55074456210014 28.501557321625413 92.83096828718472 0.0 37.31991936303477
0.0 114.54500755670665 99.9363395263481 19.424193780641893 167.85051989118247 42.3236073296364 260.612203202669 0.0 252.14118901812262 90.25142026990697 230.43795543817072 195.04952141208585 145.21489651107052 125.46731193517002 0.0 114.54500755670665
176.49028773446634 233.77145733709602 63.34813612523199 253.89069684492253 0.0 150.6596836796893 125.44500537058241 90.75223030189704 117.61494317195934 0.0 197.8380190060436 4.980831085867351 261.2251302492499 49.0105959567907 361.18301815533766 133.706167100735 249.36455821617352 196.15614046421643 176.49028773446634 233.77145733709602
0.0 87.35145129945641 81.43511068978373 0.0 175.29244499874244 40.831885262827925 216.38370277864396 100.49652647322665 209.99289356318806 183.76366836904808 131.13747823285254 170.09920293515478 64.289292929651 175.55568305330917 0.0 87.35145129945641
209.66572171995654 106.89245075603733 145.96370839517527 171.5397028794001 71.33294914573449 156.1195259795997 8.658212535657213 133.8857835391331 0.0 64.41486304390426 30.31337041954538 0.0 99.5595834118406 8.265797940502836 178.24781434493565 23.790712738451163 209.66572171995654 106.89245075603733
0.5246605787985743 64.95149797486332 36.18672734313212 42.45923443992746 52.05842216966218 0.0 83.54362497814154 35.033074772911064 143.25836875115442 26.3078960129534 156.20486819970358 80.05135239125426 122.36102119507497 117.81458631708554 80.09011168341787 116.00944784133026 44.31844667914365 132.17719189148096 0.0 111.6636707198609 0.5246605787985743 64.95149797486332
52.648122930044366 125.96368401695392 0.0 77.80078094859904 17.73218075290272 0.0 96.59467757521622 13.069096526970519 141.88354771409286 16.764866149961712 212.02601877146884 51.92557191846343 163.02511100371066 115.8680114119052 108.79264865782774 139.90024925545586 52.648122930044366 125.96368401695392
0.0 0.0 107.48992424308446 0.6754943452408497 77.96892013857435 71.91488344330794 29.044836573469084 79.10730470481347 0.0 0.0
31.180053531943457 5.715834540168217 77.24634790596969 25.614118585877634 114.15871107038838 7.907520818204233 166.3105118401209 0.0 221.33449214365916 25.886964377080957 192.03514418934898 90.77528188677427 174.98422017322434 128.7688197599854 206.44706975371543 195.76427958546628 152.89433326203687 214.34300030867348 102.56423098395703 198.44582122999947 63.608664902591386 206.22011643536678 21.727334457898166 196.37529714931128 9.915804832743902 154.77433423997053 0.0 118.24483889318546 12.814297746827151 85.49064541078647 9.375076143157827 43.38394773692695 31.180053531943457 5.715834540168217
180.04934873858485 118.67456292915097 131.71907210291522 129.03612178634955 94.16023594358151 93.84553901512025 70.04321567559793 129.65068871767969 62.86087144968096 99.36687479910374 60.17159533822843 81.92187220474804 0.0 50.74604938734649 47.32533932732778 36.054711781027194 61.90730881526386 0.0 96.06228696765633 32.37751949392561 121.49542832527291 30.06848412643197 145.83641667794186 44.42411582775766 160.4620266034426 71.70697509989328 180.04934873858485 118.67456292915097
0.0 64.65335049531032 76.33380382543433 0.0 139.38360069831472 31.26819895091858 149.18177731777598 101.70682880940203 85.03589103842043 91.42986977899281 0.0 64.65335049531032
226.87125244496087 0.0 191.53419532536049 147.55897869537625 97.37065378617072 171.99866933603403 40.02261320378031 162.15429480817994 0.0 114.61686108447654 33.95374480222742 66.4924271931852 79.35523707734127 18.546334213213342 226.87125244496087 0.0
