70
101.54928552210731 24.17786852510031 140.10672006116434 1.7059013379173678 187.94936208709765 0.0 220.93346914775097 33.70141147892847 327.00643472584363 55.48732665978005 264.66558700544635 129.33469868349945 241.46764868923495 189.84274542932673 178.5034198290593 202.73569519701812 81.42330521674208 297.0240233849188 59.71280616491907 173.0812871456901 76.8125099128807 105.90014486695475 0.0 36.42291951568673 101.54928552210731 24.17786852510031
144.18627627828772 0.0 223.87033934163213 135.11725927002186 112.94220423351457 201.89851068091713 0.0 189.8118637503605 80.35320059241805 121.42938610851728 144.18627627828772 0.0
0.0 10.16651141392353 134.8888291288148 0.0 160.27988557331594 127.87004161126096 25.977965517041525 142.3275014054359 0.0 10.16651141392353
283.1848302476863 69.3217358795837 140.44638635005683 237.0026453039003 62.224573881752676 75.54361702003159 0.0 0.0 88.91905744669492 33.46242808636896 283.1848302476863 69.3217358795837
196.72300158442792 94.52707010476485 158.72307390898425 168.81296959455187 85.45333206164995 171.89981103049166 83.79776731130005 103.83023804602905 0.0 58.987699176192415 71.55518950283675 0.0 158.23196739808458 16.80579533271664 196.72300158442792 94.52707010476485
15.816260863100808 5.527956905126459 57.98384925983211 0.0 61.9683546421963 53.12576383558064 0.0 53.92605013503217 15.816260863100808 5.527956905126459
33.21663853736459 194.2781801020006 0.0 142.31761662985622 59.67209239410744 98.85053352476204 39.46907520753837 35.57117106118132 99.3434296058168 35.219472713585844 145.7714611317006 0.0 207.47726170350222 5.995897176169535 276.84942888445806 44.94819041488702 265.95619424189505 124.03213878591325 245.8839298202213 190.7932422768098 199.5965720387867 240.43788278595918 133.52742420413045 214.05183544327735 80.09394126617227 228.50866111270363 33.21663853736459 194.2781801020006
47.163032957944196 0.0 106.5089882792355 10.081169726415155 108.47992004275966 66.77045146742115 122.95665342351154 120.92720315389204 65.76908050549525 106.39038658837097 42.869363730493774 99.42630293517595 0.0 86.7133078617621 27.012919713453925 51.12118016777272 47.163032957944196 0.0
29.072579959167342 0.0 38.28975919718097 12.11972067066219 59.729530103555106 0.8559402364721791 44.613490209262736 26.12663632131523 42.85943624354583 31.941110587462248 39.711754560841726 35.629683553694974 48.105155524835396 47.13793769225454 32.883382199365684 36.77542070570462 33.3823514322371 57.130295049231634 25.677638564098544 49.378347489889336 15.150953118407742 51.02760068598302 18.92952875414403 38.78657020682529 7.092665761143664 34.44746150246195 0.0 21.8089448595737 10.221978662065169 14.579257257034243 23.60223857043337 17.38865178313594 29.072579959167342 0.0
269.84894212854 117.65527875019762 233.30599301100642 174.27573297520806 182.50682832526059 186.07292149071984 152.65997896373676 182.26820925926035 114.08736979764575 234.7733738537608 72.51956102777427 210.21042001679967 144.43941488509768 142.07330267759954 0.0 96.57566295514644 61.66229528061854 48.8718462084728 116.75624646352327 0.0 171.66220424586567 67.53996071249495 213.38609395474572 82.55099447426474 269.84894212854 117.65527875019762
112.46960896195637 159.39367995592713 83.73900215490966 165.38634844728693 44.82937064738411 163.22492346533178 39.62590476702073 127.30401015198906 0.0 95.83304517753288 64.89167448277993 77.1059419090193 46.40226967770059 27.58524207568253 108.89044176033791 85.9191998010852 115.07434987106392 45.953739033931654 158.2649304994727 0.0 164.81074701838347 52.02938978991804 209.5098721193006 61.72842811354899 194.34121636846933 102.20606158304308 179.5718912797198 128.4015725568729 190.94446944783624 180.46229076248557 153.91312574413706 208.52416848469818 112.46960896195637 159.39367995592713
9.21838671444948 26.578597103254317 97.11133052803396 0.0 156.77283319228235 60.2138276809758 94.24531457421986 95.03573294176185 78.21847278010631 134.22260275676382 0.0 121.42979016266592 9.21838671444948 26.578597103254317
73.80732320773788 146.96893853821706 0.0 77.96618642694013 91.37902005883839 0.0 194.51397169517983 39.39506624539375 162.2523814807415 134.34426434798945 125.87408990722186 193.39359627291105 73.80732320773788 146.96893853821706
69.06776765213569 16.462359344510098 99.45651977558529 63.1611047514236 44.682930349957786 69.19063196384906 13.796516211128619 81.10628697288294 0.0 45.57387767383866 18.25426059743539 0.0 69.06776765213569 16.462359344510098
128.97952603288164 0.0 197.78381833000978 8.542707478300613 195.12903309891408 77.02914561051985 184.0124575096623 134.08574548674954 117.93818081564451 110.0220500371568 92.94631495512824 115.80076365528878 26.906022093949886 132.8464522644153 0.0 75.29873318112635 69.47803517605938 48.6391011468268 99.67705075337986 54.770460237388434 128.97952603288164 0.0
118.89436688778426 47.54804200106192 81.67005680149941 93.07855395912364 48.74938170761141 80.87327315470057 0.0 75.69753354002461 49.25696716565566 56.82297897145062 76.2006332102963 0.0 118.89436688778426 47.54804200106192
136.08859619458764 192.6351276896574 0.0 183.33923627425872 52.15174816520667 32.39007595609877 207.13217590757455 0.0 305.99317715338174 167.77143393013264 136.08859619458764 192.6351276896574
93.22476685168536 265.465672986717 100.29428387537914 171.25828632975055 21.58549981226497 183.4830001598645 0.0 132.7942315231504 20.433594539425258 81.50904235713074 96.43516243344459 88.96981008226308 96.3604777836745 16.29730141448654 143.72659125836893 29.589441405401118 208.73519639907732 0.0 259.49561525099534 40.22725182989129 293.72159806338 98.95319289357671 290.2363466213083 167.01665786645782 208.90283965296095 186.08983709285442 192.32194591779518 228.07821994678164 149.3741725201288 268.6330059327276 93.22476685168536 265.465672986717
37.984020444916055 25.686395639300798 19.035127548982587 28.553128942913034 0.0 32.18594604797532 1.2054022907955328 11.697768934243427 14.163150786584623 0.0 29.769149303338196 8.004859813708592 37.984020444916055 25.686395639300798
297.4467829569775 191.34173412127447 268.46170330874094 230.30836243030504 228.05166277725658 260.08752802835113 184.66162740746083 196.91861729206917 120.9136201336126 253.9809043134884 124.74154253549847 183.77707802493856 10.133269910649176 169.0809761780546 0.0 84.32130772678221 136.12405762547888 90.44259916001369 166.12644595095537 80.02588093970076 191.00998606576326 0.0 221.61227662173945 69.78914186303076 266.7532188942271 68.42461253556672 278.24055727993033 107.95488541311033 353.2340755394841 148.27880816550072 297.4467829569775 191.34173412127447
71.79318460174946 0.0 86.69148629474795 15.37252895101362 121.10744168897419 8.405897652212921 113.69603572537159 37.035943676963484 119.35227023174532 57.642975523832874 125.78481448169346 92.23294262697603 83.51336639864626 74.06039851179703 69.87113357391564 71.54446731309193 46.84455897991285 94.32492897526656 50.89475523081455 61.14843385137347 0.0 59.80697014748016 31.8364253760692 36.25724617895615 36.443462118514105 18.91221567944426 65.47958802268383 35.31067154048955 71.79318460174946 0.0
45.11164983363154 73.99408466629916 0.0 64.35029298965783 9.535893201794643 26.937049398352556 39.49681655484486 8.574155975849237 73.54209305186279 0.0 104.59839714778849 19.710337397101597 89.17995979137777 55.576785915557295 111.93590265538177 86.51459367796404 81.24264971139024 101.79736505677046 53.75247865113739 97.54621230767283 45.11164983363154 73.99408466629916
130.42755864212737 199.1877616843216 54.322055586813605 170.7577333080034 0.0 91.97025229479297 104.55944417251104 49.655934085674446 145.43340456099523 27.754046557976963 212.23866638564238 0.0 152.65444029506284 94.5822646387974 248.7201198902124 132.61412907102724 221.4209464675213 221.39928916906348 130.42755864212737 199.1877616843216
36.81200264298518 58.57679521125411 3.2142624281692065 65.98310862697002 0.0 30.148684056715055 26.043793188244933 10.687568312548052 78.59957204385924 0.0 47.42420602689077 44.996554840535396 36.81200264298518 58.57679521125411
142.43058749392455 185.74483338357174 23.741470733694953 180.22347092733986 0.0 52.75294041781201 93.43522338774247 11.463333314760199 139.7068322480497 42.35942252351977 348.02032453750394 0.0 306.2603922562031 179.41320559156406 142.43058749392455 185.74483338357174
282.52309718531865 121.5481722339486 171.97002973036564 171.34638137794724 84.09477480870757 194.29262218998295 46.60426319112133 117.52470354634457 0.0 44.07387156329443 74.9217191673095 0.0 130.12505029379486 28.347699915389775 212.775745093072 21.624288894553978 282.52309718531865 121.5481722339486
48.868698643286095 0.0 78.82849448919617 20.501257293521107 103.47151845951547 43.541442451132156 90.0994139468693 75.67621853286549 62.88575122249951 87.3887795073026 33.03378557748944 83.41024734631715 0.0 57.43799260661831 44.224646536868164 40.13219646709612 48.868698643286095 0.0
95.94144757325525 34.683670968189666 114.7832741975943 36.836844967718946 151.30831117165138 29.98087738105182 176.08431391881038 55.65659113838305 116.3527277229103 83.35103278466573 120.35974710136126 96.51539021905401 123.76971516680851 121.66952946184823 106.2642996066021 137.04145071878668 85.08808150569996 130.42491120392458 67.57688370125001 123.30085494699101 73.21226153999321 94.64260731967842 48.73878729233533 92.3981750455582 0.0 71.19723639967317 35.10568614086216 48.851514810998665 55.23438641466336 33.16149310623401 68.2870930101942 0.0 95.94144757325525 34.683670968189666
62.98351071528414 10.220448682488879 130.37577499039747 0.0 146.47399758901173 63.1674083774672 142.43890099022133 128.77639895734546 78.87970285624205 102.06150723827501 13.38775762648936 113.5019502540802 0.0 36.36010781085584 62.98351071528414 10.220448682488879
63.06746583578386 15.069737567225019 96.64486816964573 7.213064134870578 135.59858385470108 0.0 155.88913191453278 36.02277211858632 237.54696343103592 45.81290449795623 189.92230982682221 101.31849964853843 205.60997514861396 160.57716835373034 159.04003584991946 192.3680519870758 105.86149559881346 184.9886044092777 46.45107061909303 214.35934659928202 51.32802612033207 129.7570207126154 48.80190797056522 99.82006678005494 0.0 67.37523967897502 2.7668361805543498 14.462512115146922 63.06746583578386 15.069737567225019
189.71351488244963 23.457647834012036 209.42852530385196 75.16419990365944 213.57699547625091 134.5986577843072 157.0144533669963 164.58046705049395 100.75878073258124 150.5992815190109 0.0 136.8528126524662 26.291832229240413 48.43966893808417 79.02541204500491 0.0 139.6943239404913 7.332730791530665 189.71351488244963 23.457647834012036
229.13610692274347 201.38188256868708 143.95116047918597 198.82746437315166 98.51216746156703 231.9802606524938 81.27423574842419 175.02586454619674 0.0 154.08709694780651 55.37404173399713 106.79163594569069 49.09386980849493 0.0 135.37229045279662 54.36558852957067 202.8164675017823 63.57090198146662 239.01002352430925 126.24003828212938 229.13610692274347 201.38188256868708
37.81343024463561 0.224921865451293 101.06117818367582 14.420266266678226 235.60891128698302 0.0 240.54430829780165 117.88565800022208 147.9804228617591 172.08738389339464 80.97932936854312 182.47532445154008 22.987317932234987 163.3283044369603 12.29697588018496 109.36507635561664 0.0 53.924210230895355 37.81343024463561 0.224921865451293
77.0740316753998 0.0 151.80570750188008 95.92598257991482 192.55270194561103 191.33130179009606 79.99593489740445 190.72682666582335 0.0 110.92395125346725 77.0740316753998 0.0
67.2937889030132 49.353829608242094 81.89048411401826 0.0 105.98855778384794 34.712826699718754 165.3326508119873 34.47891872802389 160.65113717727797 83.87763842032523 159.6060394238553 139.3720937440596 108.75379807286713 163.81836381957896 56.78567842934916 154.61031381597255 13.524135766955624 130.39569276440773 0.0 84.39065631559313 38.57600571776484 52.67702249985041 67.2937889030132 49.353829608242094
21.234703723543504 48.79593978193991 0.5494156463868762 40.62211404476636 0.0 21.592632602879917 17.93966431948398 13.360874963134947 32.29321506183106 11.119580921798473 42.445713634504685 0.0 56.0451435819831 3.3582880102609067 72.62767554978109 5.538261405657948 72.68837034791494 22.923875261756194 72.01911587614158 35.466167479508556 57.36486550499724 40.922533735489196 62.562824073909326 56.51969784685997 50.54854513094888 60.672015330671314 39.96959776121054 55.39931675363188 31.035254589187275 53.14709141518405 21.234703723543504 48.79593978193991
109.49055900188601 29.043063160172622 185.3787936729575 0.0 222.48772303416803 95.18379211986179 123.77115947029027 190.2906003220392 0.0 98.13743487336048 109.49055900188601 29.043063160172622
137.2158819543204 196.56209861106078 125.54607816740562 223.00652127367144 80.0231834620592 260.12832274526863 37.223148738995604 238.50423761600615 73.57571336893332 185.42717838633786 85.38384128180698 162.20773968485065 0.0 50.64684009183516 88.33848888315143 58.697984236902656 150.1448166074126 0.0 188.41064127739045 89.0072448268924 238.17831117158002 111.68756630533333 225.5061502732438 166.17873096862002 300.09665076395123 235.09053417607896 174.32808702088016 219.7700807869326 137.2158819543204 196.56209861106078
80.25002787793454 47.482115272067205 58.1017939429434 60.60518136009637 41.67484553399676 45.059370903603735 11.439391379735753 51.773774433841666 0.0 20.880918822257527 26.739452098930116 1.1022856021048 56.89867977102175 0.0 68.69979247915995 23.044035636965845 80.25002787793454 47.482115272067205
2.2679741781585534 78.40791442974964 0.1701868630634351 43.065433641013456 0.0 14.003435464413599 26.488998537427364 0.0 52.66800945793834 10.955842975042316 83.26556645470023 28.970293830712677 50.5061972889967 50.851630654587325 37.7566780942894 71.56681230745923 2.2679741781585534 78.40791442974964
54.90909362492282 0.0 57.35926652891739 15.660571127789652 79.75580342480875 17.005981473543756 68.72262080198173 32.169734192998604 81.37939689999733 53.871997639576065 63.66471756419057 61.184170419515056 47.96063127172738 64.19809798789066 33.34437862799693 58.64765536638561 22.387721017777395 49.48479025112306 0.0 43.10604662653844 2.7202675824211937 22.574342988099886 19.761055433085957 12.016956522456283 36.509126298875614 14.618008964601017 43.838616697730686 20.116149421893553 54.90909362492282 0.0
17.650643826367187 40.18614105897167 0.0 13.976939314658978 30.55912584390545 8.360582591214154 59.51418563310871 0.0 64.73299044985944 29.213578920666663 53.23974273918283 52.12226965802594 30.453589758889578 53.985702678008124 17.650643826367187 40.18614105897167
111.91322986851556 0.0 164.19969102853622 47.82947046777379 184.55396413164797 88.58489290596839 127.3794673090298 122.48092453088076 245.07092498764942 211.58698875668955 172.52719014922013 244.81889253302597 106.41440865940847 201.90302652893337 54.59998924615343 194.9899174472281 46.88655403287049 143.00797337794003 0.0 83.61078745310172 68.81603984308867 56.32565406813711 111.91322986851556 0.0
69.45239621146573 53.58164280930518 39.23919496120898 52.93576446163985 15.739580673775208 66.36821506957307 0.0 45.38861104306352 7.279571393448862 22.48132221077448 15.713975919752286 11.129371000447605 25.141283866451502 0.0 37.16447183298102 7.913231713829816 50.12503503919814 10.421202830513224 37.18840365598044 23.740172209872142 69.45239621146573 53.58164280930518
157.60659570206303 96.8249208972326 105.05145921173985 115.65667811650962 30.092282594072515 141.2145924528265 0.0 58.733707318183896 49.26672998003983 0.0 112.20442996365692 1.2246827217753733 162.45705748609834 33.37962980171343 157.60659570206303 96.8249208972326
37.11148611018626 77.33697989865048 0.0 63.695565176017766 27.937160209240176 47.09558421539724 37.969846738567014 33.952386425728776 44.91854361463233 7.14239451950592 69.90391391832277 6.0733370733545655 96.99579059480703 0.0 102.53977387826527 33.01097711215242 122.76656904203654 43.334364603797425 109.6137837264242 65.3697240946596 130.35370804178234 89.76980116649803 108.54479446519557 104.49782848198574 85.53249661662905 105.81020138402413 68.09816516066857 110.31404632309419 53.68326489433315 100.35023563671912 35.26273417774192 98.14392675915052 37.11148611018626 77.33697989865048
89.76138157173808 97.62362914452709 81.39753082861857 81.19930800286977 0.0 31.98287635158178 93.75164200440064 53.314039364850686 136.71530970965836 0.0 153.25849059554645 55.09465019083065 149.39689167150948 96.749665905726 107.33834076678065 89.72256789426838 89.76138157173808 97.62362914452709
47.185816223413845 21.046146568182145 68.54678115092705 0.0 52.743078849926526 33.03981138421846 96.045584966413 31.263428241621703 56.27462830363046 40.87131021353216 58.41826710950658 49.80849545923204 63.23101320647894 87.66438685409929 43.89296845729856 55.16374474449977 20.927454798910226 77.17403090953482 0.0 65.85935196082673 17.42440737754118 40.43230165713859 8.896511241746829 24.66284385650642 14.20243356485306 7.1311017618828245 38.47277504120226 18.644265090343886 47.185816223413845 21.046146568182145
2.45342568060137 42.3834403542618 11.334652472093339 18.448110847812323 37.4672306563507 14.729727366117338 58.29110954696521 32.89655005875591 81.78264559563434 0.0 93.37286091440461 25.485825123389453 133.34208561992835 30.504000588398846 96.09466021029257 59.85042760256771 135.68487224752036 95.93584555989085 115.0565786169721 123.20463983173494 77.79331991509144 117.16318159420484 54.992375095826894 96.37469964958731 37.83405356756324 94.57059076484964 10.858184277081783 91.10163204277907 0.0 68.26900145514719 2.45342568060137 42.3834403542618
200.6750361819234 130.71366861313294 0.0 166.84268735008814 122.2124912336111 5.900425892170702 273.33704897517464 0.0 200.6750361819234 130.71366861313294
115.2338981981759 53.568256800703594 160.08259272258746 0.0 232.25168961510298 2.53353023687842 309.3690363969464 41.178304692475706 251.23683358992844 121.81893588716736 299.9581796457443 208.52195090225607 209.80604651291085 214.05805595863512 171.61156372789344 150.83506390483217 77.42768061539527 178.4621525953469 0.0 100.57671525971088 115.2338981981759 53.568256800703594
25.2417622283657 20.883791900961896 48.03014291571829 0.0 53.75776304277761 35.096518991956515 22.96784303825345 41.46917265597229 0.0 24.570284678801286 25.2417622283657 20.883791900961896
14.675335703129392 74.67186614440104 26.245280057443622 45.3142379616077 0.0 0.0 52.0362820861785 3.7033991812671587 77.68898594519254 17.96555829934576 95.42255889972333 6.523709073197452 118.88618760528021 8.755088329352915 159.11359296846288 18.382215932262596 155.2243561055878 54.050758270967805 127.77355287963803 76.13392169597047 117.48883393650817 102.95893081939049 86.81789872340018 91.93924298584587 63.66373588366096 104.66549113078885 69.62964214435424 62.06221345128135 14.675335703129392 74.67186614440104
98.30936847524893 208.19473134218669 72.26555492076275 163.5639763481828 0.0 140.05871470906317 4.015421309319208 73.33049422138565 27.006548640610077 12.787130714862911 126.49132238254909 62.10308431659251 145.2462853353281 31.012436574560823 184.60402269758367 16.03329204310222 263.88003926029774 0.0 294.7957791992479 63.1314103732232 227.55478339125773 117.47896144688062 169.18285515282722 119.7228559786312 178.663132597893 164.63110820905763 148.69520046060654 179.3847806627005 98.30936847524893 208.19473134218669
296.51747933282604 80.03754033262747 161.45198786519853 106.06604095339966 140.17325791261425 126.75727580200473 14.236357487126185 159.20851112294343 0.0 29.580021221232542 116.3338582040557 0.0 203.09165451509315 10.50582661345311 296.51747933282604 80.03754033262747
92.70133310658176 136.97773940454346 53.20631187858825 132.83080987611024 21.172796097346406 104.54060988929206 0.0 61.24688214495685 0.6412007032311067 5.062150645343479 72.51627811697111 15.669061006021046 97.02754444627499 0.0 103.7791443613113 61.52487816084082 170.0501934535388 5.164349229039743 211.73729267187917 37.13850595520089 241.9305696152623 101.45208960832417 198.97849402009973 151.49302273252795 117.1104336245151 99.76113443708286 92.70133310658176 136.97773940454346
32.988054363083265 73.70112980306453 0.0 15.683375720647852 62.336959881358325 1.2789147669545358 105.90996152630045 0.0 185.47843389674068 28.078876921518777 94.94120722097979 60.08999572769071 71.67489056059785 113.36085956270844 32.988054363083265 73.70112980306453
59.52110641235575 66.52909008497588 132.79302201253662 63.74649484082374 134.4706590692344 102.3926810116406 69.48484730550081 95.81754195481362 63.833359195384716 119.39595257164278 43.812521489408425 112.0852580175811 22.38932882279866 115.62738381041613 23.058190118294192 91.19282351431427 0.0 81.50255690700872 7.059309356000313 63.03908576192393 1.4699007167110096 32.91112123349063 33.40839797780876 39.301637162597174 53.2500504792459 0.0 70.86203400988325 34.162390127557316 59.52110641235575 66.52909008497588
240.89703026628786 195.04209022812898 119.17957060658436 234.9164977553557 0.0 177.75770803696423 33.76857261624602 42.573855495403535 146.8237972175233 0.0 292.604061592741 44.96297602530788 240.89703026628786 195.04209022812898
31.871859507137387 67.61264575071078 0.0 0.0 72.11045723101624 9.169642691326125 102.68894273778032 36.09915874207085 83.07982087610904 79.47591629953502 31.871859507137387 67.61264575071078
274.8416235616511 220.87146874155576 225.5062037462496 217.48120828114426 198.4151236392923 225.10748966277396 120.31276933502116 334.8159979314752 125.27380158653268 224.82142533000152 75.93352047719341 194.26354217076945 0.0 120.94354159457356 155.55289487637134 129.80346942438283 111.47972184971798 0.0 195.64882724849747 72.79059925353194 250.48179608098158 48.77986328891613 356.7796597035525 29.95891117771768 287.74644360416914 141.06823761460845 354.25563447661125 197.57206281239382 274.8416235616511 220.87146874155576
33.59057224746265 0.0 57.89171607351894 8.249351622922205 80.30030055520555 17.664833156152753 55.29368205765895 35.453647684869765 65.66254273724266 66.89267237109505 41.28430514169413 54.26264607473695 26.169073034619778 43.73861125183481 0.0 15.193884003028728 33.59057224746265 0.0
63.640302658182705 19.905844330407533 120.57484935824769 0.0 122.56814984007427 57.76817609831181 86.59293983406108 84.20545198641464 93.37684615242654 121.64710112919465 60.66234102267126 106.88672554733287 40.900051433318254 101.45253785739045 9.810333269221843 89.602326922076 0.0 53.884698199716055 24.832689782874695 21.893114820171142 63.640302658182705 19.905844330407533
351.4721019287209 63.62408996194516 268.5200496199365 169.93602586862093 158.1819854833739 230.68702287304384 0.0 174.90261991072776 66.61168383238885 29.852294086191364 173.58876027435565 33.911329950200894 236.32562475395807 0.0 351.4721019287209 63.62408996194516
319.5705472395539 146.62186792603507 219.95596872198013 230.13286621433582 132.98775597014327 141.44807498069503 0.0 154.32238560433234 32.51512939274218 40.38458141289163 112.82713355850493 0.0 173.94309431055132 24.8660251851882 239.56733892098867 43.621617123590944 319.5705472395539 146.62186792603507
28.977026669510828 3.4714111385955846 81.68974021924791 0.0 124.27677737504601 11.263004118882868 167.9163160446807 53.93426985584654 113.29288149057442 87.54912868540296 80.86621667484272 119.00511174295673 46.67847530890663 90.24091454848212 0.0 53.038032824538035 28.977026669510828 3.4714111385955846
62.61224888094934 64.93273434401772 14.444886058259613 107.80845264833684 33.86680589509278 46.86791303974359 0.0 13.158515070886402 39.55963016563098 0.0 64.47355683932342 24.496401655056083 78.23061889270649 27.1603407126236 114.77970198533689 44.36713174083669 123.36953560506598 101.57225453470605 62.61224888094934 64.93273434401772
55.578390066403735 19.10453454141434 65.40411307990507 26.738804217494845 64.78563587466721 39.26409974324538 50.239810410141025 31.02465451310212 41.25135841050922 51.53220867002216 28.93205388993193 43.88731049447888 0.0 42.32083579414977 14.822346083233676 19.06940979461109 30.14692054224127 10.902564061648462 40.7455774682231 10.323441181829338 46.41798743364661 8.04283690351646 56.719845030057066 0.0 51.65503482152149 17.107196971378258 55.578390066403735 19.10453454141434
248.3963372682166 257.98232020582424 212.15531773689094 296.9234134413448 128.8074419293614 325.73301728627587 128.90085747178114 252.88000081478444 0.0 207.79965341074524 109.91370673342291 151.3007627596008 172.72906513490577 135.03118457395772 149.05957324955526 0.0 243.02327179665787 135.70686370810773 298.1912031509415 64.96700437825541 371.09254552542706 70.0539618005518 331.87916999085553 162.73338354788746 407.5195440416568 198.20232175080082 313.5528534994876 228.35928773778778 356.81464906650035 308.05567062367214 322.7437991670205 373.31564363803153 248.3963372682166 257.98232020582424
148.5811549870591 228.52062396277557 69.01957624910058 198.5572328022211 56.41095512946649 138.78809912916302 0.0 100.57311333734194 22.92235466178218 38.7076791370484 86.28371208073376 0.0 175.86962166219143 3.7469146125049093 249.08581315438045 75.07833478667813 139.93492454357022 134.28945338572856 148.5811549870591 228.52062396277557
