70
286.0298982242997 44.52799876435519 170.33926328687326 126.62242937162854 158.325891473201 175.3303376864929 79.96640934792478 240.7278517136711 0.0 164.98686333358242 21.130591357486253 66.59638400030764 82.67602119182592 0.0 148.4826013476183 75.23384573971012 286.0298982242997 44.52799876435519
171.1179696743793 138.72063818505026 112.99431129415593 152.45956093010068 56.901642197616574 135.5678551413543 0.0 81.80436332014197 35.686305766958114 0.0 114.75434842797611 22.665836465521124 196.68737110574773 0.4978993723116787 238.83986497377737 79.91471835603056 171.1179696743793 138.72063818505026
42.559411598922665 133.19597834988116 15.227383340188396 82.74597235137637 0.0 0.0 83.16070275428667 14.409728560835632 133.57330973813868 58.21620449852762 116.87383048319569 131.38763424933174 42.559411598922665 133.19597834988116
73.19954979395808 153.53090019701722 0.0 121.85989260749564 69.39466639173577 79.35446692720656 116.86643488396119 0.0 152.759210418095 83.07484486153807 205.3589083548631 150.79725762249825 124.59055822711768 189.08402408125647 73.19954979395808 153.53090019701722
0.0 43.56764759228339 3.7836653415535864 28.66978991506089 0.7130612773055276 15.980786787820747 13.21105393831661 10.836386705010014 23.511371838664886 0.0 32.96574111909469 12.329799611708836 63.31748244918553 11.571231780975367 45.66747911585357 31.939405969656676 30.086383432400268 35.00064622402817 26.17361036121477 44.54541950980037 22.008011319146902 26.935597369033857 0.0 43.56764759228339
122.03471955233138 16.28459513144466 82.26219135870444 65.41239254906023 46.10087433542756 70.80220053163735 0.0 31.92619145041182 55.89808952680423 0.0 122.03471955233138 16.28459513144466
101.40277656648959 129.4707701795773 49.63398639732623 146.85290758883997 57.525570767318655 79.98944296174639 0.0 50.410250501885905 45.012400204603566 21.878627574338722 82.46970158613838 22.8164941038236 108.38931346102889 0.0 155.32835937244226 1.4131542981970782 149.50105829606275 47.54211311764883 124.06604064491275 70.62136159654148 149.1576972236461 131.8744255921101 101.40277656648959 129.4707701795773
0.0 114.42364562890525 79.52157477141802 92.63121216284493 94.41214193143946 62.84051905472739 164.41465970049865 0.0 174.74658546563077 84.49409395817797 239.7644952786983 152.77419654374154 134.71593588234143 157.80888315523714 94.33961866098434 197.4900464149986 3.206561525711379 203.78418801013837 0.0 114.42364562890525
53.63511272281073 134.6994632812878 63.12852926488114 100.79340015024755 0.0 62.50053035972914 33.740765992346724 19.29432225308176 79.96901776532789 0.0 126.3819066125373 10.05342440951938 146.25067455208398 48.35321064079089 305.6139568284906 42.22038579344235 238.01064462743287 130.1668826152631 158.56935245966724 153.8162431611633 141.71574419054582 284.29048931064904 97.00019968893305 101.76527001756575 53.63511272281073 134.6994632812878
27.437126019448804 12.6319699336308 51.04181525246806 19.930033493726242 70.85470703602203 0.0 92.81979026987648 19.717497848565145 95.58534943425704 54.48100826263399 61.53336541206779 64.82093039467316 24.01632642927928 77.56924873971505 0.0 41.06042848430653 27.437126019448804 12.6319699336308
0.0 10.958849230661727 96.68992357469746 30.073475912187448 141.12917921714097 0.0 175.45171129078147 36.849210760219925 185.74504752569942 80.63286922239698 123.6435555374843 90.25840821434512 151.6754645741894 171.83519738560253 98.89705580136949 159.3585960558479 51.67561612466358 142.31047692737306 42.91154061022422 91.24344638958576 0.0 10.958849230661727
3.375092773756279 203.90736535798752 9.752344071176424 139.62041983419635 0.0 71.88758694194837 67.38639172853655 53.64225078444653 120.18120206445049 93.01222524872256 204.16888049408334 0.0 291.27705267587714 48.5018500129993 207.19510462002512 146.60737836604903 305.3482059722036 257.4060971803324 161.6510152145238 219.96008408043897 112.65257376943717 281.7294474409599 50.71346382154903 249.08982517915715 3.375092773756279 203.90736535798752
180.0488240291368 77.41202666729916 270.4507956441141 64.42426250621536 222.03670485104112 131.76429061143907 173.7481715171951 126.58043495859053 154.3900057613051 168.76729455827876 0.0 213.4074952036532 86.42893976359096 94.5570975322546 104.43490499444434 0.0 180.0488240291368 77.41202666729916
197.46941317959903 179.6382707469853 0.0 204.36262959645074 86.75875495889913 0.0 267.54481555638046 29.471906110486074 197.46941317959903 179.6382707469853
67.92366826343715 0.0 61.041777517112145 28.713464718742173 31.84727974899352 39.89373105535766 0.0 10.379919689823296 41.81449455076804 0.5245828003185977 67.92366826343715 0.0
49.968775273589856 0.0 67.45989892594062 5.076480488341915 83.71701265302451 10.322075930727706 74.84667002766929 36.070125160252985 118.16878780969654 40.08978010625282 101.50980194250067 59.69084683044848 94.46173340186311 76.50181371281424 78.46002699913197 85.87337945161134 63.29518578957688 99.59757321941875 43.11092883604387 94.24055391728244 23.24209670380455 89.09202577389486 55.910624025037635 46.553890692942375 0.0 54.38985340433973 23.802667419648856 38.34456576420516 31.101948251256445 28.15946806593668 33.21923945316678 8.29645401853604 49.968775273589856 0.0
0.0 0.0 170.14208230795492 46.11554141570313 130.51805614869852 143.997660681201 24.847381418336866 166.24836559958607 0.0 0.0
203.19729648542977 106.30836234733283 215.996997003737 217.58837331717612 110.07685903027257 212.86649710653157 0.0 165.68023649775935 28.245276182571843 50.487835239256334 105.6169729464841 0.0 172.8649589069096 19.423318640100476 239.56467857767905 43.98437530807672 203.19729648542977 106.30836234733283
7.5578067079313485 0.0 60.5417262612862 13.584452944636077 136.9600186149595 6.471046476353244 90.1857110472729 65.15044680234627 49.52546231366239 86.64210589779805 0.0 61.49406520291739 7.5578067079313485 0.0
0.0 0.0 169.8926320472317 48.78379502285301 268.47756489115426 32.429179759813074 264.5899225051843 143.56069834765907 175.06535982506807 184.88517769873687 61.815147720959146 161.12988160719885 0.0 0.0
0.0 124.77737496092708 51.450476104154575 89.28479105147208 57.27895504441006 42.09758554798228 101.53129347679582 0.0 118.99346883696919 94.77374701114297 199.904792917421 59.36464223314654 146.67729781744077 116.37007299189271 184.35450624028795 156.38355974421336 129.2970222413864 151.64796435741954 111.47228860783412 175.9026789787984 87.35947554036788 160.4431975776671 21.683884081873572 176.45687795505995 0.0 124.77737496092708
23.49408855953645 0.0 36.16422645982071 3.148324828889642 46.00597759652338 36.05150899375137 0.6125798421959132 44.947867958640515 0.0 1.6749540552106765 23.49408855953645 0.0
165.65824296231517 15.112248290584446 254.74236721835237 0.0 255.6906492772774 86.38110620117139 215.7738420212584 133.1348825218795 182.49793641439538 251.73762614610376 127.95665569682481 137.85564873405036 0.0 99.3403629700659 119.49983615358016 49.010199988821164 165.65824296231517 15.112248290584446
186.22686783559627 2.2074372507133972 175.66050854764006 66.11989499725358 128.31378913780162 91.00472327136686 119.63737880612739 134.9859992518456 85.01637331052117 93.91604589095373 43.07287706988697 120.19667631429682 22.980762631043262 85.49471654361734 0.0 41.77101864999301 28.690236667192664 2.5309568342607562 77.9941412789629 0.0 108.99251800077971 20.407373425159683 186.22686783559627 2.2074372507133972
79.76476073109615 54.918087910131575 129.948804632772 81.90314710267326 135.8518606715972 0.0 153.9444078107304 48.98968602960146 200.3631129111823 53.19850677705415 234.80458957002534 99.57509261013622 175.2086204229222 125.1878294218508 156.12216872928678 183.0737932057209 98.21825088042445 169.43148337430023 17.60120915655341 169.10193231893214 0.0 92.14474580202867 79.76476073109615 54.918087910131575
112.38213219229536 64.96874527167282 96.86035294153281 103.98047183552325 52.34201320024847 109.71663648528352 0.0 99.73230732418008 14.516566414431622 46.05726265674331 28.54115641284571 0.0 70.1191164783553 23.703208497687832 133.6450711000391 10.57306504443234 112.38213219229536 64.96874527167282
41.14972480883249 82.19210249503499 54.32230489775084 41.29836911791794 0.0 33.380636742842626 44.96177304130485 21.400515386449996 61.03105265546316 24.91687549732488 71.50170180795494 0.0 87.49959118391276 11.781880789754666 91.56043424605143 27.838564568647698 111.39298795342027 50.108639093607664 96.46539222508865 73.226145504328 68.81296599213407 75.07070298060395 41.14972480883249 82.19210249503499
9.441897107052796 55.602298865186384 49.333453834670436 0.0 108.10814157036059 32.15258848159448 143.3195801757837 58.34838311000188 242.51494660508058 90.04688425625186 180.09993043966347 156.3067667132018 113.20224812640555 153.0938337137589 82.97232449366992 145.47565046785604 37.982102253992224 150.3687527083697 0.0 113.04615011876139 9.441897107052796 55.602298865186384
344.19776448808307 109.50611459726268 350.6188129670146 197.5747477535473 251.63566141025635 227.70009307406045 205.08234882889846 255.5606514734563 153.34731468707588 272.6186429404531 94.83470051526345 264.85332686058416 89.87139865077663 197.43118641279207 13.480356732628366 177.3372391102654 0.0 107.77024445164454 86.49661088839682 88.75698055582092 89.10102669876268 0.0 157.39811583192417 42.65935618471231 189.6699445798159 82.58781484285781 227.13802763151782 93.8651539958634 344.19776448808307 109.50611459726268
44.46457860937725 130.5559122263854 0.0 85.1233771365664 32.73187160290964 25.741229227607363 90.16607673533393 0.0 153.4417280147889 35.517921940865484 135.71018013709215 99.84133682866371 95.56372679492449 126.6069795531875 44.46457860937725 130.5559122263854
139.46694363825247 49.731988396238826 194.0565024663577 16.48757079452895 216.3972802800555 68.98272631450806 236.28233908325012 136.26554142859447 168.93563772363228 158.52666044228016 103.69878794787101 210.31990756181932 0.0 178.221234555129 37.720307972157315 76.07741166516607 57.22384132513966 0.0 139.46694363825247 49.731988396238826
96.32213192118807 84.68625281858577 0.0 95.2251452200575 21.099451164263314 18.226387298693837 94.27088432235298 19.30025512079809 150.92988684572134 0.0 191.9834388577653 48.17493051826672 214.3915790828567 133.56696306848892 138.61265310876144 187.53972261298972 96.32213192118807 84.68625281858577
95.36123184026832 0.0 136.1037171037003 35.08283343288433 189.61993966320676 62.99429302334353 200.82215094194976 129.9727412257174 149.45894887416512 180.98364381710223 85.98826793598722 144.4996006193423 42.987843673385186 143.12371284240118 48.84492923667804 99.55115344187935 0.0 53.86014082120961 55.10311201971419 32.751982027716636 95.36123184026832 0.0
203.18579831655777 36.30118273477852 227.22903466697298 102.29082379882892 341.27649793223185 199.7583438538261 219.64643453825568 249.88075209165396 130.7236033762624 206.2219396196562 0.0 134.88519246833937 80.41031635181065 0.0 203.18579831655777 36.30118273477852
230.49700170117313 261.07090770742303 133.03356152510582 183.80699244893316 108.88568329667156 216.96145776600582 64.66564410150988 236.1996716161596 68.33717639699657 174.4143206793885 13.105778299546088 165.02647468956297 4.712435437311953 124.48699628541061 0.0 72.26713649548526 7.081225962040705 0.0 78.33977366291803 10.141117003353884 121.75069199091038 73.04103721667691 146.33926456795945 75.47090149709673 235.6404463520949 30.905502330129835 173.7343320803693 113.27186324553799 289.1607891380757 144.19026801706957 207.27868596724034 176.44041821274146 230.49700170117313 261.07090770742303
199.91977020840554 42.38369864840742 265.6036592547152 158.71146138631815 123.05540632988992 136.93203600279253 0.0 44.768757961329044 149.84433298475295 0.0 199.91977020840554 42.38369864840742
33.339770811760104 0.0 70.73376510154189 14.663567079697408 83.4358588232866 49.193118046719974 111.8908753839226 45.63708277493983 153.82116022398597 64.81182243127411 178.31526701121211 117.71619604292734 136.01551164946474 148.82019935396448 88.11696929224617 153.6392789321656 44.74784523940522 164.1118811437682 1.9979068676050815 143.5813896027791 8.638976865421313 93.14090035397476 15.10498524675927 64.63344876576657 0.0 20.99630742675086 33.339770811760104 0.0
71.27572956112581 110.51956236095556 24.592621321961445 168.3871990540431 0.0 141.06550898336678 17.079582361763265 103.41700509245791 23.9114485225033 79.44400471960115 35.48777873659784 57.05469068163806 45.96738910820537 4.0751249956559406 89.87401429049433 0.0 113.37418190356627 44.41221570568711 169.19897645375033 47.7710817300623 118.42761357432667 97.52149965706627 149.24029720655324 133.41797924923503 85.11021703812946 113.8263717058695 91.72167924964431 166.89779835464668 71.27572956112581 110.51956236095556
25.09098868310319 11.316152999523851 48.18562698877588 26.556356954990832 25.128147639179204 41.30659334928292 14.2997670832725 30.242338507986332 0.0 26.43867107985362 2.4060330531816447 0.0 25.09098868310319 11.316152999523851
47.18999723024994 53.61307341081218 32.06809565972091 56.045422898293225 24.707024040558466 37.330981318317725 0.0 45.219785758493 6.379998008717479 26.288515821180866 4.401259064387787 12.261227409254744 24.2140448003113 13.945289288196122 27.483820068404526 0.0 36.509996466802875 9.002376631894492 50.89790132460955 4.106038731638378 55.778320752748726 15.376560491765531 49.87423654300295 25.918723782837077 60.42240291898315 44.05307619962244 47.18999723024994 53.61307341081218
111.38048668497335 9.232853457053295 198.5974614552722 0.0 151.24886894017283 74.32729026492726 150.08460190458425 119.42237789779834 101.31256939090312 115.35186125411668 72.57727164096501 138.18631187317453 23.670746080386095 137.34756714678662 23.595213616548023 89.02015845809731 0.0 48.55959330342354 54.452624032924746 42.2803333543158 73.1419078619137 20.976421153929742 111.38048668497335 9.232853457053295
16.32563663464761 45.5766345301526 0.0 0.0 35.055129214364555 36.89977575648565 119.85857193681834 48.39957651104443 41.815537013096716 75.95258196518894 16.32563663464761 45.5766345301526
291.18633409018423 215.06727954832922 122.1572563186801 259.43053598310183 0.0 160.81064919027932 17.09079358737162 0.0 153.15216519670355 30.929187303452352 203.40433659390442 79.09556672275413 291.18633409018423 215.06727954832922
5.074872569419483 191.04572582728235 0.0 0.0 171.56289939834951 24.386336220171344 287.77980175440655 119.89831659998625 150.9995714788147 187.8397294119844 5.074872569419483 191.04572582728235
39.05155222335024 55.755051644078996 2.0681949180014954 22.850082517872316 47.52447477715987 38.5630605374971 57.70080866246961 25.1483735646896 90.64451270201916 0.0 131.12813827878682 16.565499485469047 88.1693188472434 56.90722599901786 129.66593296314693 98.5394362395192 83.92782119262597 103.87267662952644 56.13293791313319 126.59491878133656 23.209461531923807 111.01011148342201 0.0 86.29559727815683 39.05155222335024 55.755051644078996
84.88510613433685 19.304620667571065 127.79069601650127 0.0 129.86133097544996 43.194540460560766 165.95196867804947 79.17281712802946 111.3434577618836 128.60346134091594 0.0 96.99212589120896 84.88510613433685 19.304620667571065
82.11095909362734 22.513939664164994 144.1937005736517 0.0 207.56877002164347 34.364452068204315 224.74870604576031 101.69854191320411 274.39485481695436 206.0022876493093 157.0161713348575 209.35402798857956 101.41687804264888 156.53508063200042 84.6788371922215 136.92717564275554 0.0 154.3148630609573 37.984028062753964 98.94600970923241 16.40012411755174 26.528026246147704 82.11095909362734 22.513939664164994
91.68273111630036 0.0 267.4223448059344 72.56739671815461 112.83004308171135 165.57358382670697 0.0 104.22689980864078 91.68273111630036 0.0
19.880389646490116 47.30822426029766 0.0 22.9818714950748 25.379428828644123 0.0 65.65025960793804 11.68036050141967 40.71263043631929 41.32270514158061 19.880389646490116 47.30822426029766
113.04524644695815 32.02846814247539 143.9170836345775 44.959913138428675 136.29194489279993 76.85757577477234 100.23267401099082 71.91037050850254 78.41451883802138 120.12072745205596 65.35726121512803 77.12076131790884 0.0 64.41379926833365 61.82251000696051 36.743870973120934 66.8081328015213 3.4394285617770137 100.77972325506023 0.0 113.04524644695815 32.02846814247539
59.33860243106698 0.0 76.9624656574727 26.911594273058512 105.21470989629202 26.569687461973004 101.55801362753843 53.19814653159503 91.15106207191306 70.07555324085634 95.59271383241824 97.27076096879551 68.6607983423587 88.29311985384604 54.82152002760396 82.91732461247128 44.20894509666794 78.07727134687181 50.37355806599442 63.14534031369732 26.34321521128505 54.88699287628363 0.0 17.236673638787536 32.385950718046324 6.432970363246483 59.33860243106698 0.0
89.09680107152627 6.939496668957375 69.81131007617415 27.872419705498757 124.96069727050666 59.4999880965491 84.08354675098937 62.570893870121026 61.77768415353941 72.7032629335552 43.073618207851496 58.51043819165288 38.28778115170738 39.25417257191381 0.0 17.738405737368325 50.20407309077389 16.544432222223094 55.72573227647429 0.0 70.59162511177537 5.258839877114653 89.09680107152627 6.939496668957375
45.60464851645153 56.60459855093731 35.89010258099316 47.920156970695075 31.725370603762457 39.614874175581136 19.886685073985603 39.33053617131341 17.080844867531425 29.382663941501306 0.0 12.545731159371243 24.746793011357795 11.698390560021224 38.14894331996324 20.8454143965279 41.10944292616787 6.14038062459619 53.79851098425732 0.0 65.5045790166859 6.839603223427787 51.14482259830531 24.578273656774513 55.85045198531594 29.761231114189556 61.96181499301555 40.58813671705258 60.574159090172856 57.13730968961053 45.60464851645153 56.60459855093731
132.0771868310087 0.0 99.34915563212398 60.198503334113326 90.80581823208699 83.70417069085262 61.09088776698465 127.58380316994678 43.86859903494491 76.24254512346297 0.0 50.4747547409863 39.29441822046668 25.111751309809307 69.98101311448409 15.130619353233818 132.0771868310087 0.0
134.41450737512258 68.09055666477569 104.42143531022698 89.7605885399583 78.59636962871936 97.7229529301987 50.522768818918834 107.94546533225521 19.508520638355797 95.33551042650312 12.764097330680876 63.25210256404317 0.0 23.86866591877697 35.27946179073457 3.7081316817762087 67.19463840102394 31.296013032500255 105.55674710013919 0.0 120.1396155042466 34.88521426281923 134.41450737512258 68.09055666477569
30.12648620445549 76.9791902915392 0.0 5.8178516259467585 75.08982316819467 0.0 144.34407115496901 92.57963987042879 30.12648620445549 76.9791902915392
172.81492644496484 183.39030359179864 124.39198159322011 157.29973526002638 77.16231526579213 168.94828064692362 10.420504327216975 146.54499730063947 0.0 73.85008108757893 27.91473524873973 0.0 111.97428106344364 20.664148104789447 164.1816235580578 9.908637179704755 230.1242215750722 27.964581783374555 187.08165639498327 98.48841754986597 278.8029978517195 186.7136623774135 172.81492644496484 183.39030359179864
138.5110737064744 61.58031588456399 155.52108193459685 136.43138475385786 77.6678213740033 132.95061093209813 22.470316631055567 132.14101737323233 0.0 71.1168172812071 31.377780303305364 16.397657728014735 103.74970818209574 0.0 138.5110737064744 61.58031588456399
19.63570483158547 23.219716558521952 93.19366041366555 0.0 161.65602261857836 8.30024217755421 148.12434418397854 81.69848160735793 208.9286742745278 164.78838366614806 114.79705340937362 164.32085540476245 66.9427996086148 140.12358695439858 0.0 106.22344767891725 19.63570483158547 23.219716558521952
0.0 26.364531056844406 14.663464808077457 9.161938477541177 38.72691149127377 14.306371846355397 50.23761436828616 14.341375192934201 64.42075002648448 3.8669255146447696 87.89735833018584 0.0 72.08879005053143 29.71903615735851 107.76752755790294 38.483099730466925 81.29621012292053 51.66118997141651 72.6605518389785 60.566052893723416 61.02276662852188 65.52395987267153 47.80479516348757 76.08602026189678 32.57293589339358 71.50427662949238 3.5103268257397247 72.96528884037596 25.179535443093485 44.09459041299015 0.0 26.364531056844406
0.0 142.0455133796538 38.543504526747235 69.9710354041998 54.415596313330916 28.665233298228742 94.71464434070033 0.0 116.04659816471379 57.262383084228176 192.12476600400905 53.646886786153246 176.94083550980048 111.39301572960558 127.07067114791751 137.30456895402057 86.7694355872688 122.67771369445502 0.0 142.0455133796538
0.0 62.705601978845706 37.72173256569825 0.0 92.435018863299 51.22163951335072 51.14826455760631 85.21999756921434 0.0 62.705601978845706
0.0 210.17243587976492 2.835145133570677 133.3310630230463 21.630033087878985 84.75252411605254 11.105151923577182 46.41452260269327 20.839982769240464 1.4176126892399168 79.34009091502885 19.4308093564347 108.3518333073526 3.318208946451719 145.9361794513668 0.0 197.35117839801933 5.895005126993851 169.52799327000298 64.26595000278114 216.0616611605434 101.05320808749043 173.07882842169042 127.23979673753959 169.0815158817861 184.50455418144148 119.3901380400296 181.46656282163477 71.34751571385308 205.5829427595651 0.0 210.17243587976492
0.0 0.0 93.07914347109272 7.69618954800729 72.45513187844983 86.35654337999756 10.934715999564006 70.21999453504071 0.0 0.0
28.754802633866205 52.278740780422275 99.6734588548368 98.80588773663094 107.25786109490913 0.0 156.19619187030167 10.969184651046248 151.69542243207695 78.77206278611382 192.13380589624933 95.93971890196995 251.82049337499325 147.90440249823112 166.67585587451475 160.35597446061834 150.79567678131934 202.69458598919465 111.04171585563225 235.9090459829786 97.62894033821823 136.7125532220992 0.0 201.849781625169 27.54903333149238 132.86496050991985 24.01505318348731 95.37611622715559 28.754802633866205 52.278740780422275
137.32954818394242 151.2328425847042 93.03003681972457 141.78544421431147 64.3310983472171 134.23491081108037 74.33299650769231 79.25462194027855 24.529293268884793 106.89069591701352 0.0 81.94637898059013 23.414668149886296 57.216433707843564 8.217790190936668 0.0 59.289743562158066 19.40881948409593 85.47758134678952 20.227907445734694 127.38672352032631 4.984099577001416 190.29509639372543 18.224547058517572 183.60793675826918 76.9899158481533 165.54148708450367 120.48124436117348 137.32954818394242 151.2328425847042
21.03949996255561 52.792648616666 11.937029148304575 48.396576404875006 10.314412802453333 36.939205604084634 16.61794109983292 28.26322455746022 2.249149295907216 23.293938359587102 0.0 11.885889871621814 8.830189975656609 5.5029840039267555 19.78040783748152 8.091835994574396 27.15510416488921 7.765806790419234 39.87245036111109 0.0 40.42309384939159 13.635581737550396 57.49589646098946 16.57354109640073 38.1555488748611 27.73618859658073 49.8984879375095 40.829015253566126 28.758774354824155 32.215376207506736 29.824531702879284 45.39654814972664 21.03949996255561 52.792648616666
189.8100080742303 50.13784446895461 148.97117915601495 140.75394605824027 70.16002831118573 164.75613791296382 0.0 84.94417153193677 84.91749210120776 0.0 189.8100080742303 50.13784446895461
184.38031085869974 75.78869354069195 233.05746953729533 69.71396951682989 240.22595187182958 102.1524681286752 267.5800530771727 143.01070829070736 266.91468374455513 198.59081280777846 218.51362488793242 221.44350465780812 164.78455797516847 191.7844532100917 138.9901127725583 173.49776277443544 97.77772174537674 187.61407319516465 5.769187226843798 194.37050440510112 65.90587082059305 122.68172256361552 0.0 67.89665477344332 106.87647306018508 72.6682069062416 96.34597135638754 7.443121750503494 149.06451848964448 48.375174036134275 186.59716481335687 0.0 184.38031085869974 75.78869354069195
109.3737331747216 66.04768951421428 149.01837758930478 66.06178294919181 143.1599343424105 97.53846937426174 114.4827931512485 108.63386217709967 101.56351999034308 142.48844735718092 83.31321218826986 109.27234876545684 39.802524758281265 110.6320144840955 0.0 63.63039273424725 34.832540771377296 12.72984176199951 91.88364293442368 0.0 109.3737331747216 66.04768951421428
