70
31.175576092104876 69.50858492225613 0.0 62.59182930657643 43.6080261349411 44.95430792437985 56.40608983469244 45.17582483642816 39.00612004593603 15.747760856058733 50.14839778670367 0.0 64.28337252882338 25.006002449431406 75.76531438843753 23.691503570516304 80.30885433878218 33.57180870882004 107.65808207329908 36.530009505424616 91.86321737219717 52.46259784352566 77.79128196476574 58.41272702656897 78.86859219261422 73.28311905259086 66.51202992411184 74.33042746326312 56.28702776262517 74.36811455770192 47.725211269088604 68.83550032913922 31.175576092104876 69.50858492225613
277.1666521170796 214.82224434761798 214.5742800303924 208.93025631519774 201.5437633760248 295.63699681119937 142.46094792568024 275.73676693329867 81.69568900520618 265.5457852370355 87.7415442971961 197.5435643755579 0.0 154.47209729348157 73.71432504148873 102.77280977643797 82.71662828589392 31.615291906289684 166.0378183628163 100.51217497650485 213.1736368567444 21.225746624070723 316.59211653601693 0.0 210.79468223374076 145.5155279942598 227.8000860497305 162.23330098103304 277.1666521170796 214.82224434761798
84.84971969701164 129.13866444803338 0.0 117.62979609972746 45.43964543389899 42.57603239050602 79.9166637989443 15.450546631663627 123.12493226986258 0.0 149.65945525275242 37.120365545439874 201.29860582240013 88.60824772601114 122.86364981649574 97.87300856375026 84.84971969701164 129.13866444803338
84.44497041060869 126.36775602736769 55.81629280380068 95.76903528873324 0.0 97.14765108163034 25.60577590002265 52.310696561536616 30.42400170877562 0.0 78.55977786119269 21.408569055926996 119.65261367036462 24.143611888812096 147.02062241876104 62.59982108045132 109.53973627298703 96.88433994620159 84.44497041060869 126.36775602736769
241.95854990748066 92.96930169011473 143.93026306839093 118.18764933422402 0.0 93.60742994724703 141.08839066911597 0.0 241.95854990748066 92.96930169011473
48.060430976661735 38.228373243087944 80.61422272994542 14.663024155443061 121.1699625874069 0.0 175.48236695504056 14.378388802790148 156.48015142258345 70.17480643434169 190.68255273630342 154.03318969266928 108.05736756366497 142.524329567726 75.76826828854345 103.62116339881398 0.0 91.09483155673395 48.060430976661735 38.228373243087944
199.88433306138944 82.07797819201238 195.40264663337192 144.49051824177025 116.97259434114613 122.08047734786913 92.79366632233473 130.2861079767314 32.666616988074836 166.0557142901353 0.0 117.68927414256109 17.5686886435072 64.57541864812373 98.9273714688705 84.38346293158652 85.70904205400375 12.517582421830568 130.94928385845122 9.881878380226937 228.5798958753477 0.0 199.88433306138944 82.07797819201238
41.90795886827591 70.23507619205836 7.462051460905371 67.10170115041993 14.90543248978949 33.10206596463989 0.0 0.0 33.30399138038007 19.807043207452253 63.52715654083556 15.382183239054655 84.91582387364045 55.331842236292005 41.90795886827591 70.23507619205836
15.277798308434313 5.332332362167428 65.11132905364754 0.0 113.64300051227131 22.178047385355363 98.18805493762306 70.45240502857604 63.72417375809823 77.28526147105524 11.766353716811949 113.17063207922044 0.0 57.10957732158558 15.277798308434313 5.332332362167428
0.0 85.41464948978127 75.99323375883198 66.32951299078256 86.1982559271092 32.70866085958133 132.45506404474884 0.0 161.05804758056934 46.63294055508463 160.71603653141165 88.78330575461048 156.86085829478708 129.14223219775351 121.3554270206984 146.8069836016777 95.09376722747193 110.4136374528537 28.826289243168958 137.137281262971 0.0 85.41464948978127
0.0 78.1714541283753 47.76036533608311 51.61345135110203 95.22070991245432 80.85909728485852 101.39657280119054 0.0 134.88677099419837 23.08946175448436 185.41765409964015 41.415906502655666 162.2879780926579 88.97027147740033 156.46527857286188 124.32945485986657 135.64091022833838 163.03728086741825 90.73024194957823 165.03792970344472 62.71625609636183 134.16616962919727 41.94857884792211 111.2728015181621 0.0 78.1714541283753
7.044919264356437 259.38539295868605 0.0 175.60066961368554 6.062671209666419 101.97924096538243 54.88664765630753 0.0 155.43995324423457 55.35519468917096 205.05867959003416 127.19035112705467 279.3306415149912 224.09286167930298 168.7289164132227 271.75276520855886 88.48369116876306 276.00110100260554 7.044919264356437 259.38539295868605
99.64219687196194 41.4829306777842 103.08186693957055 79.93715782190927 66.65671657392174 101.80315591784759 31.936620210949684 78.46041567801066 0.0 39.404891202087136 39.44802972145416 3.802091839061859 87.49519024993666 0.0 99.64219687196194 41.4829306777842
68.3701787638165 76.47081403572744 0.0 92.81751160829148 15.135950942710195 26.731135797027527 57.54921869193463 0.0 112.75740542518038 7.412333136447344 98.0332795391863 58.080782805179986 68.3701787638165 76.47081403572744
50.629276633810036 37.26642883124234 45.65632416265623 48.897641568655644 34.26790742368533 37.2127940565919 25.30972156510188 40.43631110352932 10.1719260657664 39.406068495631956 15.653742201196508 25.673147519334847 0.0 7.9331269693337845 18.30289153432527 1.051157395867449 31.29106906763819 0.0 42.49404148948406 4.504614560019192 41.8385998676178 18.259091665522163 62.79935444698617 16.403355185688724 35.28350743710715 24.3937155004607 50.629276633810036 37.26642883124234
0.0 95.00188124944137 21.00788005321801 58.51222077214797 44.90868868532955 45.870265681156795 29.590620821450663 0.0 65.07402879391547 30.072361667409496 87.69707036523276 8.190145262593333 92.70660977538944 37.26726459285848 142.97486950862785 42.40289670853184 148.12117917990318 79.9658969362521 135.30033730172406 121.36835224750448 81.38930101553399 95.74665171813788 63.5202330750414 91.46721882660404 46.7608779809313 89.40613854686751 0.0 95.00188124944137
215.08644611076056 229.54493463348723 157.20350184215943 227.98266573537978 69.27157339398643 259.5028458322227 38.67682514169249 175.1689988032373 0.0 78.50717550361674 127.01218952107317 86.27385012571204 180.35024116141554 0.0 216.6374509411228 86.81051748191095 305.9187703688748 117.05022071634505 327.92602902334954 216.64454885648644 215.08644611076056 229.54493463348723
236.46602985890686 60.565386380004895 158.90529797409474 138.15392255766685 118.96494274494023 200.00269194799188 55.552585915739996 157.48654011007145 0.0 123.72603303345329 24.90094343954044 61.77152788276197 74.03915042331342 43.30629203235828 144.53545991613487 0.0 236.46602985890686 60.565386380004895
194.85200330246744 132.49925707719115 241.54897972937624 186.1793509046264 197.74934859704484 208.23175714179496 150.40901989535894 185.10313310313893 122.91985476553128 217.19304716507673 92.91875066276064 198.30563915899336 10.510042039753827 225.14398949499488 55.06374984607088 146.7920629022101 0.0 110.08076880934102 38.09159311785335 71.50664427260861 36.70574781407204 0.0 133.2082808321988 120.66453502063835 144.10120012968883 47.21395000917569 136.22780596043435 120.81799354459024 159.71884566087883 104.64706434421255 233.13936453114212 99.043529223591 194.85200330246744 132.49925707719115
0.0 15.97694703032436 102.32985704019609 10.913280360222998 143.41211354739076 6.877160764272276 188.35610989419004 0.0 256.66759884473896 20.07747355097856 284.31385784687313 89.01267521389266 184.75483849238307 105.5034128743944 188.43721005309382 194.47042736865393 126.53645376852025 158.0494798742765 86.89645530939217 130.9667750235293 58.24047307015222 91.93918751570558 0.0 15.97694703032436
93.1437909628808 43.46649531277126 42.891819750488864 41.73543823424916 0.0 29.164187282854144 34.88449238216576 2.81393544811354 65.02983376498099 0.0 93.1437909628808 43.46649531277126
82.7372293347519 112.36795561626457 39.96581371664756 100.07842574690895 0.0 84.83437101885735 18.71037729259126 40.81940202417555 13.581438192128587 5.0265639794445605 48.99985124487375 0.0 72.24469507938869 12.199483700087306 97.88980536328947 17.997121866244008 146.6629546574871 44.5044783550097 98.36888172700733 71.09260352303713 82.7372293347519 112.36795561626457
55.73970000223238 129.521888181985 0.0 0.0 136.08896374577893 12.657589317340367 231.7270156309417 66.24482609350065 232.99278869334182 199.33162253479554 109.9093004572296 170.2290958992616 55.73970000223238 129.521888181985
81.81753490829753 0.9711603454205999 104.86425211063687 4.134523048543471 143.11522058355843 3.581315082429235 153.44640675577816 34.44623764493079 161.9554950848928 70.73060736794001 130.5761066294683 92.1049748916855 97.8832684499816 83.82596072934469 77.02267511337953 105.46777007373042 37.66015970164153 111.89003288926882 35.596418164336484 70.97700565556893 23.959301748163313 46.071429051994755 0.0 0.0 65.89727291909018 16.05084392756821 81.81753490829753 0.9711603454205999
46.810847715883796 19.171485011188864 62.652617504168276 21.71246275546312 66.50789667190416 33.950396776034 81.17255833225015 62.403710050994405 48.10665259537234 49.6947728877207 38.100948106230106 56.169186497613836 26.795363779038908 53.71563245559858 24.417108758835496 39.46165651956029 0.0 43.228238455497575 5.896571029412499 27.048280296089715 0.40576597694128225 11.911593224467254 10.182745632916095 0.0 30.970798753941082 13.986324673709959 37.20769470417699 8.399742871508849 46.89811091344676 7.005318124001363 46.810847715883796 19.171485011188864
0.0 83.22649964385295 45.47135463452966 16.70918336364847 108.7262455034955 0.0 156.08153976206995 23.316746006378153 202.73070850708052 15.537363031784231 266.7945387341415 42.28450894900269 263.37316361761276 110.22908075772797 199.73242072918936 133.32885921696368 166.0145671531297 177.77758323037034 113.86444581015553 161.7453948032254 69.34379697990775 133.53115095043432 0.0 83.22649964385295
113.08415595952727 0.0 155.99036732754672 90.47447001897852 333.21680772182896 56.915504722652436 187.73631286348333 136.35491913696114 188.4197101390648 278.5434994260704 81.83248014956328 215.2022342086762 0.0 152.2518779052362 4.782121698924669 29.56341015162141 113.08415595952727 0.0
41.40164928887618 64.28956022405603 9.128302833110418 58.18748686038965 0.0 15.748553826292415 41.13193118036826 0.0 63.59786153856137 25.497247101117203 83.5625690242511 60.95022793471981 41.40164928887618 64.28956022405603
85.02985838645174 132.4600835355252 32.75903746164124 144.21130671573616 8.39714188409161 109.5262856322869 0.0 64.87170333644515 20.344060135533937 22.56652406973862 61.99068326455364 0.0 104.64186628642375 35.38553738264411 126.06064673175028 38.18330530162213 197.3527121333466 6.202034431356054 151.11390059477392 71.8518823223744 225.16524566600276 107.1141269596077 176.24194916919043 134.87827747153818 139.8932133203014 145.89856433598578 108.45538605019902 157.44928905826595 85.02985838645174 132.4600835355252
90.39899326228387 5.413695541908751 115.69741154936746 11.581010392724991 104.59276544500712 42.47105944266573 135.82408655645872 64.14759578889121 139.46057628620912 103.54309485520156 86.69002578371236 84.18936993197798 72.1149484535228 108.80377393880585 62.496893040726604 67.707897850389 28.367180182166585 87.97385762898014 34.719489126205346 60.15675439490679 0.0 38.42730066320116 38.02242493821808 27.395396711320295 43.46592602577499 0.0 68.75791151258973 11.952967021269359 90.39899326228387 5.413695541908751
244.37630950620778 287.67867932792507 113.56664098483273 238.49477158707916 0.0 147.9775456200167 84.61870469565775 0.0 238.8289668874628 23.24939709578537 389.46777061234025 146.95272181521116 244.37630950620778 287.67867932792507
170.13280819441366 296.5236709077726 131.01793429415815 323.23781507016315 31.739522047133846 355.92011837392033 48.174100656261956 270.52898161000184 0.0 209.37738666850908 6.839893668450287 131.46355497893776 73.33491928457589 86.02800567187145 160.51677375294588 169.84077533108638 231.8015044188069 0.0 290.64106316199616 81.61325584396718 269.1636555516202 182.81939613737472 358.3077780153957 219.47911907858148 283.4149553852533 274.6874004225689 261.81877917352824 320.0277032456677 210.46976805862462 327.86386187220546 170.13280819441366 296.5236709077726
2.048214264562887 32.463259019395835 30.79802569656954 7.5842728682338105 59.88403827239868 2.2432303001137015 80.79585907251086 7.333624571450613 116.49196086989056 0.0 123.76313040128186 33.45398529826393 112.38133637092821 59.26895026409257 99.44092669309984 84.39926084384918 71.66571307069232 84.16054696075726 50.63311005635326 72.82675450075605 0.0 73.46030708533947 2.048214264562887 32.463259019395835
121.60980530607168 33.486816484408834 149.80313776321094 75.97943524408639 108.98311680619841 106.5516528939472 71.33431900343525 99.36894368414103 47.02286629489976 96.00038460321558 0.0 81.69901878840744 47.34809351121072 52.64393278458644 45.10752987134339 0.0 85.89213087847251 18.989653432746557 121.60980530607168 33.486816484408834
0.0 4.768938672466746 155.3488380736153 0.0 260.04310395028097 77.23157928831363 175.8510554030101 196.0579692658642 49.775320477059324 150.5553654249031 0.0 4.768938672466746
56.63466178779657 15.890709424702436 85.67378192199848 5.444106214758001 90.42763168408058 31.28548518263679 100.89944066854966 58.105725745558914 83.43263101393157 81.36317982386043 57.55128855380389 87.79670436945156 33.342046243318414 82.17769405846065 51.98064875134596 42.141081561178794 18.807787491930902 41.71606484633057 0.0 6.197500580550312 33.53647171800093 0.0 56.63466178779657 15.890709424702436
109.96613751599223 146.55123238128579 52.950592289410054 156.68046603293914 0.0 114.53920924556387 18.080543478888615 54.03319304927106 72.1397931395928 41.65490874428191 102.6235342035207 13.972703601281125 178.6676436838702 0.0 172.94864650968992 72.84533683349545 183.6951498858977 145.23450662672525 109.96613751599223 146.55123238128579
51.38875769825218 22.840378072548617 84.26954036842426 0.0 130.4346971558531 13.776937700483913 108.34015601998343 62.36765743255574 82.14851988900404 77.90037330930392 73.10796311109456 113.56207382303015 47.30037116662088 89.64845582293836 6.299961676233977 91.83798324727664 0.0 53.432732427226235 13.500328189604403 20.593488124369408 51.38875769825218 22.840378072548617
199.22381514250586 41.11024880010703 235.57061866653893 105.86306317705095 139.5682416142562 137.51656918826274 119.60856179074574 162.09094907068106 86.85684537065933 222.57163325444247 42.848188306226504 182.81861389930873 46.36524511729546 130.64635515197176 0.0 104.4294715175972 3.296780592523376 57.15239683911942 28.652070973796576 0.0 88.07388988390025 5.832532807444878 139.9144292818842 16.780307071763247 199.22381514250586 41.11024880010703
116.83504045191624 72.3691201100875 85.52396172817761 123.70252180269961 17.327475293570956 108.75609066753296 0.0 35.66096605063549 66.04467323035836 16.300334444057448 142.1642581238645 0.0 116.83504045191624 72.3691201100875
119.83613533410066 89.58734285845718 60.433589046042 82.7367044765265 0.0 81.59407135366494 26.18535467440688 26.03608112899188 48.659511485451375 0.6894355000600356 83.31310176649555 0.0 109.51449499607817 29.75736601085667 119.83613533410066 89.58734285845718
148.07939661429197 141.47854773629484 0.0 125.7427630809842 110.77437580742199 0.0 215.3338339860977 70.90012880822816 148.07939661429197 141.47854773629484
60.16590412264313 119.34569232314557 48.29607480620831 100.18889977468464 35.84102312767291 84.28812655846572 43.64669328954389 65.44983346276459 0.0 0.0 64.90675078950188 40.594025865286866 83.97924617754096 30.658405010938353 109.10403258962765 33.16898842463542 152.12482298617283 40.236901327584306 105.65866530502933 76.72717694593136 87.3249534732526 80.9778296864363 119.44250168279697 141.12629951388595 83.6718304548126 139.38517364146242 60.16590412264313 119.34569232314557
107.12765355585272 48.32857020560186 43.106005949833545 85.14523149881023 0.0 41.28432832043345 49.74808271805733 0.0 107.12765355585272 48.32857020560186
179.47618382127044 73.66720314184423 195.7930538699885 0.0 216.9133216324237 44.4125865285666 279.70389295955385 25.849094340580095 257.0245081738907 78.32036523728316 353.8712982612893 115.26170794390016 242.87112384834248 127.92834289882809 279.26287278911843 208.6487749373041 256.1072226174198 310.4123917262365 173.99774001138636 253.56190091785612 112.12445546034036 245.15487153872908 178.4935568894759 107.68547100223907 0.0 159.70609047957998 56.316360934222416 89.9827548899942 66.3661739165181 35.677878265780336 119.81636752207518 20.238308122581827 179.47618382127044 73.66720314184423
128.41469838959458 74.16951607629942 90.20076802026416 61.2576600814421 0.0 72.27969593000911 50.29232201311916 0.0 104.02251101223924 2.264043365165435 145.2874410996218 26.190560651727537 128.41469838959458 74.16951607629942
0.0 157.2526061312854 74.48820138193497 97.92084170573362 64.74536728674168 48.86879285744806 100.72519383327766 0.0 162.0109878295672 8.567258800039625 208.76644776804662 45.839861131145035 254.4739436688887 100.8060052284801 196.6539049884568 148.42910201099727 189.03027263536742 226.7412095445943 119.54992338383245 154.93652198443692 76.6213034014901 170.98794955325093 0.0 157.2526061312854
282.9067104291469 173.23431653086243 255.9076234176481 249.38511687638317 174.12934660044652 241.1139931993652 123.43421645670861 211.80846583644436 108.42122839750624 164.6960217793872 0.0 145.95388046257358 42.732183531229 76.256318729368 60.97498506365622 0.0 144.77419710860374 25.20115461060479 205.6756284634233 5.390672029430618 187.60870879499112 101.25212225625431 214.21783370995493 114.2719369203877 282.9067104291469 173.23431653086243
17.127374626114374 12.775485601952795 28.70456273773975 13.359945469312379 39.13788781311422 3.5549585520085003 60.542304420718835 0.0 60.7744484156685 21.297614478900073 73.84107296962287 40.19518598111108 57.407075423537876 53.56579521518171 36.655164955817014 43.98547109545369 22.078377453509432 62.42023987199087 5.901127010940186 52.55257400677294 0.0 35.783698736388715 11.459088298409952 22.17604072885193 17.127374626114374 12.775485601952795
0.0 120.73700658931425 5.561330009719185 55.2597325480933 26.300410753231986 0.0 104.37463534131398 3.6232090954482246 179.28619568974887 89.05568936840358 81.77210796572014 156.29715889149162 0.0 120.73700658931425
10.804342511263272 2.659027486068993 24.131066546188947 0.0 33.185896700523415 17.223829212190026 15.886659561719028 26.13206241472284 0.0 20.9925785114998 0.7169906006572404 6.388313423909125 10.804342511263272 2.659027486068993
85.94862872479314 96.43448504296968 0.0 0.0 131.54833256777476 68.23818808266819 146.3843191238256 35.70138868816639 187.37469056552888 16.92008877450516 204.20672871682333 57.90828825804947 338.5606776183137 47.01605762962223 278.41544315796716 122.32980922899377 260.5169142467938 177.64365388979078 217.57636244212745 218.51359990703148 160.60479187117699 184.4365121415959 132.0209177469581 160.99156636605576 108.09551879353705 148.4675281808043 53.18153409131895 138.30919728565325 85.94862872479314 96.43448504296968
0.0 4.27630395713328 169.22648295635054 0.0 116.75563022121297 96.63865626845187 55.39563518572908 148.86946202703479 0.0 4.27630395713328
63.65722589789594 0.0 114.53498021484992 90.77502266942984 44.43868645136706 89.93867804425538 0.0 69.84461452174227 63.65722589789594 0.0
333.72473231600736 92.34320888551228 223.8893879911105 127.4018093172415 267.00468315759974 187.30896293711373 234.4280331298936 228.0880334583772 177.93646354012492 120.59354323542287 125.38021344244191 242.5836227849232 135.2229237264914 155.39622997847943 83.34924797093174 148.39052830987262 0.0 101.90250512978764 142.94268308545625 96.49527770487236 170.5176194524525 106.02615737139078 150.04290284489417 0.0 185.27643455652287 78.58268140636099 220.22920954007935 52.92801208576152 248.89988577173847 69.2288072136555 333.72473231600736 92.34320888551228
185.05394423344387 48.58121637859011 188.19769195765218 114.25855489673727 269.57906364483415 211.08986064965646 141.5289632629049 183.36085919201065 82.08279206175916 249.0094195549292 48.56311228256277 172.14511412054006 0.0 105.80529337830333 65.3879555956666 61.5557031775989 117.88504895593191 0.0 185.05394423344387 48.58121637859011
9.472019591742963 36.7684230792846 0.0 23.358579269255017 10.518929256247219 10.891795624894229 20.911261354832448 4.219355873851725 31.533307160829267 0.0 34.354696554674774 15.640215471775548 41.559255580784395 17.434049826224523 48.63112379938465 26.13368955517531 48.583928342110895 41.75596494741893 33.07228320007803 41.70110659110182 23.70963530585462 36.594765383672495 9.472019591742963 36.7684230792846
0.0 62.803775909436254 80.54795294741209 45.4048594527467 99.99083893291271 10.153652168031556 141.1757954736492 16.59521644119478 162.82343730647318 66.85282455523208 224.7358447993457 0.0 274.17572827169846 22.994059953829108 261.76201608549803 77.95948921569074 203.61213381791703 107.67663013542179 245.243499025746 156.22136663681545 245.0477885078309 232.39625553112717 171.05529744097942 172.1800192609387 132.8219730654418 208.82557827370516 150.19422353870493 106.14424148648371 3.577064080179696 198.9890615548146 131.5670107076313 101.92657743493517 0.0 62.803775909436254
82.76690228232985 55.540998155568275 47.22751176895633 68.87689361678167 15.414129593282496 74.811176986497 0.8375697426038755 46.47543157005332 0.0 19.74534419280525 19.116524895219683 0.0 41.870279835200705 14.027728627030001 85.74533184949027 13.40597749039543 82.76690228232985 55.540998155568275
83.41720834149788 144.93849166419045 0.0 132.91090639890177 39.48622185901936 65.01692542701998 39.913324943389604 0.0 125.602489377311 4.5682674267838195 151.81291944565666 94.65074913884715 83.41720834149788 144.93849166419045
16.87865608404592 48.24697454863878 19.33402641222022 34.76724448762172 0.0 5.164726763722193 34.605642599124046 23.4581781327825 49.085493936847975 0.0 64.15086931101106 14.730883503868533 56.362407451497326 34.30786889913822 48.68922244408099 41.76607294129253 44.877120110389576 46.62724940744338 39.51348697533695 63.50921141944078 26.197269382877458 57.466155614930166 16.87865608404592 48.24697454863878
23.345965251456214 55.1620595142711 0.0 50.48695942467021 21.817268310017546 37.81435462615922 7.003438056852353 12.340568794607627 24.061099940203427 0.0 44.02686486087075 6.244199122336525 60.976849380399464 11.487088646630902 63.03168050714189 30.176980499181433 80.26870581700922 42.84648226465834 38.10550769586518 42.98590329725665 46.88257751114168 56.38999554526465 39.28349235132152 55.59556173502454 35.11605018293678 49.82373463864324 23.345965251456214 55.1620595142711
124.08311975828667 51.898868794816224 106.26330749826201 73.77263649069594 100.79104572259152 118.6464451081789 58.56723287802207 111.30667621945109 41.02360422721486 77.45803388480216 0.0 41.217208476711704 64.52365773533212 38.98281812101328 81.05991838986007 0.0 124.55308448762347 7.609441815074952 124.08311975828667 51.898868794816224
68.14499521079462 64.25553848612418 94.63539649234127 82.98895925686436 81.54078990700941 90.96964719959111 72.54690684816293 112.9577257782641 52.59439133740872 109.05378511946732 44.09477044649172 87.99060008635342 0.0 99.81360663335182 40.43376503052201 65.68113397792513 10.87747695758793 45.48354726682105 39.15932740187918 41.99692930522973 55.600170026106724 48.4561182982215 62.425942575787005 18.189941132952455 90.38338591068671 0.0 113.12648072840683 18.961969683059472 113.89004035812636 47.596509074018584 68.14499521079462 64.25553848612418
180.56788502812464 155.91906869315943 69.72492001381113 150.05469072857585 0.0 95.84030665491564 62.40941918724455 46.577993122875 104.54835928701458 0.0 126.15098241494248 58.748973040825874 180.56788502812464 155.91906869315943
134.0976216791858 226.8506134161409 57.911662519187445 168.40487247046264 0.0 59.08722121255423 122.51793913016456 23.463999947383357 191.02787124891472 21.827226524412197 294.60319824642687 0.0 324.210639934969 98.75816315732061 266.9433474759837 165.69151907356337 210.72671935358102 191.65434501231886 134.0976216791858 226.8506134161409
173.65320518490765 67.55024387309278 259.7161992913476 92.48293432984838 177.57553193213815 114.77480102644151 197.57506759101463 172.02809932095013 149.25939588450626 171.8570522934517 116.73245324744084 191.67803684999086 93.01598605012057 149.2067424034028 66.79280545418169 138.76845794388916 56.15285354923921 114.80841485095081 0.0 87.21268728824263 90.51230885815148 76.9014725785387 52.228051288001865 17.462780146358625 98.93720438606599 39.12740914847576 118.86813600368234 27.21579422583664 132.78809911898958 56.10584514963128 209.49294523945943 0.0 173.65320518490765 67.55024387309278
145.11244022732205 59.865550624379274 196.0373694109497 115.27043667418121 140.02192752656921 187.46649847400056 60.53216963771147 159.40616850149505 0.0 81.9173593204184 66.76599892182094 0.0 145.11244022732205 59.865550624379274
147.68310860947113 0.0 158.92998218022834 40.54505730400405 171.34200079560154 74.51762039156955 131.26651796040795 87.69673337653575 116.60781945835885 102.66121389808464 84.5105264715967 137.07208497913433 66.97224910612343 98.79980729762383 0.0 83.50559958603691 55.59356599886581 45.05885078438503 84.05919245259017 33.17480933555767 105.3278663943159 8.566448856513404 147.68310860947113 0.0
86.8687706961463 279.5911743177078 40.30134355910087 234.91996493583991 75.85834211921369 165.62367778496912 0.0 113.53067857587064 103.15351208842876 114.51787804975568 132.66619205213152 119.09746222800896 164.19058083749604 0.0 226.61895564795776 29.311965538716876 285.9088926142055 76.41371284359808 296.7447989737602 153.2763980090951 239.1804969753027 205.1955292284603 201.69909689226844 242.16287442893304 156.7031163153533 285.8067635483211 86.8687706961463 279.5911743177078
