70
145.1122926531778 11.397150900532083 146.15850073688955 82.23917868010395 265.0217213716861 84.0878056753002 192.9509553567913 139.16483979923976 156.35561990125578 165.93045070518363 119.30779666827307 193.27280870229 80.8290871422177 169.08550261125197 11.213410322314957 158.42193411084662 28.774571086949578 95.20266051820637 0.0 5.529905935515146 83.13149407350869 0.0 145.1122926531778 11.397150900532083
105.75746969771672 0.0 126.87215584035924 83.37078718276828 163.29864637265763 25.013293417914916 172.8682490442913 50.8772486765764 179.86530676003912 71.69373085836068 238.32187791041014 102.28050181941197 233.66149177886604 153.17113156683075 166.33219000515822 140.1923557507803 147.9304893683654 180.577865022022 119.87268058655799 119.68494389828166 94.7655735551656 131.03620418429202 62.16035544638251 127.79834736441236 0.0 112.50188974940653 0.5183286996698229 63.824957051944295 49.49735956936989 37.50359632701248 78.56208667943925 18.72481769084783 105.75746969771672 0.0
15.01697588139146 65.50328440039993 0.0 31.838770913188192 66.58450186570018 48.32634792566733 56.06604725723908 0.20810911596523596 84.43650993334657 0.0 110.63479125216094 6.268635304384041 150.72724091389966 9.176103407029409 120.09667538443273 52.412759546135426 163.037254962559 76.81807606483909 124.76556436532866 90.62944699846847 100.16498389804748 91.25070404139711 87.24448519214639 97.66022929429727 62.701638052498296 134.067384363624 41.43236149705524 113.20719570597177 7.772720518812804 101.12108246250918 15.01697588139146 65.50328440039993
38.15608879792518 148.12264082559687 0.0 103.3171727106924 69.70143189185768 64.36653680587904 60.936045846469256 14.61627492247213 115.10320446842357 18.351669416193943 147.5033367776197 0.0 179.71917064953075 18.816837979250863 194.53134601572216 45.554997972074936 255.94525806005038 51.84340827953531 199.26309363250363 93.93065995337491 189.64436346541325 113.78989845357916 173.62564237380388 127.93523898660607 147.06318929818852 90.70921578227114 122.24264733538374 189.3855091436747 127.14848472057724 112.36107284558271 38.15608879792518 148.12264082559687
140.266657384658 0.0 67.63562902712627 52.52454221413606 48.30759455835093 39.57127295111174 0.0 18.223560002558514 52.23168677329345 10.491203925184593 140.266657384658 0.0
184.48349407654945 202.51553035689867 158.94614063474395 257.1764864441347 105.28174946945647 244.8028920007624 72.1764677963223 203.72211624787835 0.0 196.35585681241488 34.882236190168186 133.45607849913682 54.279038003674174 100.78514555193874 65.45353194952844 61.03901793874046 100.75062019576991 32.17606883479114 151.59524814680037 0.0 175.92594213044353 65.16282724551489 201.95072592451402 91.77810601884818 183.4850638192335 130.64156430090503 271.80969056025015 194.74153197633348 184.48349407654945 202.51553035689867
0.0 25.464539732459556 121.1596658734172 0.0 223.61345771465554 89.47102405242495 106.03852012430973 121.00275098303935 1.6906482545232393 160.62740514958563 0.0 25.464539732459556
0.0 100.35736446458745 38.877670228600756 45.40025945267738 87.07609944191462 0.0 154.7492283882824 19.75232998015271 121.51205989969672 87.04031029838741 177.13150188649274 151.19696884996787 109.9439483444577 173.10427638252693 36.410634638871144 164.78694387584434 0.0 100.35736446458745
256.7331472063125 237.89942507594552 224.53723745436187 259.4106398700091 184.39560374311176 238.9809012985356 139.0420284748326 291.9545451967979 109.06883564238804 248.11165781993472 0.0 248.073262178778 98.94421533501661 172.40287496389072 119.91760389509788 146.0993561297795 90.80027025383936 72.09996319318392 126.3639711288808 0.0 197.68155951186475 28.108123177299632 220.45092075641958 108.4143590131352 250.92522235304185 125.57139305051653 323.6596094858799 149.95510575740002 305.1742340679897 208.17227149355003 256.7331472063125 237.89942507594552
65.17658912483944 29.610529325094618 71.8622086257986 31.8096928445471 59.916917444566835 42.2506422320855 79.93637237235787 46.36578464014036 97.35899358425787 70.67074656125338 72.45623114171543 65.84179848189784 62.19712362263223 85.70644927579347 38.42582204400517 95.68146157153716 42.278304852440016 58.24992940052556 0.0 59.423727076110254 30.915866307038428 37.47292203102775 39.69984665846434 28.25975805932849 35.88772637842591 0.0 58.64787770550011 20.609232852957675 65.17658912483944 29.610529325094618
0.0 223.43787097904683 104.43114083315368 41.18450673673101 226.13145265564265 0.0 326.50704599997266 107.34205017514834 202.54869903151132 158.8827608727181 0.0 223.43787097904683
64.18488173506589 0.0 61.01984622073854 28.1126348823137 63.57895116023491 50.73155107541194 44.37201174166695 60.89622589279173 26.48824213496583 55.200302465828216 0.0 50.70869279067156 20.087663512942584 28.63137448848262 11.43643370224298 0.5838503233901235 35.84424250041293 9.167151514121016 64.18488173506589 0.0
110.891688011344 0.0 176.39569707920543 27.096206446564764 237.82097553882826 7.8284830120876165 248.06066060214653 74.07880324712353 296.84626085909326 110.77207535467444 361.97570228585823 195.16590242670037 270.4361681814175 234.15205137613847 209.69599915855733 274.97807093718353 145.1112300075423 235.86198204900526 71.06477658058904 240.01567260494377 14.067699623512965 184.4851226106805 0.0 101.13552028376833 108.45820656487064 81.06433073079594 110.891688011344 0.0
23.265480136781775 70.11869965201477 32.07943991171703 26.70993963850072 72.95605473283786 14.67566396826524 109.0213681015427 2.563255399309071 159.52369326751327 0.0 166.50070068832702 52.165465441623596 191.9015972430766 86.18034913157047 164.08643161835033 119.11128629177242 159.61040215920673 167.75963921278375 117.26667733139155 184.2310172359072 71.64137050293314 175.30418791885936 17.844757268688795 165.44930272667838 0.0 113.58075391683981 23.265480136781775 70.11869965201477
145.87022201990928 71.3782803017916 121.0403920545968 116.08031083241112 71.72458219843752 124.71455635700845 52.684609953125204 69.37596347812139 7.717500819387389 77.62497943434549 0.0 39.395915962618105 15.855635457815893 0.0 60.364911135485144 36.23575530028863 82.81956611423672 19.560572752351774 104.64704931205301 35.342160266057604 145.87022201990928 71.3782803017916
0.0 16.830399142183268 96.05240894179786 0.0 159.64630002699255 114.06038185293974 29.547910679943698 115.75174712832273 0.0 16.830399142183268
6.057059805933761 7.030723113808634 36.12856375978046 0.0 89.3385139579245 26.512171965259085 40.367536249399876 61.89969332141318 0.0 66.25449795541049 5.612150627272541 29.99416738654992 6.057059805933761 7.030723113808634
182.1291529150414 164.06844620186027 146.14618427681313 172.9989355308925 115.21836890475174 153.23366674285109 82.90768511932748 130.9780494569523 0.0 68.47006102531236 52.592950727966326 0.0 132.978308439841 17.46751287036325 180.46153971023654 25.62013303190642 156.59880583189602 101.74773418952927 299.60466446939915 94.51756320164736 224.39694333168208 145.81212387184033 182.1291529150414 164.06844620186027
221.327492812999 57.193210297680935 302.1780097928318 100.05755210988849 255.89883734615142 177.71129406741932 177.38861968143596 177.30436736163318 146.6452539523139 226.53966825050324 72.4384745810444 250.27665511501002 76.03008156074227 163.72895192062936 0.0 114.77606277376982 66.49241762917765 68.1424139299225 99.5275354016002 0.0 162.07398748399086 58.97040837412413 221.327492812999 57.193210297680935
217.73623339187486 92.00943577131912 234.62477566955062 126.19973372770468 217.54219139181257 160.85468289621474 172.65621888059934 147.6780258619056 151.8856489173112 95.01734302996891 102.00790629194819 194.19914365181475 111.64446562655498 127.85353007933213 67.3678505528886 118.39876541885403 0.0 74.72404335524183 66.79208769421591 43.68899519797614 118.68909284603663 46.735616560168324 135.19522239087098 0.9577060149805163 174.83016177135357 0.0 215.89322116522754 11.800279185316086 208.1473538600646 65.68505660835402 217.73623339187486 92.00943577131912
51.322220660498516 46.65807844133644 9.753789491407062 59.80698996429592 0.0 0.0 53.53792034513097 5.3436535320326755 105.01871047881504 27.25467625896438 51.322220660498516 46.65807844133644
67.68153362075799 19.89951755895474 45.93017517888934 51.86957453539249 0.0 39.59047885656145 30.305566476007726 0.0 67.68153362075799 19.89951755895474
0.0 26.05964039768911 63.43215932552349 0.0 148.8119547293244 55.1294244512748 47.05333704287683 86.15390210755017 0.0 26.05964039768911
266.0614436399084 118.13010873844684 220.63060697454813 196.76619709821875 130.18858868859314 180.92854569455113 66.28897980890488 262.18819885252526 51.54082945990257 158.35285635341603 10.50662966805146 126.27909103222781 0.0 67.83965276146282 35.365057197684905 12.72078198029358 95.674957508502 0.0 137.9735968252824 46.31161307567261 168.50432379496462 70.8996234802878 266.0614436399084 118.13010873844684
0.0 59.156118922297125 136.40772906442623 0.0 285.83278955471036 96.49157266293025 112.07869427345197 211.8901875522002 0.0 59.156118922297125
0.0 48.81867553660482 29.5915263350785 34.038006811028545 48.29826167668861 28.848125762905532 58.518958110841666 14.13542671910443 77.93422276832442 0.0 103.13543521546958 3.0493114630755827 118.35656787715276 24.521789393852877 97.31035055885312 51.49293759481218 115.85147518539137 69.68099682909767 123.06629287154655 105.0552999189041 82.83592364952843 88.49349241182182 68.5947310630511 118.74755180426084 58.218649598972746 77.99132995810032 50.66557016409081 71.38639291518811 18.005701551307084 72.82821272303067 0.0 48.81867553660482
0.0 87.40762435094442 16.81263374121241 45.29479007921729 46.46603677612844 20.335276212684988 84.67813502316167 36.26350488837457 94.75461895937075 43.76021135846587 111.72546667474526 25.852723650709947 181.26194461001498 0.0 232.16854950925045 46.326940797194 109.05826611176576 63.12330553064156 126.00592115402549 94.40144387029011 120.76802076348496 174.31616238808894 65.65052006917168 165.29859706098543 24.92688640022604 129.83590216824945 0.0 87.40762435094442
79.48275913858735 1.6015847326899362 114.4101522048755 14.875760421063767 152.84234255742743 22.29891748073632 188.6013680218335 66.7691301766863 127.92101108510938 85.0412105838847 104.76481568268692 127.59476924842626 60.27328295464617 107.87090911384608 22.95875762071165 69.45260452674226 0.0 0.0 79.48275913858735 1.6015847326899362
14.313583182514293 72.35678256312644 0.0 58.3919106753711 10.05846295390171 40.470858719519406 14.894111854325416 26.80283552425383 11.719387992359032 0.0 36.667849897352525 13.057156487433197 48.864201541883716 14.508944297377063 55.50099760976384 24.68665789613845 79.88271973296779 18.319195576126866 96.26383252963626 34.23282612505748 69.45919071183124 48.662173446503594 68.21945654226822 61.96135657869062 63.84386160293613 81.76444680186304 46.446904902225555 83.61537110952608 31.159309185527334 78.48342364965953 14.313583182514293 72.35678256312644
99.85849593301766 90.43769483044238 69.73120029008582 66.82512491219336 0.0 38.33179231156276 58.742594831112456 0.0 93.77884177306609 33.83374565047506 141.54079995482354 56.26749231658753 99.85849593301766 90.43769483044238
52.98452105119128 21.09030413700782 39.69888296059716 31.86640231994683 50.56058142087156 38.443489590642315 54.477868621371755 51.20446771224985 41.70103829782023 52.10978472129797 33.336225662121535 53.3035376304983 27.912543946312155 43.76460929914879 21.169139879528018 44.956164626754955 0.0 48.580584892378056 23.540330229307784 33.329179854260914 22.740905446332334 29.957280919238144 14.884802133070764 18.325871961880026 22.06394561913632 14.36623814428188 29.53035002507498 6.196871397656281 42.29449147652173 0.0 52.05635581967695 8.269976546021809 52.98452105119128 21.09030413700782
99.02163451901264 35.61792603929669 139.01822599770912 3.3352655950153434 203.43202117282567 0.0 253.33389564866985 47.26181887798011 184.21166327947032 109.55019933691085 227.9498019300537 163.50764153038807 184.96728011661526 195.15061858102032 131.70501143856745 147.7029170895868 79.27439670177925 235.918114281448 44.64735596655804 183.13807172748568 96.83864785093753 114.7926587390846 0.0 78.11053532056636 43.22590070083719 33.27697682220649 99.02163451901264 35.61792603929669
113.49305095806615 142.52374819377692 69.92088920225841 92.7486218344632 53.61879882147363 68.3097889442572 0.0 36.448641421043185 40.53133877720346 1.7863201067125658 80.01186403114836 0.0 103.70291999767649 13.575423588722138 136.75947635404555 15.653868866723649 145.7108037887712 50.261362020966665 135.0762078140358 82.71394665289918 113.49305095806615 142.52374819377692
64.64912596139385 184.81139507319 7.115039149167714 202.02227224394872 55.896032346475224 112.80023722866369 0.0 104.69686971232977 0.4893608827220106 69.36996747947776 38.80168637219782 58.127548040038974 37.44912865288366 0.0 82.71626778768254 39.81832837444399 123.36447490554382 2.924513965290174 104.35010360872789 77.62097826425745 175.44520210243167 66.44892662526408 177.5120165626459 104.51281527186069 224.78969435550982 175.03705340606567 109.02455187058679 131.55104524211453 101.40468933747397 181.4335400587892 64.64912596139385 184.81139507319
36.72131011074936 0.6816985289864022 100.26405298470907 0.0 129.31263015260825 37.424880730909265 104.90797893792666 91.65165932627679 0.0 108.20104445187116 36.72131011074936 0.6816985289864022
82.6797416448573 48.320988723484774 85.07520956628328 10.280034373182275 123.12450644683163 0.0 122.08090893536418 41.7713882303195 137.33010840097063 66.38765973168023 136.77628160693945 109.18421423199588 97.86476713385203 129.54991164248042 57.89709048333414 108.1635213887351 0.0 94.79588704986516 1.0277750040356892 35.720980481560545 82.6797416448573 48.320988723484774
62.69245233840006 205.22660650442208 0.0 128.7216196664524 66.96089911055095 53.534776465653536 124.39468592988919 0.0 194.43109204020865 67.5622100572087 234.81219671616006 72.7095485526576 287.26122927751453 99.58044241414404 277.0728738750267 154.00614510402147 262.9057721793829 217.90468988215653 202.84152949523497 247.00976125054896 163.88738501312673 182.41846097397004 62.69245233840006 205.22660650442208
51.10483535766015 42.36237305062717 120.22254319961448 0.0 172.43139344600016 86.15044718650807 71.34448920596334 84.3580234672494 0.0 158.03299224888116 39.537961994615614 72.43770186629956 51.10483535766015 42.36237305062717
56.27344819686796 0.0 85.63332321167867 17.379293164325496 75.91012584057528 49.25139189230328 88.80313041023122 87.89554664687421 49.01563078851608 77.47181035231304 24.468006001988712 80.29162073691947 3.7676005278443583 59.81847523942465 0.0 28.007494051133882 27.048048016815187 12.355890953831185 56.27344819686796 0.0
37.52350295388365 96.5965831033447 0.0 1.7713907309655 126.9849174049262 0.0 153.83178864860537 143.5432887684541 37.52350295388365 96.5965831033447
29.377438074350536 94.75261169453216 4.340802081143991 85.42023276592477 0.0 60.36376626713865 1.1322596007141215 36.442671925552055 14.747427953046582 0.0 45.65569638056412 22.747693832676113 76.41115844468537 34.13190612415675 118.7645591537199 79.75830762920984 70.81908892154563 108.88867908088008 29.377438074350536 94.75261169453216
0.0 133.29677204247383 56.54287319813861 52.31160586634212 108.6646820745045 1.5636898390031746 192.86056701547344 0.0 235.45329304857745 75.35433129468203 209.58285716406527 145.44078492040086 162.3446365873246 229.9727616441724 130.63510853892393 101.96569803203813 0.0 133.29677204247383
102.57142493002084 0.0 146.6294778803427 65.32148668111483 170.69612848240655 77.3686496924802 170.07103002347213 104.23048472973404 170.55859457654964 124.9637328146681 264.394912031548 252.06736867711862 146.84204626738693 167.08144553283532 96.5296351569344 233.73442430045657 72.3755278980575 171.83691485800492 41.45408223577775 137.5599096403219 0.0 79.37914314600548 44.9793566383685 25.923778581102525 102.57142493002084 0.0
23.056414696554356 51.719333121609566 48.90178674740105 0.0 112.31173442472962 6.183590458080431 134.9263163276438 81.31051699818792 193.48569087039968 44.259065164290575 309.98870343811006 58.316411826608956 234.32109507557456 128.59447466343923 178.60542176755638 149.97143107291743 149.9235439707379 162.00194984945384 119.5304727272576 167.02087251853303 78.09729436987487 176.92501987753016 0.0 170.73099825304493 8.29042331191971 104.62953453250414 23.056414696554356 51.719333121609566
103.837714125518 47.99876801011465 157.22778786495883 67.71169249139118 123.56765797339501 81.8436934560786 95.10370126741995 76.29442668659138 85.67837524158331 91.00181736642281 71.09285790504416 87.84452904198392 44.369460927050596 95.933818944856 38.6476614364297 72.94004534563572 0.0 54.11154374876623 69.230543094823 48.14770213834205 53.547772910833615 23.1390481838175 73.8900768662064 31.08874191349455 86.44941618123993 0.0 95.65314846205779 26.388994688721148 135.79593605467096 12.49175519619768 103.837714125518 47.99876801011465
4.649897570494687 17.313639397179244 0.0 11.40758033833552 8.157619524799529 5.863382581272759 41.13826345825616 0.0 29.248302621414652 32.9731795417287 4.694861242658604 31.605822902909637 4.649897570494687 17.313639397179244
78.65553721262253 54.465177893948336 53.92320370720893 78.79435592570181 59.59015151952728 32.24754344350336 0.0 27.521656273682396 35.14971167028182 4.285084072660453 60.765713171541165 8.238620632228901 80.4951767960765 0.0 122.38078192123943 8.498933084121077 73.39228338654232 32.371128402138964 78.65553721262253 54.465177893948336
49.327179669096545 180.23598492906353 0.0 133.63341833062034 23.533154167781518 76.898915277825 37.90905893662317 0.0 112.2471525175168 8.298360789943075 122.38493202853893 81.16267770779687 210.24995828942025 104.585826347899 173.13189644197018 172.69486775604585 110.56063485554209 195.85316805012653 49.327179669096545 180.23598492906353
185.2803252459089 64.39375592111075 267.4731715197815 147.36466429654539 136.63839085149428 206.39775816636603 0.0 107.971377627642 117.03990335395389 0.0 185.2803252459089 64.39375592111075
128.6317396421726 201.17710215561777 24.325979381388095 212.30100930050276 6.7105168054446835 103.83914755919523 0.0 0.0 112.67671702439061 29.53045854455125 175.46767984645913 25.717198390607507 166.60246130934325 89.88485419864871 236.74477627333414 190.20741266412978 128.6317396421726 201.17710215561777
84.29159198384104 34.18136813424861 91.36066311255702 34.44121250729339 134.42053709083785 0.0 178.9774073162156 21.42459822733739 125.37436745888554 55.969890448897765 159.13913393660536 103.85515738787583 105.88986626711718 89.80126498367065 84.32750472240843 108.2101213264317 60.06474558318203 93.81813295913753 14.551319801438922 92.58471086473332 0.0 52.678493951415966 30.98923850939906 23.845177268760303 54.15034094618488 6.50613307270423 84.29159198384104 34.18136813424861
30.037003673416663 19.78943372739875 49.389797782139325 0.0 51.01151484386759 35.8580067396715 82.57391983456823 36.258756986009764 64.27599116688769 52.54916684140432 53.1307914745866 59.605870810660754 41.93795326998003 64.15790377560845 31.674301511540136 56.922466028772426 24.14492631871076 48.01745040283772 0.0 24.744384197716677 30.037003673416663 19.78943372739875
113.01427602406623 211.94518969644957 101.52677814274557 152.8894134589748 0.0 178.78543203126264 4.186299713135725 113.80525147052303 22.705208523409 61.50052121019252 24.822266827044686 0.0 97.50902293406747 12.518908711142544 137.26261094930658 25.32866659158681 160.25528062201883 49.551560463624504 181.29679740452195 55.160641399500534 240.67124660199042 51.486447016057625 235.65543145274313 91.51613887999974 249.72779411301622 131.42355883335472 212.6266351562917 153.50685116734127 175.43875132338502 153.32273950006095 146.35200554023822 108.7421657839828 113.01427602406623 211.94518969644957
112.65288921692095 0.0 169.7495660723333 26.644323583498412 132.4843000323408 83.01043115034426 121.99059404150304 116.66842239339087 88.39642668022292 121.14686425362243 69.78855043744525 96.46673081361291 0.0 94.03987510753034 61.75805412444603 61.1873679757547 64.45054531402508 21.021239685370368 112.65288921692095 0.0
19.879736489938864 0.0 93.64257457321324 21.26847724619067 49.36526180542825 75.7687789283145 0.0 58.69879143695459 19.879736489938864 0.0
118.80877942674032 79.24836671007762 101.61530287614019 106.95846918653783 71.71077846005346 93.80147102945119 34.79899236009271 93.85226065399513 37.5443770747475 55.612642075651586 0.0 11.381688798037032 84.6420279776724 48.41832777107398 84.64660556191636 0.0 97.59274957305864 29.18996571949804 112.43955983246059 36.74695773655559 122.88966957642268 55.37031071832711 118.80877942674032 79.24836671007762
163.27513929584984 147.51192811853775 61.893457125577505 97.92937698227004 28.341721819195335 102.48029342967357 0.0 77.42501443579266 19.296107883615782 46.7973480204015 15.507366964281381 0.0 57.837091087574485 18.02846050441724 110.66093081288642 6.3777790876881255 114.8712646076485 58.167789813241896 163.27513929584984 147.51192811853775
233.61244500353502 70.99380702957282 254.1055530021365 128.47088431742412 195.39024464392386 146.59601120897807 204.39667239872992 245.06762201254276 117.0181469196819 237.38139580715566 0.0 175.5897846440291 65.91831375150343 54.64268583379203 163.40766360413727 0.0 233.61244500353502 70.99380702957282
166.98644872121454 210.2183464223911 126.94165948997178 173.06290413335557 82.2669932316241 204.9701068842154 39.10588657142932 183.54623860349972 0.0 146.19997783529314 59.65826884133554 99.57846890318993 130.1250445855041 111.6208524746902 59.490988997835075 0.0 120.3733181797951 45.006837303685344 142.55024973433765 69.29928559770812 192.657541207313 40.07213866865466 301.3524352426443 28.05994358924255 257.47485414661116 107.59047138036973 279.5094705448419 171.55752445815875 189.27697519534274 171.72451016148662 166.98644872121454 210.2183464223911
26.151100721348428 38.099229277320106 19.580007652204173 33.72879453878224 0.0 34.34286875165772 3.833933340974937 16.56603219597278 16.25264911564591 0.0 34.26036232241444 7.5555026435361015 35.84153144747364 23.772477961137426 41.78593773118614 38.326989626272024 26.151100721348428 38.099229277320106
130.09395749810042 98.03789594848993 87.49553522794444 108.98574247553739 49.02003275954317 109.12832657596485 5.071561968211881 80.86863195640981 0.0 24.4884410897496 51.97348519160323 3.419086596113317 91.5438089002229 0.0 128.57942786879266 15.531610450748374 142.7345476682193 54.97717032475386 130.09395749810042 98.03789594848993
280.4621827194344 46.43852752655072 158.06240219847973 146.28653627095997 0.0 118.92345196371157 117.1613569664542 0.0 280.4621827194344 46.43852752655072
49.3827210439404 119.18195821435344 36.70834705044809 80.62323529330251 28.178854488095034 64.173546227505 21.479251378350767 48.925623454348106 0.0 24.270855571795003 28.077288462207427 12.908965429560745 46.30488763967568 6.656296528151692 65.83414043273737 0.0 75.53847680173291 22.169515290116315 63.816666540456346 42.72820346695524 120.0002805962335 41.95642289742539 120.4267943714409 70.8202621280154 68.91656477746841 56.10594433887325 73.5351158273092 91.04988690604068 49.3827210439404 119.18195821435344
59.08446143996528 38.52188167215991 84.17018276758202 16.519154355194203 124.69871689978359 0.0 163.86473017146335 28.83111568204385 203.86010469595897 78.60358327313408 139.8036778425268 103.01500103981562 115.86903314262342 130.3389490567497 85.60972370013087 106.77938074066537 80.22670501516305 82.3301713343354 0.0 68.24265630678374 59.08446143996528 38.52188167215991
4.580351722087386 28.617325257439305 0.0 17.946120939488054 11.818909336199667 10.969589445390142 15.815839046501011 5.115719319983981 21.729352847521028 0.0 27.11832269208459 11.625953963766563 36.249759876075586 3.34909008453522 47.86240528674254 5.455014692932721 38.47229368428806 16.893684725937987 41.73814184492444 24.14351853973362 39.58578304100591 32.607852763356945 32.11182886374918 37.39528384296143 21.71377831950325 41.72427582866855 14.83284192489215 32.71282682411477 4.580351722087386 28.617325257439305
229.65882972048934 39.97299593519338 171.07599566747928 102.85371079323829 231.37752215621197 135.72497385163285 212.65223768129505 176.93395741410757 150.57698991780464 154.80897077536702 127.27699085337407 110.25523409143521 106.95325144808426 162.4095273320283 64.92948567837713 171.9446127593793 69.2545330294634 132.87278804084508 74.58661552853178 107.81160046353132 0.0 47.269789106111595 43.61390931798445 10.76346087347568 109.46934110059829 52.62845730387943 140.6956820137649 1.956378500281346 193.6732112066922 0.0 229.65882972048934 39.97299593519338
63.50592635579211 57.42593382660297 127.09193498423659 0.0 103.22895044169137 75.33397022323759 106.23012649909126 123.43757084267858 55.78168827451813 126.4395388786366 0.0 111.06250559923495 17.531472102754236 53.73232531297093 63.50592635579211 57.42593382660297
74.02101545911884 101.06798161692129 0.0 105.70885221393837 39.275111621815526 62.758311754818536 3.8388180224525 12.249064388457 69.28925303236514 18.737592433917648 89.53222510001703 3.3142322439864813 116.61836749853968 0.0 115.41205106528618 59.52912681594334 177.9417949759354 11.91728373997401 223.42954601867518 33.6503531999179 221.7700004721446 80.19269597622454 147.9280979275125 90.42531573898985 146.1595367996776 113.20698964734072 135.58847626494526 151.31016140658676 103.87118272847042 132.62058871349393 55.90613545988381 174.23074031828978 74.02101545911884 101.06798161692129
65.16573569829545 88.38689835371025 38.475867848677424 108.62652694296949 0.0 92.96514520145323 3.447565687864852 51.39393125390067 22.89383495863713 19.95927312399654 64.63149357031645 0.0 111.3337302847282 26.48695203234839 131.52038522245488 86.81626596391976 65.16573569829545 88.38689835371025
140.85111793758838 197.8254783400908 53.97464619800425 231.06721539257433 0.0 158.03848756806008 21.811449852370345 73.9965333092404 70.69472084790578 24.189691082713438 131.59655708234467 23.91328235626078 206.83281411077263 0.0 239.3311146391457 72.33593197949124 288.74675353925954 156.24758105975314 227.69205868698873 226.8767475450183 140.85111793758838 197.8254783400908
