70
0.0 108.5444002283188 25.40810967430204 68.79102142912564 36.89976504084561 51.495308016972544 39.16392022953022 24.546831372940844 64.32476589425339 0.0 97.12700234643206 7.259088187006633 104.54224187238145 43.14529786003048 133.94134317384396 64.02624783432312 81.8585263434924 74.73371603961543 95.98992506179272 114.04563744716725 68.59576665270633 126.39046913628451 43.994388452101504 109.77484632047793 0.0 108.5444002283188
85.89009479772483 172.45409338934206 0.0 132.665491276939 56.76917820145003 84.06882955673382 90.55041675608162 37.59450353822933 148.60835355473097 55.27825089479386 201.8539598734249 0.0 191.535623774158 108.08328762533266 318.2595519305388 68.37316679300426 258.1686663827468 140.54442590319888 236.53538886099483 175.2712465222084 253.90702440304023 255.81892964152678 179.38062273714388 214.13265825781025 129.80315499723943 273.47730941486464 81.77285930566654 233.29299869626846 85.89009479772483 172.45409338934206
163.69495790863942 0.0 192.59286959849885 54.82741763176655 149.64463769748832 101.31571925162432 121.93572616423053 126.60226803709246 84.97216881700572 165.3217594098013 54.3493684408831 120.02170842940727 35.233057001992194 86.53532895405175 0.0 34.3242727177673 59.488702785273546 14.930637800036287 99.59434579473404 19.85271730837613 163.69495790863942 0.0
125.36601146285659 37.624436021752636 164.98868302722695 83.76961210055777 125.32718160634398 131.7720397814871 79.15600097027526 141.38515442341074 27.48052910808167 136.40349125725857 23.894506889102786 83.92756409647379 0.0 2.6401559930984746 80.09836954176295 0.0 125.36601146285659 37.624436021752636
46.10807770593259 46.70655022880027 19.24716787850032 55.07576639151257 0.0 30.106578350894466 26.57091103362606 11.977756798929633 41.86900908602486 0.0 61.740426496197514 3.9769408074790675 70.81146685415247 23.239503955945764 80.5399810940334 53.75873666120265 46.10807770593259 46.70655022880027
87.91641742925944 116.30292430774499 111.12583190940822 101.53695702238369 107.1391627706547 49.270007829810595 148.70503155545538 65.3250219958035 197.12412692367536 0.0 171.69539633493133 117.95861469065966 191.16285264479768 119.28698988554552 248.5511173679125 129.38343186307054 220.49567929484718 157.91192468037798 207.43516206412772 180.20317656589782 196.26120490063494 215.54834884621238 162.94101189768912 206.19733851312787 144.93181971191473 173.87632201881686 96.43099159376095 211.06122289722117 79.78980638657342 178.6294991004189 0.0 151.17425592761765 87.91641742925944 116.30292430774499
145.8583258295895 81.146551764167 184.08043910459207 104.81808817259449 226.2214199440887 166.35670639406467 146.9746474260207 173.79406964192887 121.1651637638704 224.5347096177396 78.3439245167082 184.8648561736593 9.355450316823834 212.8042166271407 54.15886254747721 130.90329330415614 0.0 102.5018744036375 71.25825121854227 96.97949952563864 85.13040850643523 92.57185515776919 98.2339656399326 0.0 139.07830214229796 37.46977810918898 145.8583258295895 81.146551764167
0.0 0.0 88.86608780755114 6.071279146527004 117.72756886923091 34.98200508187462 152.10600521560423 20.32001941747609 190.8819171348155 43.475940754696666 196.98108161623122 98.40433559685043 152.82947052121418 126.83546556524327 95.75310986408164 185.7980660951756 47.39165354062877 127.20088262346731 11.352561054861638 74.49387644271624 0.0 0.0
96.6335017833883 44.61306573780408 123.26500550924816 63.12568125390867 95.65447768094644 72.01984485255346 83.30334926058148 80.23059768413503 74.56881588715223 116.80826862619648 48.15389876331919 109.82476581180467 54.72725069920769 64.96251253413784 42.60281406646233 63.3797132776769 0.0 53.10105718312208 12.141152276900108 29.791115269635554 20.466906881714365 5.454174562713938 47.39639048042635 0.0 67.57514881893175 33.47871375706029 87.82464171201542 11.96624481608007 96.91000176522066 28.947371619959867 96.6335017833883 44.61306573780408
20.624264136442434 0.9754632506484597 41.610129033906745 0.0 50.22747950446188 18.639568668256814 46.106722242416595 44.45771375709646 18.315170698619767 43.428635747488414 0.0 20.022289857984575 20.624264136442434 0.9754632506484597
22.021969435948037 76.4379861791137 80.91187369089177 39.31941290420941 166.6130703978074 0.0 220.0281137156223 86.76577566467374 146.43700828138685 137.26436408421526 100.16180115461584 196.51353844432325 0.0 174.1215852221409 22.021969435948037 76.4379861791137
158.4149313763793 11.80772986578863 187.21009801616353 67.6871181968289 226.34613518755307 99.5987578570213 167.1730945017407 138.8956800390904 292.7021870223027 263.41489386043224 180.73238167079262 266.13340949330353 108.97285530289477 268.89717000891585 25.54476643902416 281.2348223128754 101.55926733106313 143.89095790750252 0.0 135.88788551936352 14.613007830864035 80.65339207559066 20.14679731207076 0.0 100.91125653279761 9.365729085259758 158.4149313763793 11.80772986578863
36.58984856072719 39.48831731533808 23.9381616198973 31.684584575151632 8.987727869441144 37.01091765242684 0.0 24.995977252211404 13.827699017187996 13.52637725806295 17.76950141920217 7.789980167955591 23.378188730837223 0.0 30.276356792733196 8.040269487154788 38.495885863973044 9.649202457458912 39.52954260929124 17.60479397439306 50.22361525475549 32.93412272142676 36.58984856072719 39.48831731533808
61.46744283904007 44.93050804815242 47.056362920755326 61.90828056597557 51.82649069676702 37.904000510904055 16.76790435252593 36.2757724064045 0.0 6.231050226180855 45.857920891500605 13.343246826674815 57.78856415067093 15.685794622636209 72.322045673432 0.0 80.87864979750196 15.809987542705912 75.37432125676824 29.837660684957996 87.77703389742138 43.56044724929754 92.62170039468432 75.30670674613906 61.46744283904007 44.93050804815242
63.41886809520716 9.51657534196076 78.44418687468942 27.320823959289896 73.27985988777738 52.10143195624775 51.48291036186765 59.10511424194871 31.6343155566167 70.13738742927401 18.179624085390373 52.783378903439825 12.297412273459116 37.41016585266138 0.0 12.422120268530705 23.057138517318634 0.0 40.02035783982436 26.45220719294268 63.41886809520716 9.51657534196076
79.1029311197433 37.0091230868092 129.0528483425388 0.0 138.84183909780293 54.95873738867968 123.40251133274339 107.71951175158992 68.70740582996848 130.40758084767316 0.0 94.94806227556708 73.82384096929094 51.00949620511663 79.1029311197433 37.0091230868092
28.784601339860536 8.684780394576116 84.28675861979545 0.0 123.36326770300158 36.28749726605115 76.10721307851719 74.96655688715585 74.60789944089348 105.94579470372607 43.39373325649249 110.29007956972829 11.853517684050829 89.3732422666009 0.0 47.01555012608421 28.784601339860536 8.684780394576116
45.83898767685494 63.9274757830966 0.0 46.65986975594183 3.007217808201048 8.118485204930302 41.79453478045717 0.0 72.6026668656181 8.999163431125687 90.07050378063532 26.94884382960663 144.67293913742566 27.811133730742455 128.51118113726034 68.57336213287489 116.0023269956466 102.03484494169152 79.79909341203594 105.23324779323502 54.300945424709326 110.81371047122647 33.62357216907739 92.43751014922961 45.83898767685494 63.9274757830966
33.5216567350144 56.094366250446676 0.0 35.18949657605189 21.793863267750794 4.830701746018569 54.253201758186364 8.681911338251972 82.97334727396344 0.0 124.31147341020959 18.158500994310792 116.88074587035526 64.58243398433905 81.92281106914588 87.29217865405406 41.53080885123045 104.62326569336614 33.5216567350144 56.094366250446676
0.0 98.07878034672531 152.46742089196613 0.0 262.123889165995 121.42286838184111 132.24437169816252 227.24539020876847 0.0 98.07878034672531
58.14966645343223 7.5327513566387125 63.86243102388664 22.078103175377308 58.306578634609835 35.564694325536664 63.094682429576864 59.82278873035965 39.87832854284886 52.48555397129182 30.08009904220576 42.200110413758 1.8884368067029698 55.55040176028659 0.0 34.41524150822313 28.870555345395857 26.34330287096023 19.790553926586213 11.057395208183166 29.057981383739616 0.0 39.6997466340018 12.965883294718665 58.14966645343223 7.5327513566387125
55.139456217690764 0.0 90.60785006228069 19.97360597060819 50.75769213862459 47.005390032645664 50.10713335966612 80.06341025924297 13.261721175460522 85.23391536483479 0.0 53.51597644698356 6.957679356511164 27.794958218891708 23.303684002852563 7.197751828994569 55.139456217690764 0.0
56.485997903926375 16.172205859395746 75.94117702178704 10.184840959096206 106.89998321765444 0.0 125.31726900859738 28.65861263067538 129.79173203943438 67.3374198176489 95.73542244958489 92.82518405022678 61.703576867530074 76.2628017376171 61.967064770131955 47.1388066677015 0.0 26.552886114280398 56.485997903926375 16.172205859395746
113.62627243830659 0.0 296.36144104895004 26.879321572316215 195.51875143258854 184.41116488575352 67.24327912307541 214.29537690894136 0.0 83.8770318206807 113.62627243830659 0.0
175.45889314296622 215.8103842036638 102.19355926410415 204.36078173808855 48.59932601456696 185.0880140216668 28.558782403344694 131.03631519692746 0.0 88.43557905348118 14.20112397052462 37.0642545857531 67.97055153124268 27.66900699710944 105.81210541483998 29.668349785578783 156.81126514774286 0.0 156.18758809571005 59.12285763533538 248.5873064196455 92.46543093385661 148.72198045294093 116.48757223466713 175.45889314296622 215.8103842036638
0.0 51.814463997023914 19.267658273846052 25.39057379368166 32.58172935627455 6.883463119131299 59.33858881019084 0.0 63.639402835231124 29.437963315800282 93.73701783473734 63.103184778783664 52.62132290826419 65.48362748192329 27.00263745275859 70.00690514080088 0.0 51.814463997023914
154.5830273332922 230.19941359265394 130.74993979827485 189.19323913684306 109.51241845503937 186.38837127046742 81.1455362111717 179.9646458415498 0.0 165.20092777708507 51.386247305396054 119.51043256415593 111.97634078522336 119.47703710449068 102.32323205787125 72.03825161241028 126.25359994488976 0.0 183.22542876846256 9.672409657673768 182.0421278381452 94.88764694248486 241.2967304563693 90.0059319353567 281.4236961607497 126.41262893382304 202.70275205630188 159.73202255165438 262.56829873252354 236.6529529448005 178.43555369183363 205.2987479568916 154.5830273332922 230.19941359265394
91.63036483981966 0.0 173.29553691283706 15.131215651371356 347.84206946285286 5.918495222649504 223.63534074780358 113.94182946404712 143.69619995167557 155.66018718027104 0.0 117.39471896740051 91.63036483981966 0.0
61.61070090869649 30.095069280528627 66.9642502429594 44.926231384369366 107.6952508577871 66.11416592486307 62.66180533966099 73.1722946000333 55.087627094739545 91.93045625839167 35.53353853325211 95.26245916322367 29.546896149451626 69.0035481099238 38.4059851340283 53.94735829614995 12.626044281205921 56.702329230307875 0.0 39.748225267867646 8.96545408281645 19.77855322518139 29.4624587974983 13.98071196474752 54.05815950247005 0.0 61.61070090869649 30.095069280528627
0.0 59.37054277513129 80.6536639919203 42.46279355498495 116.85215435425252 30.15586302218111 159.67166025837733 0.0 198.12121370634998 33.13207053017859 196.60341925011522 79.75803154315682 261.68575702422265 130.41201312350202 186.0582457574596 147.79523074223218 157.16256569614555 182.75768226342925 90.76333737051183 261.2694690422629 2.170121304755014 223.04880260721873 1.317018436174294 130.47104749409155 0.0 59.37054277513129
45.04147303384937 0.0 140.51953798819466 114.97199686368475 36.934965646005324 122.63271325879953 0.0 103.51431002760462 45.04147303384937 0.0
81.81308411047087 61.426904141041554 101.29686836260383 0.0 137.71702872030184 30.221555807649537 109.71588718294572 113.48360169259499 122.85481337209293 107.84861720559603 203.7709056913866 114.44004573487575 218.17715057101958 163.489832463565 184.7893566554938 199.37429694423938 122.61431337404073 155.00582432923562 97.17921307416661 212.9472331379587 52.09107447331569 206.4174896509849 75.89339803595266 136.49915275034112 0.0 132.62207221499264 67.100383500157 102.68733546372121 81.1073345789998 91.64797598184938 81.81308411047087 61.426904141041554
39.08003090815019 65.58896690577073 0.0 53.61290435827277 0.9515074907447598 0.0 78.9611052690392 5.396646129387008 39.08003090815019 65.58896690577073
192.14246807580847 65.43152356548866 189.67474532401138 87.32698481601841 271.2046001085219 135.4736123649951 273.61689055746774 222.1947847399104 164.40571087601657 134.4344806759838 132.38084821747174 221.53865491920308 106.11663335654632 158.930875605833 0.0 185.07984081269083 48.56900916045106 101.36359670868596 24.285862915869387 45.89320074699474 79.71414172956395 17.818427761418093 129.3466428002919 23.191026647599514 161.92665286001454 15.759108303274274 211.7075403243153 0.0 192.14246807580847 65.43152356548866
69.76374342597352 8.2624295512191 71.27726467635436 28.41513188514179 58.100859760688465 41.62010371736008 52.97675137425114 61.25246464456761 34.43790811198099 37.668446415096824 12.814598329674837 62.63410071925723 22.45086754320488 32.8870764771454 9.654115915465326 25.37433158093566 0.0 5.169568867297059 25.073265078823027 7.319260154499446 36.17746634331415 0.0 45.39129192236234 10.007024181948807 69.76374342597352 8.2624295512191
38.99946409932326 36.711087029557575 17.9543217697734 33.59785014390128 0.0 11.193617174904062 25.89558407139343 0.0 39.67399402248165 4.1198783947871505 65.69208229365358 3.813188585210895 66.26216224161172 33.1162720964079 38.99946409932326 36.711087029557575
115.66640328194237 50.73629099792673 124.57312157652433 87.62502454701072 92.61024006136819 104.08809578709415 63.57234618700075 85.23023025801743 46.08503776673197 74.4919117543664 0.0 64.75443849486277 44.012696431602365 37.6808493167171 38.00231941725551 0.0 70.59986398823594 19.046893569106885 91.2830664161066 14.962686482457542 95.28748751877266 36.137910549740425 115.66640328194237 50.73629099792673
220.51722252479405 43.78557976624185 300.86195683094513 156.9483349250912 133.36374003418427 190.47105619425207 117.92319414503758 250.94053712841216 18.612769125063025 279.2619669352892 33.990874868946335 178.81097958852777 0.0 82.50511181766784 91.29913147466195 0.0 220.51722252479405 43.78557976624185
79.66009059940818 16.33577117128641 126.88296813955236 0.42419413860153554 96.3619071524389 35.13461961748021 158.7395354331399 77.72675633788717 125.45193652289512 109.22913525194957 75.42362633846491 78.38585413944509 50.74446873950254 89.47726207633826 23.869557696541335 81.13735251226024 0.0 56.385395489628124 21.90822586577255 26.94515363723613 63.49313723572405 33.03142069357838 51.33006511259099 0.0 69.46483113788481 5.968294982809255 79.66009059940818 16.33577117128641
66.74974885753994 50.568435979475495 119.34320683568279 60.08342631782237 132.77468097846577 9.04686119132107 183.82629548724265 0.0 253.6368330716777 24.68512068310536 142.25155657333127 83.16327276283813 218.00397947993525 158.40004479429825 156.43057383968576 176.85403841902047 124.31224370117044 107.9221705218163 40.70878279870081 159.8015980010298 0.0 99.59457859117832 66.74974885753994 50.568435979475495
82.8859567017634 0.0 211.9859485873343 53.95499782464021 162.56312524098433 197.76294740859652 31.365637652013334 168.50288384579468 0.0 71.5181219496938 82.8859567017634 0.0
49.26584717024417 75.2866641136066 46.260384079262835 50.02282454275287 80.47245862832047 0.0 134.90141245144537 29.83574560580358 136.16737232888852 93.03170910430556 95.0203342340684 126.1871397737157 60.456575544658065 98.25328114549897 0.0 120.50049847263293 49.26584717024417 75.2866641136066
111.55728790828599 160.55421216731693 92.55480788896674 216.04880858055114 64.32681132679429 204.89682022292592 0.0 203.29464188781563 27.19401873588245 151.9952195635579 54.528675576924286 126.36391288467607 33.537107163849186 75.13011341129979 75.85662382303153 64.09582044564493 113.5052841088936 0.0 144.15682890322446 72.44586122174456 160.44959933790648 102.9113136543252 204.37850703826754 119.8897915290393 218.9553034102058 164.69368966638402 188.81054422799122 198.32384860982475 126.24159825883916 173.2591656199225 111.55728790828599 160.55421216731693
23.658508376480327 69.41336505148507 0.0 45.02764745220748 24.406500439800197 28.621214787573813 55.76728789216875 0.0 66.64221023368765 42.817100236048994 103.7912205863147 62.41371427028579 61.34355729335063 76.20242961984567 47.0019785909695 78.77284284167709 22.14826015188808 102.86852172206571 23.658508376480327 69.41336505148507
0.0 125.1527950379807 74.10637078491311 0.0 163.17368615828929 41.75691759979466 130.33270422896405 108.28399922151843 0.0 125.1527950379807
0.0 43.19582319678968 13.855529266683796 15.856924797985975 38.78433708659383 5.26862254775525 60.660196583338326 7.001080672318174 89.68762277978476 0.0 83.81155983311422 31.246804953943062 117.17687868104886 55.39336409179163 87.04778675740855 73.69716577816087 67.14272439293174 101.18367469986566 35.811163756158585 89.19111555084905 37.52408974605107 54.61556752927017 0.0 43.19582319678968
0.0 26.70542318795917 9.590966351020313 0.04321456068410612 31.754648633763594 0.0 48.208174276731086 8.90234318043997 44.73902952986214 29.49961566298704 25.46289617916375 37.80837877478076 0.0 26.70542318795917
177.96889214244572 44.350648863016154 106.22231683986581 100.59090058833371 0.0 106.54686155281738 30.79229466529531 0.0 100.09586788735704 7.423949939423544 177.96889214244572 44.350648863016154
51.6919683194737 59.657519488247345 39.6715467081963 7.074171632318681 75.6846529440102 0.0 101.6952851907561 29.430631468241188 132.42968610747923 32.468495394352736 172.57246331266336 53.217910455272374 137.2293899598473 90.19523802028048 151.56100830769077 130.9254897379891 112.34582793425946 136.12382858354397 83.32644590937545 132.3318964246202 50.94312160294655 147.9635006429354 37.83507440236417 116.12236544834421 0.0 101.05494323166167 31.169626900098024 70.51145962874787 51.6919683194737 59.657519488247345
29.406933518954503 165.6488179042924 0.0 76.06798530966937 97.90047756902914 0.0 202.633899676393 80.00799101775898 147.93589700513314 180.69191980240677 82.40560842244959 185.96927064527503 29.406933518954503 165.6488179042924
0.0 37.04192921305437 26.896544906816104 16.094099742657612 48.72954454648347 0.0 67.74042144301632 17.348731026131397 78.65365024140999 33.86482343348906 87.71469709692761 56.28319058780959 63.105942916024034 64.23350760715473 47.59713602585724 58.76780636137057 28.613340173332546 57.37531291850552 0.0 37.04192921305437
81.68107166206937 0.0 125.98934011888406 40.10071945332329 156.47904531263393 65.28899025811614 258.04144141641433 63.834469918234056 167.54252255985466 131.6634295422197 178.60026059018188 171.82123611894195 147.9477131593859 200.09034316700547 117.22288775076554 255.00918115284844 73.24547621177193 209.02650757437726 3.757276535659173 225.37553802804683 45.72835691453807 146.95553634053476 0.0 119.31376541633676 8.415091158851283 75.02176196928104 67.92683284403077 81.65789999125451 81.68107166206937 0.0
0.0 40.171199030302716 14.047593420945475 0.0 53.04240696298825 15.293077273255463 76.87190108342566 57.70277016202411 29.17002152088736 59.10137096622239 0.0 40.171199030302716
58.282949491668305 133.05080702930036 33.65923288383647 116.29832479316669 54.146250846235844 75.66579336371555 0.0 72.86166510695644 27.548730511998713 53.11465093117347 23.469693271038608 14.451660202121488 52.46028519596267 0.0 83.29150625650013 13.150490933570694 113.70148690316836 20.965789489878084 156.06750228747558 42.86912369438981 118.47133079004104 82.08709126121269 84.18145918630907 88.15048066219445 78.81839932701979 107.7179835993201 58.282949491668305 133.05080702930036
96.72583805805438 41.15236027674787 159.88968629779248 136.30465304340282 24.218343974748308 129.90324404689898 0.0 0.0 96.72583805805438 41.15236027674787
95.7781079546412 16.294252644603176 156.87572510880804 8.653240629805907 183.12110226211854 67.47992903417274 204.32458476055098 151.2306111220924 110.52021801514546 136.84106433216073 102.18239270527567 78.63453973171094 54.20170697372845 84.15847159744358 0.0 0.0 95.7781079546412 16.294252644603176
81.46967516419107 83.1472353420788 66.78366522394931 123.82378385321272 52.531030540459284 87.2620526109686 30.93910541230744 84.60696195017672 35.21208234534063 63.11048581593039 0.0 43.63140319421264 34.08807747678017 32.13597979911923 30.243556487940992 0.0 60.906820792813164 13.20898902603762 74.62316407498548 29.348350722298264 95.76745047887633 16.378798371697606 117.75150897919634 25.808865670437882 100.57068843628397 50.679815416794 101.7584051013316 65.17864813990539 132.80446954996614 115.95220718226423 81.46967516419107 83.1472353420788
90.26096203875434 0.9014176206731577 75.58341668720972 36.589124093068946 67.85442278401577 77.11845205412666 18.583942162888633 63.65587609300675 0.0 7.2782096891785955 52.245494800178776 0.0 90.26096203875434 0.9014176206731577
149.64594204316347 221.18303808310642 102.816674296912 190.98253470012926 64.87619962619536 189.15062131333244 56.94554215484377 146.6544622768452 0.0 126.38159343072175 10.719945642401981 77.61580033009693 64.48896893391372 67.16406975348744 88.09022486782524 47.95317196527173 120.63453828283373 0.0 141.72323956752427 58.609076887445305 191.19560826492534 56.32356353148102 235.7644511477926 89.79503662558801 188.61592068621508 134.89986108966542 157.29062193863558 155.5917157650343 149.64594204316347 221.18303808310642
174.5118266295766 62.16342836730653 169.5386016591956 149.54325404588025 76.99012480273308 159.67108085909808 57.486845426677746 74.43278687982979 0.0 23.28986318294718 74.40480189529862 0.0 111.60343593069702 7.47839106925786 163.58044899165802 7.04381647119763 174.5118266295766 62.16342836730653
29.591364348067486 52.80137699027762 19.386614129121583 60.632583669632226 0.0 66.99495877449525 11.794027505220825 40.0083922668197 5.881437614018708 34.30757304106962 0.1551864909849172 21.599064591795923 8.737027642620703 12.951095821154013 19.031301067214443 0.0 34.959963416748565 2.4917669014596697 47.877147202763325 13.185391163027077 60.64261182908127 25.790535848994324 68.81770608681416 46.12934127527416 37.403743703249404 47.07805027347142 29.591364348067486 52.80137699027762
17.07526936701072 28.508983442211353 65.04323957653119 28.157699251489028 88.78063147833157 0.0 124.48944249959513 9.044755895862835 131.4516023362574 47.0217422014074 136.160483353356 82.00140901787515 107.42801138330073 102.23569434020558 73.64880551892094 129.66301498255416 33.569657334172916 111.20544759972063 0.0 74.73683446134689 17.07526936701072 28.508983442211353
45.68123578761707 108.1108292145668 0.0 32.55997536390532 125.69234558270831 0.0 104.0705101641138 104.87425705212867 45.68123578761707 108.1108292145668
30.173982311033996 62.9081345197453 15.580751135238415 35.54158845571014 0.0 0.0 37.20463380629377 3.3734366822742885 70.4851815457715 9.92470204647043 58.41617334249075 43.416531453050695 30.173982311033996 62.9081345197453
102.90402662328351 0.0 137.22091347357937 38.71801588724341 119.33935893094713 78.16488333861956 97.47564005152941 128.24464722965757 63.804144296968374 84.76606214471516 0.0 55.06867419100608 53.42433705192053 13.590448022954362 102.90402662328351 0.0
4.22378436670752 56.057446768581464 0.0 24.693778229086185 23.97263586753678 0.0 57.97242723831806 14.156753494701881 88.1428377025488 46.23398427839097 48.77397129105519 64.89434872456681 24.879497048965547 77.06561318526227 4.22378436670752 56.057446768581464
71.82852866082845 79.58096837895854 45.485904836847865 125.28679742230005 8.943832530193625 93.83659361134747 0.0 52.71186907506198 4.235698245638446 0.0 58.390394620359174 23.720905960784663 98.16536999805352 4.173539031916334 121.49497359576266 41.14693883531011 127.95673644558336 87.93359818449281 71.82852866082845 79.58096837895854
285.25161327700977 136.14927814881815 213.0085743327532 205.97181290284703 136.1170571733113 251.54365882848072 37.305974918900176 217.58525482507838 0.0 105.73029212977535 81.49681732674635 35.843249292625046 165.99979033301818 0.0 208.5379300428895 76.95685553530198 285.25161327700977 136.14927814881815
139.7494178201917 46.5058698995687 112.0588148379492 92.3559938922638 68.39995210322812 72.1983132678337 53.51523312285765 77.66426153818503 0.0 69.49947661419549 40.95501017338937 40.28293581481655 56.619630699406216 0.0 96.47234551874323 14.136621665007432 139.7494178201917 46.5058698995687
106.63753519884 11.657549901722312 94.99382969164645 88.72544155345025 24.52566814224233 106.48111682536413 0.0 49.07902183861464 31.345662562479014 0.0 106.63753519884 11.657549901722312
