70
103.60758502753701 53.95388672065926 73.41164918934015 62.04185534978736 47.810985258998954 89.47596816913145 0.0 65.97529399654036 19.937509422476253 16.765441769525957 61.397652771649845 0.0 100.91279166012616 14.142256742409892 103.60758502753701 53.95388672065926
85.20725421054456 0.0 167.6328656099989 61.4323005470342 282.942546205415 112.24202981299102 173.46575035692527 178.46451787737269 102.25255792948893 269.72045660409765 43.66317717392046 166.45282401067593 0.0 71.79315294534169 85.20725421054456 0.0
168.99170059867689 83.16044319470198 195.6279760395721 141.42109208538335 120.6496977162137 133.89024418571637 97.69992426908198 166.50511735523975 51.65324431770054 180.46311888699597 6.665963683105161 155.08047161837152 0.0 107.79550435288105 52.87368654253609 76.88153747762702 33.52300859811592 37.74528919183297 55.64575033042931 3.150917775957396 95.26236404828799 0.0 135.40774645754857 13.126583936343565 124.33077750926813 64.7225487048748 168.99170059867689 83.16044319470198
0.0 24.843844422167322 28.31750577730756 0.0 91.89052414350937 0.8056156794382332 53.31145477717823 52.69517341840452 8.723485169485912 74.26692847686449 0.0 24.843844422167322
48.338605101995014 40.109010761890374 89.87387431710901 0.0 120.38161713565216 48.29595556339237 120.5554913388552 107.78628165191344 65.37068228588666 110.41007692686495 27.588923346218564 97.45658453765853 0.0 55.07841631211794 48.338605101995014 40.109010761890374
219.77732961037213 58.54358344408249 311.53458572270756 103.29588440349508 226.11862852420194 156.37641063297053 185.64822537471883 188.573902853042 133.4767420025583 168.07539830565935 97.6462021741068 310.1557332928342 59.24496995778201 206.97452036990165 4.087008805025931 190.77097179632807 0.0 136.50351851078244 52.36190696331579 99.80475765609687 21.653878400249383 45.09300473691634 60.0673448601074 17.881460394535836 101.58967184884081 0.0 142.59452446609163 16.36252544264977 169.27612069608335 44.83096525942693 219.77732961037213 58.54358344408249
0.0 20.063055131771122 45.47695623515911 18.14552681758697 54.811112791841126 0.0 75.21054809227306 33.3390089618952 90.02129776760052 9.438349122054738 101.78867352870087 21.022808558542224 76.77189330195512 45.34629708546629 134.68786867085038 52.132580542979625 114.88275417345623 69.38003917921078 101.34151675610246 82.72886181717946 89.25708901295897 112.67532414636098 64.05045814224376 98.29776743206891 75.50595964269108 45.77309608528542 46.58298302978463 63.0798315702574 31.29356423617743 50.52892154931634 0.0 20.063055131771122
57.161138869519974 70.44335758962049 36.800038814771696 60.11196371139671 26.061249436457416 51.77244529590041 26.72058874459107 39.41012847368553 0.0 32.401048694446274 9.976907981592461 16.68905572445827 29.80711112559581 20.891731037695507 37.976579892345015 6.543097062204865 58.21749679701223 0.0 79.60538157386901 12.048925531784931 68.35533541393332 35.05008067641782 52.46473663613996 43.60233449547975 57.161138869519974 70.44335758962049
194.6878098484883 119.39875660724731 158.20891939286898 220.1785135017749 77.03645211133042 151.148462113042 0.0 44.17567359235322 127.43053601696084 0.0 223.90829853805067 34.52909205380129 194.6878098484883 119.39875660724731
4.608143081132425 81.29347785777881 0.0 46.81758617038233 23.633757172307654 0.0 81.7999878775199 33.4224937439005 42.34525973218018 78.77592844348843 4.608143081132425 81.29347785777881
43.431743247452914 28.614609010546815 81.80723087063801 56.74415042815177 28.863978751574876 52.13647388426611 3.8549109453335433 71.13830851701891 0.0 39.13984932920923 15.141585523028368 0.0 43.431743247452914 28.614609010546815
36.73713818282884 0.0 67.66047854573121 24.61146201151012 46.124530525871464 49.12993931976293 29.135744309075477 61.83410600276287 0.0 50.26526934699998 16.156168847764732 25.49608056496225 36.73713818282884 0.0
0.0 20.344255312895484 33.92756388113493 0.0 72.62426541391235 8.074375832851516 48.21664758667674 68.52758425178922 0.0 20.344255312895484
70.97198833390323 21.32908422323768 120.77151400669436 35.667741542539396 149.7351247561784 118.59316333401745 68.62781970743367 135.8180891980722 27.721238734754557 91.6674574770145 0.0 56.05754939500185 18.117558555249957 0.0 70.97198833390323 21.32908422323768
0.0 64.04736599850892 50.76629395491835 0.0 102.48886678350708 16.76377435844222 79.76598111942418 67.68843817807948 0.0 64.04736599850892
79.78211062059131 101.6557727930357 65.31449567312293 133.08050399258792 63.457476858337444 65.85300602397398 39.115552570969754 91.34966562878593 12.611887620598736 88.80862477505987 12.577332652777557 67.59652245705416 0.0 42.758032037622655 50.509957971073916 53.8415427168283 59.21378024508553 56.25887432187709 61.7255883902957 21.316581706980998 81.19103740319314 16.728126640870116 125.72693986796213 0.0 128.84473166149132 36.77291069050598 140.38488565651807 63.15412482406806 100.7260671984356 79.84672924222387 76.77435058475783 78.21721593640768 79.78211062059131 101.6557727930357
165.1881562377459 178.22735164652264 118.22241853045425 255.26516880518884 82.99071061221213 172.20972680246712 0.0 142.93975594146343 23.761428482099944 63.98226420904501 81.92944815314021 0.0 175.67091424307057 4.9374430477940905 259.4910297519201 57.446804046511645 195.97454427763483 143.69212400639077 165.1881562377459 178.22735164652264
26.834641026367365 41.4997156877168 16.142359687427216 28.527529344033923 0.0 10.947472763292339 24.755323823915077 5.453570373297055 36.668694317997705 0.0 48.606547765557465 8.463362291844703 63.43989247544346 25.394161187920375 42.01823372209381 33.64712685137738 26.834641026367365 41.4997156877168
143.27942629505844 0.0 227.42242280578284 87.343645939981 141.3687032388515 167.53857024138307 66.42570308125194 186.58650850115123 28.83609671966866 128.7134864591519 0.0 68.6214458651607 53.640859093554155 11.699453731157107 143.27942629505844 0.0
189.83225303087215 70.34107710086936 278.47499935654133 200.24260600652548 116.20963361804918 200.04568559080076 6.92765797783143 238.18043032115148 0.0 116.54725788147222 75.87991102344664 0.0 189.83225303087215 70.34107710086936
68.83919946762808 24.914785225116624 77.29442897197764 36.871506401660376 64.86096411204531 48.78285774291465 56.40473427047243 55.7565677403144 51.786141542794184 68.40630320674234 38.843745476965566 58.20246283333797 26.34419353291247 68.90661951692405 4.916542134766473 74.30687274924347 0.0 56.88190025627747 3.5635608447939546 40.227434220211556 9.915678937375532 27.967431520231905 23.52508517723237 24.90666656281099 24.4951367569667 7.649178815044074 37.88800992183117 0.0 50.06448695226294 8.542205177339788 62.73192327829878 13.029583007109387 68.83919946762808 24.914785225116624
80.07639363093062 234.8400279615904 61.624668982775766 144.26812600263872 27.03308713609256 118.74265417828873 97.07970395323464 80.92477340123338 0.0 15.210918640018008 80.45788818522145 33.40887743918624 103.85969897091272 0.0 119.97770985766297 58.19751694530045 149.9541226125299 48.51876237708275 276.7040652714215 45.87521838377886 211.1628057996591 109.5855299542652 172.70182985198204 142.7906249295682 142.7383257376523 188.284759590399 80.07639363093062 234.8400279615904
56.04874754550646 72.658699329693 64.74707571543397 0.0 95.00238076921758 31.900909202053043 96.9743369687614 70.62538995626916 168.8482589666346 61.657437568253336 80.39658180257916 98.9039088791068 119.39835492967016 124.02086973443461 94.59941646703324 129.62627133574784 77.30575673911669 129.21248446237706 65.45749132204057 121.97738808009898 37.71249502473012 145.2922958795785 8.589704539062438 137.4737622491375 0.0 109.59480721066754 7.176648799302718 81.11982919434493 3.272023594553289 45.110040093317465 56.04874754550646 72.658699329693
44.89444107274955 0.0 69.37476162169568 19.82602294429109 137.41923980949414 7.9798789284006375 185.53857962323988 81.95429711012565 104.91559200301822 117.24390266863392 50.98598454789968 138.6283039652109 0.9113441191733642 103.14413609345976 0.0 51.57052632655898 37.179219297490086 32.58743476350343 44.89444107274955 0.0
55.00546229148223 77.90362532465701 38.88461482889916 82.62281657360356 17.052952151286433 77.7124658327027 25.830804223103485 56.12814282317359 0.0 31.32040072435686 37.391752308428934 29.59971328130355 43.66255788197506 2.126035382003664 67.2435400033485 5.532810749415503 97.8678389537503 0.0 94.48960796178997 33.353595784207 96.71121295180856 51.11570109324485 88.3105127286106 64.7913647547749 91.94764869335494 89.49375273388074 69.31518026915981 85.85261722717104 55.00546229148223 77.90362532465701
178.24880764870574 116.47152036231107 256.502146694368 145.30858324716758 223.87796150675706 198.87081866290026 172.0903582180245 220.3222555311227 120.86852466166545 230.01540007913036 41.244405799646216 234.24960675684747 0.0 166.73294867034795 142.19745183216506 135.19602590011448 71.16195986779118 39.7006521722501 135.006422601898 0.0 180.921310582274 68.9980023588077 178.24880764870574 116.47152036231107
118.0424385652087 72.06742278741352 134.53069211123534 155.10131008917148 71.4150743038351 108.83440131306794 0.0 87.66423804495017 12.67192181955133 6.804878801292325 90.1009999151914 44.15658776991974 166.7338167311832 0.0 118.0424385652087 72.06742278741352
105.09632376477424 160.77190310063122 86.69051438488657 155.02964077492413 76.34417839654375 139.60275313337186 75.31437341308806 124.25681996395082 44.18311578913556 118.49473885394549 0.0 86.38487999610639 59.972570222152626 83.71153690304848 63.10980794344259 57.09456811358593 78.74651669081827 0.0 123.09237413838713 3.9844408080451927 131.25211917953152 65.4402058124524 132.28528008055503 90.875176197923 163.81064284248853 101.43804196888107 152.63402684435525 124.97801568670249 169.02393122584536 161.4499643612051 111.80989185332992 135.17603894770352 105.09632376477424 160.77190310063122
0.0 54.2264590738582 88.67409280448088 0.0 151.43755359730557 52.41767479016767 206.83236998501795 133.66471101913083 119.79947413674505 190.2669040379339 26.80623403410391 154.6848490438378 0.0 54.2264590738582
0.0 92.55511221978415 55.16932042617765 29.912077689556412 126.9174197756212 0.9165527849807376 219.2019433502951 0.0 242.5245892361707 95.07545157046934 199.68789063218674 156.69566859756168 146.83416372649742 168.09183854812875 100.16191834440065 183.76582252155112 5.121098001414168 181.39361095427165 0.0 92.55511221978415
61.2921401311404 114.43172248740093 30.52587972008631 111.1639858285673 16.964331866462942 84.95605631613039 0.0 55.466703897154844 29.63509473712793 37.05980921395937 51.74902412449012 0.0 82.5094024476426 24.697599946480167 99.77363739246078 48.419894604925034 115.84181968600359 80.69231603599165 95.97527242551558 110.96320743501396 61.2921401311404 114.43172248740093
10.349683570828006 0.0 37.065927937375704 1.961482681684089 63.99261835406466 10.389153667225713 81.10703075106967 39.48686528369504 55.95035374994286 62.232032205694395 31.78010053424765 61.39122811134206 0.0 79.00881937939872 1.7286998072571862 45.21329394576915 3.171575017688369 25.446384677188178 10.349683570828006 0.0
65.54766283774038 24.61446632617998 87.52363599776287 80.08829040043061 29.77685919326791 84.35557065114078 0.0 55.91946955039781 6.479038149421399 25.29223788659519 3.9576288567826907 0.0 29.44750043763655 19.37747052169425 29.514425339078855 26.141137344036693 65.54766283774038 24.61446632617998
0.0 76.88842784172886 45.367592810563906 24.50354024988703 80.09549523822075 0.0 139.9362973967897 43.85055860582968 77.80940631356862 101.89764812187826 0.0 76.88842784172886
225.45857738444636 168.82586777058106 142.58637201373244 149.82056155485873 0.0 148.09437138360443 48.19971811579751 1.3211847319407184 178.10075296055203 0.0 239.08574597263222 76.71738774121307 225.45857738444636 168.82586777058106
205.1506423225286 154.02597056287297 145.14158938455068 156.4545825041164 77.25565525013003 180.71153960096848 30.9716204211621 118.1728557536252 0.0 0.0 127.09169193309674 12.56688821636483 182.3765080073401 45.721314787492865 243.38027223294833 89.51497491703329 205.1506423225286 154.02597056287297
20.663371594222824 11.081386287573636 38.19882318114129 0.0 37.079284796555044 18.54835891434287 54.70064775141634 29.825417834568768 55.11606196912834 51.69304935337304 27.858866488913392 44.44206887491734 17.49831975747179 51.44600401099673 13.054200244271982 36.84930002050105 11.239249903324378 31.49648085005873 4.220516999117152 26.79159644601637 0.0 14.832148945788717 6.886221894714694 2.0620193906827495 20.663371594222824 11.081386287573636
319.57030304084003 103.0129724413514 319.0142309384367 197.3049515394842 229.61399263427634 204.80255550788053 146.13037556044748 259.55405063668894 105.10310423779302 173.08079987823157 0.0 83.49458435267954 162.9216488424749 72.07078674646048 202.69707123985506 0.0 268.3114354101656 42.31810917751267 319.57030304084003 103.0129724413514
28.51631603644104 0.0 51.83093978074382 3.360296867555128 69.42895452257163 5.203800358071128 95.86331073476443 1.2293098981940815 99.91823267896696 25.62324303548283 113.2702024096509 41.553611344167265 97.10839824169169 59.47387971922477 119.01598923962156 93.76943775579299 99.9339769505015 115.79793751164992 62.99639516563262 76.53995783555091 42.66402553739124 118.01380372076882 36.44774565080462 80.84300020046031 32.597206715808014 66.43401361025091 6.358636750357341 58.23436767016733 11.437899366653056 38.95316334809981 0.0 7.0341979134344825 28.51631603644104 0.0
17.957212501492634 41.59903792544141 0.0 25.56684955675142 8.560838976876695 0.0 31.657843435636366 1.8328891978205917 50.77959562196119 5.130042054148262 65.06290646103247 29.708736600274207 47.789772253057464 61.33078792975999 17.957212501492634 41.59903792544141
0.0 79.11791359482615 32.3152326814904 0.0 116.4965783094883 63.503105515227205 43.17908596014861 105.92014653588578 0.0 79.11791359482615
49.169870188654556 25.46036643963633 77.34011604763046 31.158339468147673 54.13016719841244 40.57765040837876 52.47801879174418 52.87224514610688 39.44559995459457 47.713797124395185 27.02868790337567 63.21790935501515 18.285330246779623 50.46046953135195 25.33150699800869 35.72416670380031 0.0 24.794880059971206 20.27416651661143 19.434302004189917 25.82240710853553 7.705281332526056 39.85418521473656 0.0 47.85296116402449 15.535688228806805 49.169870188654556 25.46036643963633
0.0 77.83513640449245 87.89685138670382 31.70478690968109 127.95601905947568 42.346309485057944 143.01377328721634 0.0 185.02115817451616 5.198228653003724 227.31368378628605 41.8207775652083 203.01165283664886 90.4691868867499 176.2295029144136 136.40729079364664 107.44503989995157 209.0371404520425 119.83934193635244 70.59483433046839 0.0 77.83513640449245
8.4215126273577 83.03635743147257 4.634381837022971 61.38653715916873 2.4905419088530323 42.196004744103384 0.0 0.0 34.974228823054645 37.96123925477311 54.832659668332 30.41536259746558 77.00383265103802 44.786131758896225 93.98566718508481 79.07196438023337 54.21786632921328 87.31241325687603 31.628937423375405 82.87966949438356 8.4215126273577 83.03635743147257
195.80673786204432 243.41709803094122 135.4626005453971 200.85312804857054 71.76583429257789 187.2848595127697 31.46088895423742 129.44039907614683 0.0 36.67295638475733 92.16178645580678 0.0 163.51856020035194 37.59132524739253 177.0712023246412 90.14427967916406 312.7213157472766 47.19010266605241 253.1537373170733 131.5933885043579 262.26347529588713 209.58234117317787 195.80673786204432 243.41709803094122
24.092811478225883 32.69695237937047 55.52739574674941 0.0 100.61725426098756 4.319942737409576 148.09751965269209 2.286740330760381 152.95184305550268 53.65607321331761 182.16307493583307 87.24659522779203 178.14426822002056 138.8159054663737 116.70091642133771 127.0191445107643 89.90078183792333 151.6618995115486 83.08823896218051 100.62272809122892 0.0 127.04814952252178 11.21118679406976 76.39656295410936 24.092811478225883 32.69695237937047
25.53877231378874 21.80738293536986 0.0 28.77528619261092 11.810766127678889 0.0 30.081915811949898 9.386612411429297 25.53877231378874 21.80738293536986
40.38967116643785 0.0 73.92055601219268 4.201994873601507 79.17839577269879 43.87053582638386 42.39591920069813 42.82349085933048 17.378959949676215 39.73949840307114 0.0 2.285822674489424 40.38967116643785 0.0
73.48465580507269 124.18082940739386 0.0 42.82193706807625 81.6585084485136 0.0 151.24968522908205 43.326247312876674 178.2656627531586 82.59842374751169 243.35906689330858 133.92237815297403 212.96200984952648 218.6951285971703 125.36824991853237 178.05571915733447 58.43911965638361 196.42672577819275 73.48465580507269 124.18082940739386
50.47134879649735 23.88474191208261 101.00190286173203 4.487830635553465 98.01739857924754 38.07487855463717 70.87667758620996 58.01630359071846 98.58779266277843 100.77040117226932 58.45063019008656 95.66618054137018 35.10008460560698 96.26497525891992 29.13565860932836 63.30212123302369 2.8582177227589654 72.89942617246805 12.591660368002607 53.07959271681114 0.0 37.84335295581928 25.301110653772966 38.568509858631906 16.860005063996866 0.0 38.08877161760839 28.137203170948375 50.47134879649735 23.88474191208261
0.0 81.47692140855624 74.34579376547566 7.88917159271039 152.28000283134287 0.0 234.45626718150555 55.018221978583114 139.02469146140874 93.39216803895276 111.18434170389747 89.30655486410853 0.0 81.47692140855624
95.89755850114997 1.4531096853787133 94.49893108686862 29.158661640650088 128.79037398286124 34.02763849782776 124.14013940975681 58.9422036857188 86.82054230282267 57.54944163240527 81.36914126693 65.05890995814767 71.38243372344756 96.84796862492354 50.76611127321611 87.65423568776166 44.219099584475885 67.33221672229436 0.0 60.73385077095471 50.11771084012284 39.77139198815551 41.11582060244103 19.877896534168876 56.320567734551446 9.09395749429104 73.51525722340709 0.0 95.89755850114997 1.4531096853787133
0.0 14.962746348937316 28.881231191871294 0.0 65.26135607015608 23.259113095581995 25.162761820024542 45.01708246057052 0.0 14.962746348937316
0.0 52.3466157046075 20.553642990500762 30.888872942505344 16.720899317457025 15.713618317829116 26.18095337590944 1.3981643087995081 43.08010476956473 8.49247312571282 57.56815944300854 3.406472366766664 83.40219788654798 0.0 85.25318425836008 23.577392296745032 93.68087526773078 46.386083085632606 77.28923649714984 64.0860219262318 52.13389121337943 54.00465316690919 41.09889094490022 54.24495937902229 36.82419477640261 42.63156929065313 0.0 52.3466157046075
0.0 187.36060765797896 49.28048608482682 0.0 193.20965207633446 30.01932637491489 196.21700229454075 189.7555743807161 0.0 187.36060765797896
73.01960592121804 21.41136698950769 118.98959908808621 86.90734222427758 0.09191499376455425 111.79649620875918 0.0 0.0 73.01960592121804 21.41136698950769
1.9337311020797898 63.30248502400343 5.766820035467347 15.839646744129631 49.53024959962093 4.410557849301092 91.59833787965688 0.0 151.97874311984566 11.693861803028803 131.70902191116727 71.61736971098611 114.14337443872328 107.08118083453545 79.54448351300837 113.64108255497268 55.611252142080886 98.73814955029206 0.0 110.25573896727616 1.9337311020797898 63.30248502400343
4.676451314708586 0.0 31.367093936242526 0.8965921996752968 48.510561878196285 8.357136559251046 35.32054118497517 23.603548046599272 31.60103627801142 26.219050627014965 22.47265008164662 35.564789377207475 0.0 27.967059344632844 4.676451314708586 0.0
29.957592231356855 72.24815965144352 32.53541125600406 48.50119360647513 63.816457283812795 50.78964538496028 64.08771667097349 0.0 95.14329481403165 14.02542203257972 118.23716061764458 27.61433667687001 139.48982036420898 49.32905878952202 112.6154253974317 74.37037017770433 141.4809311298446 117.16580362821954 95.93845713142002 107.9534353419521 76.49953856615267 93.18112083781739 47.92287168494906 116.80402767801543 0.0 115.41815122236251 29.957592231356855 72.24815965144352
46.50327353339705 12.498957873522087 60.07035066760757 14.612045487606352 66.71324208513862 26.414992237423363 85.27468741134385 38.53173354094142 63.399552235022654 50.923586071585035 58.22773959490732 62.081154978442825 46.791770876239866 67.15652780624215 36.431595001667006 84.9288227357179 30.453029654196257 53.55160046456628 0.0 79.74880590059026 19.48669007702385 47.901244444211486 7.133967100140268 41.14655839624375 20.372240960159843 35.12054992208651 20.132936824307308 25.931284695554922 17.423301152699963 0.0 34.97852487533186 12.186680544926716 46.50327353339705 12.498957873522087
81.78540153205992 86.99481788712458 67.05381791363182 26.136706046025694 114.96578224024903 22.632167434063263 154.11619425519268 34.70830911384337 237.13663579215319 0.0 244.90108552896513 70.38304304664119 245.22718269726514 123.35737051109078 226.67372398550503 173.8038944109511 172.62289503576966 182.9567477785596 138.31167718830227 199.13043146323645 89.0247176495161 235.25027554351334 88.45179795203828 156.909020551441 0.0 161.92280346391428 49.17869745281921 106.52547831714435 81.78540153205992 86.99481788712458
129.36302444179927 206.27988715385928 72.96004931593428 139.8860483851894 0.0 86.47062870409891 63.95695598249901 21.786793452437543 114.45910947548467 0.0 162.20901567237055 10.127074530266114 215.31072825851592 31.299467557958813 247.71075227987387 97.49769068156999 216.89765638412635 183.67223916209622 129.36302444179927 206.27988715385928
115.30112762118648 0.0 175.3744754263356 77.58879628882083 112.14095434024898 152.02054992646794 35.388061054628224 156.91837570609465 0.0 91.73752262479688 27.104127090303592 19.261512604525706 115.30112762118648 0.0
128.54318922889505 91.49442610561415 109.17210098961783 132.83718122964854 38.08679112279235 144.47477807721253 0.0 78.96797703660194 25.792330681263905 0.0 104.61247474833675 56.14942871522025 144.72154324586177 28.634654991369565 175.14173468231508 68.09855740336091 128.54318922889505 91.49442610561415
102.22178834850287 178.95129599490267 64.82354147088449 165.72752520028632 8.186804624161653 160.3619942510709 46.17536718479124 103.90914613325218 0.0 55.06979736769551 32.55274467253821 12.245638349319293 86.2634218473111 0.0 124.74481478680622 39.962741244174 185.43108300864725 37.8591091281798 174.69120403403875 92.42311257021684 199.24099899741827 148.78289280759563 137.4730056592994 161.62930639203844 102.22178834850287 178.95129599490267
30.392482046257896 4.7078274210003315 124.67036773139904 0.0 188.68450225940535 43.45451543210993 253.75351877317127 59.12513098323156 346.26512884342344 117.74652694059637 189.81618147587824 163.55239273801726 186.34432714937174 195.25770161434394 170.8865088929952 316.73251393774666 115.55619490155851 228.2186741977303 0.0 267.9567036000645 28.150219968347415 168.58163554758073 61.926734262539014 117.66751371805415 30.392482046257896 4.7078274210003315
212.3782052721606 165.04225573500685 166.34020612081324 207.39413735924603 137.84571822218294 139.17177173177947 0.0 142.2778848434119 44.0666441802279 45.81696129668378 115.11323265150313 0.0 189.69920099663477 21.722746076084604 255.62870672692512 51.3900760689766 274.7051087648024 127.09593588222182 212.3782052721606 165.04225573500685
64.23346818584972 42.288036543937245 33.615611000604275 63.71479377281013 4.548337708323601 53.34442177366855 0.0 17.782637153966213 43.27900754602244 0.0 64.23346818584972 42.288036543937245
190.79883945254244 189.86024041257886 160.2308215314075 228.23727596142362 114.2683422019422 193.69617453798054 64.7875413496754 214.9362159551414 61.239793401305384 156.5404316971784 73.88225089987185 120.00577996544662 0.0 89.87900727225545 50.87675396075453 64.3911185703194 42.012241232754846 0.0 106.76794199160022 46.630603699677124 127.79302236547511 64.05112477041368 137.17503473118677 80.54263748382033 239.8778354315146 14.090749762839323 213.94555554480047 78.86760023719413 188.96480103340883 112.25030655533754 249.55344337020063 173.00099226049014 190.79883945254244 189.86024041257886
55.61936185533174 55.02235829859722 61.02619337350017 77.68729199130934 45.679398548957714 84.08910649115529 32.29600523791206 71.59375592844867 26.529126052162034 61.45311175965502 7.8619909378396855 60.73182175399044 6.806933105787145 45.94193478036855 9.064920479443607 31.3701178258925 0.0 0.0 25.996244058908566 1.7498157261516099 44.416115364273374 7.833820905501831 55.680459591309194 17.26076567897308 53.38375612602456 34.93330575801361 87.80329210518642 33.61859449169649 97.3261820792043 55.69840131382012 55.61936185533174 55.02235829859722
