70
87.9939225293304 97.40114573504431 137.18576501219968 0.0 200.88983779241056 91.16548207350482 205.36978157226446 185.35979338541014 117.94918883609496 150.2772657176282 0.0 177.02555271453195 87.9939225293304 97.40114573504431
169.45893037246384 176.2694165752142 145.97688875737623 150.11380984340275 121.95270377985402 174.31947865149095 20.85415182158485 215.1469692552022 0.0 147.08567546119525 42.939943648810996 91.26016389913313 107.9485172508169 85.44572561276439 120.76368003208967 25.67532884260325 179.19848381101122 0.0 240.38333634314833 25.447985682950517 233.6943318616809 100.64809982390607 304.5856753332833 157.3769008750204 215.6286210132863 181.68452544359798 169.45893037246384 176.2694165752142
51.31917437492504 29.89379043029274 10.864736729063054 41.759251473581855 0.0 0.0 32.90056278012014 7.101905679486904 51.31917437492504 29.89379043029274
63.99321814784267 12.241625132325233 86.71871548542627 0.0 98.85547139248872 24.532019123074583 138.52833199031892 28.935662018337247 101.53465800736716 53.500592609320314 125.59820088373112 101.76842598311839 87.97692786608835 109.3219230429712 50.181525031904414 105.43155911907806 18.289302839144028 82.16339692973989 0.0 42.94110988782112 33.866103702492296 15.612057247507074 63.99321814784267 12.241625132325233
34.637024830682606 0.0 26.870935698201265 17.345575696281827 41.07784589871599 19.83885840945912 28.87548355696815 22.11868099683936 32.5217574446723 40.6628240462951 20.63795208328915 36.713904066501144 5.279624828941252 38.754742379720554 9.138696326638822 22.655672841033336 0.0 9.85614755202866 15.121149106260035 6.458800203736104 22.878955673753566 0.40549168955602966 34.637024830682606 0.0
170.07013552301126 144.04843171824342 63.51316560061625 72.61055870462573 48.862820016155 138.89390479007116 3.707028498546734 123.14205192947 0.0 76.81422261109266 12.937285492959546 38.72487900353083 35.26535878202719 0.0 72.47354705164334 40.02304705384796 110.79821222207008 36.3791166387638 184.1698507387138 71.43228566236922 170.07013552301126 144.04843171824342
42.27041401766114 0.0 65.74498514495446 28.266551654371746 78.19888620601354 70.68936850460841 34.60412176881266 69.60663525422885 0.0 76.30660080272605 7.088941530165229 41.51605269361395 16.216766970587585 23.055457512013497 42.27041401766114 0.0
163.12132767110398 17.354695581706622 243.17689561335555 0.0 338.7489230371964 11.312812870361455 294.0750184336496 118.82948884481418 414.82776873788634 189.43159257093907 288.90224982706695 204.93366533405566 241.692891574285 209.70253665625043 153.48875346217858 325.62803396008815 83.24510141933558 247.7680312497221 0.0 153.33266710460472 221.1388392782735 137.22877216603075 163.12132767110398 17.354695581706622
76.17172778093523 115.78414678899294 48.715216233495056 85.14263521096082 2.601065627397361 72.03407503787894 0.0 24.346036636830036 38.509552409167824 0.0 73.44130103223003 2.0432507825190456 94.36303606050178 17.461173425973016 175.9533843612644 7.316590972053291 110.0487902391743 56.78810471920255 101.74480822169191 80.92501963166184 76.17172778093523 115.78414678899294
190.68768129808223 15.855647086857687 256.854751298759 0.0 241.38853555134767 102.02048888621496 275.1213518714638 124.0103930091053 246.04676730480136 160.59018536171953 292.99231246158365 212.04585866849783 251.52137484948298 235.2537809571856 205.37781242183738 225.47541066209524 174.8546144647625 267.5302776986638 146.83815809950144 229.033322311829 103.21435415788496 226.05106803101094 82.11754238077104 191.31587126940053 0.0 146.25021073954622 91.65684521026063 113.3945751222048 141.39747753403762 110.33589479701149 153.2484762637048 68.15398779648922 190.68768129808223 15.855647086857687
45.70747864868716 21.63162339430518 64.94898238433079 42.44168817834921 38.09002342005532 44.642823499708044 27.24938953642331 38.42200982602003 15.762441875432899 34.85831931195597 0.0 16.507894995774095 21.53034252689062 5.561233966789999 41.504589347996216 0.0 45.70747864868716 21.63162339430518
12.028085131738237 118.00134208412472 7.809699888214936 56.621384440277225 55.33455343784173 9.09815291250834 122.68174819948757 0.0 162.10682115301745 56.23021588843338 161.2617234367657 104.77561781861652 306.2053229830958 147.87580351790282 168.1686384129305 164.57863232795367 160.65666472440776 226.58275139337667 100.69063102355948 254.07894241404597 28.79260606792859 247.7572615577786 0.0 181.01635022100822 12.028085131738237 118.00134208412472
42.91512173863359 92.00502979874405 0.0 21.985031655317968 53.69194858589904 0.0 96.89580970174845 48.09538654117872 118.93879349869738 65.43708883908052 181.5917537650502 70.35980378080158 177.5598649399462 119.22010318623627 154.70217943836545 164.7445517792533 89.6824977947067 113.22451706540106 80.13983613952239 128.96448595112935 21.64248614965507 169.14683601016708 24.7624947232583 121.13181614777363 42.91512173863359 92.00502979874405
216.86523344648424 167.89511845219 168.9940504300673 178.44563200435954 155.55077009549356 252.44173418656283 97.45328101311887 248.42022303949398 66.47574024184865 194.5290634265353 26.163965482338256 175.49005439996745 38.176334329551054 127.53245308625317 14.305358377914786 91.82158320626638 0.0 34.95816218938094 55.25640776613423 22.512103641604952 91.18615581073614 0.0 132.4178810643809 18.585120308008683 180.74174106131204 5.673629359450231 233.70784013329222 22.998589883934542 242.25895067200656 79.69436237034304 292.4789955129906 134.88273103585558 216.86523344648424 167.89511845219
162.10999992067414 201.9457754991098 94.56000773945193 198.37933314889247 51.28472414654249 163.37877770630394 0.0 97.50181660754376 45.44095298449216 17.12093514513913 140.32336597409204 0.0 198.4468882035922 64.41232764869801 234.70122659568295 145.39671228070884 162.10999992067414 201.9457754991098
182.71114885822158 143.89795782994548 215.76514661246006 219.74738787382353 163.54051083774496 205.57762906421573 124.42676775951269 233.1423244544349 140.09234240715017 120.53424920205237 82.83409991140906 161.16466997766645 27.674038642846227 146.3395548139503 0.0 95.26062865402223 52.38341987368926 64.28333715293691 91.15694894808217 52.651169993610665 125.48542060698553 55.253256807755555 148.39152343995033 75.53757540856978 215.6456048627963 0.0 185.40369562325668 86.88596020652408 226.164879758651 98.43345160972957 246.51257554414687 136.47765335673805 182.71114885822158 143.89795782994548
44.09477468224796 122.52834659485606 45.77587801589061 98.83056671182418 0.0 75.4777950130953 35.19840473851497 55.33502189426751 65.93224010564843 54.34407566688898 66.48840014662878 0.0 99.24280464097026 15.690289483206186 123.93542677311507 27.214081820581995 125.70309537311047 59.603020018728785 144.9265648898545 71.33995676525994 158.46237126913172 94.64261493266093 134.8445250913269 110.7783618102045 94.50252889065962 91.14692283107728 103.07576035271063 131.56436538194322 85.09712939575523 133.9120250435423 71.29549949130697 121.01468395532436 44.09477468224796 122.52834659485606
49.78615011234599 102.05615934567226 45.89705331022171 78.95220629597276 18.172462421874542 79.08918401355041 0.0 56.73615791221497 22.969845696325038 39.43347930121505 42.57213372332825 34.740917674329985 52.97472941538018 8.671656940375968 73.49917340924 23.20529531023699 116.76425664652838 0.0 100.30288497245617 46.132033042517484 133.2532945991826 66.21432581980247 116.84467064656606 91.6083806167347 86.94679186825321 95.91170733509423 68.47128302166236 100.97671721485125 49.78615011234599 102.05615934567226
59.82103000713681 54.07927164081849 65.1857283426674 27.982705393492047 80.34216802455842 0.0 112.50391451783894 14.869069890686667 129.00423572989064 33.44592921007904 161.36759740399583 27.343665102796272 144.87818356729912 61.85134458478767 146.38905040369428 76.31722701418745 142.4588121487735 91.37581129286973 119.61716528483404 85.09393242930797 124.7778476023679 148.37575664882092 98.39473763568127 123.83246886378795 64.42915822598269 131.53002560519735 39.61820967803396 109.02220672567996 0.0 79.45842171296623 59.82103000713681 54.07927164081849
5.714400708073512 0.0 122.82405701118617 36.32599613948318 260.91904395956954 94.53840611055894 197.2742081413845 258.1414419584541 43.61834126933798 216.39644500664724 0.0 122.00225524906529 5.714400708073512 0.0
0.0 126.63594219065993 104.15482753776249 80.40144790128704 91.04951456267534 0.0 158.46765455380535 5.674750657392252 206.64067251287213 34.53872814258514 240.5698066427745 81.23187642551108 271.9574868205315 160.59793812736447 193.74789461224807 185.64424500053477 128.07883600821512 245.2120201800985 59.14103238896848 194.12768905045922 0.0 126.63594219065993
83.01173051558463 50.561444422131444 100.97455558444582 9.929125205213097 145.86769675797828 0.0 186.17066650231914 25.03953084040053 240.84049198039463 61.188682691131405 208.67044433338896 120.62668500671906 149.91275507112906 134.8173513411636 127.89597424294666 177.91498375733983 95.42329289141216 126.38739272742525 41.245854395511145 163.12228162072728 93.6694011185956 90.391546802897 0.0 78.8402236853166 27.739441102460717 40.36169379417742 83.01173051558463 50.561444422131444
107.0161401080914 48.837129203616726 153.3829223193497 54.77231274503893 125.7341180907643 79.0918692230024 113.92679089037262 96.63903758407704 103.13105628250796 135.2795867818445 73.73540832467633 114.10529411000667 74.504000629842 77.56584076201983 49.38785659237902 78.98610391271208 0.0 55.246671112462224 4.803700547574465 10.008629591198329 56.14549211888942 9.492356342774286 84.57334378687301 0.0 115.2611720494561 3.6616666957133788 107.0161401080914 48.837129203616726
244.799876505075 233.36031675696566 173.2806376820048 151.35137951269695 120.97070987875254 278.661755088183 97.9440386218983 206.83108433111008 0.0 174.0033548222304 48.65547171864475 101.30070971166475 52.11201062236941 0.0 158.90045392298688 50.595514764978475 197.92657963040176 83.85217977734243 217.40504146065865 112.26656264284388 302.56810850799457 126.5460519972689 286.4121353858926 190.16693635485984 244.799876505075 233.36031675696566
66.5005652555909 37.95525021550654 0.0 45.432718198155214 13.030164912965816 0.0 26.86811721523162 8.585161429460499 66.5005652555909 37.95525021550654
69.78620595558849 277.3981628867278 2.1471595131419576 181.77853446358327 0.0 80.26353395132146 74.76503222749983 0.0 213.16675293772093 10.587960984850184 331.77454682641405 136.682166462645 168.11651482475008 216.429900897063 69.78620595558849 277.3981628867278
116.07956081757332 107.92352094869122 88.93974912745921 160.53832081596784 34.472661690573275 178.15832078741784 33.516611773757674 123.10784518225017 0.0 91.78494494627326 45.05654728516441 60.15692602902885 52.835484277952496 33.427369451694865 64.16197777535187 0.0 102.741890974452 18.67578388958244 125.03241644682959 25.99451223745431 159.2071506673585 14.812178416798815 166.91369148855202 46.192424221592916 188.39440480825982 66.43067854184359 194.26353400172377 98.83357488480883 171.82046324788183 121.4260926745763 153.5832232649728 147.63267748369418 116.07956081757332 107.92352094869122
150.84897800413734 135.10426484426947 209.65998491953894 97.92917054999627 308.6232078392923 103.16596562297 351.70704512673575 180.50361487174465 278.8871266979676 243.02586333625538 208.53879539242737 258.4873242711538 178.21210889456665 317.7768311869175 130.08798703762892 210.50366880372138 30.335948077774475 330.4457398000937 74.91032627244218 209.51555229906214 0.0 189.26208542627356 29.275325054885542 137.8328200057804 26.628894393981355 75.35345006352796 117.7552119011781 130.93138764713694 132.43150319802672 0.0 150.84897800413734 135.10426484426947
0.0 48.66356812998234 9.20316377621505 17.9585910067007 28.798212237812876 0.0 64.61087671690409 4.21894012026776 64.33679856270238 43.904039716077165 31.906100396658317 53.588052862725036 0.0 48.66356812998234
65.43711844528829 0.0 103.12091529633223 33.34811757569695 150.89005253054205 38.83372370018581 104.48197349788369 68.73289647782869 117.15297076475002 131.07920067637647 63.272417121529244 128.69755976472902 12.556210051958615 92.01891271183862 0.0 22.61907874595269 65.43711844528829 0.0
93.19746142497308 0.0 186.976795623672 1.9295584455340133 229.07237711401018 62.91321088823074 215.67121278661494 117.8076956642727 257.51645184311826 249.67240279459406 144.1160446665557 193.3636933720332 151.66039833405046 113.93794229053549 0.0 66.27132693477884 93.19746142497308 0.0
72.48952618193597 33.94532765755617 95.08243886009386 24.65481062751234 101.24310678688637 83.62348554800754 174.85337780000884 0.0 150.80960633615075 62.11596533674873 158.75267623445953 82.99048628859552 170.96450296911442 110.69607421017243 151.58342536805745 131.90172657295324 119.42020755230476 124.54516289155373 104.58902858705275 132.98809672073781 89.48906189599009 124.12803400067713 73.8923891518096 121.81997381799488 10.21511302795227 137.4003733728933 0.0 97.20576857816754 88.17601811575747 84.34834930988087 63.470910336450544 56.64388058431645 72.48952618193597 33.94532765755617
0.0 3.1833452914468126 25.967217616419127 5.10594367336212 30.855771762107885 0.0 38.640813415209315 14.201405854392831 42.962712735983935 6.811963770197465 41.69903818496345 13.72932612166521 60.146516885888836 9.449905152790038 76.05526660633669 19.932433276507865 59.26362225596785 28.429294798536546 44.3420092074818 24.510375262253532 45.80220805000162 49.09466613782455 33.138094448384 42.446604396336525 31.50240949141689 26.11916277795507 23.679651599717026 24.681770930931478 26.73239358261724 17.71003670890815 0.0 3.1833452914468126
195.128242899425 35.65415145062718 308.2708183651222 81.17519816561784 193.31405754335614 158.38392755364703 163.74878809172498 202.95840858150822 85.05815671182157 246.83331570672587 0.0 180.423390027603 46.44477748869245 83.75999249752843 100.4672791707742 0.0 195.128242899425 35.65415145062718
150.91583247061953 53.9977583176404 73.9682512357168 115.15570365452757 0.0 127.24163991839907 13.70562917252279 57.24209780104453 1.6747198191547454 0.0 52.02719825889996 30.618006942357262 150.91583247061953 53.9977583176404
0.0 86.79908383351085 89.49737074639303 69.51126838996306 102.65791260453095 0.0 143.0840028218177 43.273214913164395 121.45343908633636 88.87381395091597 213.88285738951754 129.7581712249558 164.27938154517307 181.45518533076682 91.35626834070099 203.9853034276942 42.87617631925086 149.00765658684418 0.0 86.79908383351085
11.92063867613777 25.091205387476762 54.45071595807025 0.0 126.1978361392198 21.71675616919169 66.13795634627103 73.93556236703867 53.30613559953463 124.57897132980521 0.0 110.97630089319533 14.631448218613357 59.70470141621303 11.92063867613777 25.091205387476762
149.0955834148069 0.0 166.47121940361583 47.49061778304159 294.9849284141982 36.94022673990113 230.43965881704386 112.24898209625721 173.2832768933118 139.92278129834588 124.76266289460742 107.9073747905633 0.0 88.5001931527407 82.05143117880763 3.5328415298659266 149.0955834148069 0.0
47.5524987134461 54.63518169441372 27.707280503518035 35.69633993078152 26.039227930539695 42.5934332127799 18.351857312810978 45.596841626124856 7.169353723672529 41.934220964577804 0.0 28.829209754623008 10.663149793725097 19.24629736910188 23.404748589074757 19.858375276582805 37.014970608350154 0.0 49.50534710704176 13.732310993213204 39.0372382801895 32.68757050713978 59.46925510483615 44.2439223215147 47.5524987134461 54.63518169441372
207.32228722271026 25.749698651547078 200.56198545932222 82.6366422983932 320.040512601368 61.43419101420856 282.4032030605207 124.05882408497811 215.0970677164152 138.34248073643795 227.3668924781788 201.6374114212593 182.95200748597114 219.61966000265664 109.1985266568029 272.15129564007026 118.69511428436817 157.9879031333922 84.24483112569249 134.07623238632942 0.0 80.55164085420972 99.80452897568279 60.17552160607644 110.78096784983165 0.0 168.46719316145794 32.35812000122952 207.32228722271026 25.749698651547078
0.0 72.05308460621839 29.119485033389758 52.76650778189458 22.994349257330263 25.59091279648223 47.83534390789338 29.019559210114345 76.33588401012844 0.0 91.59296563544919 31.443035580608402 77.43940215672743 58.440917201109606 110.54406932886582 84.89970631278581 83.75736194179547 98.58877139052214 61.14289936356128 98.99723850533832 39.45586562210158 103.1519769832737 19.63285597734484 92.23237597370579 0.0 72.05308460621839
56.471312588025015 5.466059419027218 84.02562631326172 0.0 66.33293124733088 37.639444970171276 76.22236861872207 46.68617491345119 78.60843095666745 60.559398357415624 69.35213672759328 72.34372759994497 52.88466474806134 67.20440935652829 42.275931206787774 74.51748729924574 24.749783670878983 77.19072880784321 26.45670009233544 58.33118748733511 0.0 49.62179382584454 30.63537303116688 39.52850601514999 47.93944354989034 47.23491975536867 42.00771025098514 22.468459338694764 56.471312588025015 5.466059419027218
27.288574394593944 1.061776475050884 72.00134889749498 0.0 123.44130807157023 24.095506561808435 90.01756658939786 72.15991290152076 58.68611794531487 83.1000348730283 35.052496736763 84.78644446075052 8.074692088387252 71.7215967604981 0.0 36.287691502444005 27.288574394593944 1.061776475050884
273.6079887361699 80.56520437472327 162.85960139928375 186.94762776289292 91.75026956272626 205.05018057105625 24.058853762300913 195.1397474712662 0.0 121.78028146951668 26.20887429042523 26.864237290462228 138.52911212229355 0.0 273.6079887361699 80.56520437472327
56.86924808643718 121.39371242059656 0.0 66.47180021074514 55.811498476683255 14.729626184670153 126.4444907069032 0.0 211.8905893949722 30.857427557274377 213.98108930567162 130.3779979425692 142.19783649544192 177.02335960676356 63.97309327122048 205.41681042453826 56.86924808643718 121.39371242059656
71.08430897060916 56.0141978546463 61.70876268980573 71.75840410443205 42.35417086303212 79.0278176504277 24.30644516007461 67.56011319042453 7.487706931892632 49.663650304772105 0.0 21.89537105685544 19.060385901193207 0.0 46.95841379250499 6.35916050304256 63.19552607305881 9.357205836617283 64.84963010201164 27.83442367383614 88.91603890035267 29.878763126849023 85.15734412014987 46.507798922077896 71.08430897060916 56.0141978546463
152.73100380919408 202.92573037533785 102.66673975841192 264.39370666842285 113.15309909333916 171.93767586015505 65.84058569479132 169.90247230304837 0.0 130.20755578998444 60.79501861518165 93.1128607305833 45.077133155931875 14.778106750710137 122.31875331957794 45.55219272393835 160.2381009177983 51.63667850949544 232.7658903566129 0.0 213.0436246176534 90.8953618633913 295.0501755530013 109.28026430240972 284.9667253711135 171.33056837798077 231.00583507153038 204.0860571419976 205.7830632648998 249.21207314940378 152.73100380919408 202.92573037533785
72.23354751237983 42.27774947524112 95.69216233371617 56.640018844685 74.93041157332661 65.03707581608248 70.28908077872009 86.68641136789701 50.3032322727579 89.51779926673858 32.82423731487642 79.22438028562006 0.0 75.86066038150854 11.033237940147878 47.59303948249921 15.027291914898818 26.47061561293023 21.05386759373696 0.0 50.38456455047916 12.348085029550461 64.47661928930964 21.992762903345195 94.03103615562267 11.832807792251842 72.23354751237983 42.27774947524112
203.61109685514296 70.9789571192482 158.0905079009929 107.11933515262616 127.78851826579927 175.2653221210171 81.5706992427495 124.60514618100616 0.0 85.27466955988531 51.57685283168854 12.554809130225692 118.13790052354155 0.0 140.74711261848367 56.23385950677998 203.61109685514296 70.9789571192482
94.60601000901008 61.47977092887248 58.77631463387534 52.10421008289171 49.202966547470986 53.573318379719495 41.43818736914492 47.07609110063902 38.049552960318685 41.07557501310767 30.094594169107403 41.895710514708824 40.603708801923624 32.45667452104652 0.0 25.320267911093524 27.03758222159285 22.370679773880553 41.60395011392939 29.50453882633616 40.42715091994105 20.75099032463409 47.40588080069471 1.765625530719376 62.0863414960583 0.0 75.58950088945721 7.583735149446966 76.21491913741028 22.981176617030073 64.66110633310294 34.78449409000714 94.60601000901008 61.47977092887248
26.43767676145073 0.0 44.90397612571897 14.543586074550873 79.47028500300257 23.6988670356575 45.15557275331517 31.613819112362464 27.831162387310044 47.6040347585035 0.0 24.007005313431605 26.43767676145073 0.0
244.75885428189986 138.20170849818024 165.71295662549414 166.52008349004169 136.279129796972 219.49980333439123 68.53442328282748 242.33794069943337 85.34194593609438 124.77571819622547 67.58622037079738 116.52395403199709 27.845749516358353 85.10541046905952 0.0 0.0 79.47236679757802 19.62796230038147 118.20862983901885 45.372429398627496 197.1761271478037 4.523521441333571 217.1590528139032 73.5321692066995 244.75885428189986 138.20170849818024
34.25463186765377 61.22913853072132 106.79087487814355 69.2617549504104 116.22060946803484 42.24416549350407 144.68445878668945 0.0 160.02035325815478 58.15487127750803 241.90188213593504 15.451709100759942 208.15790125950826 81.11288488549496 192.11740928843847 110.20264093909655 217.45185855168464 155.50631840042126 186.05042125536926 180.67128622619822 143.4837718784631 144.60608208536456 105.88776276217654 210.37401801959777 101.81559111083666 145.07513384026805 84.85440470729839 127.51319370883918 0.0 106.49158425739874 34.25463186765377 61.22913853072132
165.40001911282064 124.92500924680684 146.71502667685002 162.77302121461756 100.6348959477554 137.98393052431587 67.87553384004958 158.0890616525322 49.61776749035657 125.63724000653124 21.869260548720177 109.59403269041849 0.0 77.18822241415542 54.059378065022784 57.9598081480931 22.675379334180604 0.0 75.1943930650299 23.41109927440455 98.18406280777897 0.33346401594751285 117.88592956003605 28.41391069785503 164.5223692657051 19.30120983593192 157.50990392053438 59.47428432363765 157.547278288065 86.83116999355433 165.40001911282064 124.92500924680684
72.46267497596867 67.07318915553476 17.262411840319118 64.7170817221235 0.0 3.165251116502972 54.06050986391601 0.0 85.55462657669429 21.198285730674215 72.46267497596867 67.07318915553476
41.71112197850992 22.536110903296702 48.12369543815748 37.53949646625959 31.457338257223853 39.22810624918499 22.753540868920766 44.36982019486902 13.956164885062293 39.41246527047613 0.0 40.57551930031583 2.7255413372468666 26.642007401261523 6.6960231127463885 18.855895725005723 1.2062498119396707 4.802930222237919 12.149364725047334 0.0 21.00926608444695 16.89947145718496 32.35696660936098 4.6854392255697945 42.54516095021516 10.353283818013395 41.71112197850992 22.536110903296702
145.95244773468045 66.85089850871593 202.63498914884485 92.8377903960431 178.03098719101905 124.48460278021017 145.7306698644182 137.61483814140027 119.04683351287537 159.23751848100983 89.8257552400083 141.7503463861796 65.96064652343716 127.63026824699375 0.0 134.13293534252267 0.9501071291842038 85.3296451181324 10.759590889151212 44.96732794903696 59.79980687010065 36.49056288179564 78.31273560299968 17.32068802524075 105.58577867806805 0.0 115.6328577357837 56.05031605541977 128.46324732741294 59.350790413361125 145.95244773468045 66.85089850871593
128.9378584049756 149.06077289136184 93.5817203093434 132.0605744395665 64.75023957672971 122.76265459354693 62.71403506116921 90.64687085104303 21.89251825844643 70.39146949698456 0.0 17.17609876944453 54.156220825441864 0.0 94.70717432320873 13.587204909454464 127.45185493840098 1.1247808005448547 124.92558823227037 49.57776628381151 146.11344833742135 59.96644428054944 150.75392466598646 83.28310040863597 111.08413519112887 79.50225176073214 128.9378584049756 149.06077289136184
30.551566268238837 0.0 59.19864826611063 6.31820472546319 88.29736224615098 69.9421973682894 0.0 51.94262746035527 30.551566268238837 0.0
18.4492260990542 0.0 101.78485205403922 29.402686223783164 150.34035796180558 3.8332122551864103 152.65877236680956 77.56638603028988 244.14095906482765 78.33830187154756 221.21491407220174 138.48771274009988 174.51761397026252 163.13681865581862 147.59388385853316 212.33566133067995 89.84622679624592 220.62901307172092 66.56666634769411 161.61280384738808 0.0 140.25482774378622 30.712726743658422 81.84455163644074 18.4492260990542 0.0
0.0 35.81381997691881 40.93286165867559 0.0 150.98844087483326 16.869074576518955 53.97918921724077 121.49679387443737 0.0 35.81381997691881
27.064407566389292 95.87211361685509 0.0 71.70618831880772 8.510435008274783 35.63634852285904 27.296116218822988 10.077545381242707 57.105370109855194 0.0 80.14514828761915 17.900942205495326 85.8102527886904 37.426010033358125 89.09232930368219 51.0387789931477 121.48454895922552 88.21647826374438 91.00797960689775 111.30812718937268 55.97808280301167 106.00320018465483 27.064407566389292 95.87211361685509
45.944332971211765 0.0 59.15257792396794 16.497961099821275 86.29668079200671 4.4286749377282035 96.73441831272508 23.36809029044027 95.95348469389334 44.17977744788792 77.90328850065427 56.749901102761065 73.01646328601093 71.05620722129555 59.401230501084086 74.6508166192194 48.651814396049744 55.768227884430864 44.963766417394666 52.701205743182875 27.970488467501653 59.26869410947101 0.0 53.5961324942535 23.563901665633367 38.15070183440259 25.681990870542762 25.888840772033014 38.49497672813071 22.760055364356397 45.944332971211765 0.0
155.28925672511974 16.90318809324509 165.86007781140137 102.76822424603509 97.04371888672497 158.01377742241382 0.0 131.10700479519542 36.170875566363435 46.882805752272816 81.57429704605573 0.0 155.28925672511974 16.90318809324509
88.4047264808338 52.498916916005925 65.00595255808963 65.2490765084738 45.24627161391522 65.85750544990307 31.353038524747497 56.64830616907831 17.781689057757568 46.34413739105538 0.0 23.27637941049288 22.475718967948147 6.193981085705488 45.23917203534527 5.568151299242331 73.02803458617822 0.0 75.29345829180451 29.6081938643933 88.4047264808338 52.498916916005925
98.91311097044961 108.89197244048458 54.000088025122665 126.70743712182062 0.0 94.97575311762452 49.124294053133255 46.81364953653241 54.81111270647235 0.0 101.50664374642969 5.046382083095125 151.22437715557126 12.41874817944474 157.94787665240742 63.041312294562644 151.4866738151114 115.8640265530154 98.91311097044961 108.89197244048458
66.38191723937197 0.0 65.86236785555099 20.183601048924857 84.28566046068704 44.667869291002134 64.18766474109744 62.88241767398638 38.285607010880966 63.51797745791707 35.66401525132997 31.980603544504262 0.0 33.79302161092056 37.15679701435478 21.96699525394685 35.712922818700434 11.530119065899285 45.43990201608635 1.2377306484869592 66.38191723937197 0.0
69.40208770279594 0.0 65.00975978550906 46.25495509483005 27.611220574301612 48.0420023585602 4.740653565621159 36.42117718566672 0.0 5.218937077797321 29.310425942965068 14.898461969107132 69.40208770279594 0.0
68.91539950370709 58.39999672745902 47.81147562259774 59.444604245208176 36.38300706037056 66.41663878553362 21.526115764659323 65.64337700636764 0.0 61.34682802481422 18.59373848946356 39.994713733074356 14.193167759381197 27.10310205838031 29.92140183508191 28.01752003997965 37.66090480247985 0.0 44.841760956010404 26.273633655807835 57.47646507251366 28.222813602858857 66.51618540774614 40.07007034862077 68.91539950370709 58.39999672745902
0.0 57.67443231365545 183.22477298552784 16.69139241306494 248.61741200713013 0.0 255.80847136653605 82.26110069739389 174.0508966968403 114.45988554982176 0.0 57.67443231365545
