70
66.91692934603383 81.39824770580195 44.198055801068335 85.88058647035704 29.475294300079227 67.0920854035413 0.0 56.290168930586006 24.869025229603693 33.51154995896553 48.35838400986543 35.906669931482895 40.66815800350933 0.0 60.580871973046314 5.700070823729163 75.16187561104158 17.357879297633914 100.81110802156695 25.04918402302262 53.637112538517755 40.83824003253578 86.21590436744738 68.79234410777141 66.91692934603383 81.39824770580195
287.43248294800566 108.02971795682906 249.53625092596866 139.33251660153897 245.10505388828685 220.44736640626405 184.72927997830345 160.73538896726546 87.81929357337668 216.1862119462968 146.31742635546644 113.72149499897097 0.0 35.55300845531731 117.09351533389902 0.0 194.30605440392117 78.7498642326003 244.5369035263984 7.101002212411103 308.5125858290611 38.08772013972479 287.43248294800566 108.02971795682906
205.2776687875072 12.981492087181195 131.8735862134605 145.4714343236921 0.0 37.04670680904603 113.17998650209333 0.0 205.2776687875072 12.981492087181195
247.18791505666172 133.94757349361376 147.1902715679351 108.6340319525381 137.9306946623936 115.27752923300157 123.30190207502031 149.3970967740009 74.24300664532026 179.5421265393596 49.21521401711158 138.86128582645202 38.005175185381944 99.22163579637386 0.0 43.90183224596594 57.394368654263644 18.41326004378162 107.25046486571263 22.958768397477755 142.25734236398085 0.0 147.11117056694923 62.855424019320566 184.08155515798052 58.672379730442714 200.879064338072 83.82520238219618 247.18791505666172 133.94757349361376
0.0 0.0 34.50735110228901 2.2156561717960415 52.12179380562736 7.022012972481264 75.09159825372059 6.886476526452739 82.2718800228548 28.47303782327323 83.71755262774502 50.57449688086818 77.23138961268937 79.6518984730167 47.32866220638992 76.51666348941168 33.72633117240687 55.57882411613893 13.715597225278401 50.85462604426792 7.63056982278971 30.410775807182077 0.0 0.0
50.24567777929615 29.02166464589635 96.54848717455013 81.77325017708807 131.6450421920469 0.0 165.3740767532111 32.893219804238456 182.447732481667 66.62352960884299 210.72337043421226 98.17983382182473 210.32114842726776 140.08223227874305 163.99484840988123 160.73914251887302 141.29046150785882 182.81987257578456 112.88611835526977 195.12894777094883 84.18375599071676 183.59711898002044 57.979563704425594 174.94302231418115 57.16203760010293 141.47150201410636 74.3598293595937 118.96797313091326 0.0 90.17173662978688 52.95453790270665 79.34918666569416 50.24567777929615 29.02166464589635
0.0 109.09642977077624 64.84890168464004 64.21814086887454 67.57957242353149 56.05853030225622 39.48063797772855 23.278548791988705 54.9521473956394 0.0 84.38158186048416 21.67142877381847 102.5134336956522 13.381794386398944 131.2399793845853 8.32451875886077 95.53587851081201 57.20944868204008 137.9484470468486 56.01774395231471 168.98406679717422 86.01511611431204 128.1880873029338 95.59885750710433 114.85046817830641 113.79554427040065 91.31125578620927 105.86160253435389 72.11827803491406 113.151986806514 43.754776679942836 115.46626287619941 0.0 109.09642977077624
0.0 117.41733693946068 19.79135691212278 71.38784174281923 47.255815436362866 53.41333571575095 15.437530397709558 0.0 70.5433127311723 45.1873415339589 86.95217192110049 12.331462582333216 98.18593511324728 37.29219808294803 161.24243875717247 28.472596445809145 141.51202348859198 70.96464576035535 154.77427412222994 116.57356447055975 113.13306841854354 131.9297900414763 77.27461894279024 135.96318457790883 48.85108984907092 119.37772552235899 0.0 117.41733693946068
65.33843152536568 54.72802622229659 33.53892406320216 49.20081819430477 18.903644891928437 43.63222164256585 0.0 32.322166186277855 22.396907379038495 22.13676553056264 27.468115237322095 0.9828398733802999 52.51049447111524 0.0 67.06278076316694 23.939185304711856 65.33843152536568 54.72802622229659
72.38064506719587 8.699116964065631 81.43208936210641 33.04396715673558 64.4575863994701 50.8979516159495 60.42592757354459 66.61616034410147 45.99708003993545 77.0012126195509 37.408027504252125 42.637076601883614 13.33687744080543 65.58885227696777 27.28171324280114 45.05028937453584 0.0 31.869108879603168 6.210622564475166 10.871705665685816 31.42887580219506 20.722883026642357 49.879011910811336 0.0 72.38064506719587 8.699116964065631
45.23303806550525 54.78559066934398 30.607494475935162 60.19459099416944 0.0 41.718137075130336 17.92500067662929 8.098748394876026 54.142733526075126 0.0 83.94431994892304 22.821009841482883 97.72916190220559 58.536424091450165 69.20553353700416 83.86391687125118 45.23303806550525 54.78559066934398
58.5247661167414 79.20407006647741 43.489404692142806 60.274069343616766 37.46634566089815 54.71131511847231 21.026573489811334 56.68033351122468 0.0 46.95702051256345 9.348133032594951 29.762056437364798 13.219063188014296 10.719209163990037 42.32377010184931 32.83580421308904 49.44599777126121 0.0 60.82781192257489 16.598599717804866 90.86377784618267 12.363265023452932 79.9288589811604 37.74089796991358 80.61728017327576 53.897957964799694 79.38749709456394 75.0369703940803 58.5247661167414 79.20407006647741
52.88579327255191 35.67325715160139 95.98062599852604 63.393712220658614 49.87493286040201 86.86259736189834 19.666259877769292 93.65549245621483 1.1475314026680223 65.0507408881935 0.0 0.0 52.88579327255191 35.67325715160139
136.95722193971864 173.08454932639398 96.37026628677586 199.41259046188446 112.95286294141395 124.87377778949663 113.68251685279954 111.18720882873976 0.0 101.64499340587822 78.69940289338376 79.05852356201775 103.64145551582104 72.16328129982065 92.39176606938173 0.0 134.9098560575256 102.60540202748989 159.1535083572694 44.90752048913824 179.36809979491616 59.65473183355118 229.09991569079403 64.1256665581353 217.73996171155346 102.80318776244117 148.48680558079883 108.12612736214777 175.75887509573172 141.608486965662 172.02134702854485 187.94962893534114 136.95722193971864 173.08454932639398
160.22289782105298 110.25920019350545 83.06214884433766 154.15391684699398 0.0 96.36006444188014 46.35733995890047 0.0 145.17096682518422 18.056578892304515 160.22289782105298 110.25920019350545
28.884063227498615 54.09769699309477 5.96203376625661 44.38865309505188 0.0 12.808759714801681 31.570088695873935 0.0 60.22080346037092 15.146410473373379 89.54127833388347 69.42099324872683 28.884063227498615 54.09769699309477
73.9200289764425 1.5610952133347524 53.486780469422285 27.932378857706013 57.802515856081385 36.75193305701693 71.42248356702541 60.74595040118241 46.18631449748028 52.196983318469805 36.91484527962683 73.07552025094766 28.64123696097866 48.75387310748734 18.167923946140945 46.20379068504961 11.037422080413492 37.30062257963293 0.0 22.099338199548228 6.461844145572144 7.140525626966948 25.008965007374883 7.208876814590482 36.396443979057835 7.535717777907735 51.88998373726166 0.0 73.9200289764425 1.5610952133347524
138.5508873349225 147.851435466277 98.49788368925084 142.84223382201867 38.48807629966288 162.9186283275955 6.2643728622084325 116.77966064107277 25.06847204358374 62.4470453164775 0.0 0.0 83.68594384137029 18.044237704091387 111.00679595365047 18.32795065094605 138.2952416977027 11.557007221996592 175.61811145071528 19.699036710244528 169.87238708887094 57.08585480976218 144.11043904192627 77.78807696791466 170.33034852537946 126.7517415036739 138.5508873349225 147.851435466277
52.97647082426049 0.0 167.57162894684274 52.578620828307365 89.01087138945852 146.64332811535346 0.0 146.5368057250289 42.7251337589656 84.00843276748334 52.97647082426049 0.0
47.44005614724901 108.0533219266628 0.0 109.1574132962299 7.250282820131105 70.37687975710813 11.999723767207456 33.7323636085166 38.21377131949019 0.0 74.70308283342993 25.019836294866224 135.06727696777318 4.0569140740455225 103.95594251053261 63.40120286778807 167.67122582698977 109.51707254855255 89.74575582466045 105.27269604596331 69.37802673811596 120.27686884179774 47.44005614724901 108.0533219266628
43.1469094811088 31.701322738097268 104.81612701969132 70.53513711154484 93.99249615138613 7.470368069911153 121.24745379371362 2.9553163719960622 158.17281356893804 0.0 181.96129458764258 26.42157004858472 119.63993082840379 69.28492487579886 285.2722432951846 132.43284438683168 179.70712781152585 142.59988987607215 141.05367565697964 162.9742351326205 99.3478089898827 181.63838555601205 67.22318085946644 142.55292051731726 9.702928051677418 148.57117816622252 16.99747206301501 95.58858501544444 0.0 55.86020858485347 43.1469094811088 31.701322738097268
32.925179966834236 0.0 121.40200078242886 54.41220379708814 145.54842118552034 52.88215775056812 186.15179534698805 33.90106779112607 192.7823599292097 73.204495493406 182.51138174514912 102.50774587977182 249.9586798562342 149.3986242347596 167.67820334955195 136.2410673486664 167.77533594117767 193.96330644782725 129.5482073720666 191.2547275481228 74.8163143051863 212.15362514275097 61.0317077498666 156.76871036260135 125.15941403394153 108.75120058003682 0.0 55.26234905604455 32.925179966834236 0.0
107.36008256526291 0.0 170.92812232869605 54.335435840648486 135.99494680992183 123.03342402712444 68.18050762164228 110.31038867364565 0.0 30.905391987755834 107.36008256526291 0.0
15.706241722357959 1.0287114401633062 35.41557251084478 0.0 39.66717833835723 25.276338217319264 15.343474443673017 21.92648365147717 2.1411176661881797 18.397706800196232 0.0 1.6109917247675725 15.706241722357959 1.0287114401633062
85.663051358459 34.30723873599721 71.52911377431224 61.51819933218989 42.60702152855157 58.90815330063348 34.25639724843211 40.760280241199304 16.007599459261016 57.10710710872426 0.0 44.26948975456042 9.164631786778344 26.445107704628818 17.67980510322559 4.788420912435676 42.815887892583106 0.0 72.97007625557556 4.528485053405767 85.663051358459 34.30723873599721
0.0 0.0 127.70454626122546 3.9644242043958258 102.03808779318072 122.75175769579127 31.705044201725123 78.83265903293403 0.0 0.0
163.2322597655383 57.30350289497909 196.3116682851347 82.41022895822928 236.9945446300819 133.13820151222657 188.87898740979415 166.37121626812763 160.66647228746342 206.84406267852705 111.36680451317244 196.57567844082263 71.07861582667238 196.15159211174904 91.85741316140464 113.35749721908103 0.0 145.74580812513997 72.84359687073783 99.82088630913385 21.18533978797501 61.143577624395974 52.97097941425545 39.07780035894354 76.15011532101389 0.0 110.39216373421527 50.90984560946069 155.62880752278642 14.99038878719702 163.2322597655383 57.30350289497909
0.0 48.78017940142293 30.84010779780465 16.26900129460391 67.06888928018269 0.0 108.22719482557712 13.862021415677361 143.4439989684402 61.12498798467921 82.86459865133634 76.42270804292723 61.10749707604923 125.29246354585672 57.94386945771315 60.81588493653142 0.0 48.78017940142293
102.25885159813876 14.311992567663935 81.3433240053584 92.31252095843013 18.37864369157115 59.53292198427624 0.0 12.865529159911716 46.48541384505868 0.0 102.25885159813876 14.311992567663935
75.20801227947237 35.881269149009306 100.63992838837882 45.05513630639495 88.48120032908363 63.91801738002241 82.35530737915589 81.71687890263689 57.472321939592746 69.09551805816798 47.94806390707143 89.5132144116671 38.62786220776884 73.84120992073264 3.268198397340967 84.4431791122328 20.522638379445112 56.231830368485895 0.0 36.01249279007798 5.028562830375364 9.529403436117626 40.996712655585014 26.57368500832822 53.07865704169602 19.515864555462123 81.46553131954349 0.0 75.20801227947237 35.881269149009306
30.649708698991702 120.89373561135002 30.191216697380128 85.0386878628424 0.0 86.47397766573067 13.757892455762374 64.4247959304107 22.735387852023592 52.39393793801585 7.843429490615534 24.338419939059648 23.880307076390153 9.593969186873835 46.5744840011772 18.31312245799704 59.20472604590131 33.36163322700848 100.60200942811124 0.0 104.06169767313109 32.54159383540579 143.51493947027186 52.34963957856161 107.74226620986094 78.6163151472321 73.0711223755595 80.25511037622718 88.42903881151544 135.92884528839147 56.03545051079038 122.08736983306565 30.649708698991702 120.89373561135002
123.83238838394502 175.4751046307458 79.07180689040644 162.7013104634804 0.0 144.22843055890718 34.89303481007522 77.52596965523054 55.52083900984951 0.0 130.26324355457044 19.703084362194673 166.80427922276795 68.05050675459198 197.829679553447 112.72598545943696 162.09764561337295 151.05048186086768 123.83238838394502 175.4751046307458
18.335463605342227 74.69427682484326 37.10266715165517 39.39993522451567 76.1653601575764 0.0 101.88428000488386 57.998343659714465 142.16880264446374 67.79661722890997 165.01652068888558 109.50216438169176 105.06174015048195 123.92377170941475 90.06235900079648 144.11415791079557 63.19901921706787 141.22906341501528 74.65163456338607 99.08423883462422 0.0 111.83742796632433 18.335463605342227 74.69427682484326
138.9331535536566 121.24802415898318 227.75298596791282 0.0 260.0330259054035 84.7166030351144 191.5398013551793 164.4586566842751 342.76918541491824 226.99848445171432 302.41384714916944 321.7159408108255 175.45471290302436 268.4304617384924 129.82632160743333 298.6494147719729 66.58234932623037 298.2934249886571 16.615268553787956 257.5107070786993 69.3432419294299 186.39573900955432 0.0 134.13492557771468 12.021474946897087 64.48949795928424 120.27046485720099 136.38275315997424 138.9331535536566 121.24802415898318
108.97397589570022 247.91697796977985 31.708820067451512 202.21938766990672 0.0 115.16394519546833 59.64002423429986 48.612530973010166 128.73273148022787 31.121084652482068 183.62806415614017 19.890432350546206 268.3497487318497 0.0 243.76339194392034 96.69347994603466 255.06920399782268 144.88735260483793 197.58813244637125 152.4590665814734 186.59844106824104 248.6611184575712 108.97397589570022 247.91697796977985
0.0 76.18923907164799 2.8758661363227844 0.0 81.41550557247619 11.352257867307273 91.42533316310946 85.47282199667954 223.29040236417262 43.162266744244796 159.95818817409855 114.77385753106095 118.35465079946259 140.98615626849647 59.11117744118987 207.3396461017971 50.57763171848407 113.50632609039221 0.0 76.18923907164799
128.9885896938243 110.20117530845845 99.63089512754289 127.6823640782279 0.0 176.4213150637981 49.35680159244254 82.5515899469015 74.23866300634029 53.932705527313104 76.17180791764542 19.83501245188409 109.42290083528565 3.7307755549800277 153.61784336792894 0.0 225.71941804184783 9.273567292104175 162.38590549582807 72.00170141021071 208.07325563828977 135.78748857737133 128.9885896938243 110.20117530845845
79.73084113073287 55.27564842274383 44.08142829331442 71.96553469833502 0.0 61.84561667758872 6.988388923411151 18.54916183048111 30.10365707302236 0.0 51.97526430160633 7.594878708079889 82.73216242906221 17.7398584645605 79.73084113073287 55.27564842274383
204.62541992341977 230.23641906426593 59.61285140886534 243.54096387972623 0.0 126.84186731105638 137.27025014581886 92.65472188630912 135.26440093185647 0.0 198.99744469825094 44.42433951251508 273.0370878164854 124.41553887075415 204.62541992341977 230.23641906426593
34.83646101704602 21.2438822848505 58.92458228368403 0.0 96.90430963134415 31.413744269576526 63.56003265554867 68.71165676598363 28.709575575383624 43.90531518378447 0.0 38.23044637017345 1.1138946511801748 5.015798818345232 34.83646101704602 21.2438822848505
105.91412980420901 71.61782710443329 158.7631483032584 61.3560931936139 158.4176284069053 116.74532698270784 242.07439171262695 172.39535215552434 131.51417712761594 163.71320601826136 111.97764123351088 211.16967713353512 81.57040875506694 175.4637358817739 26.95288873058567 163.51103544971153 40.00015322241667 115.36483367595501 0.0 0.0 105.91412980420901 71.61782710443329
192.48024756450485 168.7602839943517 129.2909186482984 170.98614853062026 84.40232809811741 153.84198065966194 27.24261778184126 157.10948929693063 0.0 108.16284870752055 10.872737261751922 54.68754579392579 27.992931861936768 0.0 100.08920236232113 57.0046422745276 127.22781036506039 0.24534123638483152 153.64258299931123 30.77854612832516 235.0032632443235 41.538212320021465 198.23335853332983 104.56387136096637 192.48024756450485 168.7602839943517
80.19335565792979 119.63300475225488 55.93240834668349 78.1225595534478 17.425472182355065 83.76967219714541 0.0 40.99791808056227 34.58672552197632 0.0 86.1636831316023 7.389834833923672 110.12057844853152 48.93672570099535 128.82896410663238 100.67510843477858 80.19335565792979 119.63300475225488
0.0 81.33806113001015 20.000258165186978 42.54240172813691 49.75981723684336 10.735568436349851 93.56290085339653 0.0 99.4941453116401 66.91794812089073 111.65372580942926 77.53724605241746 183.8268336242787 102.42421782601738 140.06665180484532 133.41364064069967 121.84188086917132 181.85884405592068 76.12544186218815 157.2591107012557 19.9127384275659 179.96874615251832 65.48270703514953 98.27703471587594 0.0 81.33806113001015
108.47628092801773 91.6597591323525 88.5340712179016 81.2839959384471 0.0 61.2448246466533 60.77854960536402 0.0 130.29623552984205 19.354999300524945 174.24495639052213 72.9557070761909 108.47628092801773 91.6597591323525
48.64830461004401 19.74573210991852 75.58867480811183 14.936396829348247 102.19637488833837 0.0 126.82247342620475 20.811990475943077 145.59943382880903 47.99836475892998 146.6921402003124 85.41111405756888 107.6088563338893 90.44869100702994 84.07717705919974 113.64433483855913 69.19712690470662 78.25119231697653 60.56506741040438 65.15527932542207 0.0 38.806201018697706 48.64830461004401 19.74573210991852
32.51775451580633 15.377880197315534 16.787505876079692 24.45120171108495 0.0 6.983607633320787 23.60923409082433 0.0 32.51775451580633 15.377880197315534
204.43638225096635 54.98691881343838 260.6773790719953 75.10956831697101 263.28567739843254 130.28168542222613 146.4871461140415 126.77860626856267 219.43676047819315 225.13174214562193 152.20848119917986 192.49917032168617 122.52205945044626 192.4565556493545 82.92518152176115 209.79198208684272 106.38285168249922 136.88098427403614 0.0 161.8322132878272 79.25316840411497 114.11286150305314 39.160368344998616 71.3400378192164 62.128541421570986 37.0650401001034 102.67998560204434 35.16242958066671 131.34793406265112 91.79883418201548 191.174774655459 0.0 204.43638225096635 54.98691881343838
0.0 31.324499664795262 57.96614600158375 30.502435957891315 80.38099792575099 0.0 95.39229226074335 33.60189513268639 108.28495889530184 51.81402311253222 124.15323659812113 89.87809788544598 84.74556298092055 93.70213337415055 53.1246630934791 95.87790656032618 48.33743276637664 63.75913285809563 0.0 31.324499664795262
39.03486013595344 52.08894136150325 32.022253564437634 53.65003278214633 19.355329363683467 57.058340531320916 15.008796476982795 46.97657182121407 0.0 37.081268075405994 12.113140826766994 25.874643444267228 16.97314307711322 13.042841533170282 27.100765190412375 0.0 38.8839518848181 23.599540785607267 41.793833968968244 29.514713665038265 63.10451156786662 23.79086275940947 53.81461327450283 37.12544151726117 69.89835382498006 54.321271027499755 53.241105879599175 59.24033868913234 39.03486013595344 52.08894136150325
277.63878652487927 25.31262829514438 310.2890742528325 84.46856943331976 237.23445546373821 110.8800503568964 217.28506917279122 148.77485321148004 115.03257900660091 240.94574423563415 64.96238516333412 138.61023126299767 0.0 16.40704890300654 157.38564728140136 6.538524442411287 218.9423431934037 0.0 277.63878652487927 25.31262829514438
40.63574963725296 235.1352346907518 0.0 201.11771647450692 33.720951490774155 143.84930362227283 106.30332589489863 139.3952995836238 27.749330642326157 52.387199638881015 73.9099162232601 34.309105426412245 127.00829232813506 6.735595125344901 203.255905007203 0.0 200.50345602246438 83.49711311261527 263.1908304230458 124.05713237767101 244.07471560798345 189.90508776833545 170.3718831129973 206.98733401764795 114.3592427256122 162.26861099942067 103.3982511051709 165.55401379199122 40.63574963725296 235.1352346907518
32.89792947548 62.07941014344941 19.38611876287257 61.92802907928309 14.591456984115581 49.736387420091546 21.399196806238066 37.69780688834004 0.0 19.90180309626605 21.526850113109134 16.42100347276339 28.251632098543126 0.2516875201255715 42.726937848638556 11.438210076258727 44.69529037926915 30.04113838387096 88.70086737133477 0.0 64.91285623153497 31.35915345903794 66.98164345103902 41.90250457118141 86.76016456328482 68.7904720979996 49.53188271197757 50.96580823342178 43.955902048069234 61.87695412026166 32.89792947548 62.07941014344941
268.4034925554973 249.84321203272987 211.4881587170091 282.1357262765529 75.78979684161948 317.9866597008613 0.0 191.09554229372077 196.51293501017275 158.06519558734817 193.73521776094677 0.0 263.0111854512986 120.23631543753831 341.5819173275952 139.5749643074123 341.75779181953305 222.74469342542508 268.4034925554973 249.84321203272987
92.11542134712849 53.59731140477365 145.52248769586086 97.24112343960314 98.16863586384684 117.30849214546842 63.01484876763041 98.00549577943019 30.050209065539903 94.57257022979317 21.992697901914582 62.82728618508452 0.0 19.34316951629321 47.96323409678257 13.0779577715509 73.72865219494888 33.729361644605774 124.53630323396393 0.0 92.11542134712849 53.59731140477365
123.90268489436676 217.75800481416877 47.02222008019869 234.67062262324788 0.0 182.43718891104828 64.87360851109077 125.25464744968771 8.406419371885136 0.0 115.01076390608932 25.192703832929396 166.6606218880308 90.03546115025945 219.16226424495744 74.40994821788145 314.7666886054823 90.64962569474773 379.56788817979145 177.43891464548395 216.26204363880785 197.5033471283016 189.5820427075439 219.1438822651514 156.02080762215695 231.8885589594237 123.90268489436676 217.75800481416877
247.174134163897 65.44557797785953 143.7363349074614 151.57490338352474 0.0 132.2657999253578 102.89202026719884 0.0 247.174134163897 65.44557797785953
140.2793959265366 86.35263606090783 196.91392507276174 0.0 279.70428059089465 56.7227226452257 303.6210167898788 139.8954617982851 265.49404126423997 200.14226437917898 210.19249635398373 301.55056485601744 107.36732919676015 241.62567395792178 0.0 144.5476209177068 140.2793959265366 86.35263606090783
98.58506809947158 0.0 302.5564906624347 37.6482323774115 206.97880054868315 183.28731033514538 0.0 209.30806243856262 98.58506809947158 0.0
42.57921433173382 24.84383870222794 89.0992235786176 60.34682532471589 112.2697901116405 21.460784734254915 163.20119116158358 0.0 140.14561034284011 72.16190565368008 271.95236368997695 76.08980257921722 98.81097517103825 98.08765053856523 167.52581722582994 153.19807383267153 158.00124335427444 216.89014629433586 99.28700711685234 110.84942372437473 67.69336978403084 171.96632905735214 16.60024412695924 175.34505308627502 0.0 134.55631283720027 66.19512045482207 95.5493013713071 6.5206637268608745 46.480462432041314 42.57921433173382 24.84383870222794
219.5582032892345 121.30046637845646 36.0721245522094 121.976151406263 0.0 0.0 103.21569050079947 9.607999589579975 219.5582032892345 121.30046637845646
198.39157374578434 125.27377422446777 144.13967925719896 139.19791734404407 106.28148822908948 116.95543174151418 47.058796535109764 145.31278141246355 0.0 103.22495754871277 69.63394606301517 56.06344683165334 69.71570592483681 15.529865199977984 105.8389412413589 0.0 132.51760741441785 29.74064115791571 166.51708941726164 35.27694577108535 204.76376085815562 69.49877229855771 198.39157374578434 125.27377422446777
142.25768151406635 188.88330673481303 0.0 241.1286818543812 65.30064870674607 132.82191006311783 53.38238761475225 0.0 173.65659975477394 65.18718860393622 292.15859635575225 62.76798951658152 247.36841514628549 177.87918239060696 198.05756235375523 237.18341331846685 142.25768151406635 188.88330673481303
23.70991483847814 7.0518175731423725 87.07359393648535 25.29840952735345 143.41952721479976 0.0 206.82730520222023 43.31711704565052 185.2305618311495 117.71776768313855 118.22196851582295 130.43288624685954 71.5199046338295 155.0123642419377 0.0 139.69544427670945 26.00445515803912 68.40973037293566 23.70991483847814 7.0518175731423725
72.88008836724225 0.0 55.22391008998173 54.810302171931255 0.0 51.807324375316185 16.876698122961614 0.03078248065011735 72.88008836724225 0.0
28.483100123981018 8.311610675917741 48.513383940825435 0.0 61.46384760057195 22.42326668568962 80.39215038516053 24.100639151615873 79.92059207111733 42.10055652751078 82.9895275140977 58.15568446065672 59.336640360798185 57.615888149292935 55.33151882498983 72.31384723796563 44.365206773594764 65.92265138865486 23.684941858807235 75.92112244952688 0.0 65.06078978392623 6.623190376291291 41.77783115659761 16.99675027177392 24.40623672311815 28.483100123981018 8.311610675917741
79.87332109027183 0.0 132.52258700353815 11.40354754766723 180.88331216963962 32.17231132800599 206.3039496074975 78.33255470383358 162.9481811117293 126.67500053568271 212.01363765084471 187.26395644071437 154.0495609492757 209.67969719894472 104.98288033031245 186.91693039222156 76.05102076335525 180.20906675286233 55.528344965637814 163.69843635906528 17.440581212456934 150.82564353218325 18.663382280663143 114.78470600268905 0.0 63.18709202585918 50.69889750455778 51.13626792743844 79.87332109027183 0.0
214.11755556227354 124.43752085458392 128.961829318988 205.98510542637723 0.0 147.59354495535098 76.93665575630423 48.2727509246465 187.11733506438597 0.0 214.11755556227354 124.43752085458392
0.0 56.98710136666057 29.709955549042547 0.0 85.35716634721464 30.40587737306165 151.9122390246697 47.98058283512991 126.53641083403798 118.00144505614337 67.04685840162715 124.32713054332588 26.872281164681226 103.87452147516784 0.0 56.98710136666057
255.9243192642553 151.52910924076298 212.95697276764554 198.47672869358593 155.67778134961142 220.8178846432169 101.09835373040823 222.79936869670598 78.04974385281675 169.45449706543727 78.05170159991994 133.2649701660755 0.0 108.90607009988945 38.77365035763708 66.0876089716796 96.60936683778908 79.72301403835154 109.77619556304397 25.314193397827836 165.6026669312368 0.0 164.50902412088536 73.91723230795085 208.24587432414737 93.98316806129374 255.9243192642553 151.52910924076298
