70
94.53123734329861 67.57894169007695 202.9700651878488 0.0 295.18962483162943 131.85227903313935 183.00818169199596 263.0048020501869 91.21684735694771 152.88690002102055 0.0 103.98447282639764 94.53123734329861 67.57894169007695
125.29593282604647 0.0 150.9253208588368 75.30050888814405 302.23419308196395 198.0807374466923 119.59616033575489 146.1825952156999 17.95451940079215 148.15247678415017 0.0 21.813020422751606 125.29593282604647 0.0
100.0645372116952 44.86177593908301 134.57593329482836 67.00308580029844 149.41255109852347 113.28313392005805 80.44369724511262 86.69454540974795 71.05862042973335 140.64087092886956 58.675526247442406 73.26227474023474 28.630149632031433 89.30443741132302 20.020742806603018 68.30828772303718 0.0 39.120782743090935 27.16949252449681 20.253409490083264 48.03245110085936 3.519616297742985 77.07792412402421 0.0 85.52167474953657 34.54184904791733 100.0645372116952 44.86177593908301
0.0 95.5126516321245 114.24839584704881 100.47129506758273 98.18201519192938 20.904374389003863 149.50755330382202 0.0 188.24037237491783 52.542633919495444 228.74542172680904 59.35468465021697 281.3623774491283 85.08312102407541 228.86318424978006 136.13687479544552 266.9591944104461 186.8307976369978 226.89040924292073 214.86828128886367 181.4669599439885 213.19841000187404 149.53979821527662 191.90104365090363 92.35966760069925 238.14130465113416 67.49148629462455 195.04184133053332 62.12295037387007 151.98252973834377 0.0 95.5126516321245
128.90680549884465 169.81852157035746 44.14205183552025 240.39881716396462 0.0 175.65011437538385 19.132546733290553 99.13461894555385 46.150656686922616 54.09895648346595 95.88790719837132 46.00264217758791 121.87774341443834 22.765340347985727 166.69557488944417 0.0 167.08078166864135 64.93445320823278 245.1858941490061 61.600464398718685 219.84560379899727 112.16682733007592 170.14144484179073 125.54714187713108 172.5475318764622 187.51327199298038 128.90680549884465 169.81852157035746
319.9635301673335 104.37054650361922 207.4749310515595 254.5037065450772 69.3755037972366 201.80951125715023 0.0 112.82884453695165 62.49708231939894 24.61483091990044 168.8115086782825 0.0 319.9635301673335 104.37054650361922
64.39229301841027 0.0 114.79336225321688 10.455362514661289 69.74282675230496 109.61124491759915 0.0 19.949176622908297 64.39229301841027 0.0
0.0 94.14672284902943 56.63472193446745 37.50880729784299 139.66071432994198 112.89238422128307 189.11377587697234 0.0 204.775579557958 76.07969914239449 206.38103080858477 121.68394132508323 262.9619107275646 224.74237353180843 159.1455532398474 216.68497868151832 78.68450250790329 246.06939593564408 78.29328705757035 148.14070195680426 0.0 94.14672284902943
122.77722627975294 0.0 78.02917829515152 38.13017497518355 38.38883024615947 68.61902399780108 0.0 6.133219275459311 64.40149720718526 5.586854939611797 122.77722627975294 0.0
121.28597890228161 89.83990956033028 130.05652692414446 125.21960742729526 103.36953834175932 120.46198892640813 86.18837119797999 107.8250582585979 58.100144959890144 128.97228275742475 44.80109071921413 106.15697412168915 60.94508304546247 79.42069581437083 0.0 58.50017213860701 30.921422367185812 34.322986177672554 47.416200056793656 9.680328781028422 76.10817376297135 0.0 103.4498206027222 4.825640654631542 124.05137056386063 20.9846068620254 127.24103086238529 46.033373204370534 151.69455402308216 57.2502444855141 142.9340617029792 80.14215079021307 121.28597890228161 89.83990956033028
20.316974050778995 68.56260299673657 0.0 23.32366818402258 39.621689023252685 0.0 94.72995992341005 46.914919568693065 20.316974050778995 68.56260299673657
34.07865907456953 57.626963280472594 15.522135279855235 48.6116223220844 7.210668369743772 33.5801168321686 0.0 0.0 31.63689982878246 8.48139785701764 62.917444563987516 13.166034102855434 56.25786157487191 46.045325894491285 34.07865907456953 57.626963280472594
61.86303299737852 89.93716420096499 26.85936453204925 102.16240403652154 0.0 73.34106104866314 40.08464339647676 48.68240992382856 46.691045434268666 38.361943246882134 56.61418522465504 55.32600455982808 122.25682091774294 0.0 107.05267555142393 55.26900356259793 81.3408951903715 76.6088875603492 61.86303299737852 89.93716420096499
45.933897375110476 65.15123891183556 33.92799838908425 60.454058349440814 7.388428716550706 57.53321345057077 0.0 37.19775707273253 22.169714305229476 23.605419919140502 21.5970145595562 1.9232936763540067 54.32207523164546 37.651725205724546 57.165795694091486 4.162347307021918 75.11886312664971 0.0 99.4423066868983 4.254795015442397 74.33521532194693 32.92604849243044 98.27483452596319 45.83138867064817 90.99157839171976 63.72973179298042 68.93176842891098 61.67082383013525 54.703276553606145 40.74126977360824 45.933897375110476 65.15123891183556
58.2277872766396 0.0 139.57885128311378 30.54267340591162 73.61433353519189 91.973797274493 33.302229350474576 76.75944228153222 0.4177907158167997 62.37034570995882 0.0 11.891515817277138 58.2277872766396 0.0
21.891721711361214 43.025668522082285 14.854829230978055 35.31267805676808 4.874952565761845 26.7494368146491 0.0 8.600771933575615 24.046644749833987 18.607882865234373 33.54320506393168 0.0 38.05887715438783 16.576413601094657 47.05900265990154 24.92655608905652 44.16468162366637 37.554564077139304 31.70879182410623 39.3105512563332 21.891721711361214 43.025668522082285
28.993568460557412 0.0 77.34023969410367 61.50066645945245 107.61508407294905 0.2991656762345656 146.2109905668808 15.536253416966034 126.28183325942767 71.36517754124972 227.4201599448914 80.49224959679199 174.13083666409273 124.08380068845372 139.1496935037374 143.83716601122393 121.74263115404709 170.41423837053281 92.81419380111193 196.3089663564083 59.1818593208654 171.19197941461596 37.13077771053886 151.40762691947756 1.2278709082864623 138.3675259245601 0.0 104.19613311402793 8.60225178990217 73.52696818062951 0.2791147742299387 29.687507414511188 28.993568460557412 0.0
130.71954203458841 0.0 212.0672215116997 157.20947444997972 70.16624482071552 201.28110764870826 0.0 103.69499952026034 130.71954203458841 0.0
284.2215501824366 239.64571946764434 146.18993781653094 121.21248730935577 82.70753398431702 282.9773148629995 65.9066171581438 167.97273139241915 29.26089778160555 118.24457128164939 0.0 36.93472000235407 95.35193309363785 28.557939013037384 144.76046659984317 0.0 186.00912488303422 37.03196177599419 297.04446606188833 36.58255993588527 183.3294387224432 111.912763719734 284.2215501824366 239.64571946764434
24.82537209909181 49.35527067460423 12.84465245081364 43.963463941329735 0.0 33.413933177130616 2.346972570441281 15.900866831623631 16.923771593878882 6.637157746453283 31.668307509529 0.0 41.57180818467775 12.640288578255849 58.13854064160334 21.07915873106778 53.27345333589966 39.62895143677005 27.64310395690687 27.76788304692161 24.82537209909181 49.35527067460423
116.64038125232739 227.98240461510525 72.65410826040934 227.78087540283062 44.217020023303064 196.78883616345976 15.792263346172689 161.72376811274583 0.0 104.47774036876773 67.46895649958446 95.5244544495821 89.85121890818789 0.0 133.10737577898823 93.86069776208572 134.76095456826732 132.8183120001258 239.16293893824357 138.15053431548975 167.60562913296917 178.58144945627353 151.42740674615175 212.64149852955276 116.64038125232739 227.98240461510525
49.8736869040778 68.08005153207992 49.96538152599783 21.363431665239503 85.30619991836616 0.0 104.06161651678417 62.141665843021315 168.37537905832704 21.998990731549966 212.32213588120322 53.537892521346066 234.0453959005496 110.58000555705095 201.16473216897762 160.10708015648407 125.9714287032925 150.52061292044323 121.02754823714923 230.56116232801548 79.87986373321971 148.71865616841495 8.065816510179985 221.291562948945 35.03838375240338 135.02993963086118 0.0 114.28769323404552 24.417044088799116 82.7450955359658 49.8736869040778 68.08005153207992
54.78044290870557 21.030389280841042 48.067402399294835 36.57936123160645 54.19353264900617 50.029069416437714 40.60967711229702 54.2075882795101 29.96795708618677 49.70052908367308 0.0 52.63129615044689 6.328412374956429 27.259371165446957 14.069711281374424 0.0 41.194465123989616 5.055635844056262 54.78044290870557 21.030389280841042
59.89881089051289 59.02154253649783 128.67153647771244 0.0 196.80629892737107 63.16963144623448 252.71997363687052 181.133329777803 109.7051478032044 178.25267530528527 36.10133684844117 229.70447335541735 15.444838249536986 141.88314796752624 0.0 82.5528912764244 59.89881089051289 59.02154253649783
36.114544094869615 138.18292687392875 0.0 0.0 121.74385493044487 17.717869423399094 179.01750702786705 126.04088344023327 36.114544094869615 138.18292687392875
9.992041290447148 12.908576811733738 21.747143557566773 11.195627519681153 28.982953061145366 0.0 40.05872258859401 4.714772198080311 56.681741099354284 10.91614327106791 41.9965586228972 25.581982410377236 41.567886426167206 36.45698498907511 30.428232858802872 35.08214357734228 16.61280172497146 49.838767901174094 15.440265468658026 31.160234354721936 0.0 24.367521969521874 9.992041290447148 12.908576811733738
90.33847193972193 0.0 132.64554204294416 28.59051323083773 179.64798245353157 20.4801171203585 184.6282227612965 71.40128889359178 254.47129215512146 102.38714298193916 234.04393335096682 157.70263690572156 160.3344824225156 157.96884425190643 134.67366035237404 175.5356301941368 101.73167869283644 192.01591710206745 75.28261162953984 166.4308265530335 37.874098319622505 151.62791469001345 56.596245766448696 111.33337132317592 0.0 57.06116307592819 90.25698362916542 76.0915310920739 90.33847193972193 0.0
211.15088956672335 53.271252901459036 171.69975532376813 100.16540860713732 257.48503544793414 169.44990815213743 181.08493841975195 181.28772515953864 126.29382937710731 211.88118306864737 107.97495653325473 139.07597989247336 0.0 145.85369503121854 34.69956257128513 74.41903333528037 86.41048706428745 43.83708402008667 125.92345298145862 27.211486671265334 183.82030179883196 0.0 211.15088956672335 53.271252901459036
0.0 141.74308359102832 35.18353169095367 61.615617241924724 66.44458911247875 14.944005656521433 169.34028491908913 0.0 165.67957619084532 102.71521285775259 96.11278427114482 153.34288395792998 0.0 141.74308359102832
128.14072678548337 105.93552728959763 0.0 114.02529643130266 52.122251810227766 0.0 138.10668230530564 19.14456595260252 128.14072678548337 105.93552728959763
92.65773178639671 2.9652403443826074 139.90333009399387 30.884404635649815 152.91869198341692 98.34277536190667 83.46136486273215 118.53154543584692 42.58925276082937 85.20630575323172 0.0 75.64119580546306 18.14303180718875 34.06489873043208 27.53270389867174 3.2623833324890796 59.5082644163907 0.0 92.65773178639671 2.9652403443826074
269.95735735702874 273.18435782074124 170.9665828820986 249.64269220771945 136.30851704131484 180.19315527834056 71.10897383690804 170.3578620190185 0.0 95.2588829080748 56.05868396426581 14.039732166785427 141.6518688193069 0.0 202.1071182846748 38.351491259822794 273.46188118336175 38.77620175845627 261.9769738017856 112.33226201002189 306.00850459901733 183.66554017523305 269.95735735702874 273.18435782074124
17.022568264869577 13.308577734461863 25.55906249746063 4.513984662308928 36.85862504363844 0.0 50.98871716432667 0.18865900476667719 67.89030604081462 4.846586404119719 68.16972750305122 23.351061526352098 56.89637747424739 34.99671939806164 61.98146089816076 56.6299914660039 43.87626393445811 58.75211820802568 31.61352291402075 46.926208147805056 0.0 65.73234721473469 14.809133575597144 35.324635677753875 13.915489428282669 24.029280596579596 17.022568264869577 13.308577734461863
152.40354669355017 159.47035843378302 115.17278100404272 123.36665422600683 0.0 194.00990696409949 51.27187588278457 97.75830640409596 10.092572000067776 0.0 108.73766311035517 22.34236277368383 171.0362443104912 19.909656641691058 215.2333962812766 67.08674562519414 249.26423535394576 153.79827160287303 152.40354669355017 159.47035843378302
0.0 67.82834826239102 31.166074206027616 0.0 112.8088548361672 75.56466854557225 125.99382691368491 78.67134562880592 199.4236282189737 56.94640986146072 263.2107163940667 128.85033580511157 174.69445028959566 166.27856890487544 123.38914570558437 185.27191197718167 89.37863999956245 140.0991826183067 42.859550271836184 128.33400871316348 0.0 67.82834826239102
158.82294710145487 61.29486965182437 172.53195357652265 90.77276941777093 306.00070631020935 79.02974394904493 242.64624522693248 146.79558303526994 170.8070509340621 162.11228960531815 188.592918397819 218.1943004483917 141.18718100181263 210.5865250647324 106.28445827125098 263.8174857480461 82.43102233236874 205.0779316900628 2.0730664427272245 235.76648962254203 0.5920938655117425 173.552986612242 20.230121030262723 124.87373407028873 0.0 72.81047522866044 90.66463140653556 99.42829778679146 93.61630363708241 51.14958942485228 133.4251430626599 0.0 158.82294710145487 61.29486965182437
91.99482468432984 99.61571542822598 64.6830920947578 93.73039591865187 51.65276141606728 82.19191388357993 15.053986390803402 107.28477030653674 13.98100560587531 75.82670726573456 22.34271771580626 54.982329380632734 0.0 7.753780898210472 40.186498036427025 0.0 68.96709604951705 16.532933595918585 104.83414225296343 16.33582417435776 125.79055505714689 45.92837592751573 145.0137616882913 87.87767053179296 91.99482468432984 99.61571542822598
81.75715423585466 68.45447436011796 77.46617225762807 78.1898515776438 55.27200175588018 110.1104397864606 35.61792321510674 96.70466148426803 0.0 86.7576527646822 38.04675410839485 55.86176305091298 16.74454646143687 27.07610777412824 46.1010783622105 19.770413316352112 68.05515665207716 26.090388296410744 85.10789765754978 0.0 93.604013580721 31.028489101192825 122.10250714872868 28.667787866272953 86.38905217000595 56.9074956560056 116.20612029419566 68.56938675461504 102.07537374725983 78.97705971808799 81.75715423585466 68.45447436011796
65.177046427943 137.73387353354747 16.938140101877394 129.92276519338765 0.0 85.6743230045865 65.48338542970583 80.26165338578848 65.1124262244237 23.306234218486026 100.09114111290319 75.34090062297679 186.45223785829938 0.0 150.65341952420636 85.7783633226509 233.05368125291346 130.19519588259612 132.283313147383 137.94297411689837 130.83657664735003 210.38534348898065 78.38591234694583 176.4046551346347 65.177046427943 137.73387353354747
271.9608416767008 210.52684912343847 207.33972882672066 214.63969023227014 159.72527999199934 286.27957220861794 111.94934794738862 224.29541148183864 81.41251185310858 185.38162892452567 0.0 166.89304468785608 28.017842352702928 102.26338566483022 118.00019755264628 90.43106692139861 103.22092364903492 38.58950878889959 139.00950534859817 20.43660480274697 180.64101451597332 0.0 163.67361934955102 114.92089890202266 267.5771522114249 49.345031515280695 302.2499004180941 96.31845556567717 276.9274259253806 149.21918574713362 271.9608416767008 210.52684912343847
0.0 102.78654975670887 118.96138516379277 0.0 211.07686557745674 93.57606371424431 118.76324439679132 98.55272927866099 0.0 102.78654975670887
283.1345333965618 176.717129612113 352.10553434640184 244.6790114555847 264.5203099407733 256.5885722156474 251.65218026825445 341.4457712232326 182.67408122234008 343.4009126953727 156.9104107537325 248.37312195598955 114.2345690826217 249.1217129744055 47.08048146954823 235.78022962676312 0.0 179.85023342585575 171.37685375026965 171.54997743026487 151.30765817818107 142.77804255256447 138.75211158478342 59.668470229428905 185.17668866168202 0.0 233.3509500645057 58.19205132488689 319.14117546399063 43.95844987836924 260.9142920442956 145.0276297153031 283.1345333965618 176.717129612113
81.81288908167944 69.90849516669479 60.64118284948351 62.10253205213508 43.062433813610426 76.86796373434282 34.452245548658624 59.77415076936904 0.0 45.22471517790813 44.9837078655673 35.78781646905555 35.9847105538325 0.0 60.64075572689447 11.158054068878748 68.10040124789815 30.556132594555315 90.12776997576515 32.07022829924775 89.93928567997744 51.89218259938412 81.81288908167944 69.90849516669479
47.50951153974718 9.685655601798928 55.91640799244938 26.061724841067303 69.82192655267507 50.637040482032006 40.27262965919468 47.85376260692003 26.281115900987686 52.72944416123691 0.0 45.6537083536586 9.356435202611792 20.89502486820753 25.36502889604651 0.0 47.50951153974718 9.685655601798928
60.21166785494941 50.666421799239274 144.77094934935695 63.23562354419967 241.8832099942184 0.0 215.60705928576039 118.82373648671067 226.63836370090715 167.21799308032104 202.86388582613577 232.77281444063087 140.77198013076483 190.98088562343804 72.88917658359765 197.1918638151759 0.0 129.768932105691 60.21166785494941 50.666421799239274
27.03942431722824 77.65954169123508 0.0 49.4838461440104 17.059875475236282 2.272751198145258 74.59463616142506 0.0 126.06952736418572 54.06697231212793 64.03362912765705 85.85733627152332 27.03942431722824 77.65954169123508
217.77623490371434 11.373344328003782 259.7051310188403 106.87643150802336 335.19476855426853 184.19077395603327 328.5965108079702 307.2517647694804 185.90973420108273 289.50615202066274 122.77292293866196 253.62952031856426 69.37228220884961 231.7075697607771 64.89540893016496 170.27639539038898 0.0 51.21504154819753 109.93961346228647 0.0 217.77623490371434 11.373344328003782
87.46848040061917 23.976005053297882 117.88967594407501 2.3454225219331377 152.60313551485723 25.464515317933788 179.85670447448015 75.1964441329794 117.27127895157338 82.23168516052412 92.70543423640196 98.4379104083096 43.27460920060827 109.09677865346815 0.0 64.73507513819186 19.09457695160063 0.0 87.46848040061917 23.976005053297882
106.40744208273239 155.3154676515227 3.0660187845862197 180.75022940292598 0.0 59.76028940223941 102.36103524681681 0.0 165.45864738205472 86.52899085055273 239.74366833713913 194.30862197146905 106.40744208273239 155.3154676515227
0.0 47.341314945095604 20.572778324979282 20.390823662290842 30.349275344230094 0.0 49.503217589222174 13.068890429806714 56.206232047119414 36.7231022313662 33.98083498973578 54.6253562081352 0.0 47.341314945095604
99.26211766410904 192.67663413433706 117.07814476997535 118.77158288790254 0.0 127.61880153037117 59.1737506617755 79.73690920379339 49.268898836385176 14.688721578947664 107.36999672445299 0.0 150.83193864171062 33.95429190973785 184.65665192160026 44.250809922541485 223.85831540866718 66.17097428364623 241.21848920241382 108.56192908781638 193.69088604252903 135.4671466919758 199.36732973990559 203.17998422496692 144.05337879498057 193.1283863571125 99.26211766410904 192.67663413433706
90.2364241355106 85.05247510578025 83.60738117230328 110.20440602351167 63.60423572575036 105.9169204319031 44.03290114342978 102.46437381884718 32.21129563632102 86.812421725424 46.16730501752251 65.59799489714817 0.0 49.29408798819012 47.92180022908916 46.377031239034814 55.197521052410295 40.44692694851003 60.36087906156516 24.70394628743815 76.66017683248056 0.0 93.65722548221747 14.71058514491908 86.30693332905662 45.69760035907189 142.54001011190724 36.7336523851727 140.3112019900076 66.77820452767594 119.8690190902117 86.35221663920615 90.2364241355106 85.05247510578025
244.998622662066 212.18612210334595 140.9812562075195 207.67948042149033 7.238842027276604 239.2402390480056 0.0 102.25646908139375 40.25487993053625 1.1705348268455822 143.39983261013373 41.934074185376545 256.1590273583528 0.0 262.6368004143259 109.8571609183375 244.998622662066 212.18612210334595
28.85156869159917 0.0 76.8109339909488 45.32203223898063 110.11437623245826 32.28486110439911 116.55786604508182 72.31557818653388 193.99809500916956 80.19935592145862 107.44445075349954 111.50281998475262 156.03777724469847 171.7798093294337 115.88193751581653 189.85002808288584 74.85584520869136 191.77669582204516 51.761999552572036 152.12651112502348 9.724095180864452 153.42916275291986 0.0 119.92996956779183 11.441593326141657 88.46367925474811 23.880434637234572 61.639936629454766 28.85156869159917 0.0
90.04108110061571 161.6767763280211 61.595390785255404 158.79942066428163 3.1213517970499254 165.74170333620697 33.61723865349893 110.38801465749036 5.34229245872811 78.41483234454027 0.0 33.68845321727505 31.153731857264177 0.0 84.27011013534357 25.60147875520647 107.90510730014934 45.90545227400801 141.8450250147372 27.223752320763168 171.8385188669949 41.77791920544006 249.12225436626747 58.74773902759247 216.07598009861215 112.88045016139999 187.93429594551617 147.9441041187128 144.70780830941737 156.89256033216884 110.94433575900811 137.54068028051267 90.04108110061571 161.6767763280211
78.35151427795769 0.0 114.1440521167658 4.644325127945805 95.9646521155731 38.64254424728081 101.55301030034076 78.35041043543988 59.492082362959806 81.83142286160357 5.964372512275148 73.56914323152112 0.0 14.501303481095036 58.50519594695349 11.735543318164545 78.35151427795769 0.0
17.68916343348772 40.483382647476475 16.567143565603104 30.95094550081747 0.0 31.527344674391273 3.4572158940909645 20.588094382930535 13.510487145532892 17.732986393817427 14.89341782307649 0.0 23.622169127127535 19.28152622483691 30.817155671697748 17.45813041807169 47.63689946867487 20.359173941151738 50.180381714538726 34.59886204244721 30.73250861542435 35.55506152151192 26.410409978375313 44.70915419135187 17.68916343348772 40.483382647476475
233.516227959849 88.05235100291249 175.42737414945583 143.45621772433017 156.66246579734346 191.50058730965338 108.41331076254882 196.428709401834 77.83498514049484 160.872856510043 49.89592604269674 143.68164893307454 8.560251530094035 105.53175783463338 0.0 29.826258055558554 65.92470023640107 0.0 127.24236889566473 23.960837955218693 184.06881553347873 36.09853146545416 233.516227959849 88.05235100291249
68.5949884930452 45.299659340838005 63.926217691826466 61.94517574865101 45.30583067037678 60.0135361178972 33.60952222303645 56.29031554122871 25.6374087904247 50.0064710900251 0.0 47.09203958762117 10.719458152910406 29.47492339478599 25.835773024738856 24.25431470271458 32.88040006374057 16.661186769201535 47.44740848571303 0.0 58.75102083768218 16.32630076091769 62.46966096935543 30.513819085919465 68.5949884930452 45.299659340838005
179.7192473066479 106.15193831706063 120.02397032689929 104.58513496127091 64.92169954580868 138.74683938624398 48.88175917885104 80.08653581078036 0.0 0.0 94.94071313969029 7.607667164610724 137.1070141730226 20.616409512329014 220.05956975969582 38.29885985948852 179.7192473066479 106.15193831706063
63.89124089868092 32.91508119526273 41.07006986034868 33.254589711569 32.41587683026815 40.47414121144202 22.37904541905442 35.23128291056783 13.770655162132968 29.968520221745976 0.0 21.392015391714438 10.859681954984254 10.029887880755595 15.612139066611377 0.0 28.857114943943785 12.619457072512759 36.7222748321506 0.9718480082421621 47.462774014632075 4.074345145887989 38.615089297051455 16.936865348858532 63.89124089868092 32.91508119526273
4.167985155880054 6.437154720923104 48.48896504344423 11.872544404916574 89.29799804677094 0.0 132.71367163647676 31.093852513088486 111.94043293034193 81.3922651328057 86.01401695460581 129.53424941882545 37.407380766098534 109.88928682291203 4.575892472538236 88.32407525767877 0.0 51.23506330855087 4.167985155880054 6.437154720923104
77.80165164338638 60.78738472788403 34.87742922142047 44.22202631449913 26.017366055233097 42.77708402345786 0.0 30.949821091572062 11.480755498387992 1.5554597566607526 44.75679720545574 0.0 77.0914685335064 16.41600535617441 77.80165164338638 60.78738472788403
102.06401359737495 55.042783350939374 145.95033462089947 0.0 205.87200832227748 32.28344385444268 251.56842118154736 92.11846974358706 176.67696137620254 136.4998135295531 193.1281193482048 250.1870514991922 109.59914928444695 194.93314604943598 0.0 227.1054087764319 21.470598978605537 123.9061774862111 4.57776492747594 40.88350943316033 102.06401359737495 55.042783350939374
7.903746425535935 4.73206651115413 43.693113336088736 0.0 69.82835715621894 2.6901761772193993 114.46442464428014 17.55728819480079 92.51522151487467 58.041026745923745 59.736480223484556 80.83513713865477 17.339680613728014 77.81325846075308 0.0 41.51787421165568 7.903746425535935 4.73206651115413
175.9260381136664 171.22332334012037 90.79878901838202 171.66539911338748 0.0 187.4918634686406 57.49378487384777 108.964163304957 94.09563021480737 0.0 194.93044663639273 64.23260406494532 175.9260381136664 171.22332334012037
253.1903965123508 207.33468573644336 196.42618043668082 234.87893070684103 131.72604190125645 238.25063347657823 113.58204260035427 161.21565702643608 39.53496556052127 152.77913458002473 0.0 85.76020491991493 95.41847199994653 60.746363110845834 132.45816151968816 50.49231379758669 160.43925877060656 0.0 209.22590689380598 15.760792494036721 279.5302976360497 26.868953082105506 275.19585144956534 94.676028101924 217.88441757934828 127.54923496863407 253.1903965123508 207.33468573644336
178.80042219197912 0.0 280.41818681928163 38.67855261611045 306.3808378798629 147.3212513302225 289.03784180567095 251.9881804698885 201.94320883218765 299.70763325954806 118.45626674967464 271.2006883641486 74.33559900113987 226.5931923961733 0.0 178.83179357043855 1.1624513223084136 83.58279717767017 96.03763562661948 53.44567920191943 178.80042219197912 0.0
0.0 113.46264293354237 77.31246868773604 0.0 172.53138253834572 46.50954324791778 281.34584487159 22.508527788948015 260.36928223423604 129.84433117737063 199.13740529814936 197.03138170873962 127.95387293036083 154.70073141561977 0.0 113.46264293354237
77.80653851718371 3.092599496300849 94.84168041419329 13.491702489014735 121.75272578816701 14.931516614173006 94.51426669184879 45.23671784884621 149.59318627022623 64.17436447874667 107.07314219404363 72.1523917438391 99.5376749518655 91.41484133331642 80.14969332092433 105.59864580613689 57.75426429274221 102.61543894486283 32.15237092705909 96.15366397122577 34.27201275918004 68.09632725802916 0.0 50.667203166589005 15.547687646904691 24.779308628770764 50.13413431727815 23.223013586945683 56.915173801971804 0.0 77.80653851718371 3.092599496300849
