70
79.77872818028317 32.55880514383145 43.33491819092562 48.51399609792334 19.607621184679402 43.09258055137012 0.0 20.346677331695915 25.586959083029924 0.0 53.90517544431327 3.9187000897348554 79.77872818028317 32.55880514383145
31.98652714283368 21.840049805911676 38.1271664335502 0.0 49.870779780916024 4.91490473580852 47.83788730027945 21.276018478334052 81.00338431370625 24.59984261999655 69.22728285370727 42.234156844661584 49.64846253809931 45.05479006331197 48.16119829271253 69.3698924288502 30.374713715722436 64.25900492736842 10.874996742418134 65.6808931204907 22.629389425459152 36.7453340637462 0.0 33.13336558416539 15.970214149231225 22.658830101903177 24.229731133662497 18.644111257428904 31.98652714283368 21.840049805911676
60.286285211145355 0.0 85.09205669138613 19.559518971438727 98.16032396481621 49.674560764113615 71.11903315644018 69.8216990330341 50.06453277668649 84.65199498503421 28.082439559296688 73.4224900991662 0.0 57.322873505015785 20.167707211784943 32.54889895405049 36.0398937193484 20.501065597546138 60.286285211145355 0.0
307.1187908917973 30.089979045932694 247.55198795878687 127.70895982731028 197.92216494760635 176.10500019656496 100.18001223640667 184.01053902796662 0.0 92.50594398428373 150.06861895070034 58.417770028536495 202.6728335667947 0.0 307.1187908917973 30.089979045932694
136.350994788678 140.87235534601294 132.16184947660062 75.71887366862657 0.0 114.80559660944951 31.063501497122203 39.05622525064014 86.53618445608214 9.989844838981789 125.09359082151 0.0 148.95324618249947 41.16133184415102 192.41908144567128 21.801686328317707 232.79265129010477 54.86289902704539 213.4865493374129 99.200359606602 172.0578116180137 117.0957537800711 136.350994788678 140.87235534601294
82.98525674367842 75.83028686740768 98.91550056824906 109.5771324926989 74.94803045675226 115.1452855721449 60.64321482115513 80.97215066381963 47.64443557956571 87.08730457423783 0.0 95.56355799670584 36.139082742550954 66.38337647198028 19.15948333851651 43.44767042425849 39.841727184202085 34.90447255489502 55.45145033618786 23.84119578142718 79.84925045343039 0.0 96.32525536082348 25.345882463127566 109.54368737420765 44.16097847958132 116.99580018373155 66.41130329879383 82.98525674367842 75.83028686740768
0.0 13.325722896401807 66.71284044186456 0.0 100.35254739464449 77.43429179111175 8.922204665154368 87.8976521020291 0.0 13.325722896401807
32.59068639860109 0.0 53.77352090393593 4.5871040119772175 83.03432067607955 13.262291301165519 64.98398902914838 40.29398349719348 71.95463698058686 70.12651267301462 39.614555647419664 55.97144774819114 14.31420401615253 80.41096757472516 28.272936359592833 40.22014629780888 0.0 28.513548145004833 28.647072024017746 27.450866571769836 32.59068639860109 0.0
65.6873277874607 95.59979227223381 49.54969832928572 80.99594689623088 4.87770554950432 77.00097558718743 0.0 27.020020361181906 49.38155084035101 6.9613141063256805 104.25620235676757 0.0 148.22624248432018 48.49886305229522 76.53419897860522 78.26278774486481 65.6873277874607 95.59979227223381
104.90372847873219 28.3406992842462 140.81994923420046 0.0 149.84507699503718 50.21903412784821 192.6480606100949 53.18558606288415 217.6995331743783 87.00049616190091 169.5141653752098 114.13189685255277 141.874247828872 122.17738168564121 160.3872371246789 217.31364281833908 108.86709835618981 169.3791551889874 57.476399233111465 196.53662248193945 0.0 181.13631164648086 35.59322095672313 113.80443154564044 0.4268045984111808 74.74162705448526 13.589026537798105 26.75916508985803 91.55124259460396 57.058848063213176 104.90372847873219 28.3406992842462
156.22164950008602 54.272631443999884 46.140676842543044 123.03675265125854 0.0 45.84460312810826 50.81969192828667 0.0 156.22164950008602 54.272631443999884
16.93460144115393 43.78412768936967 0.0 50.33568089755296 12.743676633493564 30.82218498411855 5.602373113950762 25.84256241646125 14.327222620540923 22.010636479836208 11.281444656318172 12.163161059021448 17.090268276565467 6.2931506239318935 26.202349381315955 4.758862796870105 39.80570095816637 0.0 45.32254322800861 11.507783926721203 45.57029206684808 22.82634845487165 53.341358898412025 34.982615572639205 38.634157666957634 38.76466724193844 34.082831370038534 47.86877668505413 24.526147588954274 52.1331229428347 16.93460144115393 43.78412768936967
114.44613028976045 0.0 186.17203889611596 70.0901651188397 88.58471174059092 124.18356525297895 0.0 34.76738875428695 114.44613028976045 0.0
113.3756887683387 30.7120203504396 150.33704025245743 46.6692875480183 150.04259593668786 128.90158463744828 34.58908194793662 127.36965705701118 0.0 0.0 113.3756887683387 30.7120203504396
65.86221227645385 1.3943272101060629 81.62675449466121 17.279761789422274 94.25947702314099 31.533551682437142 123.19707799438527 45.76925349599335 134.96292380809373 78.76905934075364 102.92216414406838 93.55171934996619 82.7254078727029 106.13139219878579 57.694690866311 56.22635969362138 38.65251882672653 104.13630961517964 17.772068737136394 94.91007937105567 38.905875621437666 62.52384889635814 21.828812347773372 53.04215008470987 0.0 25.69953991543054 14.47966637692766 0.0 43.11145783353604 1.253058045266549 65.86221227645385 1.3943272101060629
46.75756981816271 4.4869434260729975 67.69258509077667 8.984762527075887 51.04079602474434 29.030615581079147 55.093444557511546 41.25342978057873 37.9889041088521 40.79651118313396 34.70320900065069 49.5895128181552 24.724104202800532 56.26432645026382 16.82697309700181 48.48455126797313 7.658425447825536 43.317040484800984 0.0 33.17080850817395 10.710791111303536 23.55267479596465 12.168093174738289 11.992298413715702 22.59290206087553 10.86042680493459 33.80108890794456 0.0 46.75756981816271 4.4869434260729975
84.6417536597788 116.17328945000187 49.38567064035954 130.70954165152145 0.0 112.56160116089961 34.42409166619118 70.11994514570675 21.210411256964647 3.4946986725445868 87.90856507847596 0.0 76.7045827019682 70.43699064414366 147.80019546112547 102.17001929705023 84.6417536597788 116.17328945000187
166.85294638636145 279.6064492461295 91.96943213700223 256.7784771270621 133.49869906921668 160.53020264534783 0.0 102.54924614481862 94.18026632194142 57.42587428590548 137.0467314416461 0.0 202.73778995706135 113.94456315484585 261.56296689758153 32.80872403039024 335.74139509887686 51.85626989471528 284.9836023630007 130.3181042370855 245.23329234410463 157.17774548057335 316.3603350685935 274.9565182245003 234.3342684833763 282.96911303486115 166.85294638636145 279.6064492461295
382.81243279542593 158.39562204898164 292.1653269182426 205.64057816248385 244.27298413769628 219.88973667453922 254.79875070732285 338.03492097362283 181.21732143487483 354.4132083886457 163.530441876339 209.8519979507429 153.93048887454603 189.71421736519045 40.34179793789022 213.36138576899683 0.0 153.33956956337187 128.8169600964024 134.06067031732513 141.73999572563687 113.21319065598752 163.16288018478267 100.65184826944707 187.58768979986885 69.66439932082189 252.70950131569413 0.0 250.5777641806378 93.94557787644784 268.0013007098777 123.66545503098084 382.81243279542593 158.39562204898164
0.0 182.35326909105237 31.871197877957883 71.12952022003985 137.62133662241393 76.12749275123815 258.7681861091552 0.0 238.3600163250655 135.97486464106908 242.55384461872006 212.2902778029003 167.63035683137514 210.97625151985662 111.05512061785626 220.00003257561767 0.0 182.35326909105237
143.71415119452502 50.276272732895 186.1144897575329 88.00628117363661 149.9847858030078 114.40090574046144 101.52403475678717 98.01231034603114 85.59766975484958 124.17862752616395 51.27145091438692 144.2907359446304 29.972561879442146 114.46122810636547 19.411442876013936 86.86733977387061 6.335551331263076 57.67528690341798 0.0 19.88644004572702 30.132921107434868 0.0 69.06976579452842 16.249220364638653 82.86638546500573 47.18624568389631 110.18269802125879 14.55252813187569 123.31227975530571 32.15385033332583 143.71415119452502 50.276272732895
108.11631026389695 113.80096935415487 0.0 80.92271109200132 88.93678248408861 71.1771292969747 120.9402125962451 0.0 169.10920164956374 49.67659394897692 181.62380637728492 97.96582098903336 212.20227308299806 167.81815921487558 125.49957905431971 134.30797449973937 96.60230407515856 163.02528500221356 108.11631026389695 113.80096935415487
10.500318621809399 38.48631527032268 0.0 13.606594963869412 32.531424373078465 0.0 40.54567571874435 36.54087517570635 10.500318621809399 38.48631527032268
17.70825512051792 50.558957352829864 14.15737428360579 37.87999702757023 27.66028732698902 24.2142741357341 0.0 22.06459775358219 5.494871348202793 11.29796370226235 9.898967235859516 0.22610712812465295 22.79575023975525 1.9484364874709144 31.039817391495248 2.1885894376811024 40.778291767887865 0.3458456565073931 54.63970833143644 0.0 48.177313545804395 16.544869203694944 49.4868371978705 23.88952914561642 58.748885990582366 36.51051347524661 42.96021439159699 36.45029571749632 38.37669028199171 44.634376418400564 30.039951366209948 40.13597388940427 17.70825512051792 50.558957352829864
115.70103442755749 99.8528175659929 38.611366433797244 100.96956273441836 0.0 18.228858195905318 91.36592062366555 0.0 109.41891586049782 27.395402428992497 180.0079337107553 2.5635698524831128 146.72039302877562 51.080476763398735 115.70103442755749 99.8528175659929
30.009854951808336 14.473547956466518 36.267777183882544 10.138363280403581 55.45645323075186 9.265835620048733 35.21724455590865 18.736700727313377 41.511027872718614 29.42754904094633 33.853272195550005 35.65260941635252 25.148127062908486 32.59670405654788 0.0 47.065903467664384 7.775284321575015 23.07698131847593 9.710347888709379 12.074432191412726 17.408215008079438 5.571446792570967 24.2769139890884 0.0 30.009854951808336 14.473547956466518
16.37627003109356 32.50655573904463 0.0 8.399845572876444 34.45478214254711 13.663907671097931 44.04997711788243 1.4343687148204367 60.99154632531562 0.0 74.5493169987248 11.504239179438017 78.376700169365 28.683739764889296 92.85853409333754 54.016387639324165 68.79664799952164 64.17956049526711 47.71217480039048 68.97919071745028 43.26995326424099 36.96026920223605 34.36575390990544 38.571126489084236 16.37627003109356 32.50655573904463
163.44012266260984 146.95549971999657 0.0 183.32970172118746 58.87833700015077 23.47656824931078 199.68366810358975 0.0 163.44012266260984 146.95549971999657
104.83845923697749 0.0 187.57789169804397 0.7290043129399635 214.71476029654295 80.84746907430801 251.1686105092958 111.39550019518538 239.43165266637118 157.2191256659007 234.66961283598397 213.7460125489024 181.6480206921238 224.06498079500142 126.12803873947092 231.40605143640886 12.68728275343932 238.4241524837712 0.0 138.14885300307412 55.2401249328629 62.58785408446853 104.83845923697749 0.0
90.8115526441651 33.371177359156555 150.57590251992508 108.22715822223924 62.117368973067485 91.72078626391976 40.447687150254595 56.32112957274084 0.0 0.0 70.11903447966463 1.6025871129217393 90.8115526441651 33.371177359156555
110.4291878673219 57.293708984735325 64.02601495495341 72.04573993129645 37.25375711242751 83.11077888452442 0.0 61.92968190731849 5.532178634560623 16.743975225989566 48.19824527022932 0.0 92.49373415037033 11.546553845923697 110.4291878673219 57.293708984735325
0.0 70.21937086404117 48.15675824849657 18.87430549387843 111.91781774702454 0.0 212.10761519798626 102.47243176101352 65.87898462489693 137.3591914108012 0.0 70.21937086404117
0.0 92.50503566917172 25.543452386507816 25.74665022353588 63.70974658421564 0.0 99.5096642730917 17.841336717434842 149.58729818253988 21.19629913248393 191.43619891305798 89.98037003612552 107.35691914774786 90.79119429979824 82.07315604222018 65.37588068643501 0.0 92.50503566917172
65.34777268696368 0.0 140.9616356972822 9.178834159902408 160.7803895104991 74.86680352412473 252.5397012237121 156.20669607157154 128.5654887823663 146.14668141451628 86.34662966922045 156.73919292258824 0.0 146.00967647833798 41.685870449610036 70.69168908314536 65.34777268696368 0.0
172.25737281634704 144.72945287125918 109.96110529411791 135.191655993577 0.0 67.55456086969112 118.13376501864403 0.0 202.98894647590672 15.666210818106293 193.03616841498186 91.61945065356328 172.25737281634704 144.72945287125918
5.887732439981434 39.530284284007536 22.73973708533307 15.06561254479601 44.09634617633116 1.0977228658255527 67.7895695617056 2.1495936097321007 98.32497184394884 0.0 109.55565331383616 27.935319255031303 104.06115371043583 53.06828185145447 111.41904401724943 95.8244213413627 71.66596941550986 103.01840578854828 51.05664815512706 67.4927308424372 0.0 79.21622782568889 5.887732439981434 39.530284284007536
77.81586175875054 0.0 154.3119463656991 86.68825078156935 207.2981366784627 58.967922622285045 262.72904427334646 82.79135409847055 336.29810938410753 124.8674785343963 258.6597386461822 189.28035178192744 200.90701528759593 203.3691545261324 205.58269531930884 271.89606047715864 151.99827393483127 302.50477785286125 131.4926914148569 207.01785847677831 45.294467214147886 245.3142133036508 3.674278594954785 192.2289694556795 45.840601348211294 137.5283763569723 0.0 42.95361395982549 77.81586175875054 0.0
48.123726679694045 54.85309650611746 32.76817780303733 59.04746012082666 16.445502255191357 65.1341600786883 16.200814071174307 44.7668998277753 0.0 36.14462694335122 9.841197641770492 23.650535515665958 21.989441109801376 17.71553276302631 42.42056906323667 0.0 59.72248078004574 17.51782113614332 66.93588415851625 40.178627088335055 48.123726679694045 54.85309650611746
59.24138527624788 65.04834654188738 32.707382869709164 52.0416572749384 4.426671887137076 50.673650932051004 0.0 20.20591608128143 23.157336013100036 3.2263645845875715 45.74790164590482 0.0 70.61852446743018 11.206563474054917 62.104215799165786 35.911246987976284 59.24138527624788 65.04834654188738
154.71569566560197 185.35202977839896 94.8111111373143 142.82658537452042 35.83247498331221 202.51635902379687 8.962330726468053 146.43847675169465 0.0 94.7672916111406 80.67031342981012 90.62553533119451 52.40602691763556 0.7127617778115933 105.86691134831365 27.56004745530447 186.12618698418987 0.0 217.703832308857 68.9818813265007 184.83353607343076 135.18246949220918 154.71569566560197 185.35202977839896
38.52574220098097 134.11524332980764 3.8693142804511353 104.77868242381341 0.0 54.26786192405247 34.54186759742083 14.347884387926783 86.56238888149237 0.0 126.96767507508375 37.22876662588906 169.0328661636351 88.21769111756706 125.5448863543485 133.90605728579607 77.25517863815618 147.26621088790688 38.52574220098097 134.11524332980764
230.02467792594086 144.8038283385868 170.27162482476132 193.03508040101764 105.45909542516608 179.909389401309 67.36456219099418 142.3647461199181 0.0 93.88309362320042 17.68444716995836 0.0 117.6317056228077 49.11673739173413 169.20627539981848 29.56293187224108 177.75842901250712 86.10980195152358 230.02467792594086 144.8038283385868
232.82338493750854 81.9981715559313 280.109373966563 135.93211239295272 190.93871679510465 164.7371692675449 199.36392524037234 247.19677626492523 135.14799077255034 224.7495990412432 117.33637552830399 168.24170105293973 86.48303618664417 159.71353573663032 0.0 126.82939105255973 47.628866771893 76.79687632258532 67.96381111692818 0.0 142.72096744200624 70.27795171185107 213.04726854043355 11.925458224616122 232.82338493750854 81.9981715559313
103.21278431486236 144.4863020985248 69.27053467433531 127.97615892080346 0.0 143.71717859275878 23.40018431664167 82.90959108090154 52.462878015319994 59.02304411750397 46.93101512171834 0.0 91.67421891741272 31.43028093898407 130.89005323895475 23.94051777604129 201.24132891734678 39.823031393417665 152.33727705263618 93.32327218723283 122.54754269651836 111.74195880566786 103.21278431486236 144.4863020985248
156.12452696593735 161.92334655901618 134.262419208244 138.877011005471 0.0 101.76251675680508 137.7983876487774 76.27029222890963 174.501176353738 68.5640726980695 173.82634609161192 4.5596847736519805 215.39658993107247 0.0 247.14235332200093 34.73480128144398 244.7295919832342 79.94268524724919 339.54857629161427 59.560823745901025 368.5571078848242 108.96705815877499 351.2544301119037 167.8703457931416 302.42233845093847 200.71018081940144 252.07093534652796 206.02654259808278 207.96076987803977 300.05793355190576 170.54406811030276 202.97080225255732 156.12452696593735 161.92334655901618
0.0 47.16854577367427 59.204410299967215 0.0 150.03105775778968 41.36371541909891 70.50466671691524 92.23991890813532 24.015124461965293 109.47450903491038 0.0 47.16854577367427
102.03744927001098 94.39241318415404 0.0 34.22202628936043 84.78646350958483 47.7326198209874 135.68508353814366 0.0 217.25871765058167 25.55609020573759 188.388190931716 105.43127405974053 175.159008519187 176.12464258608568 106.72902431519998 201.06067464901233 41.82706022764595 169.85659501241946 102.03744927001098 94.39241318415404
211.53835304862451 0.0 125.1344587753841 93.88644583697705 92.72448149331672 162.23796935323185 0.0 136.04404819510856 12.259367607465265 35.666454840844935 86.47698329952114 51.1055097407167 211.53835304862451 0.0
54.19322861663598 47.72760123846936 123.08099715498912 0.0 224.70490176322878 40.51898047812057 215.46300864022075 156.61583094963783 131.9823734654581 220.92848554923816 35.61404020228126 203.66150984421478 0.0 108.26522886653892 54.19322861663598 47.72760123846936
206.10707662937074 179.50774150057066 157.65873421296328 186.2664885130497 0.0 202.239956113586 70.76180069777688 83.79084172172138 107.94741351426613 0.0 198.62327332545516 1.5697390762568801 279.30337409277706 26.75524783432617 336.9723073149508 105.6352608732514 278.70297186290526 177.43789071747148 206.10707662937074 179.50774150057066
203.33193114709417 182.53731331360655 140.72237164702287 263.7489810613222 58.70137871277444 213.4579437885793 111.85854036602714 116.41064678198401 0.0 26.98625065237583 112.76855231210158 5.90175555972111 177.99411421343268 20.7005430198477 271.35631436134906 0.0 366.820588628814 77.50202957594962 222.85084574104246 134.76365273796586 203.33193114709417 182.53731331360655
73.74074003176716 64.12300682703366 55.84375358840927 77.26605942498159 35.50045189618882 95.50981743653455 22.667971687460792 69.11613025497446 5.346303987651311 60.227670825326854 0.0 40.63433825041474 4.7057097542247845 15.895598133297824 28.18262606244251 8.812221340766897 49.89897514109256 9.699557055090935 93.80678110277415 0.0 104.10947373734552 38.47476433412915 73.74074003176716 64.12300682703366
74.21145099181273 134.62254130303003 0.0 116.9620066640897 43.54306071148624 58.49378568593394 89.58184098365345 54.40250038869394 120.43978371180373 0.0 202.23992232879598 2.789766757229984 161.47997145679412 83.69171236873191 178.620308382382 147.64665123270663 119.43765532231807 165.53393028307002 74.21145099181273 134.62254130303003
149.13563717870528 31.875756149307406 174.35438609136366 83.13279208035257 126.25287337749825 110.73928095468588 92.8910927932208 106.42563846733145 51.37966119465375 107.78233283642138 0.0 61.257247206827245 38.274231807145895 0.0 97.62104161603025 74.34976786825504 149.13563717870528 31.875756149307406
100.2951513932289 88.41413274466723 87.36306228185776 143.74133368274445 59.22784438673236 123.44046694479059 87.98530378171843 59.55390030739523 0.0 93.85741063890447 15.552419159572565 57.406642634359066 26.973073945201378 31.000018172377658 66.35166920816114 35.60330432321998 66.38719506992517 0.0 89.2512918935675 11.927093562474553 110.03754020778307 11.660393522126093 111.19891004304388 37.14337763600239 144.99319433157467 37.29803468367282 114.64550652155354 59.13788096479281 185.26610580412972 101.82206366857244 127.73415513993058 98.62363857361743 100.2951513932289 88.41413274466723
91.53842273240909 203.00625134954683 0.0 193.99428130002323 73.02851831765844 140.59880589059702 23.71956511266123 67.51336148460996 127.96510123825448 113.80723324971132 130.4566160735224 0.0 176.64328429930777 74.68083886462125 228.79416470175755 61.53622659038511 269.55649953762645 93.42516969055764 229.42936491900247 149.07318641407048 229.33114839430343 180.9241330031853 310.88802908122784 305.71403036639987 215.11480190090458 303.4577410689276 150.29471622971647 237.29955401450457 111.37203624317485 235.3212631288527 91.53842273240909 203.00625134954683
168.38133687576214 0.0 243.89676601935486 96.88669418889181 139.33729507950068 162.1801171715344 47.04892336539849 198.44570017969357 0.0 104.31205756259547 14.088038647554711 25.237337149938085 87.17152026174601 28.476063857135337 168.38133687576214 0.0
27.432175457879822 87.5678872260643 35.707222052112826 62.6657006499824 47.909328756699324 41.805023590935946 63.294898237292514 0.0 98.85545590145801 17.25430727885572 106.5508341228082 51.06529201686739 156.4592458707296 60.20193756477933 228.47027516667978 127.17872743925523 138.6590450708168 146.04283504567329 86.94237062156034 124.0851990691474 44.91164432914471 173.691452993261 0.0 143.33270750390963 27.432175457879822 87.5678872260643
119.50200188604968 261.37165285134654 112.24142172807518 171.90855029538358 76.63722460626717 155.5676807922801 0.0 116.1779777843134 56.61484104858249 66.45883270165447 71.76321746874986 0.0 147.97762834699967 54.31520514985033 188.20089880584595 16.614494153966845 213.09181889833837 56.86257881119557 275.5937033311146 72.61461202130985 266.87906345244573 125.0776251186923 252.65256905216938 172.85752391957044 229.28092145152655 219.5165282925937 180.03840860785522 244.05175781667282 119.50200188604968 261.37165285134654
59.37779546750916 3.787742748094132 53.36023056297084 31.57122878296903 33.1296742638506 41.52518426836835 0.0 58.23714560716833 12.019020575257827 22.09177585437729 9.380791474121807 0.0 29.402082624091875 7.142826126346421 59.37779546750916 3.787742748094132
168.38764701826597 176.88923474735807 102.60424670918937 244.28173819479684 53.53291094366031 173.85477422176018 0.0 83.60728942947301 88.04184863774448 20.49289509941029 173.4315865385276 0.0 259.9897843970241 38.115922464145754 213.55827416663035 128.23651049462075 279.4448011266687 224.29377348074456 168.38764701826597 176.88923474735807
24.032260325298807 49.59772944163521 0.0 21.23015976784879 37.21612135466347 0.0 79.20921646833833 16.721093289410135 74.272109782619 59.584950186119 40.54328985853243 72.00647678449253 24.032260325298807 49.59772944163521
104.83185844465336 103.09565962961697 71.98203288705852 90.62102354553672 0.0 26.815782603171108 108.29465786874945 44.93585168383835 132.16279384402054 0.0 132.0877812894999 69.50718280737675 204.44729940376482 54.59017589071969 160.8055761853523 87.37595572899367 157.65788916370622 120.37866520501238 123.96531941624568 134.92435921708358 104.83185844465336 103.09565962961697
39.97496207670743 0.0 47.618992999193324 24.03001515515372 32.21482699696469 30.305852687404624 0.0 39.90965344493442 15.584425628010607 9.949626522987941 39.97496207670743 0.0
70.99715334552273 46.73510053891275 52.62349124589346 45.46158398401057 43.158246969620905 41.83961814691466 37.01653319062714 43.919809584309505 20.577140155870623 56.940798460524704 8.171060660045427 49.76954274807791 0.0 36.185245314686 27.63862460907626 25.34356118393609 25.955397122416358 18.333577722814695 27.9210398877712 9.817130737311842 34.20508656129857 0.0 43.573149826046034 9.462529749807317 49.96005911233608 13.076213905290174 66.80947987398274 9.152148723196774 70.0897272853439 20.447958581836772 65.1971405748296 31.653239409631965 70.99715334552273 46.73510053891275
196.33769673930558 20.54671958402679 109.4922811151542 91.51079572038871 234.0739023894606 211.81711921644236 117.15127693617605 218.59756756857396 77.78897379854351 133.04742895353053 22.382665091781234 115.39838748430374 0.0 45.31039442213314 60.167726954344516 0.8482172259420508 127.73131491641831 0.0 196.33769673930558 20.54671958402679
202.99913858364755 0.0 212.78855423051385 72.02663454905701 140.1534477834142 95.4823565051558 139.00716580189263 154.70463530160282 75.07956558667667 202.86112277780109 39.005761832914914 133.05659833629386 38.76267118134183 77.83977857659531 0.0 6.642277484779996 87.90651087819688 22.5244544902193 122.56645517475918 27.37623787380452 202.99913858364755 0.0
214.40591957524634 112.08449570287125 176.34390925097773 140.3776711919752 165.90276993614088 169.0514513751566 146.7070108772308 205.20569935230162 109.87219121396346 198.37456587499102 66.10279149835073 213.15156560782296 113.96785997946803 115.59446939039458 28.107535462523686 138.22816947470795 0.0 95.7522199608381 58.6786010947323 78.81891870468274 40.92610953076496 0.0 104.20575922223951 43.372607732328646 144.5257896800145 8.695724207661101 174.25901840339623 44.153530432302745 213.92246258867976 68.08331718007851 214.40591957524634 112.08449570287125
0.0 103.39825811825389 47.01625638647978 0.0 163.07449447526392 39.56443349175001 246.8140478788901 10.210544142177469 265.73274631492836 95.22167273934274 276.0222604394576 171.1243197210504 222.2944034846804 231.80775080713826 150.74916747185878 194.7955252297253 102.46379751874167 168.85554736736347 0.0 103.39825811825389
15.571030091804374 59.32264152645483 0.0 0.0 61.11472781237853 0.8719561506886606 131.44508067556217 39.391938404072675 61.0167287915163 80.98408628273833 15.571030091804374 59.32264152645483
