70
18.476154967975162 76.47808108935713 0.0 51.95531419381169 4.47762295885056 23.107091904837446 19.630728934649852 2.7252846422328645 47.26982595418026 14.29185062127533 58.7853450607094 0.0 54.5023588364931 30.916100715968923 85.43761076940272 18.614046970540144 100.50285327222319 39.230977757185286 106.9676730284294 74.37092587480662 83.86652511675088 105.95633804815692 48.10375866165826 69.69493330209959 18.476154967975162 76.47808108935713
66.21960849399616 52.58607481016392 115.70775559109788 0.0 167.67860797605823 49.415155960297085 221.1586035485327 89.60684566435202 226.54279652016658 154.26551727933887 180.11962165017695 199.65780595639603 120.42964932871648 182.63749649854788 91.40667238449674 178.28152032370664 0.0 214.31042215374157 105.57151179793777 130.95586674418666 35.44041886455625 91.96349464344473 66.21960849399616 52.58607481016392
0.0 124.3938765748143 113.09048699173772 14.75940300258668 244.11287272287882 0.0 204.71084554966316 192.59025768389424 0.0 124.3938765748143
46.61925625444617 19.94484465351249 68.56436240326033 41.60320370966444 54.88328470555511 56.30941763825547 36.46035173259335 40.436466946450324 17.72566954879244 48.02594653169115 11.295471899218711 30.967128406522704 0.0 14.168582683117876 13.632008077434477 0.0 36.988698391174395 15.574050547506502 40.03415185260047 6.4161807704648055 45.52072576615484 9.177122945961528 64.03234566407207 7.76247948651536 46.61925625444617 19.94484465351249
70.76327158573847 28.90844787762751 54.63969133329828 35.27253444340495 49.387229486028936 40.70318661380017 45.264012540569205 64.14730946148885 31.921832448257312 52.85418298994655 22.614442682757463 45.30334064263015 5.669737809541012 39.775369778727566 29.253728150321187 25.626396963437685 0.0 4.272615105212026 37.28697711455914 23.32817805869162 35.45653574415375 0.0 45.62802497184578 6.896914390927762 51.43439622494002 14.036294772315927 76.30562839443778 12.949099704191624 70.76327158573847 28.90844787762751
93.7587960931574 35.55928477653483 87.88372648686557 92.67981525659323 0.0 91.64745902466396 31.656611362058584 0.0 93.7587960931574 35.55928477653483
29.718534912082895 146.11331288040242 0.0 108.84870794795098 23.45914461423449 64.15419752934379 25.4649468034062 0.0 86.61223693761727 39.686909538005025 107.48897059145644 58.73135944176765 118.96432655210602 76.11083314950153 139.62227525660387 96.41390137912352 162.27066692575607 149.25950012922823 109.89889629874739 150.28348610473404 76.99994995806107 140.23233016084953 29.718534912082895 146.11331288040242
227.64062263542002 173.6368975774169 196.95531592251592 253.1785019870687 180.08277358398476 117.5688427614032 157.96496064766924 125.99659076425124 0.0 143.0236442328304 88.10545221031109 73.84485418590867 86.8388447077825 5.724638154460777 154.23657998054463 0.5062152826192658 206.54491028251533 0.0 244.35133986383866 32.9442096457211 268.0011881008904 67.32034662019859 332.43102666670995 109.6073455382103 222.8606851678822 124.96437213156696 227.64062263542002 173.6368975774169
50.657292272734225 58.186871603783075 103.87186741900007 0.0 172.54309158037154 33.38795289237068 113.35651619927977 122.44824454175296 201.54469507932083 160.24368830271743 136.95391278153483 171.29728037570993 100.71904528889429 174.86199267037148 30.49459508248617 185.25061083215422 0.0 114.0804688678169 50.657292272734225 58.186871603783075
117.4518244192876 39.978043261303256 148.7448040237923 42.946125037768 162.99237875951587 73.43511548321578 273.02305105808153 91.24835869407718 190.01102593393256 137.19775853705633 164.5535856608197 165.24081045884373 148.74989930673377 234.71694638962973 99.85054713825757 170.0951812012957 31.12363300552211 221.6994250394313 32.54197744838649 152.9514537338771 90.00888871165714 109.2884349037779 18.302343469474025 75.588040310618 0.0 0.0 82.03555870242086 31.370079228008166 117.4518244192876 39.978043261303256
0.0 201.14401233838737 31.02012326632962 137.2801987749736 31.912625831664883 99.01060605129028 48.11269525269978 64.8308725397373 70.79259175182733 29.19374928521698 109.7180551157858 0.0 155.10226695204736 20.392745627262315 199.48547327139488 30.2213159358611 231.32639064428048 62.36758430008071 295.0792720407353 97.07658125247914 129.86868755460398 123.00070309800806 196.47004639152902 176.24208318693888 188.9578082151458 225.86703562357627 152.8737719088012 283.47655927319244 94.88607949803134 267.31774520595184 87.72397429906965 180.0380229552079 0.0 201.14401233838737
25.997956471004713 2.797228449459624 46.20306343621492 2.5886982444483664 41.76870778077395 21.652027352870448 38.970426992660265 38.240822986125735 21.660291896045024 38.637689587684434 16.845206550306457 24.05576267336471 0.0 23.29523230002833 4.735003161742554 9.42253679399765 13.63987636360136 0.0 25.997956471004713 2.797228449459624
22.505336896650476 41.94897244952594 0.0 40.36962011659071 2.1751666735082154 21.577767116467072 17.518267747462588 13.383708222096942 30.72590552515865 18.30643505770516 38.27428849584524 0.0 51.82677924090011 5.26294334650504 63.17898624899104 15.69489441720242 63.525042242818245 31.940723743454484 45.65984542653999 36.15269846802872 43.39282909305504 49.649930229942754 32.869726856482316 35.18793488741227 22.505336896650476 41.94897244952594
131.2567083977318 118.19537111742615 116.32094346289716 150.866840255952 81.35727698227102 142.02376203881744 53.79564820553591 137.1056674777618 0.0 129.01177101436224 30.417931510544975 83.40195114261569 17.006638452461857 26.354699437675805 68.99261724459254 19.03171973480191 118.86413334870791 0.0 122.26184964077477 66.1433368858725 163.96530055767127 86.85982820490129 131.2567083977318 118.19537111742615
1.8496216307306241 30.465657452832986 6.462409311538025 16.99726144461968 19.716477521899606 12.694462869159509 28.642614380175345 0.0 42.37443093953722 4.757751590935243 55.41242366252574 11.158831710175377 68.80866870138642 25.82396602306639 44.62277771099724 35.09352322381923 43.69749458025548 46.36695928674432 33.13054632965526 53.304882120332024 21.1397278360421 49.804198867719464 0.0 49.640436400424846 1.8496216307306241 30.465657452832986
151.36654798988366 163.63437470735948 99.7350795891304 151.22524772661933 80.00530462134115 106.20101659175266 0.0 74.93680410902924 26.146641648024243 5.465077958347607 117.67902680575385 38.17365600552196 140.6940371588761 13.043438576175625 189.61439686869483 0.0 204.0043124499013 47.549473895349635 218.71771954807232 92.55569055168439 197.68934718976152 135.65300542029547 151.36654798988366 163.63437470735948
0.0 138.99088249268203 54.234355725951445 70.21249964974578 22.43126675953644 45.26619158952555 56.52991806221563 41.5417033818684 71.00015998738621 0.0 96.23707726524262 29.082444755343943 133.35190888962555 37.25759416208878 158.2828422285598 74.25426234184314 143.17605594167244 123.1861342080113 106.12619110528846 155.82330924873713 56.14119676661835 137.5044627500376 0.0 138.99088249268203
37.841611302401674 99.37685209396089 0.0 77.95151439423161 26.49759122316913 49.88791337014709 50.7324862039888 34.773915906029636 67.24736960358614 0.0 90.73449621457495 40.40787746468024 105.8215517056743 47.781959998907936 125.33691009931782 58.847167975318456 155.46938913445723 86.64225363437473 150.72941855279163 125.77739860139951 102.52677767185726 122.70446928654187 78.31295748715652 96.94781484063147 62.09911513781903 103.42302891413854 37.841611302401674 99.37685209396089
281.2146711842968 50.68014711771322 193.4109541724557 165.0495172525546 149.16824811983278 245.66218981522348 39.68722681528615 244.7767568970786 0.0 138.078260653901 35.572016588090946 25.54822425734457 148.002888551201 0.0 281.2146711842968 50.68014711771322
67.72453363622401 60.841361637705376 35.71096871874621 55.04702894619001 0.0 61.08406686935811 32.39610861452902 25.59357778146503 14.325467043795506 0.04280826129648574 38.3763453404511 0.0 50.62439818186582 13.673325019677435 92.95304649069067 30.678855273809717 67.72453363622401 60.841361637705376
47.23895670056977 123.43470115692811 0.0 120.05563999459604 6.825603950344274 85.52743945055637 24.84518127348688 61.889873986304465 24.999113160799936 13.898434505521621 65.01423472003185 15.641689459003118 101.96472518855929 0.0 137.5863567075616 19.874720315385858 188.7543657580406 33.00214910418116 140.83735372696123 89.73200440077395 186.99775018034694 132.0935689626627 131.03909518901088 142.1563180971046 113.65403366815576 172.0647109611363 77.52704032594647 186.02155861261383 56.331192948729154 145.22574109324938 47.23895670056977 123.43470115692811
52.40153188766945 21.231950181854756 61.11410520028389 28.516664872387125 73.45516093784393 0.0 91.59493863362445 6.58912773267582 144.80848776167005 12.381789121755332 107.86982338948181 44.138345458498975 110.28994614976965 73.95741816070401 88.70312016340206 96.31726987093171 57.41669244669026 87.11668381096135 30.804739432176007 83.40840623054078 25.231845694703566 55.70066457323571 5.097800601581099 37.72588793501163 0.0 5.890034565278924 52.40153188766945 21.231950181854756
19.32879245052169 7.644230463908244 47.7028869178143 0.0 54.613574187027126 26.68903243184505 36.78160648460451 45.65047531711677 0.0 38.31880932750684 19.32879245052169 7.644230463908244
0.0 68.69923937996126 21.08565102905871 33.09292088833399 37.69045255687978 16.4956137138021 67.9396054200232 0.0 78.19013602199644 30.695049167686264 109.99644646232646 62.14773109332103 62.218781813796895 65.27910169258197 36.93814918579771 88.80441385748713 0.0 68.69923937996126
34.79110274634844 66.50673474447498 0.0 55.0937989846866 24.779981903601765 35.77791744986348 29.09286618451455 12.15204554033145 49.95131769477109 0.0 70.2832602238357 15.291953243485658 76.0451976514877 35.11122198498623 110.76256287188109 36.32001671106964 67.7813117420385 53.9277444390263 108.46142809799228 89.74534681745715 75.8214267634707 89.15587688776833 56.78538830339846 89.44852841587803 49.76402124180103 67.5410350090597 34.79110274634844 66.50673474447498
22.767732850594584 95.86452261775268 0.0 59.14020896683671 43.74396812489819 43.8739791327619 60.08030005053374 0.0 106.60761554158582 4.04421787349024 131.78283708387124 37.73435600995016 186.4628561904899 73.19230182742767 152.00361198893273 124.79138978714276 116.8365194470535 166.33240015446802 66.23351838368187 167.64272701809972 17.99007554147275 151.8757601343372 22.767732850594584 95.86452261775268
31.184855121141055 79.198970887111 0.0 0.0 87.1241916203865 42.57351531240239 144.39112392789767 18.835859716765043 207.17170836792903 85.63052274353186 138.23479658888937 157.18336310605346 42.848462298040374 166.30168941709107 31.184855121141055 79.198970887111
19.793867367207504 62.75130136358469 36.79147332673461 45.212513636188035 0.0 39.56027209622718 8.371042716690688 23.538557333578154 16.153847055983967 0.0 37.616740425611745 22.35883237581153 47.01603745390627 27.71007689619229 60.85686985084826 29.638818605480125 86.54360911906716 41.629404813693355 57.226964244709926 54.53886224581508 60.74900390728849 77.42425282451966 41.17826510473791 71.17601688413073 27.44651354231518 75.1794602098564 19.793867367207504 62.75130136358469
129.55274778939295 0.0 116.18317853685502 34.01829632901941 98.12993951567532 49.56488015667311 118.76283318409311 77.2685107401456 89.2649034583876 71.94812679251537 76.1403575168643 80.28551573538157 56.33019795388421 86.59329347509806 42.67934174688227 71.97822830187154 17.021642789423964 60.81692248113592 0.0 30.181697035192514 18.267521451928104 0.9306206534731558 52.725213204619195 2.4969937701949405 73.5233896877289 9.462296781510247 92.73999880958898 5.263199754324688 129.55274778939295 0.0
83.12916973696846 13.327743339302671 103.31294363636391 72.70254017560752 42.110024924836665 69.35727845345276 0.0 37.67493415131034 36.70698513829876 0.0 83.12916973696846 13.327743339302671
130.0441309113564 97.51965318667237 94.0585781625399 129.33787614345846 49.581218187134965 103.79416355899193 0.0 46.93535757637619 60.72740759276286 0.0 128.63688866167692 0.9893162541252281 170.13851452885493 54.645846131101166 130.0441309113564 97.51965318667237
71.14338902215488 29.735184699888492 90.73408468760259 11.429945909393084 151.15435947593687 3.7500861408563892 133.752388632088 54.64145043942676 122.77617527043263 96.69675037596599 86.28901110623461 129.74815807576954 39.60897498050382 108.2427473299959 24.135278643185977 67.99337027369688 0.0 31.144703812832063 29.391238370986528 0.0 71.14338902215488 29.735184699888492
56.91801842862583 96.92199313189082 20.22478148902337 74.13509994790802 0.0 7.6393274304305265 60.23796561157323 0.0 99.42901181753845 38.52158235645592 157.03511092366574 30.389897667877996 120.26278724704508 84.5305585433725 133.6785781640152 113.7707982520355 120.49835919388919 154.94773672336436 78.57967279659482 128.48671741866838 43.09048656012342 140.54757116159666 56.91801842862583 96.92199313189082
190.35820137245867 62.33654491532212 254.6107468284643 151.91542268477696 182.20773543517447 233.8809609637631 102.52373819152749 176.77360467840663 0.0 171.48421608681736 33.76121963421622 74.01848107958816 106.1851348817095 0.0 190.35820137245867 62.33654491532212
111.8883289652804 165.58513502315478 97.48839279140414 124.20055913221512 45.86264722498487 148.74678822604517 5.76169921699011 119.13319038924462 11.535459631437504 70.71617230232539 0.0 5.831190064443177 93.2303829400299 60.51189020816264 110.9366976634541 0.0 149.73762303328374 12.859854921652015 207.26300095156142 15.121994131130222 132.09209040642733 90.36237150485944 147.10886523265322 103.14042063260479 175.7454363035568 145.44773784647458 138.88999808940076 154.3928042195852 111.8883289652804 165.58513502315478
274.9830383514788 213.39319752475873 194.77352952404271 262.51316607616786 120.72056516770769 266.8817225721913 34.78751014411212 283.46071991371423 11.045971594788682 198.46026927060652 0.0 118.7794976252134 34.01471148701539 30.12816134550164 126.03238327484114 0.0 183.88341252597223 82.4388941329301 304.7885656396641 103.13703163729673 274.9830383514788 213.39319752475873
95.85132359216945 1.383252292789372 136.78530246701126 39.04937956749753 91.94179905054254 71.46493419849591 73.36781816672988 127.18738077369909 37.34505497556927 83.65563671397186 0.0 59.0518573754342 25.804658336420943 24.263086712179394 53.04151977473204 0.0 95.85132359216945 1.383252292789372
7.105593361448513 32.80005406022822 46.72750547435923 1.1655198070074704 87.20906464431073 7.037038346623341 123.05585547631239 0.0 143.6682284993861 32.22596180266751 136.2668479255944 65.97473435366982 129.41556110280328 100.5886550709174 93.18418781837379 115.37316960981703 40.6913461091831 125.77265974433207 0.0 86.90052934262262 7.105593361448513 32.80005406022822
80.36291797683742 76.9320968178678 58.20794603119856 110.70538677540966 30.848840520009603 96.72900089324702 31.187529422654364 61.8820957633709 0.0 43.110288359058885 32.00107583171957 23.798416328569857 52.718219330136534 18.80495065004179 68.2355999949509 27.829410647874596 78.27807137628805 0.0 88.82273067319075 16.930653433702943 129.80921129613546 10.180111977171308 133.93822582982978 39.014395053394594 116.11854775000491 60.537962975936125 90.26620060973544 62.5563964587725 80.36291797683742 76.9320968178678
150.44988161703998 9.222504560631378 94.99117856002184 130.17438715575196 0.0 38.885186504631335 69.18807259415777 0.0 150.44988161703998 9.222504560631378
128.79639114366051 80.45227221282684 89.45328577100611 120.35790745723227 36.839569776721554 132.16351534220283 10.384962698834137 84.71812244272081 3.2561388211394515 51.98808584619827 0.0 9.955399258387459 42.461497738995554 11.192603646500146 80.04728853863145 0.0 152.05767656941094 15.581284423275306 128.79639114366051 80.45227221282684
27.948188587034707 0.0 40.78431275641998 30.575606357369097 20.188305732505512 22.497535167362443 0.0 14.308578972002664 27.948188587034707 0.0
172.8680488059053 0.0 228.63958405175816 34.72730624210841 231.06340150206 103.5225427111188 343.8511816550032 158.36776739854946 237.70350519033593 208.80023701832835 223.46564911952402 276.20278792301576 119.93991000865597 169.96046814664652 105.35369419143686 234.93829571384816 30.979924212725393 292.9010232163386 18.155125815457865 220.29380616136984 18.98056815772601 170.10047114035373 0.0 124.43519341346916 52.03315278433277 102.60169263936267 78.20040953258436 79.75078927827602 110.97865466594132 76.20400198375539 172.8680488059053 0.0
180.19714568794006 135.841417919875 144.69142392346788 132.80332813538303 114.59209750150882 169.68484868463383 91.48016248669015 135.41930283599015 0.0 155.7150670154853 60.313074984745356 87.30918133969266 50.41051209263273 53.802074558152114 77.61226920397922 28.939354085040158 115.57720219525287 40.964318601946914 136.75253563615382 17.051097148644914 179.41491898950625 0.0 229.64698971122596 18.33320367779786 215.96275395623746 72.41230251855892 266.4771061163349 131.2000946737053 180.19714568794006 135.841417919875
98.91594181198356 60.718111234980825 149.9002369941469 0.0 198.15699576577367 51.07343188589911 242.64381728906216 95.906888257006 216.65004197073046 154.5949142013793 194.47332792315802 202.78858112597305 132.4761306499331 150.44882028044663 87.75475347454477 213.92573299800642 73.90822131855069 163.04139377479459 102.18283808704761 128.0824337612808 0.0 49.24461691170018 98.91594181198356 60.718111234980825
113.8094048373098 2.7835423149689547 184.16370020535746 0.0 152.12437521756428 69.10958963649306 162.35035405266686 115.21408903874621 114.30832360307122 119.13799177217737 71.04679182713181 136.54915501302528 0.0 117.83470213882634 21.658665451952544 45.97584880616769 73.05894608051025 20.34226914366819 113.8094048373098 2.7835423149689547
87.71567509487183 154.42109744921842 0.0 143.62380523467533 0.14261448401040866 53.29014207718712 61.88756604872346 0.0 132.0135538532482 10.195721099143427 189.2223550505896 37.7914181772675 324.27923625210315 91.70189337713369 164.99979496351912 134.91298436974503 136.50015081509582 189.20548503006432 87.71567509487183 154.42109744921842
116.75033294402549 0.0 193.17909807291466 75.19634762698307 201.9118911347806 194.0470354555497 85.8893221501428 178.13714595413808 37.65336661580408 169.31447146760854 0.0 121.0555127592502 23.825759324379987 47.6894688069242 116.75033294402549 0.0
0.0 88.62709739904246 30.912603085442143 52.45681018087305 36.66830918702213 27.47362464478401 58.432742586020126 0.0 72.04587505730001 47.225643603713365 124.0520446699375 32.142095385959664 108.73203606471152 67.57750860560186 82.77228134021324 77.80893075256866 68.91069945905159 92.46567467270499 40.90567602782734 100.08668315723354 0.0 88.62709739904246
66.96562407498816 78.53770849446391 60.61970602169758 56.31028512142132 0.0 48.260941155036924 53.01292697679686 28.425395693921693 54.70181230492801 0.0 80.98345269492694 11.825540019129072 105.01879212049604 7.289875963329429 134.24083086662017 20.814288791910037 112.2117147874591 48.59219222573484 108.60312281123146 71.91747648453875 89.16419056845491 84.78340114927411 66.96562407498816 78.53770849446391
45.82511872581031 65.9545798769826 24.945241403935356 76.74967030527863 0.0 68.78501896807462 4.777055055747013 40.606675903466794 6.109087603325335 26.028650572830927 16.30639676833502 16.618254960879128 22.272657357486054 0.7805007103408315 37.86483702503948 6.6113146271859335 59.60557312034538 0.0 75.7257495515645 15.790058211726077 59.13833221756056 36.041585809808296 81.20494182359423 72.97010713328204 45.82511872581031 65.9545798769826
0.0 104.4241647872625 29.58031952466456 0.0 116.59909120389644 17.914012216922423 259.5161634265398 109.77399333773644 94.62978263329553 177.02870697811656 0.0 104.4241647872625
57.749675339601396 72.20228196048369 32.69301467228388 70.65807384085396 13.385259356545774 59.83602277438459 0.0 41.20730937641305 10.601815323360213 22.829768851969334 21.027478478263774 4.591572666892461 41.16942808438617 0.0 55.11069501420275 16.451997225616182 61.31228385061942 30.77156522317061 80.79559856249739 54.45557145343507 57.749675339601396 72.20228196048369
0.0 1.4445573319351084 87.5860061969692 0.0 124.1316737605803 64.40742653684717 65.34665551342859 79.70821076590444 35.757043372623286 71.91331449119778 0.0 1.4445573319351084
336.4986914539661 154.34803163590976 182.3925441547769 184.26805108027642 172.53337248145732 218.66434371136242 141.57267052559462 260.6395362193082 86.50270038719532 269.6327931529785 43.589459591054506 229.5946351857088 17.28536254223502 182.5877357050736 65.21474952676549 140.1737606928894 0.0 39.28233017796943 72.87211887228722 0.0 141.89744433998925 78.86251796850489 130.17137408367498 156.00987546866318 292.2470630135232 73.76871029502938 336.4986914539661 154.34803163590976
116.42213612211715 201.41721830152733 53.04618377582486 162.38338487883652 0.0 83.99448096030248 130.84800926650735 99.30603558994365 144.3652212501379 0.0 203.8017563000278 48.193662160462026 217.97067923805017 113.3362857315093 207.48794564713967 203.7761319634867 116.42213612211715 201.41721830152733
215.02842315654055 30.3770070089886 269.2002379471403 27.66411806538696 239.77128271838816 80.3674791218129 286.660027019539 112.03331878386726 265.3876558142255 151.10812584019027 230.16630800072357 174.1199488438084 192.01076953601284 166.3391755443718 154.40067464740832 221.98822784289996 136.22548032561224 158.81753213082288 60.422020995839034 179.54794962405776 28.47454345301614 132.1827766290387 0.0 69.68535615190444 173.4946069228742 93.03658084760758 141.40833452588816 48.597889157151336 155.78225403885824 18.53844652055787 189.6532999366247 0.0 215.02842315654055 30.3770070089886
0.0 100.78138614560264 7.355423989291843 48.71426792831425 58.23909558816415 42.678139467144966 183.15180427401367 0.0 141.52048591448744 112.06805793100716 77.60250516338026 139.22717842261176 37.27029298793384 127.02515811763183 0.0 100.78138614560264
35.03240066376566 83.09214904877643 14.776685320632907 70.42457002145721 0.0 48.53267695020166 31.997940780218897 37.51485154781636 26.862959565270458 3.5434426025835606 55.369818928868185 0.0 68.22941597518636 25.555603559772464 101.26560208736817 40.13681031464937 54.73765167514381 50.90150892445635 65.64393505153495 93.53251141246531 35.03240066376566 83.09214904877643
167.2389933389661 61.7906082933714 183.83842114997046 89.91113057706461 134.5797115037858 116.3007757586467 230.8774558323009 191.27192646582955 151.7827680703426 178.5298640593403 117.13934817423872 202.3715529403213 88.78117318630719 168.6455549038285 0.0 189.64816705077982 98.52401107447606 116.18983605369436 11.797918830533163 71.620691114946 91.74277837483129 81.74979796637051 96.40778101321943 0.0 130.29219264951502 73.34135305768909 167.2389933389661 61.7906082933714
0.0 15.959892019530429 44.06768372686369 0.0 132.76464099783175 41.76736197053556 33.746088038400515 64.29122483887105 0.0 15.959892019530429
86.5963078690877 205.91999640667615 69.88448845501262 149.8148281029302 37.12100254165546 136.22377998507307 41.237422559607495 100.38878387591696 0.0 56.4193711998193 77.64574941795689 63.15511025610857 96.11495431356187 60.47929834144031 110.38045094914699 44.093639953135 152.85954785645 0.0 207.0114006891425 11.044855008513949 181.2862661244228 71.61450319852759 307.3046796560312 112.47293443074193 159.00582225655432 122.32973747823758 165.0853150268526 170.911830588167 130.82279047568207 191.76762473770435 86.5963078690877 205.91999640667615
0.0 74.4477525583979 20.46784033650448 0.0 106.06072676327875 2.601535172989287 144.91118124183336 71.61736685392533 106.65251296637943 142.34208788412212 46.30242045634384 111.11338482591482 0.0 74.4477525583979
108.65440120590983 72.63189208561545 52.972867450127765 91.19337661582244 0.0 75.99283324148226 0.642079828457895 19.03507900655716 48.59508665205915 15.824780789615765 113.27239405463709 0.0 108.65440120590983 72.63189208561545
261.66989312652805 103.78441164212417 265.71395377149395 163.55572061444087 207.9597196447873 178.1603278597596 157.82091795239606 213.37395798975825 75.25028591331417 198.74817653413203 0.0 111.51606143886669 114.26901846830802 55.33479336060073 171.17818226476405 12.308249714380224 268.32874333705536 0.0 261.66989312652805 103.78441164212417
64.74410020998482 1.6682599516211667 49.139562472903435 21.18957638002159 45.73508739153516 60.30530145051432 15.052554868274626 39.52576107236142 0.0 13.954223557259752 25.364862296683768 0.0 40.03647070481702 0.38512082603570263 64.74410020998482 1.6682599516211667
0.0 88.65820673366592 36.4229588928272 32.59273712176237 172.6884116498964 0.0 149.18218507620008 153.3483444200368 38.21854652729215 150.50939490581064 0.0 88.65820673366592
0.0 238.57235190035362 103.08171199177681 86.9367868571338 96.27254701388401 0.0 180.172160164429 8.593098287818961 310.2710135017025 36.01368705606407 283.96885595044523 174.46763384536524 165.7611553516723 220.25529421762087 0.0 238.57235190035362
53.3074054697891 78.61755836583512 42.689071161490446 50.92303876560921 28.013415081734877 60.886956045567366 0.0 52.7169165159325 15.692334628276143 33.513104957959975 18.661063111637446 7.343824244919041 44.74944312428214 0.0 55.319338519664 28.80473293074406 63.46281275289563 38.09881244620234 85.61298174691447 51.9500772404925 87.67491938197986 83.94128659692888 53.3074054697891 78.61755836583512
235.89045326605446 50.73761282735249 129.61209892881337 165.63264457943524 0.0 111.45819873225146 90.08716554536015 0.0 235.89045326605446 50.73761282735249
