70
124.70544583044173 74.79870549719827 116.40941304650391 91.37515595447893 99.17379761789584 96.1470601920059 75.37127475346831 111.15051410924364 87.56752011323323 65.06364663986865 0.0 81.8296827736616 29.752630772942467 42.21845531590591 48.022209539292646 15.909856176336312 75.51113599058175 2.9328706921104057 104.21434507114296 0.0 129.76967419469037 13.1948877135029 141.46577971401828 37.363346218508426 137.98084235590363 60.11651768188182 124.70544583044173 74.79870549719827
235.60421363133645 197.9016697186063 194.2749565277257 241.4149686431664 123.38668431244076 253.04841194255138 85.44667009942646 191.28847543399291 0.0 122.86167582964613 118.36842915159937 88.434942180509 142.27452300439808 37.75790998192909 204.7736025157398 0.0 212.80100015923514 100.79505364539554 249.6241900809827 115.1892454138255 297.68675945687704 170.47937063042707 235.60421363133645 197.9016697186063
9.944689028732355 45.06584485213655 20.760773207047194 32.80066856153425 0.0 16.58713001734651 26.703907396476296 22.810512109483398 26.030413507947685 0.0 39.47206130577399 8.156628199968367 49.003948738013605 13.24457258719032 54.27749032001472 22.159220394353042 46.82647043224787 32.1192583299388 63.719205039344615 45.75358676126085 51.31219938779853 52.51961124786837 39.565809370052335 50.28031576281785 29.40222472769986 62.1272024874859 20.523797046224587 51.531183266465575 9.944689028732355 45.06584485213655
140.03270467766686 175.0356316581421 10.51860922834095 215.0654144587989 0.0 128.32297964555517 57.164741326541844 67.39344335834463 122.40156249276099 57.82615326801708 161.7859043868454 52.59902118906565 217.4846781620758 0.0 277.875107662583 29.063866623926103 235.23071993849155 109.7215984369517 319.0000641386586 162.65993156923798 259.8289535071767 201.97525634947425 223.1036273047916 256.49635519681686 160.15830600380949 260.5561028226523 140.03270467766686 175.0356316581421
111.25991333775676 25.991547168734336 127.29569612356153 0.0 155.55367789824106 19.29660783384879 184.4443990405113 2.189935059299657 227.77739523294545 2.758864845839909 178.97980488165183 62.796286543524644 240.3908109718364 76.00238265832161 291.7352646901152 135.53805854661903 182.4837395653902 102.26909373912711 192.97722941757056 180.941920816608 147.36789800632764 167.63068859982388 126.25016816558238 128.9237222437764 84.898171618914 131.12435673281033 3.3091603561923364 122.66838242435942 101.80541095144207 68.89673871594363 0.0 0.8780382678092735 111.25991333775676 25.991547168734336
80.7082562045129 67.43158270826646 93.02051510391138 99.48922533160881 71.3913958829673 113.66514730552139 47.611371808779964 111.86711214915577 28.91532308438252 100.13422626721929 25.367049546767007 76.44041856511201 0.0 67.02034255130432 18.44928154505594 48.903625636707275 4.803577170834849 22.193595225791753 40.46973054451972 35.00316555786553 46.82272612616559 0.0 66.63888170262638 15.822731929862343 92.12460695787627 11.895340829492028 81.6196843897255 42.8341037492298 113.7889123258773 55.35466701557142 80.7082562045129 67.43158270826646
79.90890025984473 0.0 105.9132553657139 14.311580088862534 132.56053661975852 21.353798524057225 170.0047923411637 43.34387717441052 161.02754999771628 87.05242962270566 100.67127494062069 66.67525248943362 92.08266606368991 83.20543648316152 37.33322986633556 137.96970707285672 49.52697639439688 71.84303767368975 0.0 35.47123928549702 37.14981328343654 0.11867664207889561 79.90890025984473 0.0
84.87494889974474 21.044398951183453 130.3073186672731 0.0 118.2634681323882 66.69354984980573 0.0 96.53001108211127 84.87494889974474 21.044398951183453
137.2541437348222 5.179086983324879 178.59349483174265 0.0 206.92198380912353 30.179943523817364 261.5039333614625 61.14523817228182 300.80525125202973 127.03099712388452 202.2690205661 144.33010963504734 148.97928281030457 119.75616318823829 129.82784978946805 210.07646631944067 97.30583773459608 154.2360243976243 0.0 184.3962425216214 26.026507148554828 107.91334344198447 101.71810022637584 77.81565245503184 100.95806343351705 58.44824392568246 102.53099785585346 11.611555477357015 137.2541437348222 5.179086983324879
0.0 39.80814023219118 4.821216809616658 24.006831989996414 7.6111024749608305 11.092075529463358 14.448056960676126 0.0 29.724037525855962 7.8047062748227205 37.94999885887292 3.3312416315736613 45.90767825837625 7.280186302876643 52.84056996876963 13.936347809682005 83.02372052610983 22.424530536386186 83.94818658421238 46.46462319874051 43.82630223213057 35.42918848338867 41.05824651301894 55.095363005841776 29.196371781366068 46.242210799484425 24.730711847545763 35.283647990001825 0.0 39.80814023219118
41.391498487983114 35.92390948830833 52.11205570472205 0.0 72.6569438769839 21.28981016872668 109.31396003252588 27.608053912408444 87.8499463087402 59.750050163827346 68.75876184491719 69.86901100321532 55.1865948936327 80.523275149276 23.62918206961993 97.14447176845957 36.16136425254648 57.46436248294193 0.0 36.65462369739357 41.391498487983114 35.92390948830833
103.30781750754429 37.40764020696437 142.43945949659604 40.9148184553313 173.16937952420415 78.58073640977253 130.0515974336235 105.5914682121744 95.6210986959044 106.91670841807264 78.72634564092301 87.6672040554512 0.0 145.4133624922868 46.57254576414607 77.07130850368256 23.081833568329444 43.70850364271374 37.21891405742343 0.0 81.64933118686983 17.59103735869131 103.30781750754429 37.40764020696437
151.58680049604888 97.48596893628815 89.07236112812399 93.33499938752416 81.59563767538104 136.30598490320213 57.44475094091658 105.02276615650808 11.845027775473312 121.20053165616176 0.0 85.83919754157954 38.9172828988321 61.00265500851549 36.28800045476922 36.02728313867769 51.484008829771284 0.0 89.05269211341403 0.42286775172259183 131.08049930721643 12.324482789860511 137.34156144455528 55.82483250413047 151.58680049604888 97.48596893628815
59.68443402556477 54.83947548043609 197.36365879335227 0.0 289.9953371501912 117.9845492953185 215.04836149305288 210.76243214113958 135.2709242162781 222.9191942972927 0.0 183.96879775680733 59.68443402556477 54.83947548043609
30.418176350022705 0.0 47.456905985847044 10.573772827347774 64.17127230975115 1.7966736358763953 89.48471755845655 2.856916888060816 83.5394123845855 27.77410355179247 84.29382879666515 45.57493434344634 84.0681183593836 66.36136066963076 58.901252813303 62.281304092242 46.89648488704185 84.13828763591022 38.14492551419026 53.94548269230881 0.0 72.5407131967838 13.309801039299629 44.14583568021461 1.2030566198160813 26.113481820283774 26.154480101313922 19.089531493642788 30.418176350022705 0.0
27.92889550018458 139.128376003282 0.0 98.7195017051815 2.637927211485305 52.0221021269809 32.98294396946753 17.063642435713753 82.25290786243221 0.0 127.7299286651737 30.488228525839375 139.2612460873683 78.97817289306431 135.28336705913273 137.04210529786803 74.13149058513235 131.2954036107214 27.92889550018458 139.128376003282
26.623145976821775 30.333965394640998 15.795212097626745 5.103265212090747 28.331180199566234 26.480829504022267 43.297256396083256 0.0 38.146779694895855 23.597391299208923 44.518749142135704 27.566747083154837 58.3516242001933 37.753112124935384 28.31598162610652 31.672119862217485 35.25769996169866 45.31477531184551 28.951623432485732 51.183400270070734 20.16850619466379 49.767993935542066 0.0 56.225085139867446 6.6463117901571 37.015767669590915 0.8145907309018554 25.533138873051314 26.623145976821775 30.333965394640998
65.89963634673185 13.728634100358462 94.80748889184865 0.0 85.04542991193432 25.182997570909805 105.8392147659072 40.17002746857628 83.83089485848171 50.03895896939247 87.34090476149386 82.23025789592921 61.84336267791666 76.56799785398726 43.379456273305294 72.66278277036955 26.016858664266465 64.53711369037083 0.0 52.00346142445147 2.3707352587331627 24.787152244843426 12.21566854444714 1.4806560904386856 45.78589496028414 12.493375364175023 56.42444182336787 5.3975300200081335 65.89963634673185 13.728634100358462
117.94847999690995 143.80981456303698 58.452585792369234 161.16052445179093 0.0 115.73749948099555 47.08695630306626 59.02890709634313 68.05130500303545 0.0 130.44577707380085 21.594447643623724 147.77522968505826 65.3409689976819 184.96774041059913 67.99914306278338 191.8949303605373 102.77566489940111 244.89230798202962 190.2898738016035 144.31535298031082 137.52472590257292 117.94847999690995 143.80981456303698
317.7018687889976 108.72608105469851 211.36330427586557 227.1404534055677 130.84073099294397 275.7228466582508 53.19315739215742 222.14876429544486 0.0 137.22426678379858 41.64879130449094 13.74304259232332 186.44277551222785 0.0 317.7018687889976 108.72608105469851
61.70793804299835 163.99898110351782 34.099806242908734 143.33382959886458 71.2407336923427 86.00901657042876 45.28111123912309 87.9609235340141 0.0 61.929363378277614 56.70614058321674 68.47976013353974 37.131690885719586 4.926132296616927 70.67602865537553 0.0 97.55649004486087 27.39902255808255 136.4554952690716 22.270219235454313 199.4186507532799 33.62862573656429 141.99465638449266 86.48838978022457 124.78663863107148 109.29703242127313 132.37719954159866 152.52953528815297 93.81740222337262 154.6410916907155 61.70793804299835 163.99898110351782
119.26822908870474 226.28504657471856 102.90546981173965 172.68227521143905 0.0 103.31299222258492 47.15856912714051 0.40887014605090144 162.22097980133321 0.0 249.2036372893939 14.838269893925712 328.52097132132076 75.4807165769161 282.79685443056763 170.9240024782314 293.2559058234159 289.9824493152853 181.14260763309147 286.13220570537146 119.26822908870474 226.28504657471856
225.41049339513435 116.89050346372886 271.64464549545283 188.823982753212 248.32823537125535 263.44079124861025 167.2750044221444 239.32230982641045 103.94697079023206 267.14971952595226 69.14302164393887 204.4022204128722 16.14751993090124 178.4209503248443 0.0 120.88342331479205 62.211466493424965 78.19364770684507 25.734088838733854 0.0 102.02096302802985 7.256238552234848 145.11192105460125 20.590530124394107 189.3221303490113 11.402196903222148 213.19114982203368 46.10010185573563 193.3093236055503 90.91837848005319 225.41049339513435 116.89050346372886
0.0 60.720841334717406 113.94961664591631 0.0 211.7962089375802 35.45424185345072 228.74384982298187 180.22777937586335 94.708133490395 144.45583927273287 0.0 60.720841334717406
295.70412372191436 24.013648630281963 265.70323125623236 113.03107154719515 266.4379736222449 147.1018250518154 331.25705059772736 226.92387386502872 268.94175534620126 271.1078504124269 200.7689690025387 304.98431015941975 145.282554429967 246.65888813183287 124.2092063929353 190.7311771951701 127.58913091241362 147.43555022793186 0.0 68.91844890465386 132.09405634637687 71.93854909379355 156.93579656336746 0.0 213.09782140048475 69.77009759657268 295.70412372191436 24.013648630281963
209.51301772843004 37.85907460849532 199.33404401905813 96.44162499031684 258.2882363654507 129.8351352106686 265.8862903135065 199.0950829766689 134.16106888668332 121.76215634605616 146.68446134184558 207.0020587344975 126.64620154355804 145.35787014147024 78.72336918167849 182.61853904277194 33.531074611232725 163.07672440149747 39.13841643455484 117.95018442081033 0.0 53.100217926766405 74.02326686504787 41.59048682370181 126.97037111638758 80.78156405732659 168.51952379469736 0.0 209.51301772843004 37.85907460849532
91.13255287689512 34.92303701337814 48.68726912314939 40.66377830837495 48.71014968141226 45.55516794057417 43.200075725800005 58.10600462425342 30.164099027001797 57.612677824174774 34.3846998163945 42.48342885062471 0.0 29.564215175466366 26.92662574690955 21.670378862723105 35.97064981569383 0.0 55.17129583472331 11.79431661182462 77.4505699939551 14.538186287322354 91.13255287689512 34.92303701337814
203.52267278171723 122.65971912568772 127.55695887816485 189.49514992475966 0.0 138.02550386061245 108.22475031744489 0.0 203.52267278171723 122.65971912568772
35.054680907970834 56.48676173730609 23.540906181820475 40.414932903776865 13.32520219932698 4.436411613353478 45.536517534087636 0.05652774885523115 71.80543153755885 0.0 91.95208976875384 15.098114130075452 120.05528217202988 31.397311681474697 117.30360406214498 62.029366856873786 115.76694178781824 98.31271240672532 75.36190062125723 96.28009726650956 52.32685847424875 83.39666294289435 0.0 112.4444328673818 35.054680907970834 56.48676173730609
155.2987096186546 58.081116507148366 73.3420522212883 120.6524216416543 48.51635211294731 92.98073495506954 0.0 73.95593149496764 48.5769827401405 0.0 155.2987096186546 58.081116507148366
99.14449485637346 0.0 198.89113842893704 65.79753643794614 127.87377913550573 140.9928549654024 43.35241188049847 152.1628041316335 0.0 50.04973357457889 99.14449485637346 0.0
194.8695423125659 273.1476174055249 72.77721595194777 345.6586070372556 89.64002373489953 233.60808171152493 0.0 161.45189488777206 217.01907866774218 170.7660408626458 187.73886613562388 121.20291629854287 201.30669320183156 12.142096160300099 283.3705442088378 0.0 253.8771929839772 144.2237939115542 310.0552670544151 143.74759499508716 359.5065818911845 187.97305664258784 242.42803096536866 185.39158023924819 273.21994549221506 245.752950339991 240.72147454274113 288.71601601563293 194.8695423125659 273.1476174055249
147.170145165399 70.65230554126303 141.980123546341 104.58060816241702 111.188832224303 115.03696176972319 80.59806798804031 112.67118835106022 56.912958592461536 93.61264141946278 0.0 85.51477498736652 20.974813098916115 39.584958535327246 64.92518673961595 24.919178762802588 84.36907729595546 21.047677698945463 99.0830548901573 29.445739653965433 127.67859829031391 0.0 135.54725456276196 26.50087131875135 151.4963393538343 46.03517600587743 147.170145165399 70.65230554126303
97.69807310742948 0.0 214.0869828617137 15.387205015427568 206.18832232689903 115.00382545946914 134.92076052021457 171.90772327130023 0.0 119.61603318626732 97.69807310742948 0.0
0.0 78.35841449578687 65.65216503268721 25.060433831522516 131.9816135659937 0.0 220.89782923097897 63.91473324469473 135.00043112187328 137.80422448169168 60.29773900147461 143.3044025102659 0.0 78.35841449578687
180.1874487707521 0.0 246.6655730232442 48.14870368686874 334.332353150324 142.66677629779633 209.79781321619888 195.33488316318028 153.8300301374042 259.7246991104399 81.9246870844012 211.67241987551097 0.0 192.78569836404773 37.37782231232251 109.96161469536504 58.534984910459954 56.48322296336491 107.5386259415401 18.388235174285768 180.1874487707521 0.0
117.84265514548858 0.0 211.04717440125523 18.191044578467412 278.7231585339491 88.38592583916355 243.2682086201911 227.0083379514346 135.31197141794297 145.80495550704757 0.0 86.34273032837682 117.84265514548858 0.0
60.24270981990455 8.94025863557951 29.20100947503471 30.926043660741428 15.238918366124267 41.30948905940063 6.789305452304461 26.0334694096603 0.0 5.351298750440051 24.613528673063684 0.0 60.24270981990455 8.94025863557951
62.69242663598965 180.58681338519656 54.372189547888496 140.52214456558931 0.0 69.57889593673623 55.44142194322305 0.0 147.44210049641126 0.7798887909838186 217.20228164073623 52.01997169722087 342.20707830154697 125.96511542083081 279.91534482215604 249.6631387134196 166.69171198836048 282.02655667497925 74.14914467067439 285.3403394348286 62.69242663598965 180.58681338519656
70.87815842260072 140.08136227647526 16.44094534833522 102.71466896639511 0.0 21.01707767680383 101.58293922093512 0.0 197.55445273535906 94.51411929083184 70.87815842260072 140.08136227647526
237.6607875807966 93.40563374598706 181.07018378093986 122.27444183214706 165.85058519306352 145.73621929096527 144.80067566259567 168.09802540530853 113.43721864543942 179.24994040378692 92.81543234558939 140.70454179621203 0.0 210.23204686718918 58.31421370585167 118.29963954867397 18.272166713922047 96.76244608902073 70.34228541057956 79.27126815218018 54.53769731401442 41.85122855236158 75.79774652037668 12.40137013823471 110.10231123657283 21.10590661232537 148.98203398501875 0.0 145.19310307158702 59.01728872225841 179.7643126407679 65.08178925982591 237.6607875807966 93.40563374598706
152.4744909750078 78.52620096869312 213.2706910297281 115.53815563805581 127.62475543110139 123.74144407290619 119.52306227229658 151.3021441957755 88.35253757119585 184.6611631525919 33.5911504970654 188.52365998676052 2.4545186029077968 143.51753149100153 0.0 89.21601105583852 43.62419764687559 58.09155385718079 84.12657101937239 66.46770931866973 109.9193433821247 0.0 129.44392037174995 59.19400192946122 152.4744909750078 78.52620096869312
94.02261551983642 272.3256012555421 80.9791828171059 221.72974568415088 62.08762523136657 184.56774880941907 0.0 103.05183401875738 111.35312737480899 121.11277700082907 149.132363702798 0.0 191.41421040696028 110.67278773616059 206.65899587680357 149.65943235899059 251.18818251730423 185.47397713818344 325.33608451501107 292.78858271557465 223.6846526058873 317.85341915089424 146.18319120289175 276.97925288593433 94.02261551983642 272.3256012555421
69.34450838093719 0.0 80.27563234162956 2.4407240253260483 99.79396612031353 1.095995010702282 78.99147517192732 22.945664014935318 116.64042580748297 35.157642614952394 115.423590757094 60.37552221264596 82.6032256039896 51.63909940389142 72.93370295682446 76.21747952827766 52.17175906142026 73.90239754761092 50.58685468632159 44.42072256307277 67.6255114900387 25.627184363251303 0.0 26.953618932091118 9.817219409012118 1.8649824315266983 51.27446928057904 8.545066840607461 60.129830439400436 4.375695027692075 69.34450838093719 0.0
134.42231883329956 66.46814700367074 68.24926214802942 90.48246876504054 7.906355376200338 102.04946830730769 0.0 16.32794856837124 82.11752843643458 0.0 134.42231883329956 66.46814700367074
75.70363789606698 43.14892992840617 81.41171403054298 20.21273824910181 97.44463613772565 30.08852158603228 154.65883826500283 0.0 154.01227984556243 43.6403888161582 120.04273820030157 67.29412791680372 131.55193167562737 99.6690358301374 104.91254568937971 112.73396618638441 79.14647480750112 104.92199103351172 46.03966603369539 112.51062576918488 44.70311514905952 78.0292098508319 0.0 53.65249739099793 48.02759194566636 36.62979906044608 75.70363789606698 43.14892992840617
80.61009704182236 91.2716019785137 12.827703016570055 114.8061447337956 0.0 41.39793397792463 49.884053860228306 0.0 94.78824316976296 25.557017953363406 168.37030869002575 74.77140344127312 80.61009704182236 91.2716019785137
0.0 80.66917915214756 71.822312374858 33.1677184158156 125.90126537562446 0.0 165.50705716201597 53.52330656538881 174.91153348235707 83.087925330518 216.64484416491263 111.59045555433532 204.23859397211663 163.0046237768011 141.2161031702131 102.83600325832127 110.23736527818659 162.63921890441583 79.02507516945306 135.4830685048683 0.0 80.66917915214756
182.98821796020255 227.7352652498697 88.35601057441079 266.3787026427386 0.0 195.3946353274277 40.492118902826746 103.09588521224553 86.61886721596753 59.35485226212057 159.10970570992595 0.0 277.8064943730497 42.775901326515935 225.38990222448422 156.1108099417015 182.98821796020255 227.7352652498697
179.68155302270702 108.11345292167843 139.9893856177767 97.03572893190285 140.36054008796813 153.3198844907662 112.86599125464504 133.7892648732662 84.30414254830347 131.260688831331 22.177397778733734 135.82581800666225 0.0 90.87037773702758 49.1689970154668 50.8924280367859 60.08687502364472 17.69198900554788 116.4550335565269 56.73097441048483 125.25789750191242 0.0 136.85018336372835 50.86589633086241 166.45574490936104 40.77402866852114 192.92776736316733 54.869494344588745 202.12422948076875 84.88805108025514 179.68155302270702 108.11345292167843
132.40394679441985 121.75824479591938 76.75990068710848 108.047498449014 11.004069814002833 99.45545992415612 0.0 24.360106531363584 91.60784908021708 47.83112815782977 110.22167458418606 0.0 160.6820757964267 17.356989883436874 176.81832938863616 78.9102967677762 132.40394679441985 121.75824479591938
50.30251098075469 0.0 86.62328772061531 6.859285466769769 116.64222589049031 15.387536821680953 152.93825098415084 44.93270287097762 110.3613056715361 70.97081618018294 85.5082114101422 75.75555371512634 53.79894063671132 93.55844451940816 0.0 79.05381432560556 50.669803217351856 38.078255668451035 50.30251098075469 0.0
120.56831124663637 29.095797333166942 213.3056874892843 0.0 263.7941062318687 79.21020058126021 225.37423939048267 151.21886652279275 195.92108917596073 194.85944589082868 145.14461138167206 224.34466451825088 133.93790447180302 149.05734236705987 0.0 148.44248874235853 50.47916248229828 67.5787307710043 120.56831124663637 29.095797333166942
0.0 89.35314966555316 72.74461064077411 0.0 189.13680863192263 93.90774508045901 69.89756835993147 140.99078905678857 0.0 89.35314966555316
112.23798668743709 39.92097633386508 116.61962730431395 74.54510097991124 100.0719082409868 105.77486814322629 63.55696432636765 110.93592343849849 39.667197515338216 78.27890961443711 32.31121134448419 64.53817087955807 0.0 65.8880525650753 20.76303213342821 44.06213292615137 23.2407618898105 31.127376554792484 30.938898574425167 17.727713775867137 46.24176132062547 0.0 65.05434060481329 11.378704897941269 81.10034547354876 23.691459301795838 112.23798668743709 39.92097633386508
76.03328599820725 98.2490427399731 0.0 82.15928705465828 29.338803979205352 9.475791363118923 81.72778158838234 0.0 136.05051786730547 13.286051746686688 139.224142234468 81.48521145330153 76.03328599820725 98.2490427399731
0.0 77.41903320522358 26.83280451293365 3.8663584466513186 105.5071965811627 0.0 93.6600973800769 93.2734445672282 0.0 77.41903320522358
18.957074436160894 28.6522984624237 32.536888961974824 0.0 67.83252094953018 4.451251398915645 90.15350281201717 10.709473026825428 136.52285993828204 0.36887302974782443 106.08051201601945 44.00634556996222 123.76030709620673 67.6879382751649 120.22431691297692 102.54590831240877 84.06862026522842 102.12281128651192 67.24805702493543 70.6365041704376 38.42313971759211 79.10166922793799 0.0 61.47190750859875 18.957074436160894 28.6522984624237
213.98701613826398 99.4566715684408 141.9968899944904 152.35411954760588 90.69780731431482 141.3155122586744 0.0 146.46523214692982 43.367354431124404 67.54635453446534 84.25759199030291 7.194227019190279 181.57264080688134 0.0 213.98701613826398 99.4566715684408
270.788308130718 254.86083074792685 196.62547833321008 168.9919096353205 177.55801672011484 151.1103595094281 123.94219004046522 162.65196705746132 0.0 130.86155773310628 57.51051518454739 59.050790835780575 109.9078427326495 11.551719427741588 170.92829430936771 0.0 220.5897219516205 28.774919950583595 299.034337828527 3.0324929238842913 330.35214178770116 68.97840912260455 317.583824601699 134.1683646783738 291.87898027612516 182.7518783424764 270.788308130718 254.86083074792685
37.79801708521437 72.00370778273822 17.92206701716725 56.847188804966926 0.0 19.818126486190202 36.28745374492689 5.748591658151021 65.17743330663926 0.0 71.1118639177031 45.25685910872024 131.57312686027893 14.685456235185242 103.25062205628794 54.24730323644665 101.11519260820174 75.1134220606294 99.86157201909661 112.80401496886907 65.45347552942151 86.19988235808333 42.16607098279201 96.36599912643015 37.79801708521437 72.00370778273822
13.7485121613853 124.74224621846 43.37700503796715 80.98168892121782 25.590473367179676 70.34929518186853 20.48188593398283 50.4204304408448 0.0 0.11318097222053325 50.345869187277515 26.569346703137533 68.74658306864058 0.0 84.12424636524155 33.73477877273766 108.50348273768816 30.57187584351837 153.883007878304 35.10305096494292 125.19202391863053 71.22455802184024 118.43323626731802 92.02327249781324 93.09000334635137 95.21926293898306 97.78014920959325 141.08984077656126 68.93594754370943 103.93357209860432 50.18947824388461 116.73391996435424 13.7485121613853 124.74224621846
106.50894097544412 52.761672570940306 139.31982323047765 64.4749944290945 104.82545499127791 87.59869394707825 118.97986333515617 121.99343067411081 87.14738508500548 118.93048792411804 66.12141050753867 123.50053396008337 22.907318205234958 133.49595264565238 9.578877498825477 98.36513557236373 0.0 58.91999598292239 27.88397595753503 30.612819526493105 55.930324204123394 0.0 91.47432472546251 28.620840966514486 106.50894097544412 52.761672570940306
270.0910247534934 133.38317872104273 279.38996184144463 189.67743575001415 228.36653635642855 213.07465555120874 177.2876750061323 215.67151828178024 135.7608398567794 192.70825993745277 132.21730693605423 147.145365397286 0.0 104.63082546261947 128.60647689045612 82.50941954656082 129.25683956639992 0.0 190.3812248385704 63.4259747411048 226.86345593171 65.57057450590503 216.8469944448281 109.84954671008349 270.0910247534934 133.38317872104273
58.86351459273587 74.21648100789142 40.87718473947035 64.43614886596666 18.92709501932974 67.81796521340252 0.0 52.88542134468094 40.97083225933012 35.538658419731625 10.47247383887617 6.9368963524468015 43.77090228132343 28.565418312115277 50.29337508673382 16.174008246724192 76.81518846552486 0.0 89.39128505335235 21.22765165217293 76.38146118727309 42.1861322306352 80.61483631808002 67.17494848021752 58.86351459273587 74.21648100789142
65.4174650142346 86.26740474161174 26.58856423779183 59.65210122175941 0.0 0.0 60.76301411336151 20.67399041948113 95.32827987042523 43.120842007869 65.4174650142346 86.26740474161174
163.18063199547333 178.42707910393335 123.46200071135858 142.02004976876844 70.7924331695803 194.56280583633134 74.42124935590739 131.22326185222227 63.54524240862015 104.08610083735446 0.0 61.32753079448062 46.367051062460035 25.513646301905496 91.75423644318734 16.08994207818533 127.19906393112599 0.0 159.2788248804544 23.994163861282544 217.996867471146 22.974266756236716 227.00609278506812 73.75880398236393 199.69951129978617 114.15537244117135 197.40241108069466 156.7773025095393 163.18063199547333 178.42707910393335
0.0 41.13811445335496 19.645730742807743 12.610867184634543 33.80532516278862 0.0 52.240973040857824 10.338806308605129 65.69816086653879 41.59024722770974 32.83789454775524 52.11811430741952 0.0 41.13811445335496
94.48633286878999 0.0 165.940812597459 58.90423413160762 87.3157272624823 88.65291242975407 10.996490512982916 129.9781468831845 0.0 27.064286340796237 94.48633286878999 0.0
230.91190822179965 64.64897482940495 150.95076765051203 116.6620505632913 210.23168325747486 165.96725595462948 202.0095917287182 222.5546623794018 140.18917204498553 225.7546836105077 95.75622127887965 209.0044459884952 45.23155739218311 229.7954885699225 10.23867496472198 195.4227132462516 34.71989494373851 138.25434775584833 0.0 109.98503291814664 32.67988168493531 83.2969586902951 56.70143041626321 69.42605283885374 61.254801267950825 12.242100085912966 104.93061793648822 4.832631506695407 151.84444971410164 0.0 177.39742037851437 42.22573020844813 230.91190822179965 64.64897482940495
