70
115.92275940385358 103.21554045268657 109.52957739350285 114.2887473537656 96.0317427876223 111.67921526979951 78.63956368817888 139.51767072412747 34.4281817144442 160.27404171245576 11.654396877913882 130.0272517575097 62.999640913171206 88.16597502276073 0.0 59.66610105933597 63.89534657721305 62.26756619973024 65.98825906354729 35.86795203123054 84.54404374708807 0.0 110.70975598840343 23.668411799618298 145.50116558444532 20.91647454629792 127.43778462514791 65.51557086777427 121.23213210184014 81.96334105669364 172.53542007951606 108.50862068050253 115.92275940385358 103.21554045268657
160.79312458589777 0.0 208.23015492560594 84.33731337802361 240.42735122526565 115.2077274094139 242.69290182586394 162.5237887789203 234.10812830518668 221.78068821613957 173.28034684573794 178.78858866528972 121.55671678741841 224.10918567392335 0.0 213.4546081503004 75.79753307993121 120.12842470853994 98.30735898788065 54.15799312507184 160.79312458589777 0.0
60.94543876651271 106.34308501576163 58.63282801603992 63.44881082942046 19.00983077286923 86.44253481975358 42.95206799916137 54.7541635461698 0.0 40.45359344803055 16.61649889495088 18.975977402431177 30.138021951599328 0.0 60.2411119238125 21.64220877578233 73.19743267771737 5.420759239380459 94.16553164920256 0.6567994972963334 99.51853246591386 22.935557758300412 148.67622517913938 24.637805897789782 89.78040912806706 50.58640902152805 131.4022556084586 82.9222741600336 109.11678874543935 100.14947991040614 87.22655078751848 114.23585129335342 60.94543876651271 106.34308501576163
109.52042121769236 19.742941217366983 101.24771008550451 67.75183384760948 68.44332295397118 96.33887186352143 26.526920084490285 98.18293998311003 0.0 70.67291541466955 10.372559372503758 37.81689171665871 17.366539254643953 16.516933472643608 37.31748909277411 0.0 61.235347081620546 11.068418189255347 109.52042121769236 19.742941217366983
72.84457644537295 34.19295936567207 72.53083361012136 57.59695408252381 50.222257312753726 65.47036210270711 33.604353332904 48.11635812900079 11.930162912839194 63.21855536896206 0.0 46.630288798372774 20.36306453183589 31.19050659713237 22.574706603704158 21.656165722242804 30.236735475685464 5.8070584958993265 49.82681941873068 0.0 70.69231869726559 10.974028893632209 72.84457644537295 34.19295936567207
175.0977590733436 56.21798222527735 205.36287162478052 5.955742385177558 279.3863442912278 0.0 313.86962150343885 68.88696828541129 383.7765212632223 194.46477888580287 259.1753801466484 230.1771963845626 167.7076376533979 199.12643090524037 123.72499051346799 136.24814029790488 0.0 54.61298101178815 175.0977590733436 56.21798222527735
0.0 28.826102814474723 10.824526845594065 9.941082720241525 32.932273578067694 0.0 53.38293098721091 19.219840367912795 42.316868852768906 47.59751807363848 19.941657732075043 34.1635225757275 0.0 28.826102814474723
159.0979765684679 133.19706970832354 106.55122891552512 72.16018838139917 127.81239968811951 27.527132860010312 177.55239001063546 0.0 186.3786314430123 87.8790392578525 255.53535579959902 64.35580792038202 284.6374628592368 110.08488668019407 292.1896023024642 166.3142518023559 178.42509330717365 148.1695134856191 233.15686109571976 267.48763892945817 167.68661650092923 245.72185035244743 129.05961475327612 221.73018736438664 140.7923033296925 153.26334269145292 0.0 201.753999224115 60.11762885621556 130.8341777499669 159.0979765684679 133.19706970832354
129.12668672855563 48.249132078370536 173.98539265847893 16.983530686315603 272.22683696150216 0.0 161.696679562287 92.89328380778868 221.99748250763253 124.68969648210097 226.46323601194678 182.65475017766605 171.61796569957278 193.49601289696867 128.6220249652124 190.02513501139552 99.99018954038908 164.16837038273727 39.552646217200376 188.8502687400999 5.719942132162714 150.28434925502185 48.304235055615976 97.53751039824776 0.0 40.578627386262475 121.56965694633037 100.16022786287434 94.43007635723991 9.625694628491573 129.12668672855563 48.249132078370536
6.452996844670309 95.62877351313413 62.687812280433775 66.19048223425928 68.74989250356737 48.773521003207335 75.79917918769962 0.0 114.97849434526498 0.6438346497291434 125.3718235051606 44.71910745200377 130.5402875148016 66.70967163726581 135.57030539560998 88.76800985749996 178.81856662455175 167.37892955615257 99.52439710290751 104.7477037643096 70.29363014736215 143.2160416093011 0.0 161.15331169200067 6.452996844670309 95.62877351313413
86.3690195152346 84.69613770705632 204.39543876565813 51.83372724004361 205.90133880233748 113.0804058529986 112.67097285257343 120.30781566290207 122.38161740428139 175.14547015353043 82.78909635819052 194.45375948421307 57.263766054479234 143.2876833483794 23.321745944711985 144.0981828018151 25.88963421116616 110.38856248314536 10.796547280844713 85.19679585435738 0.0 44.9851190979076 22.32957865684449 7.409000369610482 65.88948015768854 0.0 92.11665767647854 48.62606105412455 86.3690195152346 84.69613770705632
101.87770764751065 0.0 172.72439126561852 23.653337547278525 121.70232229168319 96.847704311257 0.0 63.230085259187604 101.87770764751065 0.0
326.4833514893982 215.50215430801853 117.55769900642673 164.13493637490063 0.0 0.0 210.78961636415588 22.26988926433127 326.4833514893982 215.50215430801853
45.833084618618386 53.86153099047864 80.0915611620918 22.4285641951557 130.53699502845947 50.67475878481288 175.98235983540215 0.0 195.5020393083404 58.805675135297975 264.41539994545644 59.910643446209875 297.7942067376952 112.13816191780376 287.78901323262687 175.25167077766756 174.99511333072022 157.98134638076115 199.43011589014026 241.80878641057623 144.32181694794744 184.73416628548944 110.1908659835153 221.90849039614926 13.036194646862555 279.3123646991312 56.6931200364283 172.205157163118 0.0 141.13987387147353 65.11889454085139 105.54359583513371 45.833084618618386 53.86153099047864
30.242486379787152 57.08706462678727 0.0 44.69119759411403 15.070037995584073 16.85537179235719 34.06201322328309 2.470584176461159 53.83781947676897 2.65415699797056 72.4086726378948 0.0 75.73068280262714 19.235655021674305 86.90235709058305 31.37899152995236 69.57768835615906 39.46385851618449 71.63188437519327 66.93131430886122 49.91463176105029 65.13855843517042 30.242486379787152 57.08706462678727
17.97211092148916 82.21514108534164 0.0 48.58062462938683 31.399275251059336 27.24506687219813 50.25653636122715 1.1094151442277678 82.06009728882084 16.412412642188194 116.94308347958489 0.0 137.27083117950613 27.029358044703848 169.59408083742986 49.94477946195123 143.5508255747949 83.73614335026193 101.87511896010454 85.7266075065266 95.42280985696239 98.8845757338513 80.99894406342672 102.61544234492229 60.65091772078085 109.87468034885916 55.9653364025619 88.44290178777742 17.97211092148916 82.21514108534164
32.29621087678976 134.97302128221114 19.218498985825335 97.95252514921164 7.561259570985328 67.77855102202288 0.0 16.995340430734274 44.383346232065506 0.0 71.78692240352744 61.841643079106944 122.91970999798417 22.98614674233452 138.9965879416789 62.36226942375498 121.81293609765478 97.81927861518234 106.85331255563523 129.22301789900237 69.40295679577292 126.26078490787191 32.29621087678976 134.97302128221114
0.0 128.1063546567724 44.29844416086947 69.95165247783116 38.263145429222426 10.840137118058436 96.3213331789766 0.0 160.4524835534038 8.231795492113761 206.3389797632043 68.20124964305643 177.8074575020883 137.04949761457954 101.25380859757952 111.1632885428288 80.56181352986991 106.88728068030726 0.0 128.1063546567724
0.0 51.77549130277998 18.057697337453483 0.0 59.5899800164942 25.13751259273525 94.01719438194772 29.027270334039542 96.68129622724024 82.83021544529483 45.57259160754774 70.59166960528209 0.0 51.77549130277998
120.72848062852941 21.713048138237014 161.0156762713422 7.606275318048219 204.9174519645956 23.152888321715096 221.1763473914022 65.13874747364198 351.8114548104984 90.71491814172761 285.91704016136316 164.84480517868948 216.16718942240414 185.68071594962757 175.90489771742438 240.94339165126 100.71688014559982 253.12258359235108 132.64836284939292 124.99520882218272 0.0 150.79831068336338 4.2725539902449725 77.44726756899507 23.60807515532639 0.0 120.72848062852941 21.713048138237014
120.76844309153903 94.79874046316228 182.2630632682185 49.43015701184115 146.5510447054046 88.53568333481856 195.591021604221 106.07746566646009 183.8828465215334 132.55809806773175 151.37181106577384 134.58926382833954 135.3935637524894 148.6339388329817 110.13221745010932 178.423685093254 82.35371100340579 162.33231891721977 39.038134061275144 160.00409484937637 0.0 126.83839648321371 60.40211252424306 85.90484359686899 74.82556178895018 68.19635004400993 49.79990377398785 0.0 120.76844309153903 94.79874046316228 127.23295771819049 47.19265377075473 120.76844309153903 94.79874046316228
8.075956259480293 74.48054178987167 0.0 4.3713111215842275 73.45139784172346 0.0 117.85980703660688 24.681156000416685 160.28516265225295 7.196807979529751 173.83373039871827 48.651107833441074 190.4257494239655 83.32833541227443 246.74096844512505 168.22536217847218 152.26340221782766 158.17893814383288 108.90654628959649 163.41799023613063 78.54706650433785 134.10292771850843 19.59226018454538 128.74920458503541 8.075956259480293 74.48054178987167
0.0 123.40197208219222 6.736496785363585 0.0 147.5093526856868 39.526267773766264 86.18738399228174 133.53160322174995 0.0 123.40197208219222
78.38036646352546 0.0 193.27897228879786 130.62215497526864 25.71675358688497 167.37406050710655 0.0 71.90287917522319 78.38036646352546 0.0
62.84460731248292 103.9650156687438 0.0 64.71634868095114 103.85387980455872 54.06093255545695 96.29384784083146 0.0 139.97770647162906 0.6452851480939898 189.52470606985162 24.7154229741547 169.7494376535227 78.14477640801843 151.6686846696894 121.53242515911205 96.53643908180447 152.9163382979916 62.84460731248292 103.9650156687438
68.72383527072498 14.733626599868558 75.83560621216617 37.68851389389913 55.55807970659339 58.64150815686578 18.622545200866227 53.82612958666981 0.0 17.32187662618938 35.818966062533036 0.0 54.8483397952552 4.865397080529618 68.72383527072498 14.733626599868558
53.82282118522855 8.812367425254592 69.24997950337476 5.052315197848941 79.12628609597081 15.123341286425983 88.42209318944703 28.318204346016728 89.5283819555406 44.9608539130396 76.04608716320676 54.88934625658236 68.94564066217822 72.25456870200316 51.12227201967555 60.29278042941341 33.6416894258322 74.97571508898488 19.944491959520064 63.73557501297728 16.65781686205034 46.43794181419831 28.029235959814315 32.596562697770636 0.0 8.701212539450978 31.0304094723313 11.532510741232244 40.45286602140722 0.0 53.82282118522855 8.812367425254592
32.34939025787877 43.85022928835582 12.348193962395499 53.78146381349676 19.276127543149386 33.620930230961406 0.0 23.10298777286036 26.613773965654374 20.00751516712154 22.68275300149388 0.0 36.82672179121295 24.6203777076216 50.341677612529395 1.9483102360936755 59.208903369327416 11.430169906317659 80.67411380630223 21.651711531962945 85.53665481473594 44.34900569512497 59.872321512122966 52.22310691801195 45.34484664683153 61.23358633668211 32.34939025787877 43.85022928835582
14.622889759525663 43.099890226975276 0.0 10.418265148295376 43.76889597890782 0.0 48.95652778733535 45.31564985249689 14.622889759525663 43.099890226975276
0.0 97.71794428599549 25.35187671010634 0.0 120.93726954139504 32.503576962694986 190.18632315073236 88.53612027342204 144.44821779561576 181.373113046625 69.83340151364837 135.1970790471541 0.0 97.71794428599549
97.50124271749155 0.0 129.94641223738276 24.501195870098222 168.35782143464075 49.5558624398048 122.43226099940304 89.2443020952193 109.99227359826295 105.63349786504016 109.36894454663678 140.09605684504518 81.31969821762752 122.59425591048443 51.90438616733377 146.07528015957809 32.220672523357905 123.32918588746844 12.490997006971355 99.35811844921892 0.0 60.675560809919034 26.84817046991978 32.00128535731042 56.747076623404155 5.975314029196596 97.50124271749155 0.0
0.8008138436741064 162.27012684773112 0.0 109.65656663891207 26.710709768773583 73.04247991327375 5.748973501005935 12.82860642434656 58.65061247001654 0.0 99.36128264756297 20.949945103473638 135.5828707502533 24.984103448626684 134.65519578885693 67.45871756629097 135.0287869029895 90.84069864792403 194.2553299132284 146.13219105905875 148.96336771957843 179.0040772317706 96.46285421920813 161.76218426313045 75.27756176011162 124.37265877956568 0.8008138436741064 162.27012684773112
2.1009471959011137 130.90453969582487 51.067986675246985 79.91000401462452 0.0 34.702620769539294 47.47906525719516 28.688956550830774 80.91947834844365 14.890216026348192 136.08329244760782 0.0 167.9173448325958 45.05753938551132 106.87531989415834 86.14734006677308 106.92408807867886 112.82912049912284 88.60822671584124 148.36697095451933 59.284601984290916 113.17556985669805 2.1009471959011137 130.90453969582487
0.0 148.49086762510365 22.120779283522765 47.10631501374641 94.55904619157684 22.712213894283394 167.79591395194623 0.0 194.063247643595 69.97986028032851 159.22601769071224 124.80550812844756 99.91499646542732 176.9044507645628 0.0 148.49086762510365
103.80446150416132 25.689642407693384 142.68964003862902 56.52737710089552 91.76537161524335 65.2176818986144 80.24474304519742 104.15049065489401 50.46471479736506 84.15532311869839 39.66487180961275 61.20775393920117 0.0 45.90846634726587 18.070193160351153 14.096593965406555 46.64679186109045 5.098150251877058 67.89703268148884 0.0 91.87354475511967 5.296375767023534 103.80446150416132 25.689642407693384
81.70292065591437 193.85303957875428 101.76341248592635 154.19977759816987 0.0 146.32254167693873 9.883171930628663 95.87379437156648 57.576224519516984 74.07231660063472 74.04488502790622 12.262530924036128 129.77905006052578 53.01057313162464 199.46363072163064 0.0 169.21080591873204 108.34956575479748 237.08704145832775 114.41371231067697 214.54257096109836 159.29396839113596 183.43068874418623 182.1349943486516 146.43138739400305 176.57118343269903 133.37568812573508 203.9773588116262 114.20549930909701 181.97271180240554 81.70292065591437 193.85303957875428
145.49920979823628 63.22878660859925 110.07767109556458 71.37204690799372 93.5798470279519 92.20563252641237 70.00387996898797 80.27347845741157 29.29781509141648 77.99150423405676 0.0 41.795904144677664 59.88533541722643 26.024622719132495 71.00391992325964 6.216744955432645 91.33480721018563 22.207613831093894 129.5925782304379 0.0 141.32004599996958 30.7950815624789 145.49920979823628 63.22878660859925
156.91313948933268 57.305405945977284 82.90645084261122 86.35547800620539 108.14655209770184 134.8113325830067 70.11144398486896 124.69134281003085 45.1601790284834 123.29660110212743 0.0 120.04405138448485 14.887645662805653 79.5793784641391 30.68373743735566 57.9284705595627 53.92684327535429 56.061709071776676 77.60636892512883 0.0 105.41920529542122 37.68149965554097 156.91313948933268 57.305405945977284
98.07339557361905 152.86778048231406 53.0789099680313 157.6053081826554 0.0 128.96988020070154 52.7309870745172 79.91425394680937 65.63983065064807 54.26817024091939 85.03519358293377 30.63951704304246 111.84623521158336 20.19549698965477 142.5209009132082 16.63571325623947 199.87776213730348 0.0 161.81615538068826 70.53035554634668 176.30994262692855 90.91437694098475 205.6824031172691 135.9539685384422 168.85058086261316 158.1666995541574 131.28387816554687 167.00635822738536 98.07339557361905 152.86778048231406
79.09307770466486 34.93301570481416 109.26652825114576 44.47170074983422 88.21817142887193 60.99313031081582 87.97898883502157 79.7109838681881 77.18030394102365 96.94538416725959 56.42008539346559 108.95120000366063 38.51554708302188 86.45878400500885 18.677930596286394 85.03088558115638 20.098952905324218 63.99342585323269 0.0 51.53325951794404 9.363571562924271 33.157370027414224 15.52696082047408 16.355181423275617 32.64592831236778 9.986424439442047 48.94093888982213 7.407654442058529 67.88128913667836 0.0 81.74786894277665 13.49352263371484 79.09307770466486 34.93301570481416
234.2380183637405 240.83200115794187 102.91287589256694 295.49149290179105 0.0 192.75985327273008 6.2566657956757865 54.00302174999753 125.92513247839463 41.14040803321298 245.0799617012113 0.0 310.0950410192842 126.59581045625568 234.2380183637405 240.83200115794187
15.188235250812667 37.72396745877832 13.109997922660597 30.650372872091523 0.0 18.856906386694376 8.835358803768656 8.37216829976569 23.67755099088788 12.538862138509387 30.380323540824378 18.863154924915023 47.03141680439958 0.0 48.612525428359234 15.651351108021274 57.95343381410326 24.027255836865947 63.36713089469248 38.42430413252542 52.46018164053892 48.80437558911305 36.69042238230729 46.93093474769303 26.857180144125138 61.44056499974832 16.638016277608358 51.11283873951487 15.188235250812667 37.72396745877832
65.09605008421251 18.6310154374232 90.08958219470598 48.93465168076452 29.28265507660828 86.71460312626243 0.0 0.0 65.09605008421251 18.6310154374232
0.0 190.04827107607176 36.177292978019466 20.416945614194013 153.73938016332005 0.0 266.5887010017219 76.61705797313573 181.17214567879526 229.79597755611678 0.0 190.04827107607176
27.706204832432917 43.92933685973499 0.0 34.71652731561146 13.971422070400834 2.0394948832559123 53.4900706833797 0.0 52.519626901419116 37.69880839252795 27.706204832432917 43.92933685973499
4.507198466438524 58.06295416282676 0.0 5.066318056248797 53.490714170951705 1.1906281117387607 128.2330406238499 0.0 90.35021567919878 69.55238698339244 56.8257896132251 82.43307276660937 24.073935246589187 92.51332147859063 4.507198466438524 58.06295416282676
42.076338417148264 70.34544303967861 0.0 54.775579587559335 14.527310116451929 11.809012346972594 50.10455245069538 3.939473053074906 75.4642805208703 0.0 103.59319628371904 12.496346991471242 105.69787263351382 40.933335726296065 78.38527093676863 50.73952635419842 69.62543264029065 91.44632821666055 42.076338417148264 70.34544303967861
122.85742388368158 183.8242062795846 61.56935547381589 176.91518024404968 0.0 127.58867436316929 22.441488382159775 31.659864452878594 127.5087768013516 0.0 139.229766805978 102.7797285943341 185.14658452682784 154.2185571917242 122.85742388368158 183.8242062795846
18.753500157659573 10.971218992943136 32.04304797912303 4.868251561428508 47.25957528526378 0.0 41.11492229767059 23.74149455271764 63.68306696922092 25.404656491298596 50.591991102248286 34.542799803195535 49.54091624575827 62.688632694802294 31.379970951786333 46.65504669527601 26.29028245982586 34.423995903356456 0.0 25.798561650733518 18.753500157659573 10.971218992943136
97.59455820628637 10.739936943981121 141.92961785143044 0.0 125.10428027159381 52.25787159639563 124.06510489865248 73.23147620374404 142.7543743691737 102.25297207132874 116.6421964328654 116.17867386391325 94.79161346938523 125.38538556759113 73.28549205789423 119.61916513467565 60.81608599592572 101.6440296428768 0.0 128.56066337456036 21.395015946441447 83.54908100737201 56.96666848506608 68.02122752021252 46.356092725111836 48.93888106161927 58.52926565385272 39.26875777084351 74.7099401173144 48.005214423626455 97.59455820628637 10.739936943981121
272.3973477078437 114.1280639484473 286.4167485071356 233.62634343900407 159.13616854271433 228.36714685598758 110.36066623962196 160.8454093339608 0.0 217.73145802611117 23.316874645792538 128.2945883592172 11.683281805899654 50.740510141549834 88.59105802147556 39.86649818162982 152.64040051641607 0.0 217.61904847675376 45.266782702171795 272.3973477078437 114.1280639484473
200.54919182816883 139.15807789268484 158.66478552944176 138.44209049931703 42.79380609461299 208.24116063274255 0.0 92.0589967549622 100.37992561899623 34.43769851035263 163.3809907293205 0.0 202.20248650356817 55.887142281095564 231.58428844574036 98.6757239768548 200.54919182816883 139.15807789268484
56.93042746598012 0.0 78.81565224266748 4.319979860422961 107.6272224758805 16.19498345559657 140.44773874614796 53.542320127948415 99.93499527173782 81.760247686642 64.91495353145466 79.77938721937701 38.11892810012739 79.23710650265596 3.6160284640709506 74.54210201246275 0.0 40.22119440503755 39.678431044554884 27.222130616788732 40.20270157167796 9.69757728073617 56.93042746598012 0.0
184.7551860108812 66.07444693210478 168.08065490487792 145.12361371980285 65.26371816334225 149.54456545960457 0.0 26.467254394249878 132.87177099911312 0.0 184.7551860108812 66.07444693210478
0.0 117.37092788096727 33.931693036949625 81.67026633188081 27.2417753490641 25.420501391734973 69.76168528621159 0.0 113.5358319234242 30.612296029118554 134.31318953170972 61.900283613178416 147.024610063801 83.09654454943309 129.36881883800396 107.33271425647908 199.50906886272026 148.4350163013042 145.95309794853267 158.80605536445825 122.92430705550788 183.1534681837598 92.78158310900604 157.71019819050395 38.199843602580586 197.02540705555833 54.033347135701234 136.61681872293457 0.0 117.37092788096727
134.291545212917 102.17049278070624 110.22830076313066 107.75627935165866 91.72382955981321 138.2247185691148 59.909971973085064 143.04951475108243 59.26332606477922 92.18146300291514 41.24202984393341 81.68212173057616 0.0 64.716306759843 39.71517461061422 42.92213958354952 57.91451129851936 32.66076860715624 59.15305801088513 0.0 86.86046854243652 35.71736114614933 109.61388296364795 2.194494734504289 126.30408383115903 19.669368332825464 146.2099318390842 33.38936672794151 157.73380264855015 57.90658055580312 159.19519121836058 86.80081679091934 134.291545212917 102.17049278070624
169.58336345490696 176.66637483996192 134.35293012483163 200.90728203321925 83.49226487412334 201.62565850436272 65.35267167758654 155.85311437598108 58.058753190705104 113.756053923245 0.0 51.96192111934697 95.35552976418847 45.89788814636583 126.60898143315234 28.705317489860292 159.925748222535 51.94223174383558 180.92372565524354 52.01975508500278 250.90302157770373 0.0 257.0290969780001 56.142074487712286 237.00011229695767 98.10579563243732 211.21676736565925 119.58493564420777 223.25299618783234 154.1438153723392 240.9192829634762 250.06445961877387 169.58336345490696 176.66637483996192
263.00872007152367 213.78058044798334 162.93938164758342 278.9930427698892 68.29552660629909 237.09556837215996 51.3529141751188 153.99603688947596 0.0 59.81816031705621 98.51115453013566 0.0 167.94110044809162 70.45797791732421 281.8840966387862 101.06453982849075 263.00872007152367 213.78058044798334
86.74101927011223 26.343862616325083 120.56109544922737 0.0 129.2358697124248 40.66826708476851 163.64561019696527 54.310114740489766 191.86646105509976 94.33340212175146 182.79854028977536 141.9708981973546 109.77857015524135 113.14377123019972 92.99384069305493 124.10157452499212 64.17371899163638 141.36759285652073 65.13981903447193 101.00215025115925 0.0 103.54542387031313 51.269738336378936 71.70029246952618 11.687420754622963 23.294321561366267 67.91637281136343 39.0944531875559 86.74101927011223 26.343862616325083
392.35459030639396 205.81000843347374 182.70279269602486 305.0931785959335 0.0 338.0270984384412 50.80122268072641 152.9959408750464 201.45036632214544 0.0 392.35459030639396 205.81000843347374
84.3196088753148 19.204012521172224 104.96211248181345 64.21989142487791 57.17920167657269 74.82797113998313 0.0 79.64804952893533 30.525869575156946 31.801874879107324 49.4763874508847 0.0 84.3196088753148 19.204012521172224
77.92435378753484 13.010530116567885 113.65535668722447 3.0814175562466204 161.91676647986387 3.37195819069872 198.23724266979826 44.21091249025517 114.33890081793665 73.26650069678726 154.23787518778374 139.99990214977942 107.37654442981317 148.4156872920864 68.48125110418158 131.037612509242 85.75981119250262 77.18747839288335 33.76964151774192 66.824603464487 0.0 0.0 77.92435378753484 13.010530116567885
27.100947210311602 2.2009105444436727 39.65820540925283 5.289905716456559 47.645542819341415 0.0 51.41927400260789 11.217490012104875 70.32237822378727 4.049699560794849 53.91842656647698 20.518865646545947 71.57917543668493 28.856421029756532 69.5776491397522 41.945107889620715 59.480726178837415 50.54961383403054 45.664299061683096 37.50166453471296 36.44225414859977 45.245896642581314 34.58180646625863 33.306238414129524 20.34995208949732 32.51692030222314 0.0 21.56838876264159 28.122655889310238 14.72120853079035 27.100947210311602 2.2009105444436727
100.14868990172835 103.7122269199557 82.40747591616899 108.65283977179573 57.20529363220024 113.67459877792652 43.03387299945527 94.21122201047348 61.652347260565904 67.8375672048723 0.0 44.376255468146894 36.55896323032505 26.125798359019456 49.17250920953691 0.0 86.40371850663628 40.0392564183164 95.20768938001694 36.560713439878285 105.39658524514276 37.91686257151197 156.38215564275214 15.265791780141711 164.34562515661486 44.831274758764806 160.77684451938762 73.6663070513735 141.8274061053875 93.53697091855565 107.82650277523884 85.37044582006487 100.14868990172835 103.7122269199557
251.61091288492904 186.47901232494743 132.27357744133994 203.78478091104554 92.59115815442581 240.37538985250907 45.0583030036597 212.2664461440685 0.0 172.1614421185495 4.039664053261092 105.94307738339936 61.48408827948708 71.15123685438995 148.73613030193542 0.0 259.88207559173975 54.745040687373475 251.61091288492904 186.47901232494743
0.0 24.65600793308701 57.468470692491806 11.269856736026611 76.96984031372052 0.0 110.15160281610082 20.68590882195501 90.27958942194522 59.495487895209465 32.52834969669479 85.41454558891922 0.0 24.65600793308701
173.0826955808152 0.0 160.25230407752113 94.24233510888885 259.75343683048357 90.49077231236845 226.26444836930392 151.7647246901779 208.0597073772659 200.1905535829306 180.64721383149163 256.74649240513634 119.90403075745104 235.78216523456604 82.03324387413986 214.99776081346232 33.104963154888395 207.08985928649201 0.0 165.75154112482397 115.71095241084396 134.7356659200198 24.735162483384144 67.8952344783132 62.277504610930094 36.53105661076236 108.11180943450377 21.774440577074202 173.0826955808152 0.0
55.614661230174704 0.0 212.33133252804967 2.5642960243705275 127.65628664224803 135.69881713186402 0.0 106.50253450448604 55.614661230174704 0.0
1.6051729973081166 2.4606125425113703 18.16412996994748 0.0 30.431189911300308 9.795788648933708 43.39173811438789 12.475775199987837 65.81481644702234 20.549174782251782 49.93538780096952 38.035024546239555 44.675041052879735 51.23879452832651 28.468824597973736 46.839504618547 20.040782822779022 61.13469038750573 10.542008174943476 50.93279781392103 6.126639036420201 41.4030221072362 0.0 32.8243493566041 0.5877915375675826 20.991836429390915 1.6051729973081166 2.4606125425113703
98.96289711710729 47.69848613062407 98.9287525201449 67.0573105523082 81.01182703958646 109.26797629868761 32.43469319443423 100.39757808767004 0.0 58.42032656032614 7.075297254809385 1.3723920134772385 66.05227089120297 0.0 96.91090669606146 5.613571112956336 158.04847623794387 1.852362670888411 98.96289711710729 47.69848613062407
