70
54.55644634918211 40.160259557785885 57.7744846838965 0.0 76.79633507228796 8.707777555998135 87.37380844994195 26.340403791906603 95.98910356890646 38.710418725548756 62.78428720994411 55.20355780224481 125.22994429526734 76.95156057457675 94.60125282766292 83.07298782945955 75.84279726383814 80.90090890921113 65.85325443956377 89.82095097948917 51.249464269960214 92.72326793900399 24.977530162474658 101.97635863647542 26.057853689576312 75.6213797072046 15.079407112138874 61.28070529405711 0.0 36.62425791551235 28.074386752475775 26.879339252899634 54.55644634918211 40.160259557785885
194.7503001669284 128.12304618688518 157.14717864610378 172.2543177179894 100.19595503925031 162.36283925962056 55.873625231851406 136.80626698059154 0.0 100.29598474540312 45.17317436589387 44.557865155812365 92.70659706663693 37.03795178130416 111.16899225159256 0.0 151.2041173978838 5.402361925631098 209.0403227396601 17.77359042707421 186.46814469484565 74.24496268965822 194.7503001669284 128.12304618688518
73.10606397264175 10.387171739261497 108.91165028492793 0.0 145.0244926320841 0.7944388167487872 149.79126081485313 41.42059908009661 154.23000605750508 58.720404573395186 207.3252195205333 97.93200774942052 188.5892163896146 145.0586732664865 142.67360478354422 206.72385637762392 89.5198664012442 151.0652190646806 26.00770980716564 146.00614137712523 58.79755303155068 77.40725744321118 0.0 22.97368675119587 73.10606397264175 10.387171739261497
47.59306919614069 17.513657281931074 53.0613251576105 31.48904101728627 43.08833443340062 45.12556547145405 27.395835989644326 39.96879859695544 0.0 40.830699719003306 10.29023586468071 16.219722680084644 11.984903710335232 0.0 36.50495269400547 12.966907820682309 39.074188346522774 2.498796252886862 48.35007903415861 1.627166412363195 64.4187577858719 5.9720841987309825 47.59306919614069 17.513657281931074
77.47080877825161 12.710617930037614 44.79343490654402 34.51276042096474 46.977666658487095 55.010612121182675 29.54160833120902 64.92171433013114 15.090736926703258 50.18138312404473 16.430433559084292 33.92298405598744 0.0 28.40422901902511 15.655101160990256 22.249986159570042 12.697459539380247 0.0 29.15836752173084 3.9979794339498795 44.7053690613312 6.427543579593291 77.47080877825161 12.710617930037614
271.3874035315716 179.49870009545435 254.5690073618296 208.81753747070456 281.44038233018614 271.2865251778976 244.23471019163117 310.4937753336074 188.90222878657244 311.28765112629793 134.59813069707948 312.29449700757857 79.77065257780089 289.6531741278973 0.0 253.1233719191113 38.900988581671214 174.92314976604285 20.165478280578185 97.60401166623897 160.0870544749631 149.87966526191062 152.24162903398107 44.09099290726007 224.95497770282424 0.0 233.5563880654698 124.93132316317273 313.4113748417492 113.61258104462458 271.3874035315716 179.49870009545435
0.0 37.74286422902517 41.62982385762344 30.742710823644543 48.074277841915155 0.0 72.97343843302045 12.500225401396605 62.460245081273406 38.72860011921088 93.5288536567395 58.876004579601286 65.16352675279711 65.91442124954337 49.97990417053786 56.452634604247436 22.32498324008234 65.0150262673295 0.0 37.74286422902517
93.20213739005244 47.25542588427233 134.79218320674562 46.56140199700852 112.4236750268817 68.79355383046858 132.48640623810326 103.60445764952013 99.52473018031338 105.60468735751502 80.54339054940348 128.41197890688304 61.20670976935892 98.57456150157387 43.80443189117331 91.36293919518329 0.0 85.27093614606648 32.78882314172208 55.35785070698026 49.79036104608285 44.82409445319715 41.282752728958556 0.0 73.74701623024782 18.91960852236531 78.95129298411518 55.181490052241145 93.20213739005244 47.25542588427233
0.0 115.61976232032045 25.88314812369847 77.38367053778366 57.810898205879795 70.63197945031612 52.35983526245158 9.839847528564235 100.35265761407086 0.0 132.94978123748584 35.41671554864406 121.81127173548583 80.15325617505559 136.04352913264984 117.97624559854255 97.54679683651374 125.82131165116816 72.35439647231681 131.29972423186996 43.1492449004009 131.1021267060376 0.0 115.61976232032045
99.29678280749071 63.23445066266151 62.435665635070166 126.04763596079448 0.0 57.92788400885738 61.96270747896733 17.787542599118275 136.8537582905592 0.0 99.29678280749071 63.23445066266151
10.390982248566992 63.21948877671609 0.0 12.532901053151079 48.53870593449812 0.0 74.56475788329598 22.847108874009606 103.3747835821531 69.64514442555566 50.76957740822858 83.06773965283799 10.390982248566992 63.21948877671609
110.3496763461528 24.511402313641476 101.21700922492776 50.060673010937116 113.40914523011473 72.25825034477813 90.50799357920525 83.3313579203994 73.25445464729346 89.49366882453006 53.40714215679529 98.4564215769849 21.18558804489414 101.60231068571565 3.314670062973576 75.77069177793109 41.17245901565302 50.30756748580831 0.0 8.274013818459217 49.471526513024415 22.83728792277703 66.23975566596694 9.937100426087255 95.96659867543313 0.0 110.3496763461528 24.511402313641476
165.48431623985937 253.32015855648558 91.60790949934199 280.2756315615453 43.314073680175824 212.99431296971017 28.529717561176938 148.62612538586473 0.0 86.92739716334954 83.45478914406755 64.49686703259185 88.8237369431759 0.0 144.08419156936333 0.5149581732999167 184.03181128937047 32.251083389597326 229.3303049298703 36.33344663820613 216.47016279104588 88.3682596056735 297.9982768762618 129.33700502969066 210.43366733258276 148.74756796973043 159.55618350180595 119.9321091974612 165.48431623985937 253.32015855648558
97.65650080839137 44.0149420304669 141.57615465296567 68.34909268222724 104.72332081724286 61.98596703347104 102.67293256332604 95.74636838463579 78.08173305013688 99.35383930400442 71.9061296880508 67.77875213298634 48.29291190225919 64.67659744421013 0.0 45.13626500798782 43.96411539442181 23.28571393278945 54.879550632657526 0.0 84.44860050855354 21.159492342051394 95.88834658229777 15.034687301990516 117.10425977125891 7.679570028760402 147.40064822656132 15.772701386515081 97.65650080839137 44.0149420304669
204.131211491562 332.18939663108017 161.9274149497793 263.75066599504123 132.08084192688784 256.7430476687863 9.599395139232172 299.80806840436753 47.830571221410224 215.81150424255597 0.0 153.11605066444798 79.27558945804621 121.79529134790954 136.5076261437215 127.17862166340323 156.62563648113814 70.16046008274535 219.03613737000092 0.0 306.0600101435102 11.451754341380536 288.1630653478761 118.73974622388216 304.5202840812969 166.74633036316615 343.6400595015433 227.76306322509927 240.9538829991915 235.0008050991356 189.50277337720053 209.4366953181447 204.131211491562 332.18939663108017
115.31426863118662 0.0 171.4685811948533 29.454899502428987 227.99303291522327 87.93051466525944 141.5725660718758 124.44254019388157 110.49008487220128 184.6180015888553 45.244601325386355 171.70792490792124 32.33110555022185 109.87877759797152 0.0 47.9999377417205 61.76828696806362 16.684337178118668 115.31426863118662 0.0
212.92657242570118 89.42864045017508 144.55088806973552 126.87506477311481 159.5617612612903 173.37236233180573 123.20181293385039 200.30506114906245 91.15976823773548 155.85769071194522 62.25459467659067 154.1989132534219 44.709040767001966 128.47541994374228 0.0 81.46364368732496 52.25090949585996 56.968981648538346 80.08607565035977 0.0 119.3793658247342 69.15707242802753 147.70607410775622 75.47540278201183 212.92657242570118 89.42864045017508
239.43013714909586 215.43662888562352 127.27134176896696 224.17384732470492 82.8819647060697 229.79108843267534 68.16565353085959 184.63949624791616 0.0 165.8966473905806 21.442416742400468 103.76660430534295 67.19893037378107 0.0 115.55834062291623 126.59434629100406 136.16754290712714 147.21500031748744 239.43013714909586 215.43662888562352
145.7555440407492 126.26613158913759 0.0 33.09194067786187 131.14762713900296 36.37164420370128 181.15184417903885 92.15234295148231 265.6732646328842 0.0 278.1155282049704 83.42131657116931 286.42443219489485 146.2277569155755 246.6713140927265 191.0365061782423 196.9342490977599 213.32875833757174 119.56548129913755 273.48509963326705 79.23816782048577 198.65560920300788 145.7555440407492 126.26613158913759
25.72163401509283 98.92893754426458 42.795398273970434 65.30731782473896 0.529006930209448 67.81528903370193 10.087093812518788 47.566135228313875 0.0 19.102742200216845 18.394298559763683 0.0 50.988729557185565 34.526463430782066 65.56754860107321 11.33899308106357 64.0466647112448 44.25729284607723 122.64646467724344 12.947871382865287 89.94316347417293 51.30886730355396 89.78147705471137 64.63474723795287 105.89438046313711 93.34031525497872 77.18581503967036 91.95121748556195 63.512911408464205 110.03182338454135 48.70676613999413 83.39687264386686 25.72163401509283 98.92893754426458
133.27299435560784 122.27052927030267 56.560583127095214 109.7338603418602 0.0 12.035419669394194 111.26776699586345 0.0 164.50215372501532 55.41737628442172 133.27299435560784 122.27052927030267
1.6541164138010913 83.03997103867144 14.757943794826758 44.15563066950676 0.0 22.128993972457053 50.32266964311637 31.76613090198954 44.317288242753946 14.03062118561256 55.087228314061136 0.25029791834725756 73.23699681760276 0.4207950340166491 110.12297594922754 0.0 62.707040928765934 33.12793048275907 94.42754363743649 54.257522775771236 73.57619232287169 62.464185726778936 58.14232162825405 69.37379276429255 37.891594286552646 77.10210266922027 1.6541164138010913 83.03997103867144
6.6331366790348625 44.07986805786399 56.33677537723473 30.129569824788533 68.89145735808339 0.0 90.730617973396 28.93662085529749 148.5193740790238 10.481661454448648 140.6846576810422 57.93768884804993 100.29356242497872 68.1313246126201 89.28168824582261 86.01517370756966 53.30575712546856 118.87616042637035 0.0 99.99154454894685 6.6331366790348625 44.07986805786399
263.70040913446076 87.01791556352427 199.62021849651046 184.93164915804925 88.05127695531448 199.09253229016701 0.0 108.63200577791467 69.46512866063986 0.0 171.53730427328233 30.923985424864185 263.70040913446076 87.01791556352427
94.13201284351757 21.132295039330735 148.7754648866122 34.17754213692614 105.99717365029531 59.896093701117316 90.06683916069107 76.22497170489527 66.63644832289668 63.805776024983324 60.43468620696651 45.528506419102605 38.61556120875961 65.82786399911006 0.0 63.78453471660041 28.788112312218992 36.3699771066123 22.95582173640603 12.15122251529602 43.317772403841126 1.0700543559215347 62.710972420620614 16.245602216397494 86.87712370103128 0.0 94.13201284351757 21.132295039330735
0.0 200.68284115197673 102.09655097828727 98.11100690467316 184.544546808172 136.8966010541668 266.40666613063433 0.0 261.7280073793127 121.97334970086095 280.013758748899 194.9799759993986 227.42796232502965 276.82641942241696 134.9600145191128 242.3883307671265 0.0 200.68284115197673
109.74254995063663 65.43735241354493 137.3702588893628 140.4504672299327 98.38343441828042 123.69508040083961 77.11965623749357 103.77148227657035 56.14789577794562 96.93746285799979 12.025728738985805 92.95343128036238 0.0 58.62391300057567 54.73859939881629 39.09816992839694 52.48087060183053 16.121652570898178 78.72519718744616 20.786186407508097 91.2495988538049 7.63832551523241 95.60139698040734 53.094711325375 139.73769192848556 0.0 148.65882685580092 25.16309127817739 115.81901595919521 51.51309744109781 183.36298335287827 82.16457037660938 109.74254995063663 65.43735241354493
0.0 0.0 79.87598887143724 0.12980592536514735 103.35156618106757 52.39119310774802 29.64991262174547 102.1978070959685 0.0 0.0
139.35564461140396 226.64701893626386 122.4735237712948 144.43224666825907 95.35563835643754 152.37280721775286 0.0 161.7166005252062 14.781846606355998 104.55536248910715 62.82232067274528 76.5613035083306 107.81928676794669 81.21987316416991 105.71588834089296 0.0 148.39720316339015 36.448017323944356 205.22481078261436 9.432683959513838 192.18203522132686 77.57076025947558 264.75539878686664 94.42884378178138 207.8367314093767 133.7991810537104 249.6817041339775 205.7739717197518 201.96344106066505 249.00402026439144 139.35564461140396 226.64701893626386
120.1576843715551 18.556899037447614 133.44690326192108 78.24348005508216 76.32697867588477 83.32913220657053 1.2857340499354564 90.05872465886512 0.0 1.5012178986009204 75.64060493571473 0.0 120.1576843715551 18.556899037447614
0.0 116.41785627609546 33.89331819221883 62.53153499987583 56.30347571860998 33.65157606117667 93.50682486027426 37.91933601224605 112.42972719785239 26.37796691383209 155.70599314925272 0.0 115.25422440764378 66.42943989569689 231.8689396322054 82.28035358462594 164.97375379654417 110.9223593609902 111.70806181266077 77.59272003140408 102.01537871477288 122.63138388474745 75.43364896911945 111.82399193263053 0.0 116.41785627609546
0.0 175.57668185882787 72.47014853591298 74.61514408444586 115.04507398155866 6.132294913773066 191.2559603790988 19.81654837674286 307.14120745422474 0.0 326.8537235812841 115.02320463577685 242.1638826154965 173.08728930080488 193.50317041151712 234.7288458143074 102.852553226097 233.0870937717329 0.0 175.57668185882787
75.19464032267267 0.0 200.85796951498352 18.56789245022655 301.2604313784696 80.78249206402006 228.37887214466875 173.36365630689212 168.74043747768945 222.9940202952446 69.74817545808295 223.67165563771454 0.0 118.44973852135311 75.19464032267267 0.0
95.47693511307551 110.92944029417878 0.0 116.41028113056778 32.62509801945261 47.74664183575342 123.71424823829659 0.0 95.47693511307551 110.92944029417878
97.7377838989536 4.7812482574818205 138.52530840016658 24.32432921101531 91.3704959390012 63.5477191788156 112.41755302076878 101.7368691195423 82.27393602421894 122.49991187376277 49.158848392311185 116.9186070562529 24.34254524975144 96.42745320133163 0.0 71.6135063353438 25.47238173746196 45.3269532798369 36.335482171457954 21.70542315251285 61.10461592958423 0.0 97.7377838989536 4.7812482574818205
42.771970693294435 117.43365572531953 75.8033620320816 91.56018344507847 88.98570120789995 81.7265556250911 103.82667188066785 56.247729900923595 188.5410461686398 0.0 234.50296412944235 68.07510043380718 142.03525724110057 117.52532340028642 160.64352845064786 194.37004181591107 94.52199505540547 205.14930480008906 0.0 227.10981754775258 42.771970693294435 117.43365572531953
0.0 97.63353759981996 80.1065885007294 2.015248840422231 187.92063030807154 0.0 202.8502833014689 103.60993633146639 349.8995293434609 88.77669765948397 266.47663174176625 162.252430371512 234.2073977295513 229.2684285384497 188.01503938821782 122.65671032830737 174.3557319985144 130.3588535920733 0.0 97.63353759981996
145.59178459488984 188.48381075861155 0.0 223.1840433200267 118.34125195541704 130.9183022943819 59.51817254407419 66.04475727675502 122.94494544434772 43.87434341778797 175.85011453229424 46.038919722602444 237.88538269010166 0.0 318.58502479812404 21.181194087740437 286.9641304121052 111.58618738731815 308.0414237000854 166.49302710703017 320.68054232031966 254.51110839625122 210.9546967755453 202.30660777921162 166.99890304093395 277.5382667198192 145.59178459488984 188.48381075861155
27.8898128381838 10.714701421591542 41.656386300417296 0.0 60.78478963754779 0.5921690160185591 73.14451033718939 16.030747822029312 87.95422730177407 32.589232943269266 83.45495060956787 56.47673393471837 64.40399816879369 67.97251873881504 44.51815510345254 67.04819271919217 30.87346615541682 59.408061674394915 0.0 62.839935026852416 24.673985622021746 36.032710800811216 14.319866789832389 19.87810904815315 27.8898128381838 10.714701421591542
366.3762181405094 309.3973827556931 264.1787099372701 276.5630846556588 218.44009826456573 239.62122101766877 178.08282104124214 293.34997700748823 152.00898618142853 251.8552884821196 0.0 287.78027200700456 173.63382235721397 180.7874881221397 175.09275224286472 165.00428431766483 103.01369135384664 84.7706359998557 158.11459015292357 70.55391470112991 202.54005427211015 61.36428806676648 271.9376873041548 0.0 344.3047466160467 27.84373865073536 281.0939882172529 141.9583458705901 283.88809712353236 171.49700468151457 356.92692023993266 226.47072228455826 366.3762181405094 309.3973827556931
133.89726846302813 86.25756456758543 124.08885421216078 107.31458750028719 114.44790005391204 143.15737177002202 82.62616837027376 126.58088537101776 58.22466221149571 123.10068208441587 59.852843676051776 87.10829076470762 21.338047108631997 91.10447524572565 0.0 66.17311081789327 29.061378622540445 43.37780599869836 56.88171762078946 40.59419678451793 55.05555825077303 0.0 81.75515956193534 40.38682617796991 105.52429221136813 7.849207744373132 111.57576057916653 36.011349076583755 156.19562558184586 35.051344775354096 143.94624877303704 64.3725152557334 133.89726846302813 86.25756456758543
100.69572270234507 115.69239587313292 78.01473009689849 134.26780275777008 56.420325288566175 112.80883665748156 0.0 115.61077098257174 55.480878852191566 75.56201378895625 24.56678937235855 32.29845547613642 56.62018124143904 0.0 86.8432009159138 50.895953374173615 126.98151959204502 37.5995672876875 145.11682027175635 70.11503424446595 130.57771569826087 104.04217862457371 100.69572270234507 115.69239587313292
38.29158127717317 188.94143506832887 0.0 113.57216151596455 1.1055809802972334 0.0 102.37048607280079 57.29868604087655 224.70462691122725 104.60021845262436 112.9143897507228 165.40260791320833 38.29158127717317 188.94143506832887
33.56540927497093 113.81295457271693 0.0 56.39471388712601 29.763287822403584 1.94984431934121 80.64094303546821 24.25669156155761 115.00888677248463 0.0 142.59667444690268 33.71343492137604 148.55913809606614 88.1970813700685 95.75985718827559 124.3924295579078 33.56540927497093 113.81295457271693
42.79804440816941 40.35441053506854 63.21961789431091 25.264451174347457 60.317155388958945 44.73158182636318 91.37079185370752 56.11087235452665 70.31235732467783 71.5816338681679 56.17290355218204 78.58273797165414 44.49797431834484 85.85006468785522 29.675653233185578 90.97769321908535 15.292587935372019 82.89027666260989 10.60269952055058 67.59660520755187 0.0 54.69994152926081 4.950040961754617 37.588301492391025 25.545072145803452 37.883702460483136 27.515635130403474 0.0 42.79804440816941 40.35441053506854
36.80824907186718 0.0 63.45146290909267 5.286784985786312 74.35615119794451 39.19224374922766 42.49901437425454 50.38548178490856 0.0 54.39473185246314 13.882445001848339 12.832004572905234 36.80824907186718 0.0
72.3318480802892 0.0 109.1588239002515 50.45470790480217 125.95982358000795 54.69051603492471 199.63745638871262 13.52854330702526 219.50393109988923 60.82318032786135 192.99003453099957 103.16958662338149 265.2142732423247 190.49688723836175 181.71240030642002 201.09972725774583 131.1263805224139 226.51432576724358 87.87065373886921 167.36730108774236 45.73264720598157 169.45814032345402 0.0 148.19221050219653 48.03361125724345 95.23032289902493 10.612692840319525 56.47854623207246 29.075143194136942 15.208694822871848 72.3318480802892 0.0
189.48302607276497 172.6702913312588 109.13217166197408 179.55200462041233 42.4972914245721 182.58313647630976 0.0 112.56084761622519 22.123458424600756 0.0 117.72220562592808 78.8521054241554 201.1667714083639 84.04127094148413 189.48302607276497 172.6702913312588
34.101795586301186 1.7983426417126154 59.340033159392185 9.31512746225728 95.06830701774615 17.192622873342387 66.761670812316 48.76396452985037 58.05561550750323 63.8840150532758 43.70692198364522 91.33309998635612 26.063002112471956 66.74216979964078 17.081872671498793 53.76613623246985 22.133036660417808 39.70786292606434 0.0 0.0 34.101795586301186 1.7983426417126154
0.0 104.14303346285237 6.144925134868572 48.59573170419915 31.1784197525418 0.0 89.25728830833732 6.797932793508338 131.16722344882842 19.915622714322396 95.15950670542958 83.52056133763712 164.23223740521442 88.8971585581539 171.19273150248102 143.75853713561668 99.57326390052552 96.06221575106841 79.28822501797022 156.55736715822871 71.16594626157956 107.4188088494817 0.0 104.14303346285237
0.0 146.53144548010522 35.171176675327864 78.38914526261419 52.34304272560203 0.0 132.8541582661548 4.237661121533151 143.7078721034522 81.54363537301485 196.6762900016019 142.0745614674849 139.30868597661163 195.41288222073518 73.99706171583756 165.06001319359734 0.0 146.53144548010522
29.501108763921962 0.0 76.85580960269624 31.28248089977808 91.59953502941278 78.52044488226 46.73017248074966 77.48542187609284 0.0 58.291625454117735 29.501108763921962 0.0
57.62520091204442 158.49313700339576 53.6956044786169 127.11672729001295 68.28465419118008 105.30781995417972 0.0 53.9230239487643 57.63386257770543 47.792070390446725 92.2635540282879 72.62307191152131 140.53183554985893 0.0 169.71025350725836 43.41982191103757 179.8266396536634 85.57763986375714 187.59414653868524 130.63871397646608 150.0634055711265 158.4708195617714 106.24051088940517 136.73499667029137 90.41104790409126 145.54057148281498 57.62520091204442 158.49313700339576
90.72937887979103 166.75910861819375 43.71744162112827 114.40986759712376 0.0 41.85795511173813 80.4594501638928 15.651010156011722 146.53352386702673 0.0 185.94760058895798 62.868613364523895 176.4570902163719 148.95466552933897 90.72937887979103 166.75910861819375
24.63443462432268 52.66421599107866 0.0 44.34821935864092 4.55208908404596 16.187470333176293 28.14708422238415 0.0 66.34798150399445 11.262211076415923 62.27981134790065 56.33248770813681 24.63443462432268 52.66421599107866
159.8090513584347 23.069946739069906 141.37907977318307 56.31795719444406 198.51962170033735 103.4057235613535 143.54936541093542 117.3561847976904 98.6466913621669 97.0681345443651 81.41348596119839 103.9925988447283 56.78944543966597 121.74279907844378 27.443107304914257 113.4398772812341 18.45569039660751 86.06687056544713 9.746590558265964 60.16603645301123 0.0 28.325937668759266 34.28279902308138 14.548269615708897 54.135581432229586 0.0 78.52852637773069 5.090925378875994 98.40746254015079 9.2766924868439 123.62157173391816 11.648238709835503 159.8090513584347 23.069946739069906
0.0 25.24696789487625 68.83362909236956 0.0 125.51407382236687 47.89854897468042 56.37630669626799 85.0163401778333 0.0 25.24696789487625
150.09119279463278 75.44057799088534 152.28915529830306 124.62783204818412 111.08312011715817 152.05876268483325 73.04194146634659 124.14046520269922 0.0 142.47669575474447 1.9764582361692362 78.59931192041131 83.00562999968443 89.94552693664131 78.46708701288428 0.0 133.69849288136942 21.311809019006517 150.09119279463278 75.44057799088534
63.56753346577524 55.58646015694802 107.79053742821522 0.0 143.66687058858156 99.77581517773935 154.9002083111859 111.21619296857823 271.8822127968825 113.37821273657032 209.16598825587138 165.70667450703496 183.82484028437528 218.3712645197844 124.79509810764613 250.78505415636653 79.86712563230006 199.6642058688032 0.0 177.47762523671162 112.88376701718349 122.42679348714955 63.56753346577524 55.58646015694802
105.65459291003982 147.14261500722262 157.0253215748035 135.00436217070902 139.78288401866973 12.902691767599578 220.17096508432655 0.0 295.00715024958674 31.659849333160082 306.86720448357147 116.27412352804228 330.39332191012346 166.0958952976522 358.42388269741735 235.46205939428975 248.7381520204055 225.23219616073303 240.17778316528916 280.9069232120692 186.2277537586674 328.7553516576543 128.35459643918364 302.57430544188173 0.0 311.0242182040564 8.435915579283318 206.14883615405134 105.65459291003982 147.14261500722262
0.0 34.05175539661773 33.718277058833166 0.0 70.59918200014587 19.58320942799049 104.74701781330339 41.57494557861923 92.42889030805837 85.961030798129 51.872277847668386 52.95426648754724 24.610228665313358 70.08689411101057 0.0 34.05175539661773
0.0 0.0 24.102697402099466 4.008267427054477 50.653380170411666 21.91314734972616 14.293260686631427 24.610843177502616 0.0 0.0
160.1175317035873 32.350087751148045 177.86397682642706 143.6691432033036 62.240924585659485 88.34434307271195 0.0 111.58058769564815 30.022405595056824 54.20669953492244 41.48187222806777 22.09312891338402 89.12719248493329 0.0 160.1175317035873 32.350087751148045
0.0 0.0 59.520827183360836 16.835743747036595 94.78779591886953 85.54996921888511 17.981962599910744 60.231985093695464 0.0 0.0
2.768455198332248 32.142916130935575 0.0 11.30105033001523 22.551396156796457 16.78839078242015 35.97945340158569 0.0 39.8993519286758 17.84363260032022 40.48299038008058 35.586867392611424 22.398918068786656 29.67506439065886 2.768455198332248 32.142916130935575
26.993678133858154 58.1332749743749 0.0 56.98860388165852 20.633853131442123 30.669151701506806 16.872896619303887 18.08141307228051 25.395100013265875 0.0 45.85498057254787 4.955472628059681 63.13670088966964 18.421161557389198 65.52692518757686 42.68463981971925 44.925823159090896 54.22972628692324 26.993678133858154 58.1332749743749
105.31115510435244 0.0 189.8831102198907 56.107622353605976 95.08507097671686 142.5971349586036 0.0 47.07897229412191 105.31115510435244 0.0
226.28784504118022 185.26648841692582 159.25862066966636 260.5410775735624 54.55224160306044 225.9142183834512 61.70001727555302 124.13327181917667 0.0 35.584404923099186 136.9870185161162 88.11060772350685 168.2394664351699 0.0 249.94806517518828 25.838958846291064 291.49584612748504 118.36388490231029 226.28784504118022 185.26648841692582
60.44376064034981 130.11290117925415 0.0 89.10838981719361 42.50773129730203 39.46108586301842 124.30990532034392 76.2456844711992 125.02624325559135 0.0 147.33271376369535 52.614765605948335 173.42378335383188 57.23605957019795 185.94770094940304 82.48154473458438 215.41910180630276 131.89423991485103 178.8947688761744 163.36373314323163 134.6486140774859 176.17147324165944 72.79969147376622 197.15320060192994 60.44376064034981 130.11290117925415
205.4104763512018 56.14225296759406 268.8328613056449 46.001791030418715 319.74806530815835 91.08343057878685 291.6584782122154 153.5495455057582 255.85416815854393 190.23918808897488 222.59515340965783 224.72220740184426 163.87046093071604 303.29578919779277 134.47279894832576 206.74527780615088 33.857399576983426 196.2659529969444 0.0 107.71449400714639 42.0265571888973 18.32835714655431 141.89786603926373 0.0 205.4104763512018 56.14225296759406
