70
65.62573490194112 11.48490542361089 81.97304510215014 20.251616967241866 90.23129646094321 37.07832976133208 58.68808088950411 52.42534970322075 100.01252165313846 84.89825891589115 62.7373629499282 74.99767564643759 53.717545212436846 94.50255264893082 33.610767518914656 99.084724787341 21.601069072483426 80.38134355773028 24.04500927221109 62.29599572139782 0.0 52.95405011591739 0.7813309243073263 32.68932742655618 24.69421372781099 29.564243318300264 27.418583044450386 0.0 48.29299669552738 6.510900045591484 65.62573490194112 11.48490542361089
0.0 176.82889843957528 61.5060864181617 114.46263407335854 17.046519505432684 79.30548896692483 72.4906874374617 74.92015144971509 77.50442866623754 37.95577566389065 108.88471617175715 9.402497498484237 153.15490945010436 0.0 170.5123021680597 49.783211000631795 185.44921478988715 79.62446243779759 201.7972141050419 111.33039682504756 140.1218419279297 121.55359590811516 157.61927474431292 165.43347279223508 128.09819297212482 171.95217994105474 98.68167844567634 193.74373895074982 81.96569221944259 152.06140017749144 0.0 176.82889843957528
0.0 128.23028604563348 117.06238154568901 65.75251831982884 87.4471208809351 6.032268925390461 139.11220731366643 0.0 236.37399929366853 0.19370232467531423 275.80767505888093 109.97501579153305 167.91677465265548 150.90456725003816 90.63725222951547 165.69502978814023 0.0 128.23028604563348
36.439288920714546 0.0 68.95812731205228 3.515456546514436 96.84810477052903 3.733917933460269 123.25091231002851 19.446513308379643 98.7783548255251 49.988991776535805 115.90873635151024 79.77746837734898 90.3062660054477 94.7001638201026 63.401399867444994 94.54912586100215 38.47776829564398 82.91903067954931 0.0 64.65036404596515 20.89436858321787 30.808557717464076 36.439288920714546 0.0
107.64485272306658 70.46996842040554 94.01813146406589 102.61406732398987 64.93283473054468 72.82192910127424 39.87945209154748 73.00292328474401 0.0 51.620469789757 35.64559345980554 23.987092969050657 53.43394928620262 0.0 75.8983054562087 30.785259993109243 106.34965151560453 19.158719684416333 122.05618838928851 45.191609298606885 107.64485272306658 70.46996842040554
87.64102295139259 106.51180043180592 54.04238380216006 0.0 174.49722131337094 94.620185138957 213.92566421281538 22.06892396183524 283.3937864062914 31.027738233020273 352.33872384573107 90.20513152773395 316.5086044584067 170.04780512698585 210.2509591634147 160.6294363873169 219.72134938433092 278.2568514140397 149.28657348138123 247.71105709876466 0.0 301.2251472821785 125.16246325724208 147.50558377277315 87.64102295139259 106.51180043180592
0.0 116.11906215251301 11.09750884137435 65.18965284822895 24.27631327611124 31.23796019714269 47.05779675787784 0.0 83.27387693473428 6.225963191596556 98.9784051239667 37.46454881055279 166.12273248626923 35.02780296013112 146.98696955275608 80.35788110416561 120.37522549623071 107.49563702278022 88.52469485183983 120.69760339342926 50.9902626633218 126.08531254410173 0.0 116.11906215251301
0.0 79.67906047433259 56.74461283417725 0.0 138.63970354052418 42.084706607774855 166.39344338228608 89.70297602954813 208.07087896139512 176.96815007915865 108.85137395002972 134.70087563758437 33.54422752118559 162.9030575557158 0.0 79.67906047433259
138.97894016717726 56.26068735657762 217.97468519485534 0.0 227.0969482874239 82.23568675859589 204.93862627002363 133.47146971511353 140.4147303671188 99.80250661613745 119.11986891370407 152.8871178060956 0.0 174.60418295577358 21.82923682195033 73.01230954104966 120.53342577007584 73.54114431645262 138.97894016717726 56.26068735657762
4.6005574940934295 23.284120920737656 23.834969240554756 13.501646884262037 42.34255588639488 0.0 52.766656823404105 26.074042887331622 98.32993716290684 10.356126540790065 90.8240595915567 43.91373830679316 80.01361550722629 66.3018867582841 62.092028269291916 78.36008435320699 42.41503766587448 76.09449999723762 23.566014397603382 76.03733225436349 12.379907390596799 62.18863941536572 0.0 45.62202680051059 4.6005574940934295 23.284120920737656
36.67653606058341 48.793043800944716 0.0 23.011897478462828 33.93432745943277 0.0 62.525071120495504 11.658229642648791 83.55951409731773 11.16949527739888 105.58665348962745 27.879301339536497 97.5216487564822 56.59076363029456 72.3359168165168 65.77636297998555 41.537061295583705 85.21520184383857 36.67653606058341 48.793043800944716
60.57391774839513 8.994606342908625 64.24991048365624 27.220039202346427 111.35983759397567 3.9734357887723206 116.08384425893635 30.93267894725659 71.13824224742139 44.18646903327419 111.78071581159224 85.57228087164377 75.98663002601418 79.25319924017832 58.65975579759366 91.99125057816958 36.90400096853821 90.59665325344177 15.404855872039036 81.60953288169172 2.506479737097152 61.57593275884564 0.0 38.143623350902715 12.411511774756264 18.75888442755665 28.865336419674122 6.573670466147931 44.732977644651356 0.0 60.57391774839513 8.994606342908625
89.35165431610343 66.56115442538157 74.48185983683454 80.6220524868647 54.984153103507154 80.75167975026781 35.8521694885585 78.62208997692633 19.594921920122204 66.6001985393464 12.419356580235643 49.19747183048219 0.0 29.089621850924736 19.540450758046234 13.622447215078502 33.20679976111094 3.228432462575732 51.376665417219726 7.749240039201489 65.26837282377436 0.0 83.0495320943372 0.9140381280690448 76.61268768776397 24.734232743744222 96.74646788839466 32.08559525017187 118.05848099229459 55.77047409269692 89.35165431610343 66.56115442538157
21.620973703579693 86.55796149669195 0.0 23.881116355547206 68.00530694248756 22.13299564153965 108.93244345581715 0.0 135.20029209812915 45.71000319897732 107.21182677227893 83.54039917749739 69.727866585543 125.10848863664236 21.620973703579693 86.55796149669195
165.34379807787502 36.50826707158207 147.609147136528 94.1431061001156 203.7232183098571 125.62156487274281 183.68699365386237 170.7534252084404 114.64833073994423 150.62810598941672 102.7346706156129 195.5932919734111 80.87317537319984 144.40725488429447 50.84344483037212 157.1981978633879 0.0 150.42744600649863 26.02682540481787 108.1121894156452 39.70698464347973 84.339316330859 22.26566209035053 8.781896864146916 75.78405276869141 0.0 123.70773277682578 13.43676200032597 165.34379807787502 36.50826707158207
149.2843687221017 164.27082192663931 111.7437773074553 144.98542003897145 81.92196506085571 119.78774250571018 0.0 77.39590536227632 86.18903073507423 44.56857591998444 103.34899513070354 0.0 150.57771811017852 70.28337777470776 189.584706011522 16.997446242731854 237.59566529584603 32.88799616531218 205.85448711064 81.92601086180775 195.79381375233228 109.13016950626772 192.2803640990153 159.43098476567914 149.2843687221017 164.27082192663931
212.33151759383867 41.44841328246682 188.96408013253352 98.68465190629244 247.34742948678246 154.43289002830232 184.5251068310185 179.28041929386376 140.49449623328127 186.73644587620765 104.939870406675 173.14382081397378 61.86473858795827 177.50772214827356 44.90115604430852 142.3972474650513 0.0 102.64435885066835 48.059596421608404 65.9680752304967 54.207681697016454 0.0 116.38244139925555 43.508056764569105 146.27627385858622 51.09561395234202 212.33151759383867 41.44841328246682
17.78094632013825 25.784729690165072 27.259499310801516 0.0 56.95283184637762 9.573877786022884 75.08093780204685 21.283513108835756 102.19368623138976 9.441249050757555 142.9718588462215 10.927270002066066 144.95173553130297 47.07463017479659 162.27959579088125 80.56545875369736 156.84287855015526 122.65098329280241 103.42427191937458 117.06701362719338 79.76539452784876 134.3600028786885 54.468662075331764 118.58470986410398 11.664223974733382 139.77728728767363 16.364116455843885 93.21349464181054 18.26672442979931 68.72517065918461 0.0 46.17422973897222 17.78094632013825 25.784729690165072
94.41121321636186 55.97938295796429 100.28010055066704 21.614091730718393 133.10420032965436 0.0 171.2064737054615 8.537878875379917 156.4538966484442 58.281773726739516 158.892014624439 81.25821632387891 220.56093367358267 144.04979614692184 122.64834348474457 96.91869721249722 127.09058973439394 181.99373579587404 79.54975275654726 172.8310607371387 67.94316321755693 121.54023010345199 49.705762683678934 101.05712256672047 0.0 70.75095221081872 64.72862592099979 53.54413569715834 94.41121321636186 55.97938295796429
77.4366171882764 0.0 106.3601732600921 16.224406703945327 128.8215098704998 37.79703127461409 97.51094176094395 74.1600291410181 181.9812615132783 100.81546670317414 116.6643337250112 108.77061512613713 90.82176529038043 106.62829044544767 78.38922483530233 128.38609442560823 51.8472245735057 137.7866248032171 0.0 145.7060815295699 42.83064399817633 88.36884206948483 2.216108275429278 65.234051282585 68.72376778796085 72.72114076048662 47.95097427261793 19.645641428028824 77.4366171882764 0.0
86.03577529498978 60.73855726034073 63.088922891900616 47.48905824547181 56.12597861516351 50.67423826161149 45.63927618961167 55.21776924265269 34.645581665987 51.04687488097531 7.9171849187059 49.13721086855861 0.0 28.151516184533335 36.852489332142646 21.874485060627052 37.731391860159725 9.762646162692647 52.10178241954288 18.3791219659267 57.45709338063478 0.0 67.26377099640266 6.888959021872296 64.89482249071025 22.90039417292435 90.99843012771836 16.63104574192981 63.30521495126862 31.026975917718715 63.533404440592754 33.89700293004036 86.03577529498978 60.73855726034073
231.72366710299175 91.59472453283095 211.67810625406327 218.0733536086347 84.19145089398123 198.66659950005032 0.0 101.48803867878996 78.22077911807702 9.60597434250247 152.17825991005975 10.421960023540343 198.85694744375235 0.0 258.5463670925111 29.7726918087111 231.72366710299175 91.59472453283095
72.63480111133771 19.35110026729886 67.99280413634483 51.874025835423296 43.094985820356335 51.33157928852779 5.639540333229725 60.97136495607185 0.0 15.007430367020476 41.069735276454985 0.0 72.63480111133771 19.35110026729886
57.007581374035155 49.96181827048407 78.08331355346917 0.0 87.14922368216659 54.44284258232557 84.24796783114903 73.45370914964934 144.23445931903916 84.38503986223255 104.60115884881097 102.14949078319488 107.83377430449679 140.89093853283012 72.21065044010746 123.65618249278731 45.099012558105244 136.69975167142147 31.619925971452112 111.79719010551108 0.0 95.27301650806109 20.932148284154223 68.78152726110883 32.06345712442717 47.39455668533745 57.007581374035155 49.96181827048407
0.0 64.91927996018498 37.138056117282105 0.0 133.03558129412505 34.00358649255726 57.35513748785283 90.08404527672128 0.0 64.91927996018498
7.1686268007275515 30.49399227566478 8.293557218591815 17.813549403086284 17.55362783497158 2.7394071036644334 35.131628033452984 0.0 42.940838712190086 17.790677363838668 35.64920536217076 32.33220411408604 58.04520389645465 42.55347095294522 45.34352338147839 53.49768699995866 27.4649227103657 41.71112168926254 22.588588250009195 47.3812191809529 6.131995711071198 55.404574879710495 0.0 42.76986063997943 7.1686268007275515 30.49399227566478
86.47364609345539 56.53267260143194 74.12990801410133 59.8401085962296 62.32163982341736 51.67510177730033 47.16775772655302 65.85350210198779 35.76558211302057 56.57874987134669 30.3938707818792 43.391098978402525 41.80325467509715 30.67747690951309 0.0 1.5604731255770332 37.26948347546124 2.6456641204205766 53.556116099421686 5.536703519101991 63.87633907945455 15.33468840115107 76.6012757472952 3.0302393276587907 97.83932854089437 0.0 103.90107831604197 16.9675332354405 105.18077533532654 33.02929131763368 108.89217576659021 52.62553461992415 86.47364609345539 56.53267260143194
276.56999578404907 55.41489573640709 307.22434803136935 117.87649521246321 277.06650579913685 184.18948393373154 312.5415898323248 275.34814188784327 191.08558473811027 227.09067591185737 162.61039163519632 284.2314362751663 110.60412571769406 277.5424327043412 87.93524919883062 227.01617385424137 85.5856027446428 185.09202321833396 19.68726565872055 142.5772152458354 0.0 57.78374247120999 89.84339381225514 50.64163747523068 145.12783205082573 0.548774247454304 222.7699125966396 0.0 276.56999578404907 55.41489573640709
0.0 67.26676083534527 59.03784719828707 69.85717822716518 53.6695143883594 0.0 95.51795193067258 26.92546541033437 123.90939498053368 42.64123273552646 174.61705170907464 44.654043492034276 124.717107710861 94.14105442999768 144.02880590509358 118.76850990828584 129.66577631017032 140.37982835344553 93.90574910751835 116.83434917832406 82.39992458118346 144.51307167562425 64.45043370067451 135.39775839465966 31.365450001882152 132.8749703125871 45.01032930827722 104.04974299730799 0.0 67.26676083534527
52.33151666552648 35.46705664092643 105.14472279904344 0.0 135.1722423154148 67.01875399347912 228.88726128853875 30.243811022276674 229.87257663575645 107.78716350204476 175.78074190568316 177.30330960485847 102.69642000290065 144.08351397592998 0.0 125.63615764129835 52.33151666552648 35.46705664092643
112.05112772875836 76.43113005312152 129.6548369008166 0.0 179.024498398405 52.0116716582082 217.01699740815275 65.1495106670726 312.29292842676887 80.48770730552874 245.22857872997682 144.9141064159586 217.44395177034804 177.1323202156442 195.40247035592773 219.6031668615871 150.3259864907244 230.7983277872748 131.8104706160875 169.51981303221743 107.77763138431493 157.68762697927775 0.0 142.6761992688027 105.60088872926084 107.53928214137446 112.05112772875836 76.43113005312152
36.014909890743816 42.524947166076736 29.143670368323846 0.0 56.40224774285104 16.345212093028778 74.81924369538629 20.78128635091933 128.55378998096242 4.445872677595979 106.89542281966459 49.89366546231832 94.52765454378206 69.43639902513567 115.84238430014264 110.94425838242827 79.3568498914172 114.08042225310251 53.12114923508371 91.00087699064412 46.82436593132291 73.8571388821253 35.55110191446824 73.02098844757242 10.640646725499927 67.69047746456175 0.0 43.501227871877155 36.014909890743816 42.524947166076736
175.1428753237326 57.1211642131654 202.27707910875614 42.04819972010961 270.6287740250532 0.0 304.51029507926535 43.302722358761315 252.3304281951063 105.3889130714893 290.1801838872831 141.90289413537948 288.0333849906994 191.1601875331928 261.4428915361667 242.8321236258709 212.49558620144407 291.58073200087927 149.0235746809692 261.27238753365924 52.187815902462944 304.32008121400895 60.35274093970868 191.0065440925469 20.883763916334033 138.32889964703568 0.0 69.35909092517205 61.60094576790685 21.37859930392422 148.94369324313914 57.64243561380069 175.1428753237326 57.1211642131654
84.14502960681679 123.31415184892194 29.63795495308009 86.95499885044295 0.0 0.0 137.26997378104682 12.188039982086217 84.14502960681679 123.31415184892194
120.85967481861049 27.495875363241062 201.46376606781524 0.0 173.91865888540235 63.77647098751351 167.50108338386326 107.64237433694296 118.16656231051651 97.38294964921477 84.00433430120911 130.57614963732425 35.87482599975495 115.81275380195217 0.0 62.57973449847565 26.159375362986992 3.479491839068743 92.79026835938453 16.364367868010667 120.85967481861049 27.495875363241062
29.70851045509545 3.8242232383835386 48.665122552554934 0.0 51.12910356138123 19.50484103973301 62.038085906991796 39.34501313790955 29.93512048776917 28.76009510008079 24.819351582112645 56.65372869658228 0.0 58.1926582454883 5.21555647239137 30.58331179705378 4.338845565622577 14.76135997889915 19.87590698931149 11.650720981623891 29.70851045509545 3.8242232383835386
126.99419171450448 16.88473552430583 137.16814647931523 71.71181473027599 79.37430670584743 89.62955252681863 0.0 81.19239009477496 17.844478438882177 0.0 84.13672656910104 5.765741979976475 126.99419171450448 16.88473552430583
0.0 168.33266971034874 108.57898545504804 136.7129331441607 89.70184283825114 95.58290230155225 99.37454447892812 47.44649067953924 146.02671236982115 67.80594615429804 200.31807754373247 0.0 248.79230345693935 33.25187245854863 284.57686071498665 76.03327088214124 281.03469118880264 132.64601405343979 205.1397624884279 163.51702079370702 281.8487178662681 248.00278500938236 174.31497343423956 180.39930741951466 162.1749876399611 194.87135395027514 137.1581704174764 221.5821537588182 109.02355702468984 210.13355477295838 72.047343910873 197.6637091789192 0.0 168.33266971034874
66.28140143046585 8.269208197105655 132.32104348190003 0.0 210.64081551904872 66.46602981415853 107.86260326882439 93.96596548963143 40.91070784891588 136.7800620572688 0.0 52.47659696115898 66.28140143046585 8.269208197105655
0.0 95.31250932302201 59.19413935324562 61.54587029660652 87.26403229190188 0.0 127.08681152028976 53.11283310006938 130.9008838824085 97.58740831625857 103.14790344492951 127.34939523704686 64.07090572288747 120.23348509673632 0.0 95.31250932302201
106.06614793143218 111.74480776306487 74.09154724104134 102.87100981210872 66.73493720729898 71.47241764487663 0.0 71.58458572668786 23.344254028261716 31.723659170604215 43.105057701319815 0.0 83.63080060990498 28.04117353463868 100.49691178633766 25.556271035064377 146.14929404274704 18.31176875410454 158.66697029400723 58.501483538938636 134.78679438983693 89.83649477980077 106.06614793143218 111.74480776306487
43.359380436101645 62.93026366449989 0.0 42.56621587791483 36.40737682944828 12.215408017642972 61.93589956993942 0.0 82.36185641028979 12.560166556909834 139.23103291628507 8.650243555400081 129.06324287551772 56.93355367309765 115.3620133948082 106.89032237371093 63.82605539919602 98.36902275409129 43.359380436101645 62.93026366449989
50.688351803818975 112.7554832936878 0.0 62.54118148250128 33.14863562357961 18.032839236065733 57.866155777482376 35.39174147708288 132.37064767266133 0.0 72.13370198111842 47.183760453368784 50.688351803818975 112.7554832936878
0.0 9.933412582098725 23.4120200057079 4.801737324918037 36.25018645000455 0.0 67.38028645315273 17.997024326704647 27.740554718586452 15.336861146901953 18.224911290258717 25.048251608262973 0.0 9.933412582098725
31.859422429196 74.51715224813694 0.0 71.27748469783067 23.74087992379384 43.440246752775636 16.663430071723553 22.244983363214075 27.44628089654887 0.0 53.07902713129566 9.419387706692135 62.82910653602997 26.651217160481224 108.02609671345328 18.340180361742185 109.89044794296649 48.70507982211939 92.22658837709386 71.76481477104161 68.51281980431513 78.16107542728457 49.2389421582307 96.50814970952928 31.859422429196 74.51715224813694
2.5554612851508622 48.41416594664606 0.0 29.62980063307817 33.56679121314618 33.58947206285408 23.88732975833009 0.0 40.74591041755185 14.172688415131326 52.92793324133432 18.053890556463905 45.14319512572734 33.793365075138134 83.0959733656515 47.29814651319237 73.24199880307324 68.8670848081793 51.527961085121 80.06345059563458 30.38741179310734 68.76491325928069 28.328959145733243 46.17457728131699 2.5554612851508622 48.41416594664606
0.0 26.423540782120924 26.776100732874866 43.997464297979874 51.20449799427192 0.0 59.59192185184679 33.24797001430211 85.50702933983658 58.30240486468149 52.706002670076515 73.84386747385581 32.212675610426814 69.47818470921617 18.014928998034634 74.35888321891356 9.685425140648675 61.16028778140338 0.3104792821016531 47.763066721491256 0.0 26.423540782120924
56.07282249674886 110.12609667284639 0.0 55.63252788730594 53.93347125557682 10.972595040142266 112.17949256107522 5.473175077886182 176.51219686573424 0.0 198.67322374391068 59.48564662132512 245.1819194878196 124.36517431422402 166.23013858561816 148.72738429719527 121.10004333732905 218.35661076741607 60.115903294203655 175.40572813868454 56.07282249674886 110.12609667284639
65.80735865600359 34.13673242805301 0.0 41.64095426819662 48.52482259521621 0.0 76.0988973146809 1.4039505460401784 65.80735865600359 34.13673242805301
53.76183480759158 189.52127444691672 0.0 160.80423210722188 5.287194425747629 103.93788276589872 9.863822416077 45.45888372980963 62.47304807191662 19.43352265854054 116.34363608741569 117.33864993909248 141.39784030818979 68.4469634891552 275.1388302712371 0.0 154.42248837436676 112.07333180840095 285.15479139683123 172.6358738578428 161.2857023719002 164.53490393196745 141.93052891530016 210.76921088740323 81.69285537122528 274.6227380758983 53.76183480759158 189.52127444691672
35.96490701001814 15.183306783206689 47.25915182798795 0.0 47.65937743442343 21.847414704584864 65.30192761380374 19.89402566618692 101.4251222084545 33.70422363469979 76.20731530669359 50.57421153704041 48.75342649438407 43.284243101286165 50.1165488081793 80.38235268608491 33.64918155783309 56.10743369132264 17.98522352414666 57.280727195852336 25.623961052584463 37.76674533568833 28.38380644600079 30.96854403641575 0.0 11.870263614351643 33.82889188877496 23.80475795160916 35.96490701001814 15.183306783206689
94.4088541246542 119.31783048719683 0.0 69.46890827656327 45.89455709853391 12.125595541387604 156.6107905146438 0.0 94.4088541246542 119.31783048719683
56.43097280010421 0.0 122.97164685058915 34.48714780854616 171.585703696321 62.58602100510713 238.9466608513152 145.30378973482678 126.24790974997156 152.78956588576267 76.8697148812788 153.29135374807555 0.0 138.55100776972859 42.493937513795295 73.79346810057868 56.43097280010421 0.0
76.56200396268302 55.73249541651772 51.03649340684859 63.089501789969674 34.92238891648779 69.83299911676666 18.98986921236076 59.362830959316426 0.0 43.5792961220228 16.35394301120442 23.467357970953643 34.23151616471317 15.645467276649285 63.44169633246939 0.0 70.66400576502036 29.978544649917055 76.56200396268302 55.73249541651772
108.0830137760709 95.75465889909007 169.93348212832618 0.0 151.53609461559554 94.85949633632103 199.23156352803443 105.01423581478736 224.41013727991324 144.90388833340091 145.92132827852478 155.83781378323482 159.4050399341084 207.9807623917038 116.57022809053389 177.01497785148214 95.86578715280818 186.26367036428448 49.23351793549987 210.1638715927257 0.0 191.97841729392448 66.29103661664611 136.3217181893499 31.242843130479315 106.56182815116438 75.63646998377881 104.15501433343628 81.43166137755824 75.03505041011934 108.0830137760709 95.75465889909007
117.79206187346738 55.73787799139761 219.84194951119423 0.0 195.15374340991877 140.86902487722938 0.0 208.7993742002655 117.79206187346738 55.73787799139761
165.1507752590705 58.438985538857196 192.19651251828876 79.379150814417 257.95971349277966 119.50162514660218 204.82843555538273 160.04047937444744 184.54812846791057 207.51218630584515 139.15244449198082 256.8457299385562 112.0269617903035 128.5498608185463 78.58178218259383 150.8801203619622 101.40628716008105 114.66520970333762 0.0 97.97065802146876 60.50487488350536 73.27618601337618 44.77100456535307 0.0 108.53248814032553 43.57169077869325 135.03404117134474 57.18978209332658 165.1507752590705 58.438985538857196
0.0 25.244705796459726 120.60635818044345 0.0 241.31243626257287 58.82120139269357 143.97747903962465 155.45998387152622 21.29358422316767 165.1244846796718 0.0 25.244705796459726
107.90645529405944 80.41329900807258 112.4472471455669 25.73158046785659 159.09965355599167 0.0 205.75423657749838 29.361042826205463 203.2627966916693 80.19571534114775 299.3380349007378 103.96884682016616 234.24125224338695 142.95535736442798 198.32891549169648 167.63824813413885 169.92770480625543 100.46450340200857 76.72829920505481 199.88111243838065 0.0 142.3802094937123 107.90645529405944 80.41329900807258
124.62986106246964 82.47268366905446 174.98589814471833 76.27752880427326 235.4060290711076 119.36728891101238 201.05226746064446 180.44991742082303 134.48503307176344 179.96033360553892 96.54785174708385 211.39135470796958 60.87504027924641 182.41936842353462 21.950610993868537 155.33239232640057 40.13112502218782 109.57365110548695 0.0 11.863867405762065 83.51440135524643 0.0 124.62986106246964 82.47268366905446
34.06927586936851 234.8277741833214 15.232723862548909 171.4281851971445 0.0 118.66898904885014 12.802631655276087 62.710636551345004 67.45256182428636 44.32363408802945 131.0489353912998 0.0 168.08856164700194 65.371204846007 164.11962235868833 121.3958034101581 237.49343456927798 190.7019736324011 113.5326814741127 157.23842172401686 99.01726491222927 189.50205136969194 34.06927586936851 234.8277741833214
105.31074043356497 83.95171215050466 59.666368360165215 73.87621659553078 41.92832809375485 71.9118645431368 17.68276995512219 74.62281512926883 0.0 55.079885728658155 5.292385760672886 30.50162579052899 9.596388444034211 0.0 40.50991750179508 3.7239542284065976 60.155659930618604 13.378515348524658 102.70632459991333 8.657432018058742 78.32833264128328 44.75785700539822 105.31074043356497 83.95171215050466
191.63581361003827 134.45197977963312 154.61877184408408 158.73704610633203 126.25134535812646 127.94292935999428 0.0 64.99254044000257 128.97714207897283 46.49070024200606 204.2138665824021 0.0 242.15636799063802 82.57608007742064 191.63581361003827 134.45197977963312
1.1841005337919057 50.975039433662005 0.0 26.064076896469828 34.87716167491543 22.763719516306523 29.603636377312952 0.5592627428180208 44.53006392699352 15.45088028037992 52.47733321767703 14.886107537691203 100.90324339610522 0.0 95.453341335107 30.567806849431562 70.7467742135748 45.71873578560823 71.45074285395184 80.99893440905473 42.371342272118355 74.5121465538439 19.087458668889226 69.0089418961393 1.1841005337919057 50.975039433662005
38.15913420598062 105.86137805338744 0.0 83.86804169605941 40.11114939716106 60.6476672792199 63.99168455536673 54.24608160534159 67.76009044272341 0.0 90.70895142837934 64.5201569087123 153.52112967791086 1.4550777510870319 122.70361452549123 64.77641189426402 190.7195578932242 83.31674514801855 160.70393149185975 117.90822057887944 118.92851532421349 123.05191791214894 103.4309786806354 152.82810696444596 77.46712052366847 122.09488136686453 60.143496100327155 116.66520387974161 38.15913420598062 105.86137805338744
0.0 70.83032468574956 124.16625652860363 0.0 262.35326765091855 129.61559810290174 111.03519359051462 204.9209063699316 24.743091594252064 180.56813610911075 0.0 70.83032468574956
121.72680061106382 101.9233522862422 150.64001328823232 89.59696219161776 114.95644974446282 0.0 170.87151101472622 10.61700139078576 206.67681457397504 34.92541181769356 250.92024715682 25.842780366248846 281.5349951734562 53.24027644863947 264.11063117604954 99.47863389427266 280.192604367425 130.5614465445396 205.93219872448384 126.21489247609559 248.38669171923326 199.24257421987662 226.91915950884666 279.161396844155 165.1918045703199 276.67140373036545 111.19989973989308 241.73725164092826 39.50060982391068 219.96371037583378 0.0 154.8716694957159 121.72680061106382 101.9233522862422
55.117884351331064 45.50339754184 42.47229494817933 69.29125433287285 0.0 76.50313040950002 6.276216747944019 35.70314718455934 1.5865941851252217 0.0 39.94133444955367 1.9363701984412955 55.029092160150434 16.21899921595977 80.44605382034976 19.082728052099867 99.36946550620905 50.169281997939194 55.117884351331064 45.50339754184
131.62811129839713 81.90682028450392 67.70321873488308 80.59922182537996 90.39917651237738 128.31245892341167 56.84845085808049 100.75748629977652 43.810790866862696 101.63882643372041 15.209045547547959 117.6432642978914 14.319134187271722 91.39015045058073 0.0 75.13893044804279 7.331120804926357 54.31351186799971 30.005063502490337 48.46524133726139 26.390236133692746 0.0 54.361783985916894 27.088333585671336 72.66160403189878 29.554771389263166 70.18191223190718 55.71595562309456 130.9525062964969 47.25196424268104 131.62811129839713 81.90682028450392
0.0 159.35413151080832 36.32673037064221 71.29108554935917 113.54805321846996 56.62817989143991 163.88173839362707 0.0 210.07285196060315 59.55168908724242 263.5449121986792 115.86438511438881 235.72469997071107 192.16345665065558 162.2414226374395 233.43837849646087 64.40684014965761 249.38939463444177 0.0 159.35413151080832
