70
68.48625499747118 182.3384396289181 0.0 173.86203379500066 23.08884930926638 108.85235130333781 41.160690355485144 72.24557598148066 19.396779369664728 6.8670695737792755 95.76839190219826 37.39917927782062 120.68777487189135 0.7088393543719462 162.35069146867016 0.0 158.0936010438406 62.773818360380815 231.46177093998236 54.57773557182419 227.49691888853255 99.48378280889253 152.41398231413726 108.87820644180152 197.94928721850826 181.286215047762 147.50712232351412 178.03891352991502 116.11324812726973 151.22366636787243 68.48625499747118 182.3384396289181
0.0 88.57051098184317 107.94086621512307 0.0 176.06188816957737 108.56187606789715 250.697235126176 193.5996217120339 140.52633765235973 225.13254010278087 52.68615723414048 207.79991419512652 0.0 88.57051098184317
135.85425224788625 81.93525808099456 225.2855477110559 117.31650543834944 201.94402646300517 155.7837099463781 169.84478278553212 185.86617004237246 117.44900727982558 111.08533228613005 102.42719024132849 127.32612890387112 37.85796827423799 183.65217332105067 0.0 148.75630170852452 53.848093663501004 92.08358839088241 28.161311932536435 59.67260854180603 24.89790758665221 13.040881694857262 72.66845395955521 11.599060403435786 104.8498791219762 0.0 138.89249028256535 2.401588837970394 126.16787276504527 69.33991186208206 127.85855601278197 76.7079568653441 135.85425224788625 81.93525808099456
40.450360983829015 48.63096954554102 25.27141936928571 47.49543602521746 0.0 34.79247903144362 39.3120761542265 29.4759929388039 35.01358848416123 0.0 51.79325795196614 12.777369432310863 61.5048592124608 22.90632767733962 90.49932189126777 45.65565877864033 70.38017190736463 73.00818922711683 40.450360983829015 48.63096954554102
22.893808426874756 76.06337964736024 0.0 12.800450018514098 70.41357621506167 53.406266753732744 92.20534072956926 31.051975094541362 145.161596094192 0.0 187.5659417209876 28.06436856188178 246.0186791688123 74.18990917466029 190.4300644001563 130.61649179235928 168.88074141221807 173.03998205115516 92.64065233054994 111.25522103835661 79.48088611062428 191.73941055789612 58.02183976023525 149.27859116162483 20.096821460680758 144.49459858834132 19.949731679422683 107.48564868773934 22.893808426874756 76.06337964736024
11.993754818532125 0.0 252.4316968076666 57.41250339936558 91.06340142221784 247.49319038068842 0.0 131.94240507476763 11.993754818532125 0.0
77.30473763375352 5.922278164605942 90.16792650433989 10.596582217925672 121.40986567878961 10.57628569492364 134.9535770589383 34.01778422848659 102.01045649099842 49.872718565841424 97.29980691314722 66.53954191042261 87.66052733371573 96.69016969027409 59.79996261125136 94.715310176279 41.078855269434655 76.06496714188621 0.0 73.19365020336487 58.47490731649762 36.66686704481492 51.71899480662472 27.922991056551737 56.708534071166596 19.220883753473686 62.33968051833743 0.0 77.30473763375352 5.922278164605942
120.78217674543828 44.15979658257375 136.76020882734596 58.79304182824329 131.04826705168838 78.77806883663452 160.40613878300655 114.83112230759065 117.26098024831168 115.21775251579123 92.95732583828912 103.54303534755144 78.74855034954344 140.73063309755702 69.48211374661113 105.02094764687624 42.00592429250307 111.73701834779837 34.68802379527028 91.62869971941633 0.0 70.82194314200517 50.38852974603702 59.20568318544642 53.887166644612535 41.102535563847596 58.0064156101069 0.0 87.11939612835502 20.303604189590665 108.14854250980352 27.280748834361376 120.78217674543828 44.15979658257375
9.862664561289229 31.33883119820632 0.0 6.463283541323477 30.647508727945144 14.389711900159611 42.64875603184654 0.0 56.576453526354136 11.571492109555948 58.01315549814826 26.438119031456367 58.85178179022723 41.66785399544047 44.46823294983027 45.95030437114231 31.937351480984894 52.00965939444988 16.079693518551785 47.8009685390721 9.862664561289229 31.33883119820632
75.27197568801137 6.170516911447841 143.40870685559503 0.0 185.20493495672872 67.16741865463922 122.31535484052519 101.08975159361135 52.65490969245957 138.3017448459812 0.0 54.02664639593472 75.27197568801137 6.170516911447841
154.91192020633815 243.47438772800575 112.57913824591489 236.56045212599128 0.0 233.6090477904749 104.24114114517607 161.46016087078073 79.5007779741473 97.27648630355853 122.03876784573535 48.90137291079981 195.70516622123733 0.0 199.4755997624456 133.383713324492 313.1859141727116 117.36925449158716 244.7573558881428 188.09517586716424 233.726323991224 231.52773360415352 198.70347100327376 258.4877777362258 154.91192020633815 243.47438772800575
59.96126289510221 31.46026317668513 63.7511921386473 55.604952859177416 37.14449782570543 53.15036696934652 28.600648430234074 42.600090265581485 0.0 39.88419300111099 14.365784290020542 20.831432143986632 28.509472381044674 0.0 47.90748006409643 16.809101639155784 59.96126289510221 31.46026317668513
86.60538444847393 22.480698401186906 110.38238637653205 38.44696713956071 136.73849649727728 69.93071517614084 67.06661405802262 73.04240101538254 75.3114285543632 106.21652344022928 51.81968922524284 112.72171223177156 37.86151217155606 87.4909150201755 20.359430441357688 86.42912026585773 0.0 75.95195731858917 0.9243407782844315 53.094812715073644 24.060043463231636 44.39721576735879 32.630800562559074 34.73047276325465 45.57998749365011 30.30271536828282 70.25902363838999 0.0 86.60538444847393 22.480698401186906
6.543557869907431 0.0 78.96683401680728 17.053146677718495 175.66233787452597 29.78557381127694 108.23779283599342 96.87273937093303 46.30962868777053 138.87256137216295 0.0 75.6177502632944 6.543557869907431 0.0
260.8713412624635 0.0 195.53618702234635 174.59685217791332 88.468758926534 103.05369119580207 0.0 44.97302650538842 101.41703106621154 9.659393442736757 260.8713412624635 0.0
10.262121043114135 18.81545128773074 8.822743509857489 4.569196125865062 21.410299056672912 1.9532496982890848 33.1889737493037 0.0 38.009172625645746 12.560350554951398 48.363973616704556 17.28663493729347 61.46773691878556 31.20620634265299 36.58122796156073 31.198940371719004 33.83509005621366 41.99829934820602 23.855773350441012 41.32658040915827 22.388059131328845 28.663434280975423 0.0 30.762684232117948 10.262121043114135 18.81545128773074
0.0 77.73963724496579 45.60657313860804 21.056852755714438 155.07169243631998 0.0 149.134456997069 123.92524189569838 47.689402312556496 154.89232038786628 0.0 77.73963724496579
196.83206134361023 49.06635940036152 142.85927482246626 113.32135812693524 124.2213692530499 195.01972670195244 39.367827551043476 169.02050011964633 0.0 92.26666342173269 74.26974235625687 55.72312380792094 124.3622202845104 0.0 196.83206134361023 49.06635940036152
30.140497981868606 63.83400704053211 0.0 37.457200864756864 29.43618043534309 0.0 88.75769807107793 38.44928862868296 30.140497981868606 63.83400704053211
0.0 42.361337209234414 18.389679889981323 14.188883630542854 45.00417912736755 16.199301360265288 106.73419664989304 0.0 69.03195371046192 51.36481155897281 52.410537486912546 83.37565180997535 7.4140887139276686 87.38116160419526 0.0 42.361337209234414
163.3846823598135 200.46123994438284 85.05472439766581 196.47850547109635 0.0 152.6514571320492 22.05547644400039 51.39461161655476 95.15239515739086 0.0 175.77859732536012 16.312057192202474 269.63681369244955 59.53024555733664 217.16432981930848 150.19195357943448 163.3846823598135 200.46123994438284
157.5281720859465 158.28284266582193 126.31284804080732 187.72583085658528 74.49249646412449 207.35158955465204 20.74047012830698 182.98327920873453 21.82579917504654 118.54445880976701 0.0 69.55734128658507 35.81144432807514 29.39944560151617 98.09845607530022 48.28512409846075 116.33432569671153 5.377054475699509 155.11345680241098 0.0 206.05115519880263 9.71867006227626 204.66247441503555 63.76918958894183 174.69029203945712 98.1333733557037 222.48341772019887 162.1125501454724 157.5281720859465 158.28284266582193
150.57834905605677 20.777771422981644 176.57399254641427 121.33211790406764 96.62749475052905 167.77273302099223 31.181274107027612 134.8670198419926 0.0 74.46418629387244 51.003813918471394 0.0 150.57834905605677 20.777771422981644
47.68146753653377 178.14784928246794 0.0 49.42767351842636 85.95333006305297 0.0 212.64341225968403 104.29684949690903 47.68146753653377 178.14784928246794
40.47407216477191 35.291901879543914 38.20206745749098 38.9170635546903 34.1109078245194 48.314458429736874 20.875061033115074 57.520309003240015 0.0 57.685605474503035 20.101246603533042 33.42921248108827 18.81897344880241 26.516020172140614 19.3832320407966 18.183461781526674 20.21640374840223 1.0277951463311297 34.44318666502069 9.940284314161744 49.360079017455504 0.0 46.02147192174486 20.917631194696952 52.984044617467944 25.943024198013106 65.11615887106692 37.47158136890678 40.47407216477191 35.291901879543914
71.79144806564847 72.39256257157324 98.88035876092336 7.631767070924624 120.72980426912295 28.285795016368972 130.8977105995713 55.079304795038425 131.4855998398108 83.08849674403561 142.59684413869132 121.39417584469392 97.35309839385194 118.20599405287548 74.01929258015566 112.06324032465433 55.310958454995074 113.26641725046464 17.394494842248697 120.26482215425007 58.60075721624909 75.98824283469378 0.0 60.474274618202614 26.98829522557231 41.72039727886332 31.368994915875085 0.0 71.79144806564847 72.39256257157324
50.63053658040744 0.9322923626064892 58.53115727008182 13.332065813907136 60.004830344694966 25.89935730676578 57.4232908361335 35.918923883629034 69.86622156623545 58.16826370110144 51.81942426099448 65.74133338166942 35.33620331458346 55.70846990788036 23.287193587888993 52.55857095409206 25.024701860113268 38.32047758968645 0.0 31.33939814691503 7.671951006702159 14.513163915064695 17.192618204411218 0.0 35.95300157036553 7.309556984863846 50.63053658040744 0.9322923626064892
32.25544922919289 60.76142168102271 11.278893043951769 41.149176928692015 0.0 24.03884946453978 13.322219020163132 3.472197518453754 49.086981378283625 0.0 70.21296312264656 37.92620588439057 32.25544922919289 60.76142168102271
37.11992889905572 0.0 75.68296523436102 18.287698620858393 102.60853691783217 7.816813786469169 125.96765869408581 25.478828385408747 134.8118769110543 55.73876963916281 114.5752422849137 78.69934204507436 90.19013543513512 81.43513750644857 64.79145423319315 121.15190654570645 56.62380040431695 76.2489124532433 0.0 70.76684087159863 23.62965365457687 33.05321108547754 37.11992889905572 0.0
64.59866421931514 47.246845375801726 99.6136157425731 69.25544808023561 57.648697390572224 73.3597774407325 0.0 52.51242983967511 48.77473606589618 0.0 64.59866421931514 47.246845375801726
12.971991035191245 14.43568485600997 42.32116279163389 0.0 96.39656406671057 1.778813452035095 57.863888308323276 40.95097214091902 43.787547758094625 84.77182845679053 0.0 56.45114796865985 12.971991035191245 14.43568485600997
107.11572902778762 15.313343425879026 143.4164901473045 46.86745261629297 121.26722168917034 92.06137456541887 88.37774485856139 138.15287798195635 41.20174383568059 105.61279729302578 0.0 83.47918599179513 9.167442763762352 37.769956018858174 54.845831578315725 33.527576346151484 73.2491051035349 0.0 107.11572902778762 15.313343425879026
60.845955526209266 87.8321410535881 25.914514829964048 71.96892702053434 0.0 29.450861265774094 42.61006896448016 3.4389017800767974 80.90023370960489 0.0 123.10687782021151 25.188605631563178 88.70686809482119 62.28616923306116 60.845955526209266 87.8321410535881
65.05966073487919 13.540981640014849 66.40913467663717 27.90756513040212 60.01286124818871 43.459992629754 44.15795696741293 48.51139847403931 28.812365081259642 43.844109411182274 0.0 44.46792625731047 39.61288545412552 19.241951064751888 33.71337519450097 13.649168482184194 40.52599044281152 16.205917133505523 45.49499606862089 0.0 53.82351259709837 6.132362210406512 65.05966073487919 13.540981640014849
195.62533059314262 200.31668774425347 151.6657111570775 216.0753660910066 0.0 230.87359378395112 34.14176605595901 131.82152970112602 150.3826641735734 117.11671623273759 157.47874210142243 60.821876399592156 208.5730847039164 0.0 266.41833890614487 43.324460215772916 397.93601200206723 20.230840780419527 284.75940000822663 147.23596583831335 396.7012857744546 224.56142220474956 335.47652377859595 303.3172131118956 252.47574462431868 337.7740884110974 195.62533059314262 200.31668774425347
25.95687932030299 50.35327484494129 0.0 24.30326233932545 25.58435473541536 4.046537711897734 53.894159118219264 0.0 83.33491840808247 10.044851558214937 92.49193050619189 39.6716696717014 66.37677541253069 54.65880691756882 55.12191808300106 73.86449437264395 32.58620751198451 71.86020282928251 25.95687932030299 50.35327484494129
30.859846993133644 53.07631729946435 10.519178140024763 60.41078642131525 0.0 44.465657786605234 18.378225322754147 27.01094661153283 9.10946144873256 13.473275473002275 30.81778689728057 26.553088888156324 32.46271813413 0.0 44.20518373722129 7.410413318526423 65.40121625829573 9.434848054114113 68.75130211491134 27.97235457827601 52.9306964994087 41.02114158147489 41.2090284215692 46.06679271502695 30.859846993133644 53.07631729946435
21.441099661686522 34.17379477265466 0.0 26.720442587436025 16.249712719366812 18.483737642662362 33.19719390430588 24.00515150672804 29.158689090256217 6.325354388248513 38.44799095742316 7.476163930937702 46.25484342522222 9.777191032160388 67.75851826887599 0.0 65.9405355800297 18.342266419926716 43.29643830144866 29.188386407910926 75.29878093286743 47.45394979555634 63.40259475548953 58.65753508311454 37.62365961287037 28.893830599282495 36.84050084290291 42.734216361474495 27.562947946046705 50.00436180455148 20.70981394251504 43.79894258768573 21.441099661686522 34.17379477265466
55.20216523641271 0.0 83.23714239267998 27.848588346020406 110.07864931430643 38.55920084574326 173.99790212111577 55.68967793694473 146.79592050816 106.17441026431767 99.18629495944228 118.34640458314398 71.86708384203176 139.22241123316064 42.86187906519339 123.03571481376083 0.0 119.20787097940293 2.08214341535421 79.94601185017332 23.897258785603128 55.20036725925847 27.293127880166367 22.995876765009903 55.20216523641271 0.0
4.628811743707132 47.27147834783686 0.0 25.80385308434323 12.979664425843481 4.3294860439280995 36.94973818332363 0.0 50.79164839413866 18.786038530937347 71.17581739749937 26.83791612094913 79.44029650575814 51.176599774839474 62.595381403028824 74.62585974059327 35.973772739303456 72.30049591188053 23.246391285270334 55.867161606240415 4.628811743707132 47.27147834783686
197.55061546847068 157.82638111859313 116.36773898508446 100.80552272040897 0.0 0.0 156.04654723391553 14.357306039712505 219.56116883792117 56.14849806157859 197.55061546847068 157.82638111859313
168.6330754819205 30.53897044757857 202.89115086119517 87.87402429427948 165.38263984880842 144.0242582451881 115.98151801831503 163.57452270357453 37.31385701384309 176.30259281066554 0.0 101.86770039478986 71.72629883347975 58.36927249032071 105.35689451564087 0.0 168.6330754819205 30.53897044757857
72.94976003322013 135.19561502291313 26.676904335472095 136.48147635313347 0.0 88.696473619081 15.427129885509956 34.93191044407916 66.53307359378573 0.0 118.8717651516878 27.7637488452731 205.55622690424207 48.586795767397255 157.0432714684573 119.33930383366001 132.9649071749243 181.70096076085588 72.94976003322013 135.19561502291313
150.84550555782292 62.92725994119495 226.1741610599856 0.0 247.76404601877937 111.14155129375938 284.03280138256235 146.6245671088481 222.983697731134 188.84439165825864 183.94452400769165 184.83368214043767 226.9435859104176 266.14491747107 185.46527551393712 249.1955403134787 137.44423062313027 276.59470929178445 131.58950357297732 221.26209508132294 0.0 206.90267402864822 96.44600151563839 153.20361874988055 110.51054510082288 107.63849785777798 150.84550555782292 62.92725994119495
12.133885282461847 33.94793417040576 1.6152162376673544 22.168327094493705 0.0 7.195968797940395 15.757484054286877 7.863905118073234 23.030681803612367 0.0 42.42711026847752 1.8991159207320294 34.02324715940712 18.94065787445632 27.86924954717084 31.332146173860323 12.133885282461847 33.94793417040576
29.28748222464452 42.3617760359904 22.326905127327834 40.980416911386726 21.858851639335327 34.01018875936764 23.787220439800933 28.66073468085507 0.0 7.287401999366935 24.738388173256567 13.38972118679392 31.749659947819353 8.60079765778444 41.75998005651486 0.0 54.040736175148 2.810306883807584 48.0242071814189 22.64946932090544 55.959919128074446 26.537807571919785 63.370116222847 35.68839787234842 63.47072364916609 47.96774905865104 44.53671134609755 42.05702113718421 41.84009172926072 54.38643657121298 33.15840682706549 52.31683864170108 29.28748222464452 42.3617760359904
0.0 90.10062941660617 47.44344990459262 36.776542300126245 91.09822438644731 0.0 141.34627558767937 14.596607613472159 174.82202488391135 51.63679054750861 143.43803866070346 90.74486547542378 146.81561068368228 137.77827530506787 103.52243836684153 123.66976637725111 77.30244010404105 111.09998456925476 0.0 90.10062941660617
175.76395263310218 168.4293968692399 137.8499672740543 158.41045969009215 114.14871763475263 137.9909364891173 88.6298227312962 118.81816485846394 0.0 79.43796298557527 39.42317393103927 13.623540055940495 116.82005921985372 23.125028940595044 158.29902109945584 0.0 218.71625888503013 4.07734450077821 184.29052370272979 80.00885513035813 210.38231126729906 104.93470995975123 244.6757812648666 174.5975337733153 175.76395263310218 168.4293968692399
29.560541999342036 163.59107561882138 8.230805894814353 113.00675779405228 0.0 0.0 82.30522071252753 82.27441230602551 248.71505666806712 132.65400919491782 114.35907794375518 219.3605701621616 29.560541999342036 163.59107561882138
26.977262962340568 32.80709418838394 0.0 19.612443245553536 19.992955969068483 0.0 39.20678363509233 11.861276557643563 52.062456646481415 14.594508743322507 66.71244738561543 36.14714239132752 40.5052189158996 41.68491176958884 26.977262962340568 32.80709418838394
119.69029769321588 225.13492847218822 51.50286323269472 221.4306728361086 32.500673886358555 161.46975447173224 145.72975367997145 123.78738212286952 0.0 18.6329327880229 84.8433085695865 0.0 168.15151615062962 127.67782969811874 194.5386961545787 29.058630548271623 191.0432985966889 99.56924403111115 269.9213375090005 74.19020752657167 244.80478290407967 121.92578889061855 317.62487316696615 177.57172557886878 228.3099256626401 184.53567471461776 213.95387345279704 239.74923153272886 163.6431544447536 296.66197217682765 119.69029769321588 225.13492847218822
86.33351789108224 48.172128218687384 111.09028116707547 21.640188394671625 137.2503720157132 40.361097912688564 137.2483190004133 74.90121592848682 194.63820397511722 80.77956124737058 156.42041110238966 110.5983174787887 165.1360925344129 143.7972166491242 124.51260970102132 137.24754033637612 109.4207692937263 169.476460339185 73.49959946636386 185.9064603036784 48.43514581674584 156.9235043924275 27.61458664508359 130.3778057080636 71.09175438265747 99.0814598391432 0.0 52.61794093740837 12.602417529103093 0.0 86.33351789108224 48.172128218687384
0.0 82.57708541057661 59.1922651374489 0.0 137.1174938434067 40.45955905223918 162.3814296737944 103.189905331369 114.33842173534903 145.72575920475776 57.122576031256436 141.52939331946726 0.0 82.57708541057661
70.15594121500374 240.15731706115895 0.0 43.12104295375765 196.12359355082424 0.0 332.68968750837416 72.77475129929603 256.2093268157183 185.81050498331882 203.4620218564111 293.5746015882213 70.15594121500374 240.15731706115895
0.0 78.20026686278997 24.665645728965593 25.696884192568533 119.63413081963262 0.0 112.09999113288364 106.34489129513895 40.67335037966553 107.95828814872323 0.0 78.20026686278997
84.27621421193439 200.49078651982325 70.54255188913726 101.72333291124448 0.0 27.98956552988834 107.53203645663788 58.35267532014899 179.97684770608603 0.0 231.5963113620241 82.15008711476828 167.85838972998963 154.33256921224972 84.27621421193439 200.49078651982325
155.10231307581637 176.11030809520614 106.62291581735103 121.72831727666059 75.6584376488052 155.09030699384562 44.58645713659601 135.08516649085092 0.0 99.36032799000986 32.10120749835136 58.09228526103634 75.03189331238252 49.46350370327972 103.12965982236814 31.389946761927064 156.41200569124672 0.0 159.32337800626112 64.45409172680417 151.7368576074011 95.05649352929558 180.00211005407004 135.0357899684009 155.10231307581637 176.11030809520614
125.03927107241329 0.0 185.27631533666732 78.35174321648329 198.27204280318773 150.62912674558027 139.3933620948859 179.96029436645205 86.4030593943509 174.3086332871731 0.0 139.10341669414285 12.56033665141743 21.306329083030818 125.03927107241329 0.0
74.63918689027301 0.0 138.84264258840182 59.47677954276859 173.54200609776342 119.00768307777534 119.5606571191399 152.9484940339874 80.0811476026594 153.46927942831343 0.0 150.41837888735387 8.265467865949347 66.70371678591677 74.63918689027301 0.0
65.18379974533676 74.01907467821269 0.0 13.610981138437637 70.5281731924948 0.0 104.96824256113048 22.581385072943036 65.18379974533676 74.01907467821269
87.25496306136537 84.26680507947145 77.64487571527766 132.91853106395962 38.96903224551393 122.89020580878463 34.466647470778526 84.23805995505879 0.0 61.05846139454825 24.095483654783223 29.551907654468714 44.699289379382535 0.0 76.33307185979284 33.42429362546833 99.41548454427439 32.74210883828814 166.27691663794783 38.85751904988452 106.76461780652377 75.05458583504185 87.25496306136537 84.26680507947145
103.99908604243805 50.29461955306538 128.06622818078017 114.39113971093445 60.13742692834001 124.15729139537783 11.655575645158002 102.59771303960798 5.510273061694939 53.61305643372574 0.0 0.0 54.366559384497926 2.364578659294864 102.88055451414164 1.4322885909027931 103.99908604243805 50.29461955306538
78.07897591799136 11.902035439549671 86.32068796092591 27.335593607443748 83.61216057244124 43.92820705652205 48.50138661551899 39.9321304476102 64.50792010890424 70.77353312614278 45.089539727555696 37.582283919327175 30.719514125940087 81.75433865756443 21.22785065491457 65.08435079005531 5.314657314672914 55.9380515739394 0.0 37.942886779139606 40.009906320621404 35.37531151693424 10.682747021140479 1.5504945240936863 34.07732727041472 6.30977791967036 47.74917203964937 0.0 64.63356485621355 2.328512742868064 78.07897591799136 11.902035439549671
19.701256692201582 69.91136024599031 35.47946567542725 11.319743385580068 115.54731394408623 64.21802741706452 139.06660511000962 68.83388462073535 195.7767960335109 0.0 219.4256851391464 50.74372269449292 270.47419559238415 79.53150561924187 289.5459177825818 135.13608841568578 184.91718451064514 148.57810397795515 213.75387367718966 212.82369466181018 150.05828577749918 164.15551677408138 130.84796592791736 214.48960526630555 96.7874031424439 209.40729468479805 66.29833568777492 191.28137784494209 0.0 175.31211432936914 19.52233502748696 121.34783040847726 19.701256692201582 69.91136024599031
226.77666399016644 97.20254731786424 200.0052763541904 178.42241369817992 128.49237811284803 169.16556778238026 0.0 156.9290739309601 74.49913398596829 48.62238339415566 175.63597190786078 0.0 226.77666399016644 97.20254731786424
0.0 73.46906023097118 67.91124713330541 72.83059755846901 67.5189269923572 23.92478745900688 102.36426002998066 0.0 145.39661360699208 10.526529443962133 180.7083757329116 29.758853227227945 224.26653273872404 53.581666950826765 155.20047654094057 109.45274038269262 166.92291792922666 130.5220488445376 208.0798739928646 192.9503356810025 154.58932995527678 193.9990531948528 116.51369764025074 156.33991882842432 81.35845546182858 212.11469345815732 62.997651853114576 170.98713297639313 40.95748587699002 149.07958256183184 40.2590361791959 117.32274730722804 0.0 73.46906023097118
111.8677843268472 29.206358478847186 90.75693350830552 55.81191045560272 154.89856090413986 74.04914211598208 100.31039277295666 79.73279113899974 87.4137133825987 85.12075052046339 90.5697731309075 135.87386837945067 60.87752831847156 121.63238002670113 32.183041114977605 124.01987661036065 54.48171135210957 72.43452296406102 0.0 78.87424495709067 35.077053873632465 56.566670357985466 27.39944729795522 37.075791879801464 48.77093053585658 35.06766833362342 60.96284255046464 32.11021877755591 75.60096465158495 16.813191254173837 104.6997361057709 0.0 111.8677843268472 29.206358478847186
130.51082607266056 111.93963761728068 0.0 44.27898930181284 113.40385770820755 0.0 206.70009204948468 13.787673669371003 130.51082607266056 111.93963761728068
0.0 48.922346078201514 4.8685204462502725 0.0 57.015117058094134 1.5634882518102131 41.600033997603234 43.46703148669336 0.0 48.922346078201514
276.38878656450674 70.98379784370495 258.60381225913545 100.35008709090053 290.18653442136764 178.58113167692082 220.977754836518 150.60044580083402 184.45558769368444 150.49709875188677 130.59399192046152 158.3849933592592 113.04527074297883 112.18171244485586 0.0 54.281667262652704 94.38345102286351 5.930702886184051 161.68970773437175 0.0 201.6676661917664 6.905543766182561 240.39545733624098 7.354090462715476 280.8783657585707 25.258455733881895 276.38878656450674 70.98379784370495
