70
77.41929400626975 0.0 92.91245570540661 49.58191803597043 50.90102703055552 62.09909019376032 33.29659453148921 47.536407041472756 0.0 25.673399960274665 35.88839440109488 10.360349449902344 77.41929400626975 0.0
108.06955234602893 224.33372067032002 73.44561411867105 186.2346551296821 0.0 123.69755632750427 124.28052017445873 100.47964572428177 122.99505261645936 40.255056370926454 167.55365374544874 9.10886801445048 217.56274241655143 52.68281951521992 291.25604548575524 0.0 206.31230166568082 147.66503257037652 221.4723446565398 143.09984378843262 415.496897870976 171.34001358409705 337.9680359436013 223.07142617501222 242.85012797902655 195.71168518801494 235.3135716487273 258.4065585218035 186.84743003178824 295.70457273884404 166.20319448176184 215.21065321924527 108.06955234602893 224.33372067032002
147.73312895966086 138.14408863210963 132.3624035656404 186.97082510344075 90.54631025480279 169.75270661207162 38.22722832600368 167.26541187554693 0.0 119.34745419543138 30.332613322420514 66.89890284047922 69.35672886069133 39.39378201132773 112.9454517476459 0.0 136.27409077317887 66.6291675850458 182.86991581563092 72.93213092236135 208.87036599830134 121.89959504934816 147.73312895966086 138.14408863210963
72.1686885696788 83.65306036189217 79.30260676540928 106.56945533807527 69.21999174089152 134.50084014423328 45.27111845634804 111.07792272198964 9.218101150492444 134.4682641949201 0.0 104.80399025863179 1.3743305409300532 78.54004434017278 24.540493223625667 64.56275290376618 9.637874514117698 30.18251721154345 31.087640519211753 10.857577536346767 57.088426366053376 29.044823696029958 101.49632541050966 0.0 137.6423590657804 25.76677847617497 113.96614420650329 69.72205676377358 72.1686885696788 83.65306036189217
0.0 123.88190536125755 45.11744444753694 0.0 207.7074988254998 72.41250145136371 80.37575392328668 131.31994638217935 0.0 123.88190536125755
144.51492428052273 73.59002069201115 117.74567664464331 72.54925173571084 65.37219471380064 145.638032191652 25.463784030913857 84.97658002833995 0.0 9.458730867389242 84.61236362818876 3.909855907635489 118.90929027761774 0.0 155.79404268945945 8.377802862276717 149.9023906890804 47.75332751382771 144.51492428052273 73.59002069201115
58.1237213821088 143.88260741566086 0.0 37.381481565177964 108.58443540135642 0.0 164.53138613615943 103.82278812416637 58.1237213821088 143.88260741566086
156.78945908137257 0.0 203.3411221556753 99.36498294322405 98.26728109052016 95.78821072299158 0.0 72.69714433500988 79.53100610472724 2.5307721569775055 156.78945908137257 0.0
82.58252276392969 11.213060085922194 75.85852932846095 60.90475771352445 31.267212858503157 42.87609397541286 0.0 0.0 52.01762843121536 7.597688197362828 82.58252276392969 11.213060085922194
69.73891910733369 0.0 82.72237621632017 20.32866612240936 113.73831349465028 23.174424129378878 70.21502689088912 42.60380158176913 95.94437816150547 70.10702871487108 81.04095891818535 102.92530350318422 45.59084730569397 103.84590681058698 16.729241035108707 81.9705507917242 0.0 49.79024607076853 19.826087948600268 19.162361966123882 48.922805776605784 9.696073716085976 69.73891910733369 0.0
239.4440740552134 190.59640477380816 174.68507943074715 179.01828248029642 140.9856650054595 159.22745008278463 99.81314193772957 223.0519743059831 29.786913720848588 234.42314986379392 0.0 175.71309826243134 36.51458175360338 113.33513201650837 60.92390227380089 79.80466721793509 67.28853173433905 42.93319750581552 137.46826214754557 104.66156193944003 128.72569147132106 0.0 162.57738544904214 23.089371661178944 213.84232604618833 15.370149129454134 167.90567062380958 89.66942783744989 237.50893922440784 97.4369975560826 164.71349990415487 113.54599273567864 239.4440740552134 190.59640477380816
57.937336924925255 0.0 76.61505667752598 26.985602261560544 130.17297668679703 112.47265579054871 42.330467564461834 64.25702902110766 0.0 21.11695231786993 57.937336924925255 0.0
330.78202547730405 76.32585742389882 304.4160154856955 131.90966042064275 276.5492136362533 172.84298011750172 304.7126716271053 296.74394241940297 194.3636103578157 184.67611453149516 173.97844204772636 145.71681138217662 104.08334176067103 209.8274496183742 14.712601411697221 194.40405451188565 0.0 117.12628602405661 124.14576963098354 86.0582946377667 167.88102958870775 94.91076285980375 153.5848631528832 24.83480673282918 190.99372688207922 4.586241135901247 244.14907390787988 0.0 291.60197793410134 27.092867589433553 330.78202547730405 76.32585742389882
279.98845135059923 195.6792729961986 190.36071197095413 183.9297832020329 204.91132454344645 280.4647725793777 156.1362379933631 164.60021751465172 106.68350317862462 234.17719117174087 56.10125209689326 213.69288826857863 96.76042518067152 158.6922625090382 0.0 95.35408831003403 46.267136077398845 39.11587967252157 108.34252454479116 0.0 177.25301116584 11.754871432837831 223.36209435145358 50.01544443400536 265.5223562516241 84.93225751867081 331.2739456718793 131.29427109001043 279.98845135059923 195.6792729961986
67.6642240701688 141.41555622403638 44.73660135588037 0.0 166.75267967447877 115.50700151239393 271.0603055227985 54.71949349612369 320.75026700524353 153.8079862175133 226.36078531323204 208.41975847033018 189.89935792871927 270.29675109277366 103.56997499415829 295.62020514760593 0.0 246.32577768020457 67.6642240701688 141.41555622403638
312.8292809104952 224.37886274357012 172.5202077556821 179.73921251111926 0.0 52.26101951745926 272.2167102446159 0.0 312.8292809104952 224.37886274357012
88.34375446662986 39.411120293030294 62.66019136563886 86.44384842045207 0.0 78.02620162646244 7.511263409475525 18.69676342575417 54.499824986016115 0.0 88.34375446662986 39.411120293030294
111.36903138079886 84.14891342264136 239.66576366991097 17.8606639488559 186.78555444729972 105.513883548244 176.28725655255818 156.16901975461747 132.23108670942094 204.31400485943777 93.02816516163045 130.36889124372073 0.0 166.97196948896323 16.645066006349012 92.98792917224175 14.017740953492961 20.197255134125783 80.43931572619148 0.0 111.36903138079886 84.14891342264136
198.96040237509308 36.90108630777421 198.94378142603964 71.99567113268326 316.22391591317364 78.66049380148827 213.11736376563377 117.97010752757284 204.31870733595105 143.09194349878493 195.78829668343454 180.34739553723148 168.1804819093095 249.34996027395442 125.95853999980338 183.89131214185693 107.49174299034593 156.15345832181362 39.32357695318248 168.86590230646982 0.0 123.42221507829272 7.809514972489183 67.19400514252341 122.02749937160324 82.02045172287197 88.97696493270715 0.0 137.5556571145931 14.175770716080862 173.5297931983803 4.2477035097501386 198.96040237509308 36.90108630777421
220.90953376199892 46.313955763533016 323.7368904904132 124.19939078256084 231.2624029807302 195.80002346336084 143.28655588576316 191.36713240971164 79.23354423493359 198.00770442330634 68.37771924794896 121.14946952613951 0.0 90.14743444048403 19.1032333430567 21.684611958281785 107.1276874217883 54.80490867732303 124.17880295368565 43.70985684554821 181.87432352718682 0.0 220.90953376199892 46.313955763533016
293.34373781987506 190.21621141870918 235.9651677180859 233.35081807751848 174.54465434096545 247.6972859372183 121.54273116270107 207.98871383595431 104.51536621734603 183.4601002536228 30.280044309540287 268.5472546753414 2.088472605692317 224.51338196470897 22.85366375919186 170.15325896338572 0.0 131.0527777711368 109.65295891284747 150.15130437243346 42.49769947754507 47.20363144047485 84.38926110580468 24.654972034436895 141.43049421899008 0.0 187.88882127622577 39.23537240182172 199.59150471542563 93.80681396416534 253.76119810000716 122.8531719922998 293.34373781987506 190.21621141870918
240.05208905528542 144.21830340033762 177.38162394330197 138.118964242399 142.4240638436139 141.59686581476944 78.03549759207266 142.0524154645659 0.0 81.08830008612769 127.33610050349301 55.13076053166894 141.99443685137584 0.0 179.16186693932997 43.0108369270055 193.72543337844235 63.95576152105231 281.05894519634404 90.14033053524254 240.05208905528542 144.21830340033762
0.0 37.37939050040471 16.52476949780825 0.8306406162317188 56.24033744134269 0.0 80.48118363311609 44.61990411329347 32.03927100933029 77.37509409068913 0.0 37.37939050040471
113.1697104828475 11.516533853999448 197.68368290182428 0.0 305.10562063103 30.07949110336459 300.3509517986988 137.7606715806769 263.3565045753447 213.96120451281288 187.9984980664341 283.82576468278944 104.41722545454228 228.13476699138036 0.0 178.77865030939304 105.85089205394956 98.12687841155977 113.1697104828475 11.516533853999448
196.1473075210137 67.83849752525032 202.12364381582455 112.77099635229996 201.6773283566409 173.41603930860663 140.95595575010114 174.2158655778817 101.710071074872 170.92534734288006 67.89866185391091 158.0536954585595 0.0 155.17882080813172 16.15290682561738 97.06947667560705 0.8436326430771288 43.26344491025499 78.73398984540057 53.727855090283526 93.19499427474292 0.0 118.91041925640283 59.3656551782632 185.36319170999852 18.114271239575615 196.1473075210137 67.83849752525032
18.371237533873042 44.129451976229646 0.0 26.969545521542955 3.784792456776586 0.0 28.01555031282834 12.35449083796918 49.09970374995888 1.563211745840448 65.00796430162177 27.328448439125452 42.885869764656135 48.1357123805077 18.371237533873042 44.129451976229646
66.76969704017542 99.06811145225541 43.78470741097762 74.14098339128037 4.985536787035606 73.53841482512283 0.0 36.160028830747784 16.43971987213827 3.013995655840148 54.716623457391265 23.950997033672017 82.02095840649925 0.0 92.82069376122801 29.64424782224743 117.99097966739153 56.709893845150354 81.33734388465565 69.2557587426636 66.76969704017542 99.06811145225541
38.19445240289592 54.893445710185475 8.559802562031422 60.46047778377037 0.0 22.3052498208871 40.78415874437387 0.0 75.28487016540723 28.242416221771393 73.32413132804484 70.43762326438015 38.19445240289592 54.893445710185475
38.17449139561674 44.32011322589217 24.53032356809412 52.673750964226144 0.0 36.569433309408424 14.635941793853348 8.066855731491856 45.79938353857892 0.0 69.24417936832523 20.780429666990926 45.63124091627459 41.13475040421943 38.17449139561674 44.32011322589217
74.49411286804649 30.089586057365395 76.512541651089 39.75354568138677 92.48460189697487 44.04336097274147 121.970127177017 67.15340205554396 65.88373626089187 47.23873317752546 72.5810660420401 73.03142968425459 64.6758568627438 51.908993180870795 44.851670213183525 70.19226195142694 34.33090238673957 58.06374812524969 0.0 37.28115425556376 18.906499843422147 14.359368644156689 41.89032705669106 0.0 65.61051139936997 7.6687598405006625 74.49411286804649 30.089586057365395
26.910183701950878 110.63631888107142 0.0 70.2566358233034 8.367488566820512 0.0 75.23994897531192 47.96861183694058 118.94567540149875 44.91932923643903 219.51630647930864 81.17671514719173 136.1667484396147 140.27513080933375 76.36684479199876 113.27173679240347 31.80091469628423 172.62750135942287 26.910183701950878 110.63631888107142
273.33978573512866 145.43577166351918 123.33314110009093 219.00530231457037 0.0 98.20634110987147 130.6824197108039 42.78168326840482 223.51472725664664 0.0 273.33978573512866 145.43577166351918
27.85594336251839 25.848963324892416 49.26141438754658 22.736159940086957 56.35105305631765 0.0 75.1991692143226 18.103315538451504 85.91405618312345 23.517457726082462 84.135609930215 40.08532198062364 136.2669189384053 30.333951202422334 119.51646306390467 55.480842467851 120.85266290224621 77.5996065772681 128.09907002679077 122.00757714743142 80.2359861363783 80.27202239332641 65.86671545751777 103.86030119883773 47.089358239682255 96.03497161334005 57.147058351352754 61.774053884957844 0.0 71.00821711547363 15.271448281798229 43.85151991172544 27.85594336251839 25.848963324892416
31.967454721716337 0.0 59.37718689228802 1.0373911557004334 71.34552575506885 18.49657436760735 102.18182692458282 13.57936433326374 84.96272137600552 35.45014003243813 82.31420032652215 50.15981618443729 74.50634768574787 90.55651224056626 43.955796856498864 76.56856883492412 0.0 67.09779241922968 19.3948752012764 24.82433596813553 31.967454721716337 0.0
0.0 1.866486716565177 65.52485793843127 19.091266727920114 74.43725924769916 0.0 89.10433286234137 12.124782904572882 114.35460181913803 15.0909480198018 141.41161084879798 40.37974130415047 129.1483862793931 77.12873164294327 92.85763009807738 86.67026815600074 52.7031289553652 118.1470963755681 34.22039451664881 71.08844307939019 19.174154625906795 43.94649972272613 0.0 1.866486716565177
172.6305679220369 218.46644547936478 144.28207972809247 211.45161167964895 0.0 262.6437190791367 67.59475057795369 164.94106084536475 126.39579260788562 134.29757324635784 3.837618163884173 0.0 130.1082982247513 38.43782102934476 182.56475642576183 103.03659353677855 220.22044280147242 58.305619233753106 275.6443344353842 63.10327171286062 235.52336061095647 132.98113728081708 204.18924607008438 153.22994308757887 337.18952601875696 233.3632769543449 290.2419057304804 288.41522656280927 209.08312630282802 251.58357529317774 172.6305679220369 218.46644547936478
77.96393174744813 74.34895837570855 59.27951669519712 63.50137841865817 0.0 27.038140755607635 62.438713116900104 0.0 102.18443774896795 25.176543664791517 100.76995821287716 60.39581684752307 77.96393174744813 74.34895837570855
48.652964194241754 3.511476435827589 80.73597386651178 26.716966857276915 49.097220692206356 56.79473484662266 0.0 45.30666046167724 17.526419429182504 0.0 48.652964194241754 3.511476435827589
158.83098052372344 190.67938309445466 106.69353957128698 157.1146202787135 86.1347313217743 124.73011747651819 27.901178468477156 110.33946244052487 0.0 45.43745730053085 64.37998526834154 11.880840382130984 117.6129942512265 14.679116209064944 167.9786497941618 0.0 249.9528768222816 17.354970238484228 229.74818604856156 94.96011459220593 228.11917915801683 165.33155922924988 158.83098052372344 190.67938309445466
163.29401471877014 163.79287803404887 56.709733968525 223.15355258856795 0.0 114.50302096924162 56.41063882549892 57.75690628194797 117.8809302288407 0.0 257.2002650198981 54.84413568947892 163.29401471877014 163.79287803404887
0.0 176.81727760151855 24.154161358362856 25.863248183304478 127.49533988301069 0.0 204.70117307327243 24.76577370816951 164.62365429310356 89.0364256134952 152.23318604473423 189.19754740733873 0.0 176.81727760151855
108.08685468665685 0.0 188.8619294209198 0.19094590997650585 161.1859824859128 77.9020207564386 138.48273854845718 115.04647769267717 124.85268985817471 169.20640050683878 78.51794382435723 126.08319544972898 26.30669488171951 134.52597026334055 0.0 90.5847286949606 42.76173853711893 54.75855357020214 70.39050780476667 37.869526369674425 108.08685468665685 0.0
26.579207591307572 0.0 119.89474629711316 32.15886933507575 78.4065617184082 106.7573349354797 0.0 88.07281884938757 26.579207591307572 0.0
274.72493356422177 79.98190484423233 245.10109554261288 119.79571690112427 267.90227690642524 144.66451911459743 277.85901375961635 189.7092654155889 232.66557451976263 189.95154998108967 201.1176752877746 172.283446638896 169.24184663894516 222.8737199236959 180.99931353844454 144.77018617156727 89.2529621732125 185.1870492651251 0.0 147.20844392981536 109.09567117327667 100.56211504160223 67.78284075052146 26.937703445624408 123.70548954218128 0.0 182.28646888425317 35.498844755892634 214.69154814968013 46.35088804564387 268.9272514733545 27.39086511128515 274.72493356422177 79.98190484423233
0.0 70.84971103497617 51.96163425527382 0.0 126.6766815982036 51.562366183569054 70.55087520487282 121.9614923594502 0.0 70.84971103497617
158.98331573400515 207.67738677257717 112.77979353524088 154.03578827862538 49.45755339806439 163.43583300672077 46.469925378351974 103.32942372342477 0.0 50.784581863916316 79.0350568523325 30.643254903377432 106.03227504427767 5.630118876223236 137.16473223514615 74.7846324309378 184.10008276556147 0.0 258.32427176453996 1.9921803503269047 224.49323863087497 70.66120642650574 224.77292258434989 113.90199149564013 195.19519879986524 150.0117269883815 158.98331573400515 207.67738677257717
120.10801896791935 40.09841989107901 132.201254893737 65.43123714829443 134.313412864107 107.65988741121257 94.22553474740798 131.31244962102315 70.14230717330548 83.81844946091843 80.43398413740505 59.9485708526904 0.0 41.05315960402752 45.37903411341767 14.74776713731967 77.26923691843639 0.0 110.41683061692251 7.840964822335451 120.10801896791935 40.09841989107901
31.18711586937755 107.8922658137485 98.16091939244586 125.6311863863707 72.61388944593918 0.0 129.96170170878895 100.6282704647065 150.9422047425132 110.26186234726204 175.2096829256867 118.44432474077286 289.1883823057088 108.46387647432468 284.7379382295061 172.42051108567324 296.2549324463243 245.62344512348267 190.85468298204162 234.25174982104838 134.17922016253817 183.7388204789898 116.80258161565045 259.80884633378946 84.57719579369655 237.16945321062758 38.37863991498148 233.34539848140923 0.0 196.6713808137423 109.5323067026635 156.2847155344964 31.18711586937755 107.8922658137485
61.372991673418895 54.97417179321945 143.59122816504052 83.83155307213107 180.57252294426723 0.0 224.1021006562233 53.414646909617915 263.1055477367243 101.6020940538913 273.0404854043348 180.02236030559732 166.71266280338023 139.98322950810064 116.3600825613949 270.3912520708061 103.57283780439286 156.41165681745161 0.0 123.92114507149844 61.372991673418895 54.97417179321945
174.99544173152242 121.9185956459236 151.6588707667239 170.44916959227956 97.96840485766883 152.58116908653355 47.08705912971393 150.88903581744032 13.616701813614 107.00403108267534 0.0 44.15188671463024 62.86768747370579 24.030440857685925 100.497897392085 0.0 135.60135358827074 27.795291922454496 197.01114164388258 26.167232261395405 224.49645705487126 81.78898106438524 174.99544173152242 121.9185956459236
151.84270400985235 22.223370350162234 177.05379791981653 0.0 201.30213087366752 14.604142498670612 255.8354304755943 12.255828970654733 200.44487431731386 68.65513960206945 242.9264731986044 91.06665117345342 235.56346191292943 124.84588512628817 228.53498664609936 177.77039862218885 177.9617599763402 152.85873357107909 140.97034183241243 183.14776521705602 115.06946117778591 147.7605172156388 105.8336657724376 113.36040981494456 0.0 104.40725659345308 118.0415929506579 65.35547557084612 82.38472404686178 18.788694836115063 141.6064811052565 43.43209620080627 151.84270400985235 22.223370350162234
25.547735369086524 12.838321289459401 52.62480657291567 0.0 83.51996063908712 23.8706694527814 88.36446910241045 72.07823526318154 39.52135562430237 54.48467307051139 0.0 72.90453245684657 2.5643362259162075 31.511137709185576 25.547735369086524 12.838321289459401
133.4647400324609 0.0 271.6400303587808 159.46205050493558 137.4421195122389 268.9593887481256 0.0 165.44338257485532 133.4647400324609 0.0
135.31655165700167 116.36596049077653 81.79698047517543 177.44198773747294 5.906396860143019 133.68504746519147 0.0 58.707629949957685 21.29045211089391 2.791651812732148 76.66384030332496 11.64164403803617 130.46598897170227 0.0 197.44178349071615 55.27212662462026 135.31655165700167 116.36596049077653
0.0 46.035935035018326 58.28674878388249 29.983718669895865 56.58257891988755 0.0 88.57024790430175 3.1075150317118982 113.66203344372754 40.186868238861265 83.19375774889744 78.56902301143728 38.2441886957901 79.29224989114712 0.0 46.035935035018326
171.9623714961526 85.42151639706435 233.55821907309337 98.80699437462812 222.8117821039369 136.7854710036637 196.6319870936037 163.8099924593207 165.6145617834937 191.82597092596592 120.25590571564146 227.07180455712304 95.54502444739964 164.30784776165098 65.28257013096112 145.51316246040616 0.0 111.06775421032923 29.73444755988362 58.324066125300206 92.43047767887086 50.125564832256586 120.33464424730019 30.718211349885607 156.87573674043364 0.0 158.77550504486578 75.87221707814307 171.9623714961526 85.42151639706435
0.0 73.9263766828757 94.2779103159395 51.81209612434574 151.94499358067816 0.0 199.69013295494244 73.98124920354151 130.23160115940456 114.02208040199261 57.75293054633045 160.94072875277044 0.0 73.9263766828757
41.712762752276646 0.0 52.404406028585115 2.1176234591970626 59.284129287269934 9.314031629914098 88.66281199539557 2.696707357816905 96.89194060730487 21.264595515707285 55.24041500764609 28.09510915747657 60.643233793911875 37.62207103433283 70.5235342775371 75.66115103152146 48.66894401520784 71.95728917454954 33.43856386698742 60.283284834532424 36.24579570941114 36.228883339055926 28.215986189391018 32.293346209412675 0.0 21.293180048374154 24.182136574626114 12.366912078202262 31.84195735869349 5.321773123472326 41.712762752276646 0.0
66.07113658422881 103.83691518719779 51.27163884616277 66.02460515360771 44.094650180308705 61.9201303296429 18.609329655812154 49.386302511937174 0.0 0.0 49.11020270251444 15.434228775467204 70.63512322874058 24.653335317765595 116.93215557284155 18.774941871563435 78.11654725920862 57.46288990323818 80.16172582535447 76.76855862764819 66.07113658422881 103.83691518719779
251.22754654259975 157.64439034790118 190.67712779327593 185.45733518548747 120.33404688457799 153.09311172113792 143.45182676337558 215.25703629557182 117.06973798117946 235.66952486741613 82.53798700989162 232.48257679288713 41.351454099225265 226.4246687966069 36.45815767775704 183.32523682377723 101.06382373483412 152.1122073995473 0.0 98.17443605180681 58.896228992997095 89.45372736576084 61.053053368240626 0.0 121.16593025874613 86.06182557652235 150.78782896905693 81.93783849548866 226.75820981252096 50.645458365445535 270.6072644445389 94.79529525846814 251.22754654259975 157.64439034790118
59.34848953070633 151.44271598102262 55.7109483508556 116.80944204957696 46.6356418317701 98.55714145922566 0.0 66.10391792266273 59.160539563205134 62.224183930040255 70.48333065414975 42.71922524015476 91.63088427994172 20.143959307200063 135.61488436272498 0.0 140.0543892798144 50.941780926368644 171.02298210500828 71.67179861936002 140.42586482524473 100.9831284228337 161.2317405315228 145.33631582165486 123.19437459503473 155.74930799526254 90.49588388440854 144.15718269820422 59.34848953070633 151.44271598102262
239.90833447803246 166.36076442605605 149.6419139978666 150.76028277653228 95.71936495043218 189.50667617240777 34.819830098275446 155.5961913709554 0.0 90.5519772822316 4.599344053431807 0.0 123.31821583512416 75.82656217223419 141.44385514682972 47.8151010908485 209.11290475701995 32.594128093346676 213.60378600868697 88.61620739958336 239.90833447803246 166.36076442605605
123.19788120553535 67.9807465535419 159.46080118171892 69.98987955179429 187.8529113875266 93.04508911445723 252.48077895485687 112.42443085781585 179.75539061519805 158.3106386272201 200.2327450034249 201.09935994978574 169.13902296961788 227.14618042166117 135.9304930720295 243.8771177832776 104.62997178621626 192.21199026094362 58.274001433971975 236.66446663233828 65.52327018433309 181.09567267963578 13.638319227479627 171.8996089388856 8.335380605258862 132.5335588963123 36.779944429510195 102.71226392238557 0.0 0.0 92.0057091315814 69.29306813412205 123.19788120553535 67.9807465535419
33.03297001382197 0.0 52.58628928568857 17.23258449784045 66.10478870491553 25.2770960323582 101.29267926846259 37.40474939521394 78.87359890442687 60.539370217545624 52.22992871413421 55.601103668313485 43.31245574237703 80.05333614927781 34.91163238841691 56.080409838417864 31.14842120654783 48.079722551427764 0.0 35.50096554396788 16.28560819999364 17.15592066527111 33.03297001382197 0.0
63.081205671881406 45.84091184831131 59.78632064119762 70.16642734227328 36.31825998741523 60.018184696813805 0.0 45.97203851188931 7.2426347876043735 0.0 51.33462721025077 19.259544534404057 78.38724370230356 22.16230655204818 63.081205671881406 45.84091184831131
248.54208596407025 261.44149550528016 141.80235368609033 256.8406611076872 72.45352721912246 232.14237636038035 67.84243765189231 163.28497114013794 0.0 113.88034996719354 23.504086246706763 33.856485527121905 104.26255789785188 0.0 192.40378255699594 14.89865148116219 238.50951340572237 82.85844450622332 262.0724019211991 159.77982037879707 248.54208596407025 261.44149550528016
93.7598980812948 0.0 126.97969387402115 42.03121751610335 207.09536981842973 15.064328838462231 184.92369260341314 86.02723593184754 203.67924205031204 132.20485236688603 177.4163073412068 174.3537005822591 135.26007856694275 207.09004817739805 83.87733387805316 201.45083286406458 30.262234582259296 194.90653471766322 17.755439751641248 140.48402568318835 0.0 95.17338726044963 80.24044302126977 90.28892815385406 75.53166214082005 60.07265645345328 93.7598980812948 0.0
216.34744610500866 57.721753633990204 318.01714375104825 110.86102236277571 200.68561312759772 183.65230899188356 183.99405627363132 244.0287351664294 121.5536822572979 248.0975126257952 69.27826120324886 226.13064053867956 18.473118410656014 193.6203316299707 0.0 132.71193749558796 86.3853674822104 120.64619981154513 74.33947495222264 0.0 126.94686245253126 109.83764927641977 216.34744610500866 57.721753633990204
210.3096407562779 52.22005120862112 200.44643791707534 112.84087094275029 145.7492980458005 124.91806573204488 115.40909304194145 167.22151146795966 80.45253476446194 133.49218493172654 0.0 100.07168301290253 35.88107919517165 29.31020788130928 121.00990202661643 91.48268348421041 167.19159985184044 0.0 210.3096407562779 52.22005120862112
142.79120262319515 116.9206230201201 310.4749939867367 161.554013879597 159.5592908848401 193.9865371253172 115.92692321821352 208.0405556129212 62.39787074886618 257.12906633519475 0.0 230.11305709176366 12.75361807887245 158.62567163118746 0.25560152350996646 107.37551974865465 46.48267765607457 76.73615173375619 88.16236990520704 53.93891583064381 170.51910858905467 0.0 142.79120262319515 116.9206230201201
