70
91.10256054384755 28.683223029489575 105.55251287236726 54.84976021821361 84.93620999557078 83.74691975485587 63.31762910312692 46.351101017212066 0.0 63.28256712242514 27.140170604236403 21.81414507286579 54.76060884452501 10.838119076188697 82.39363789147882 0.0 91.10256054384755 28.683223029489575
77.79286544756218 0.0 138.6831856300732 17.823905103698976 148.47184518478423 103.04463503579296 196.61418195249865 92.27478820866205 190.54256195078483 128.9998103752527 254.0007006289165 171.33096702621583 216.77555702391393 212.02231806708946 176.23208955162133 230.96924266661512 134.34447706363727 221.70226497432404 99.4867781320205 224.15293391847337 90.41190718029773 184.09394272280213 101.04828058818376 154.75188640766788 0.0 146.55010612634834 71.56093101784347 121.01654745445212 35.93202756161432 47.12802029908252 77.79286544756218 0.0
10.365088167221892 62.935079779229554 0.0 27.3943883520066 43.76667366709997 27.926008619419235 63.03051979900196 0.0 88.42567849391386 18.890666169717647 127.188425852264 62.526869821699236 73.23538245658742 78.52609334589378 42.0268435279928 73.52829678061165 10.365088167221892 62.935079779229554
35.5140988355792 0.0 103.32711065582774 18.827311614015215 49.59328116330594 70.77777417310136 0.0 35.72510765059168 35.5140988355792 0.0
32.746835298393364 14.60057642342722 70.0022564163446 0.0 101.14010019514912 21.423411851836377 125.53034001103377 20.31114792484199 170.89697638894273 25.87459846463861 209.4654241566938 70.38998635004867 168.781127861936 112.941511610026 126.20973626682664 123.33895485286513 96.09836080993553 75.39771618540735 55.11122074003353 119.26768616786504 50.026031840778074 81.4347487244616 0.0 52.24205056554992 32.746835298393364 14.60057642342722
10.713058860242313 21.367697053732172 82.37923013282885 17.83324388726166 146.05728853973417 0.0 123.14152361648827 103.90010540410807 226.59964960183194 111.63424845952306 205.75481530347903 179.2917943999821 148.25480974109487 206.861970881358 95.56303262866477 218.05200099081793 56.92503040522277 177.26756583003868 0.0 156.13138450740473 14.017949996387188 98.20893891128762 10.713058860242313 21.367697053732172
0.0 67.37641400879885 88.9887651184101 0.0 156.72649734340007 38.42201246811981 222.14659240904948 90.65639851616136 154.71131326703238 145.02891518880892 68.6174072901473 153.87320047971855 0.0 67.37641400879885
251.21886174300408 116.73522337935572 162.99558250073522 162.57498294465947 111.90900073541512 201.7457452260951 86.11392937922295 110.75904542003349 15.7643060724983 135.9852211683551 47.01856649479744 87.65062881857988 0.0 0.0 81.93443809406696 3.8224933790306324 131.46680586073936 29.234479213042547 173.88398855670175 55.94975475495849 251.21886174300408 116.73522337935572
106.9732248304493 12.216007820652813 185.01611058593858 0.0 212.0407554684422 104.69636252667031 96.3586862407882 176.58640064313403 0.0 62.222890961782156 106.9732248304493 12.216007820652813
43.45452776519514 100.67797986514059 18.324077504060625 21.143408122188873 96.32300544191142 0.0 145.2764511928794 53.07472888490391 152.5914475699849 85.27631041099617 242.67992525653588 104.70948497820707 194.0107909027093 148.87784483202694 137.88963419451414 129.67470975785196 96.44479950827568 204.47829537987866 0.0 196.18724095819033 43.45452776519514 100.67797986514059
94.1263181493351 172.17940402745592 0.0 107.86010953233446 73.90961233748243 0.0 203.91002346418375 80.36046705516152 94.1263181493351 172.17940402745592
85.10981140126802 242.83465211466978 37.25706077446614 189.7222958977548 0.0 120.11222193102869 35.90385604234177 52.152190897554384 135.56360032674064 64.88964454593633 152.0983610346111 26.02840312828772 187.583531027694 44.571986728405065 256.9401891513672 0.0 297.82745523866186 44.077201610509775 314.87930351231626 104.61210663750974 276.60515618192375 154.636700723717 254.6028545169072 198.33072337998027 207.5950397111106 216.87318321981076 157.6312429923591 217.4919432681537 85.10981140126802 242.83465211466978
66.18176567402116 30.947682350821154 54.680498511597456 46.76186045951725 30.889255677345638 60.66106311191123 28.035342621317177 32.84137292006892 0.0 0.0 41.83929241303081 0.5811324793054666 61.365904597279716 10.333380472290827 66.18176567402116 30.947682350821154
0.0 147.23120259248412 104.50639043438535 114.22221789478536 120.10056416911334 0.0 203.9915712722315 58.734844637029894 263.6160482557091 166.24592596615054 167.36162964224 246.23564905011136 93.17237913753769 168.01526165216097 0.0 147.23120259248412
111.61488712302554 42.36842136458242 156.50613681684123 75.84309348653788 140.61652510864636 118.53754193085703 88.82443609114006 109.12856265259572 62.66238452046481 95.63469662116475 40.62251105482801 101.02348973362675 31.294544658796724 80.34056146598698 0.0 69.98491560646683 14.864948360379202 43.76379357995677 5.335966177583941 8.295436880310199 52.58773529215814 33.36164706429835 63.024533321742084 0.0 86.78709122913648 4.46956392008213 95.06061572505273 27.086808099999104 111.61488712302554 42.36842136458242
41.273819377112105 13.359776983025803 69.96762938915694 20.988183195003806 48.05332551462702 43.497261666564974 45.62410926763819 61.8231775413116 27.74038248682085 66.14169150410791 23.24168151078662 41.29704945743554 0.0 47.18029635074668 5.242814420755749 32.08385402674988 15.028111802220948 24.458269383550252 22.83262558887391 0.0 41.273819377112105 13.359776983025803
74.07384887509426 0.0 75.93059695637835 39.91401057215396 105.38007231023381 37.44261373423509 68.7902751705637 62.6878815140312 90.6556570150202 74.11386528326437 92.73423503596472 94.2606442742954 75.85611629035206 100.22339254128119 58.823159774292805 85.0500190024915 53.87085987966529 73.61001444482409 29.865202731294588 96.45422479496614 0.0 92.6252671751925 14.715768269601902 67.3001705092347 14.252178316408042 51.01229062685314 6.945542885057655 22.455032493273926 40.09994758904466 32.31215185406656 52.47230916149516 26.107919765570927 74.07384887509426 0.0
263.9569363671683 0.0 200.82371933025922 102.57030360199269 151.49987148785743 127.77423511940958 202.12221729382514 161.57881218034544 202.55796889192467 210.4725717305034 151.93028948847308 193.4885966435753 110.62518884846804 262.16334038648495 55.517361935491266 245.58468662489702 45.978364666528876 182.5290018166212 0.0 146.05880654340402 125.05514733864479 123.90247669582412 95.6441483873765 94.23865235984938 92.3955196049979 42.18628527292209 134.68565411820265 110.07555001194089 168.08560005797705 40.83974773777594 263.9569363671683 0.0
97.26131996723078 68.43904943779161 65.319914638062 74.93161618674478 40.60237917834387 75.89193852656999 51.70964147220457 42.39378360682234 0.0 28.674620484729346 24.082114742081572 4.201584429512629 53.41325740227387 8.027049910456057 89.25932080016406 0.0 111.89631762861484 33.64056142368729 97.26131996723078 68.43904943779161
171.92476483771765 36.02866969559879 147.07160819423876 100.76665614695143 188.38547575886832 126.77744398949218 274.42311743993827 211.84391524885115 175.6329498230116 222.8570948301716 115.90357092323866 206.679409617592 76.26493676547207 237.4402883048699 42.06980167411961 208.4315528743508 68.93945434080278 140.88617059595705 15.952667566486085 139.09700251258832 0.0 105.05403263489193 19.874161396392864 70.37069489307248 45.08231483342926 37.59869209067058 83.2040616204791 0.0 116.68533311656597 52.28270016438333 171.92476483771765 36.02866969559879
78.66926309521745 78.22538011451437 25.912220512027112 54.542900433695166 0.0 6.319862862006332 51.878488894548305 0.0 100.01834890462266 17.59488145247029 78.66926309521745 78.22538011451437
134.861290582503 161.69673359147993 56.96225949869199 139.90778688571493 0.0 49.158699197690375 107.78304285884784 0.0 200.78557038537878 79.56060287366765 134.861290582503 161.69673359147993
83.91613918251852 36.179650983984274 136.8137862138786 0.0 143.04937247975613 81.34864593464297 53.34358121467562 121.50333549845229 0.0 33.805659581643226 83.91613918251852 36.179650983984274
109.74265244671811 99.03339348251339 182.46910426159627 0.0 245.31220257475218 50.99586338366175 194.20998020503976 120.35484211907726 133.73434657840724 124.41914536234802 124.49324413189082 179.60306823783424 93.05793972289328 143.46850900605133 0.0 178.83526986683404 68.0085309118181 102.26573615427219 21.865588882728645 53.41057360500575 73.42761602028867 37.721351448187306 109.74265244671811 99.03339348251339
160.047556033502 0.0 182.90901245610905 34.67174289717757 192.18130304794622 67.6616182132652 201.31500505464885 98.7546413336486 179.57725699947352 125.69620241521258 142.85782147537475 125.27461146281118 135.71388607586078 152.9498789883504 109.82573462987445 201.1170565779173 82.28704381157542 165.99782663317694 72.78168736923743 132.6668227178202 52.943670435666206 117.61008527431896 47.21143490455722 91.38543326011026 0.0 38.793159872452726 44.172021002002566 15.447307995698935 105.55015644829656 66.90719265048963 119.1324607608161 20.888533336319625 160.047556033502 0.0
165.25377813390466 0.0 191.9780727149451 95.18745170825764 129.91115781870377 156.3352572111446 23.5552146385769 187.50182941943052 0.0 73.56431732575939 70.24656964884574 15.361076538670275 165.25377813390466 0.0
137.30637782720973 104.4424527836418 103.62781877205931 91.86962065849082 0.0 51.00717676392286 93.59544885250264 0.0 151.2719508085298 19.27607835868082 202.12964501508466 43.04222551436334 182.864600141271 96.30379976218923 137.30637782720973 104.4424527836418
77.67136964231332 53.516187510455566 72.40149056115864 57.8351803558471 66.92104802096773 103.9513442527027 49.568973378805836 77.13490064515914 0.0 88.00385019077196 35.145756948534824 48.33476596696764 15.972469469926764 20.606027292543402 36.73041713298554 0.0 64.77454968189105 12.011733402362083 86.05742329979874 9.194018259282792 83.85708533452099 36.19642020507389 116.66100466580613 44.25202726408958 77.67136964231332 53.516187510455566
0.0 87.33319683933564 66.53391406043374 0.0 149.34430340256446 45.48176945912198 191.24250032197585 24.343056497798067 244.63620221125575 61.37671325968999 159.94434235954395 77.02579988485418 157.0875646807242 202.60936879543704 91.07442645183738 140.4626682265432 0.0 87.33319683933564
147.48760806847727 22.05399629292848 113.11758763729807 103.49660305582934 0.0 109.1949513110833 54.33924236941942 0.0 147.48760806847727 22.05399629292848
128.31826130274584 260.72821434255053 71.55140135530401 250.4316917602302 81.12452270265506 160.28552420932823 0.0 165.21322019745548 40.44877517238443 117.25188047599158 98.61126643694763 111.82777238087091 51.82777748059027 41.961482850228435 92.60016137846438 25.52124814668855 136.47708806039944 5.72522508915246 164.72373805990588 47.52543297837177 296.8767716713513 0.0 234.7786008643028 98.55527566289665 228.72876266711887 148.5211393656561 152.16036799178067 146.8370739071325 165.34440376737302 206.55234678233796 128.31826130274584 260.72821434255053
78.07646502760917 154.76039838447548 37.87831196514937 151.51996065750518 0.0 125.59306962090552 21.34822514713626 78.92008001543844 4.597485482951555 40.4098483452903 21.114520662853778 0.0 69.1034932836001 11.791332502234198 99.17474601849764 9.127078424914309 143.42075179760423 8.380619571954654 164.9592886922559 43.84737671906507 168.77719725811474 86.47788281204643 148.60993096907796 123.89242770857537 110.14688616469991 130.3415440963666 78.07646502760917 154.76039838447548
180.69957984535768 21.28725929255738 230.10196893441486 94.24100389359327 168.08560253079585 150.87082911745696 101.10216397911236 130.79370982713547 0.0 67.75992774720851 100.3097320651907 0.0 180.69957984535768 21.28725929255738
76.4072612778145 31.484456121258667 87.37933343307456 48.48644144604123 60.52464354965042 58.701594427577255 64.8016212628895 79.4220866449509 48.320681651773214 86.63167745420063 33.19636513710091 57.90896571164975 22.168393749197776 71.12951673655752 7.675376235513724 69.42237680071818 15.065467824698871 52.602018764111826 0.0 43.77492783731045 18.753483846558282 38.72819451856801 18.578496784760617 28.36205405327832 20.106887272915316 3.4424682440166663 38.066091018063304 0.0 51.566078931208 10.818274544834104 46.64000118419068 34.981335656330465 76.4072612778145 31.484456121258667
196.08205484723192 26.16814246030252 203.6007316060081 68.87859305088374 233.15244628577156 94.57133112034288 221.2822414667483 134.59053937906558 195.88279538489797 178.57865332426155 147.84689081434817 174.24945835264722 140.83149139297666 118.26229165657178 0.0 140.15459318936985 112.88881159726617 77.95296650077495 147.58875027501514 76.10419797928577 153.97530012935331 0.0 196.08205484723192 26.16814246030252
21.6179369545022 124.36651676698351 0.0 72.70122300989831 29.498487421883823 35.77876072404358 64.04833002033257 0.0 109.68979523533059 19.029452494679603 129.71486825070582 60.29952653675929 109.65500181118713 98.8628652641997 75.89969169185942 119.57809551721864 21.6179369545022 124.36651676698351
102.850402016518 0.0 236.60816868984278 59.531911424860844 191.12387816514104 198.2473442770559 83.17870742471793 182.65484646139862 0.0 95.0068888374955 102.850402016518 0.0
127.73960823918125 21.583523918627478 116.49672985778247 74.17079482947068 156.06505848885112 63.35516085157364 182.70085066020684 83.73795761224659 174.42289640365007 111.94450735718173 158.16325447619917 135.32173297863216 130.23452905314625 139.18333033187304 109.97433509658964 147.3831365131639 89.30509971129425 135.19838666606756 67.9943688687863 129.54913893013946 65.96807119717862 106.1809454294799 0.0 94.96864563347849 57.72547626287553 71.22540583670843 8.48854438248182 0.0 89.4175115559662 55.57036596125971 101.33770676531842 10.186892298282785 127.73960823918125 21.583523918627478
35.178194672209884 141.8650179745942 9.530876539044527 94.79408027942748 0.0 24.48269530934003 77.78474989541178 18.348390279395886 121.41746961266475 0.0 173.0409773942678 2.327772967575271 226.92315925096892 16.556033729414494 217.87757772960646 82.28268357353483 293.0622063865419 131.69769516434252 150.14105930883068 122.51619344851109 203.44468051958984 222.90060720905564 138.19992704475604 160.99971895930844 105.56488786098267 186.44209385567342 34.66605148138302 205.7506516379189 35.178194672209884 141.8650179745942
187.49071044839891 53.67936329646181 266.67165221620985 44.76829741125539 255.75437380501876 107.27071183109095 200.55529355476244 131.1460053554295 172.6672742995243 133.4384900945784 174.79906614465813 241.59365539965393 107.75345356009532 236.92310272406417 131.9775818082207 127.29223651115811 35.577092449716815 138.83544406724621 0.0 73.2305176728624 109.085625699823 70.18461661849618 113.35353024898296 13.455811302779239 161.6040291077833 0.0 187.49071044839891 53.67936329646181
58.66122116522077 0.0 93.99613068518144 19.886724730605664 143.1618751693174 69.05952506209704 93.55712288223444 112.69836987171354 43.468685805930384 94.78055123035827 0.0 87.40611678944592 7.188112083125134 42.60389928645803 12.39075808414318 0.7588795605009366 58.66122116522077 0.0
0.0 54.40610993060549 17.55170996427693 37.26226205756141 18.247777247298806 19.109065147647463 34.63313649958396 15.39965336614295 59.13301605779869 0.0 55.63349006880403 32.557248565605114 76.62183620134411 43.00036308619669 90.44022233519524 77.00695027839902 52.21064561009785 73.91450329889727 37.724626827886944 52.11267136677943 24.051108391702208 60.26356270076621 0.0 54.40610993060549
165.48475824396644 229.2792537157938 132.87360342829473 213.77213649219792 142.13620886102842 160.202087697664 30.81984101916123 191.94238531497498 0.0 130.74430701269932 43.13732151017996 76.61486455570281 111.2966647276753 74.35681914459819 144.60754275293507 37.20154901770758 170.04319774508653 104.58560497743528 297.8623868460392 0.0 304.3148545456512 88.47662998888995 291.7738267622932 157.88718514448684 190.66510509398856 167.16317346865094 227.14346818293322 257.1748629590869 165.48475824396644 229.2792537157938
134.54184786865187 223.716126453878 74.66664710033456 234.58071223010433 0.0 217.1489265927223 42.17168305632549 136.1162142681806 37.780243215156645 91.23628968305773 29.746055018732704 0.0 116.09948150862822 46.198644531938186 177.43408855824305 5.5184843153825085 230.3614612314767 49.29204977564612 220.67921625095943 118.91418261439185 247.82507271194444 187.46308650887008 203.80014971794805 240.19697302844966 134.54184786865187 223.716126453878
132.3084237294193 85.09624660642972 66.62153547922802 96.70854887342834 0.0 110.30649442371696 18.795548039891145 39.46867103406093 30.221910099971637 2.5028706130472997 73.72785054974956 0.0 115.90294539591449 20.841032479677168 132.3084237294193 85.09624660642972
105.67857321795958 13.551085990847767 171.6809323849008 0.0 225.03792283362105 38.93397597489141 283.62299017413903 99.84758418426955 192.56769534096242 140.12846537849714 177.86231131530832 190.63886277654206 111.17699053041781 246.82426229286273 62.10248494024643 179.34837468444277 130.26700238218052 109.77381364471539 0.0 18.443541947632852 105.67857321795958 13.551085990847767
17.284169169006212 0.0 51.23992200236773 13.89244832514477 79.36101349662331 15.070999105963594 100.11868226526084 44.300434802048855 94.89824492115295 84.0382725976216 56.74269714395587 88.52029184121015 31.042681959864986 78.52220811483996 21.639729117826697 56.11926918919012 0.0 31.96430346297329 17.284169169006212 0.0
0.0 61.35051491363772 13.610370024219804 15.24460279961329 58.05923946898065 0.0 106.46399917990112 3.1537858735915663 103.41987588319603 52.204411986205606 102.60020561944773 87.93684091761557 66.48429503904453 72.6332235161432 25.318866186190917 99.53828127707868 0.0 61.35051491363772
105.95931812233472 194.7171297509093 69.26795664322766 174.34839887714406 0.0 145.25836601852325 30.643349613005626 83.18635394250369 80.05707494248364 53.01683739332941 108.68670841642395 1.554933977481923 158.8239309040049 29.630324641144696 240.14830107857992 0.0 228.4458163283808 83.3233576614101 268.1000602555704 134.16635439101503 197.8356564008533 155.03816741243656 191.49840407883565 206.14032966649637 142.61698352632817 138.00470499076044 105.95931812233472 194.7171297509093
23.440605102774754 83.41859884782625 0.0 20.308478680222514 63.58260694150323 7.03434920776936 103.3073423136482 0.0 147.8005209752818 27.40843495553198 131.38603809781932 86.13013575106243 78.17643918086532 117.98196737088622 23.440605102774754 83.41859884782625
98.53038903097982 0.0 93.03463910360287 79.78412315283735 161.11288198413823 83.58037508438726 178.84507229152294 172.68198532773175 87.25389778980838 139.61269569171924 0.0 159.55880414536654 39.6797037385282 76.8477143460723 25.254161777736428 5.176300256196498 98.53038903097982 0.0
48.58496344535675 46.56811492137197 32.11042880851522 57.64003356868898 0.0 35.07018264968562 25.701875932443258 0.0 64.42215409534501 1.0760327555149942 78.67965396960503 33.06953703858301 62.826788826765636 52.84879286725969 48.58496344535675 46.56811492137197
176.74537362693542 127.50833517819139 106.33437491908812 156.37132326397307 0.0 174.86252170473887 1.400593176043344 68.11166717013477 85.12411874847896 62.18561166914678 124.15366594793106 0.0 232.64104883644393 33.36480566537391 176.74537362693542 127.50833517819139
0.0 82.08667102090932 131.68358937695024 60.12795961181088 191.32830594108196 0.0 278.99938894722595 52.71957039806589 251.96962776421128 158.05266498378563 168.4405772395188 200.01473265950654 133.37787531878365 122.07290699014776 0.0 82.08667102090932
198.9816987967622 36.08125288054818 171.4074146496245 134.208265688861 0.0 58.59256325643398 152.20731708778007 0.0 198.9816987967622 36.08125288054818
122.74236183935423 52.916366490178746 137.4514497671364 72.94652536468911 98.11505578742037 68.33203891760145 88.81931451748518 66.69063863058568 84.60914940290199 89.56273891104712 57.77332754924254 127.83820728616914 38.46299031697092 105.15021381204895 52.844432558635845 69.8098215043267 0.0 60.04043991429758 60.289901551626315 46.96228052915099 27.4380312728413 4.338544002961278 70.01672692840046 26.770333087499694 81.01638331577843 6.862962511576136 102.11494272936545 0.0 130.79240032084596 0.7876200851792277 109.05035635956693 42.06662821862403 122.74236183935423 52.916366490178746
0.0 105.5307602519184 79.85387185660633 64.67935802510996 127.77276556223423 0.0 172.20011022666455 64.31680048434822 177.82578055601363 128.07384236958518 123.62612441045512 151.82402981600413 95.55165322987725 117.74169027155112 0.0 105.5307602519184
81.79976468102086 97.81775220661129 48.6073000081912 75.26636408082203 0.0 72.70032102453442 27.54609524421116 33.059132747745345 46.26033135246607 15.40099090942713 78.76880994293545 0.0 112.31091198209728 25.21649456715459 86.88122101077741 57.13516145045346 81.79976468102086 97.81775220661129
195.90309626964557 225.91736247333426 121.62326206034219 155.20207953627198 63.1541999379084 234.3246217067777 41.613824885005414 168.73072300185095 0.0 120.53343845076195 61.23634231197266 86.39614859179326 67.77488157787607 0.0 127.42672458024951 85.0443580967378 169.00151627937313 76.19902364454524 200.25221416228203 110.55451049354195 256.7067224988825 179.06086068589002 195.90309626964557 225.91736247333426
38.5254654305657 55.83612884307478 14.679706665043227 68.8204054972039 0.0 41.624880480882744 6.448706614109383 11.301463419662277 37.761016649836236 0.0 91.01846990427316 2.2591450937204485 91.43265459274218 59.62820643673022 38.5254654305657 55.83612884307478
239.3913619185361 233.622185286824 163.2421208191101 246.22708010017783 85.47364678910193 287.1289193444484 51.61213107982336 205.01010088790923 110.24807040295586 148.3085378048836 0.0 29.332847957852763 110.10266160831719 0.0 166.02592494024418 100.74266126604181 296.0595260510278 60.56675591114178 241.81958138367077 161.3318343787524 239.3913619185361 233.622185286824
84.7121111098057 164.8064386249892 0.0 104.52616528472794 74.81770147623524 0.0 213.14858393901622 7.685092375992326 211.0597906749917 135.5380309867493 140.9030072663085 174.07243221083752 84.7121111098057 164.8064386249892
0.0 8.320725892707543 86.75012712224742 0.0 129.06840072129762 33.32559190529381 183.70871948641246 40.447315743637795 217.42385627608178 101.17760751718987 151.75053927679568 130.4715456681099 108.0343419587496 127.89021445745792 37.316134780591284 154.30114125709966 45.500523795213056 84.17578979867065 0.0 8.320725892707543
84.31085685820204 38.46206300801549 125.91385029313489 54.36043826535641 57.55146698854617 68.15528864497287 75.58177616833092 98.14636359141568 54.00098442572569 114.84973277295717 47.219081867902574 80.03210522589991 0.0 81.67039760728164 19.399119778013755 52.183780577978695 19.26111732887776 6.858903319549604 62.81454318802581 0.0 84.31085685820204 38.46206300801549
170.35096989345791 2.4583740736208455 236.87592446433297 18.19718422481256 248.0597330256399 89.51523296974914 246.29377973732986 152.3529711610916 181.78277809508336 164.06901299264274 148.3359398700967 196.3857405717045 81.61843339955811 214.06686647986146 75.56230790422705 143.72488861365514 23.52377037578441 100.80242415581036 0.0 0.0 117.22933045359508 37.208871699546435 170.35096989345791 2.4583740736208455
100.94108133243087 28.943570891607223 151.0323436601628 0.0 141.49355932918007 59.32098913238231 162.6797161495972 84.05343957544055 205.98137830485285 132.0261745554809 136.90713744219659 135.2929834010789 122.35328691601356 179.77076830839678 87.20201704043421 123.5786658680821 78.93774578778154 109.78050447629906 27.912458717865945 126.37216267160362 0.0 96.62448058850973 81.89129069122338 85.99912342650627 66.33369185317926 62.20922823034935 70.67297442586423 21.741731312449247 100.94108133243087 28.943570891607223
111.41318595632085 0.0 158.32962878192444 27.595530500503372 191.40653234777335 106.62369325051907 103.29577611349553 162.54711265257737 0.0 104.82524986189617 81.00530797687156 34.64114721977997 111.41318595632085 0.0
227.34741387758348 139.344611514046 176.94231237829686 134.36545141320647 144.61212382334634 136.43872394684337 110.52076354312251 129.2548222522886 115.17908517139702 86.8450769609616 107.38348582084555 69.25185669722323 0.0 14.738632728374448 120.8997491346642 33.89945813389404 129.8657870663315 5.628371050017627 157.19541015739338 0.0 187.62291123234988 4.81302282155319 241.7179430754743 4.798611401566156 234.8001067772264 53.1959190212398 240.25230855742018 95.61847437405892 227.34741387758348 139.344611514046
236.11505122466195 141.5720108029147 260.2168337521709 176.05968766103587 321.7431352600302 214.93320777231787 348.8813482567725 313.1277653544263 257.5590633036514 338.0982726826661 187.89970512127516 331.20364993459145 152.29933437982868 276.6584905959446 27.372065233325316 295.5529723018318 0.0 202.91349303981545 116.94400689275619 160.1142458758304 143.07718240555477 111.70816830824944 202.00730863096328 0.0 236.11505122466195 141.5720108029147
13.334029693502941 13.661879087787142 24.76966953878339 7.555966292815171 44.839613453272946 0.0 52.73542606046682 19.066439552648347 77.82103051317769 47.56150409729722 43.424260042601006 58.774494933969635 18.558332836722244 67.3544201336361 0.0 46.750137557962105 1.5077898887671637 24.776043657586314 13.334029693502941 13.661879087787142
