70
195.10276785204127 115.26979821700611 228.74986459419637 158.29984076851235 223.1786463756004 217.53676959691404 177.9921708375347 260.18704340977087 117.88420128393199 224.80535053057042 64.09408355181571 246.97153221600087 54.42225318444582 183.54551273334857 21.99622247503015 160.33104627637636 27.70817351513017 120.97265150273132 0.0 64.39255514716073 28.23926274301897 17.0968015019876 82.69674472938604 0.0 134.41689395607744 17.472488942411744 142.65589708022551 85.24190709610724 291.79089549455375 15.604187214098516 195.10276785204127 115.26979821700611
145.9034121614281 127.41765822957571 134.47855769044327 157.900445888807 99.94036214608839 149.52343199370918 79.95038643664076 138.51986932315543 61.786568048270155 138.44933382799178 37.2851791162642 133.83023594707458 71.72177768137735 103.43523741980668 0.0 82.98624928005134 6.052290191747758 46.29797315229224 25.816585347451365 0.0 73.54775742745582 17.24260342067531 96.38582620592948 56.72574647496988 137.92188918254664 39.11227759380759 163.44723412953243 65.10591785923009 119.63946026915418 100.59160099928968 145.9034121614281 127.41765822957571
197.5116524075479 96.6258781529159 173.71432345159462 137.84419555849746 106.62889024055357 130.24656744323346 95.88822587171568 158.31092533325506 70.75155842788836 130.12783622274029 48.895382043815104 146.6832268050797 10.319790003669326 154.54741857208538 67.52719714483487 96.54195802320486 0.0 93.38268481533794 26.990133242879686 75.17181121701525 26.160050126262433 48.391475497948754 33.840493176397715 0.0 72.44220912118374 45.88700766709952 97.72109283646031 34.62159781672689 141.01915709746254 25.8706284052397 96.42786032106372 85.40015893734225 197.5116524075479 96.6258781529159
142.52752889000976 22.203327136777318 183.2563080385749 44.93190780038765 116.09462386383942 85.9235999306017 112.8955743936383 100.2213455621071 120.19717967629352 140.68797727788893 93.77237977274737 165.19160889093922 61.31910618516048 152.29246732862237 69.70091449554343 98.38103238266022 53.20956876008893 95.24980102687091 29.37916158797313 79.09684396383503 0.0 33.85436548884569 55.97153228774516 39.0957580815262 74.64563723225356 0.0 104.33430127981822 23.286950555873986 142.52752889000976 22.203327136777318
75.39905271409833 86.61301371331416 67.11811466559192 118.69929627092009 48.40919806816696 81.12808107698388 16.24354953458851 104.15631670143719 0.0 84.23170907422576 4.3702700974662605 58.612209713029806 34.71033153674023 51.01399260293807 29.59843718907237 23.786915157961168 49.10049561450565 0.0 79.18793552589477 4.811874827826102 118.66123723676384 9.179638732613661 123.72771692019326 48.87746294189471 105.58808442059456 79.81100671585233 75.39905271409833 86.61301371331416
0.0 59.21502682683466 3.690282812590169 9.81043734693688 83.04950765750637 47.87818988097004 98.87498021953414 44.48150047955723 124.27550875152927 3.2227040215703795 163.62049287760544 0.0 175.3774456322268 37.59753421866829 176.14135815243927 69.16091722675809 244.6094114219643 111.1629997902892 210.68422857140976 155.93155726890652 134.46212006556124 129.33804659942632 114.35498469037793 141.12101799288197 80.34195584464518 188.7012450157073 58.800988227450176 146.02946194094747 27.610550019466416 129.36377780110982 64.69767231345153 88.82086578055373 0.0 59.21502682683466
134.45557729325978 119.41707709564277 0.0 164.05948915701708 72.67012274371154 87.69969098311954 1.5263299365672083 0.0 110.42742890414166 18.874195478564204 154.34592638763547 52.43031953336633 194.85565338522423 6.305232685594589 171.68985970878666 80.56071192555954 342.9031626484417 57.68841966344658 278.03782097951057 127.99990004916818 181.51589662810247 115.63352455274622 209.96997085367585 254.56301405015245 131.63866404350097 222.22249171747058 134.45557729325978 119.41707709564277
71.45049516325369 37.540173826789754 140.65425510742102 0.0 236.09660196398045 28.80218761626398 286.2224652299804 128.00158920941112 176.86270107288775 174.9159082953493 139.68287263588664 232.85908665358812 72.93324356133209 206.91677488254436 0.0 166.41007828746083 31.40804206715714 93.32380991892418 71.45049516325369 37.540173826789754
57.669997394640376 0.0 120.38534890556909 7.6978062776057925 168.5232782746432 60.21820118985454 141.22069685867683 120.6301666599078 97.63789531902884 145.59738013395236 52.22796640319797 154.94926000399903 50.402958417698215 100.0690775040668 0.0 82.95432537822785 20.93519321378011 42.32896867771898 57.669997394640376 0.0
73.14377391563295 81.94654866986659 63.99576690093845 116.05251728485962 48.04121189172854 99.55518545125474 16.162426957355308 104.20289361268877 63.98368034808635 64.12362706815867 0.0 53.85146334848627 54.355295032752295 56.76225084065151 39.4576801461329 24.8419259842223 58.950898665006164 27.53484600071748 80.41820665331667 0.0 99.5188986571119 19.72674134971853 123.27489910510948 33.477783198026266 96.90491782839631 61.38858040825193 104.80937758858659 77.55650320084291 105.12021350246617 100.31683813204657 73.14377391563295 81.94654866986659
236.568022121024 56.60813851719651 174.66581141751806 175.99281692233035 0.0 152.03891283288417 97.75651346958634 0.0 236.568022121024 56.60813851719651
245.19788359866914 72.70972249032175 293.3532918421264 129.49642595364725 223.98412279984015 163.78107571752534 184.27563120159726 194.8716373941781 140.84877793177296 164.43136108014755 37.142145009669235 203.0189908879701 0.0 119.5033298999433 120.50112553896113 85.7144214133496 99.19910259708115 2.2289378629594125 165.70552342940886 0.0 227.4947576455059 12.468453955939069 245.19788359866914 72.70972249032175
22.6124969222426 75.54554533145502 0.0 51.0523530707861 32.933099988691836 37.40771914912031 41.8557408367372 0.0 53.53235241110366 33.860141931264124 78.37231042334949 53.205811111431146 49.589696723100516 65.60783153700407 22.6124969222426 75.54554533145502
68.67568202778699 0.0 83.2274581414303 20.33053544207133 53.72119462188397 40.76103106174984 85.3749864753905 70.57292090201759 51.092176990881754 60.9385384267895 39.21525402944113 60.48928400966084 21.2489739207183 67.46740948673744 0.0 57.510144953843174 25.87141089336268 37.754789209597256 19.386847247453446 23.706407225135983 32.1590015249851 18.238876696135314 44.01475236589222 10.5177733261363 68.67568202778699 0.0
118.96211456870111 67.27564399928465 77.4082214031124 112.01122217389559 47.51670387276994 51.401786305176294 0.0 42.003981166517285 51.855330075933324 30.93876679209425 64.2634374781694 0.0 111.2962454522922 9.964052886702738 118.96211456870111 67.27564399928465
42.92612511209239 34.88100114999783 36.61500644742473 37.342370784505206 30.05971435320167 47.402980436832664 21.487131307823958 41.891582435001595 18.331594818348947 33.06055769339872 5.986220142433552 30.554354439322452 9.815984470419693 20.94838410032618 0.0 7.703570236483017 23.490022941768828 13.927493074671347 23.45376902984073 3.358235913436687 30.74481124842255 0.0 36.57018809795686 7.905774364625913 44.182380762168805 8.517760485473858 34.52882229829369 20.167574058621568 54.52740613233385 22.006090826545773 48.74241875050657 29.65605138849004 42.92612511209239 34.88100114999783
135.83603946983447 54.51728584102524 117.29872760589092 70.61511148338346 106.42793530138316 79.46898491254126 94.75917315301402 100.34683510306729 76.81555101016775 90.10038756627068 55.018058483659104 79.04237456476265 0.0 45.920445328043854 65.76012527369784 35.241903958704086 77.42227678248749 2.590308604214478 102.61740878720042 31.042009712059524 163.11930103051935 0.0 135.83603946983447 54.51728584102524
113.73959868182237 125.87661507118335 82.1962168791793 125.02509647526034 76.4085031889991 91.02877139875292 35.655262107947465 66.82464991202475 0.0 0.0 100.69700845105896 35.502481684118464 120.93333202664444 51.794874816034906 149.32541613725215 5.579866247084972 153.509918635899 42.08510146395605 152.64202192317074 61.68465643485676 206.98647437776572 90.94956548390293 151.11340532992824 95.86436037068765 145.15655843043834 138.81180840082916 113.73959868182237 125.87661507118335
0.0 106.68511914603395 53.53460297522881 49.692586508363476 96.01959882885768 2.614272156733506 156.80400927833506 14.364614178531241 218.96824821759293 0.0 270.36438339781085 45.046373028153 264.96819518420415 111.73605581184664 281.5057040601139 183.84555417074472 210.72329550500993 204.30043244359064 156.39716050732605 159.8660876088581 138.82248364646546 142.06780558750654 82.77229762313667 153.20879892771092 0.0 106.68511914603395
37.15087812120488 164.4495323059015 59.652590278990985 99.03368369669167 99.27038780720903 0.0 178.91634725112664 82.75568561439302 269.0623795255862 77.68916121790514 310.4638669143229 159.67331679688624 278.9799060982086 248.27452498664303 190.80754437906938 269.1618399999427 119.05768837352733 272.2634121839983 0.0 273.5421233937741 37.15087812120488 164.4495323059015
19.50377314273379 28.007203877693797 37.69513663280675 24.395876947216536 51.45779912765579 20.51299812502883 75.73300469611259 0.0 64.74890652178314 42.45707464702029 102.02392085447715 39.86431753507803 85.05348563333001 59.829629675807695 75.92553112965703 70.36155672907475 65.60028494306447 79.04489483610821 53.33325225819998 92.45504108323819 44.56707238967158 70.70242544617763 21.926846671207727 78.82632248723448 0.0 67.07400460741921 23.498781914842994 47.01701340279037 19.50377314273379 28.007203877693797
51.55577040380444 15.292369855256595 82.45087540816627 0.0 112.03949182859557 24.1646455466513 108.3014932213043 63.11544881716337 78.31395783858537 81.26382819138092 50.83545630347654 100.75482150902837 36.111769560571595 65.8802605495802 4.456479033646936 47.62576483511134 0.0 0.8093804941799903 51.55577040380444 15.292369855256595
109.04480914315356 1.9621066048613045 162.83304333075645 0.0 216.63117115166517 46.75117443762113 156.83075033772454 87.2816386742746 104.63337255486555 163.87889393599096 0.0 116.99451573662921 47.32804406980796 17.26791050707098 109.04480914315356 1.9621066048613045
287.7693327737754 118.9599647104417 253.67718667003612 181.3633171460379 179.73101781777348 171.0627708056686 135.612468736248 153.3758415699577 109.41030442805412 129.36218489090174 0.0 126.15728510794442 16.583700683125386 47.63654223424349 73.74850233089296 0.0 149.5231259496993 55.04310449356913 174.28321428767174 22.535755035558275 199.02617987873782 41.47469478089001 185.9824576474944 74.79375634106403 287.7693327737754 118.9599647104417
18.963728103711347 12.368082721936418 66.59571488349474 0.0 87.96537159394052 44.739536067770416 57.75477043365326 73.31708635584755 23.075138014335394 80.01999099226629 0.0 48.759923249277165 18.963728103711347 12.368082721936418
66.39539805880091 182.88006077724106 0.0 162.3721457081293 5.954540261585123 99.3495449497946 44.923692562832514 57.09214883785607 116.88816647760021 86.68082243184583 128.6060808358289 0.0 183.86886600931973 4.441647626375698 199.0605859479239 58.42165873522224 260.1314521143734 88.56275116658006 196.55688783913084 133.68283875216272 150.08011440526298 131.78061495436646 171.51420483125742 256.46585304085664 113.51709637224971 185.46864473528453 66.39539805880091 182.88006077724106
25.369239196077032 29.310220039989545 1.526871537396758 39.378313305425365 0.0 13.979468576379034 14.938476514324947 0.0 34.22394063926177 2.5952993437630028 49.577209727536896 22.835796497384806 25.369239196077032 29.310220039989545
9.353435543173916 56.04899729316664 0.0 30.426747377288883 17.526199429644677 10.655118175807495 47.06631800609702 0.0 71.500973159927 17.349398390608535 74.61670941792433 45.47267200098039 56.744982927533826 61.732279338189606 42.34167601111946 67.78248779663153 32.429548288232326 56.084724913349156 9.353435543173916 56.04899729316664
79.69190776759078 146.47702485135648 19.214820118437785 155.265031592147 24.012063011116624 114.019417876325 0.0 66.92247887640627 22.278821938647695 23.556138832027713 90.90316429148196 59.67368470110763 114.21091976932063 0.0 150.31314125015115 23.18121991383876 200.28725257894558 32.67217509758183 168.412849645123 90.10651934199802 223.50637811303883 121.43902499807777 187.4340208637772 153.72992884023617 159.1742008439357 177.53751565976944 122.21110299057919 167.26166031273337 108.27221547938703 113.23634768868672 79.69190776759078 146.47702485135648
33.548421078376194 32.3132999510421 25.544750813444182 28.26803088606536 0.0 28.79157860727527 22.471999148301222 13.658142318536235 27.320438470355526 9.458495970231624 32.30840404782802 0.0 43.284140399824096 0.5362825425158491 54.69415190192166 8.370601733003014 65.51186555686752 26.145859892797404 41.30019388423497 27.943422150646853 33.548421078376194 32.3132999510421
170.33833890302395 46.492116006854616 226.3172662041689 110.89248938778454 153.76792577635632 144.34674732328784 93.1188524959774 146.42432825227314 91.42280019334785 89.35748965080472 0.0 42.015306435067856 72.92819534368675 0.0 135.27558588356356 2.1061148081548424 170.33833890302395 46.492116006854616
154.32550443608903 288.06266275928465 0.0 250.10438800274224 75.54320721591256 110.38013834881173 152.56445858329346 0.0 216.12095556067334 118.19004983888969 311.014258710211 240.4149402344353 154.32550443608903 288.06266275928465
201.2773457426901 12.828226248927479 237.75262739802758 48.30860868262526 277.8527461498725 159.38119566225336 157.33477263056562 120.42804299488958 0.0 0.0 201.2773457426901 12.828226248927479
145.28874214913378 63.225171534053864 137.9756588935777 102.21640524140518 213.70756434112758 141.13022296853003 156.92445349743275 172.55854521909265 101.12797674742492 155.16790566589378 89.13415102630823 199.37074156431612 56.52776418503886 187.27877578108405 28.841075716839534 174.18075720315926 6.064994712774947 148.977909586446 52.79726230022182 117.25479996629377 24.7688118005253 93.71117721838091 0.0 34.46765838421361 58.89864357836281 62.8085105184061 83.79352161639171 56.505463495734645 140.8129135568126 0.0 145.28874214913378 63.225171534053864
0.0 228.19150886949296 23.85342428957324 90.03256605425314 159.86291533504183 101.51078918483145 273.2761967574212 0.0 364.159430471166 104.36325268196987 269.39540194455816 211.9253363303778 233.75694872051997 252.8723867824141 186.85827924548363 310.9589755280656 135.75855936664786 258.75234691023536 0.0 228.19150886949296
70.06265949017697 130.7859219228002 50.568968867291545 100.2401503039082 42.40043334641149 86.67336273206479 0.0 65.74565920872581 8.70221445636119 22.24928874242684 51.45150378246626 0.0 97.50450487599676 14.22267794515605 146.74861902945477 39.10146381214265 178.23877207157176 102.23923805173408 82.22402659432176 97.3918281590467 70.06265949017697 130.7859219228002
56.79129014622187 16.77721920174443 55.98581633418672 27.440883056959066 62.749833855806884 39.97925135310568 45.87256305544038 40.37542529409845 41.202946880760834 54.2421591935897 27.240294107235684 60.40140550559941 20.562537178182765 44.61305729447264 2.0903046697826255 38.59139582318639 0.0 21.260499719489545 1.1371627631859837 0.0 28.83328301910737 11.186443328721381 38.23219236640503 9.624250651638164 53.99961231378303 1.5610311062196445 56.79129014622187 16.77721920174443
5.928318715836838 162.54819612267704 7.0381824657823415 79.61889712220635 0.0 8.180009021010036 72.05705212542537 18.086836473985677 202.18334680504606 0.0 235.6815747679786 140.8455586011308 84.03901507791517 144.61155961828734 5.928318715836838 162.54819612267704
98.59528160565453 141.56479637971543 53.92520139188176 129.62972124410132 2.6060965840059964 108.31676946349958 0.0 43.10288308243089 50.7990543335613 1.6344601390441227 115.23045774271944 0.0 170.13801467954966 49.35788341940517 116.70365177565262 100.03876533679303 98.59528160565453 141.56479637971543
46.88510606475786 0.0 56.41678240766096 40.09630774570455 70.63991755119046 38.610082386868896 84.98398035979267 55.94235151819257 69.09651019594777 71.75806572242936 46.71541144353016 78.64637812893685 16.060353308977177 75.4925519827334 0.0 43.06137492583095 32.32076391737439 26.726298003834387 46.88510606475786 0.0
0.0 110.24269550553358 1.3991740049222017 0.0 161.89570606864112 42.560585357930684 65.76192626900087 145.2233941630278 0.0 110.24269550553358
138.42254182368396 0.0 139.61586138904534 71.63171192169213 102.33180827406247 95.83900525045443 69.06782939107019 131.2191381561849 0.0 113.37342282468687 48.64132978178674 57.60811869814427 63.47911571005926 4.2377521871486294 138.42254182368396 0.0
105.26311181389376 34.362145372205184 171.12428352035073 57.64587975023648 104.21451024691837 78.04152900349425 60.4960846003146 119.59530355678362 0.0 59.84073247481766 57.973937675906384 0.0 105.26311181389376 34.362145372205184
67.18653589862626 137.45854078092245 26.360800143858427 138.67440667043022 0.0 110.64180029228885 2.450494533322427 70.9403111168897 37.00329943885865 47.82755997500014 48.036329955030425 27.807131866526063 87.35325647875109 70.23498949907892 91.89317290076498 0.0 98.93812778803671 47.3130936746402 126.32308724770459 39.03892280747135 147.54997453166195 55.54373174091343 166.7496184721904 83.63913264326885 151.91581437695862 113.87811793249611 109.86832710962156 106.31931325720339 98.95400497308756 149.35795674867668 67.18653589862626 137.45854078092245
0.0 0.0 57.36745494481759 18.2963253783767 70.56770847198828 32.531604767996036 82.16682474074747 58.69943278973337 53.84955042682282 58.63717496467739 39.0462652904827 46.752692695838356 0.0 0.0
39.87865847624363 55.82530231588376 1.0670337770417788 96.55404543487231 14.733807983580832 50.40407128754238 0.0 32.40024397579609 12.972726223142274 13.401653613919436 32.45001032040814 4.7386819418322546 50.55847420780505 14.728285309309058 95.87425984455322 0.0 105.71768540917566 36.26306990892367 68.8459958870844 55.861242051676555 62.40083281121369 81.28092208896061 39.87865847624363 55.82530231588376
75.66394495805372 173.5921388357107 53.43955806830817 142.22288596890286 0.0 158.76908411318666 13.139253516671523 110.61880625041297 76.29661455091157 94.44236600491169 5.182357251732242 39.904058063242594 64.8186148806998 72.27587972370601 71.79264278229812 5.597133772824435 117.50173861441469 0.0 163.0388847065754 20.73356478757674 172.0408605766142 68.81907284208991 210.45239022888558 122.31573974871596 122.71112314413811 130.7600733191162 114.27596243011605 174.96204255841192 75.66394495805372 173.5921388357107
0.0 7.0315816471294 23.662526599759317 3.2704701066292046 38.68973803153099 0.0 41.08926102733382 15.83082504613482 36.52062174735116 38.53213520081212 15.650563622551587 26.094326660092037 0.0 7.0315816471294
257.3652732692299 106.79502589596325 306.9569887424276 141.54756173135897 259.8457116966698 186.25487779955742 285.3774101640806 277.45467954686546 203.59821905892508 260.1754180642173 151.4344681039625 281.15527688721136 97.53327863894762 258.8575744530441 98.95401113701452 194.36794420776673 0.0 157.6129860940098 95.3334387027729 115.55114397225907 69.42737277944299 27.68438619052968 146.58249812708175 43.130084630384275 201.48004659250847 0.0 258.1268020544697 34.8901225900741 257.3652732692299 106.79502589596325
55.762874708476254 26.798037455905053 85.35595858080924 22.48790586318669 76.645849315915 44.226800287521705 87.13347422376333 78.8056084236803 54.743522598127775 83.35721296651437 29.943579260295245 76.58567716132518 20.901847477169603 52.79149917667609 0.0 29.520008930242007 14.836030640787776 4.41686854978385 43.86997754835529 0.0 55.762874708476254 26.798037455905053
60.588633003337435 182.17847708139223 0.0 103.9720966962558 120.6218052772204 113.76087709786312 135.7169249223683 57.60005794924689 186.94436627015057 0.0 231.2237317835359 73.19417026272134 282.8918915879864 78.4942109734329 336.4972960081434 114.25233210469554 324.2244879299061 177.27755283064494 350.922799886083 242.11870594005535 297.7498047391504 280.66837741761606 231.339254260843 271.691295716942 191.21320484958306 180.77380553559414 166.12795767125058 242.99546149846333 50.25823985864142 329.0535135596647 94.45826047531759 222.1326708415996 60.588633003337435 182.17847708139223
17.86892192350645 45.95034110396172 0.0 35.12766305227042 8.656520514283201 15.908800440872255 39.485453746581584 0.0 57.08031183620523 42.989625511851756 17.86892192350645 45.95034110396172
76.90395375258666 120.75330627123292 36.03756371468826 148.6512119655302 28.41434068044478 96.00932996473362 23.796332426238365 74.31945426654079 0.0 0.0 58.45564339356531 50.203837308362594 103.16368317335588 49.013638630848746 150.65870362457366 101.93754792966254 76.90395375258666 120.75330627123292
34.81758951352522 13.88943120690898 48.828437092386224 0.0 62.2120326211698 14.6087471433448 58.55486174178152 33.025865750613036 89.38701071110431 36.494157325675914 85.05196382864038 56.042151530330045 65.89482183758689 61.636204406261996 54.42620141199161 69.10468933197028 37.848615151069936 76.08551922816982 12.737349592989418 78.01140511892446 48.04641560436515 39.858759958182915 0.0 34.54454436706429 31.548175303885657 28.703681865859323 34.81758951352522 13.88943120690898
46.48900333841097 51.02309101851232 27.061599786391355 55.48275528718344 27.498488658230997 34.994686519267546 0.0 20.852786277987363 27.69817278468281 10.569322187020589 38.546985524361546 0.0 51.671668230085416 8.347851750890172 63.804508846219235 10.897993313434768 71.05619723043415 23.00268049642679 53.5240417144507 29.666577398201127 67.22889731254892 59.98478964861505 46.48900333841097 51.02309101851232
172.04262850067215 82.22289820788063 125.74033971320337 129.78926319503208 75.39813397643705 143.58805373274842 0.0 122.58884413062006 11.08279330395574 46.92561542787874 71.03156008898931 6.210702879213741 152.38210484802983 0.0 172.04262850067215 82.22289820788063
7.639089283415089 10.917238985231222 17.07702532415186 1.6410698169974154 29.917107039912935 9.59638393539845 47.049097134688296 0.0 67.08554674902072 7.112725914628996 69.80194573444962 28.366692833270804 65.45496395666436 48.72459779328193 34.36748799274366 38.410779989183524 29.71485748684374 43.334792802466325 16.392989750663205 58.17829244723782 7.592958619714594 46.9993553405818 5.934341163017763 34.86414213635588 0.0 22.43423260851533 7.639089283415089 10.917238985231222
205.88789004605243 116.12194001508709 164.96385407205634 152.91161373761307 83.35160049604647 234.59299958171178 0.0 155.44011807153333 29.04229328441359 55.45751571420158 107.45864154910183 30.00318564476631 164.14835096908 0.0 246.6729300126645 33.70033713729352 205.88789004605243 116.12194001508709
100.83661643792561 218.09347781842033 0.0 119.0396017918469 155.70106223600195 99.29310746382406 206.71025753446395 0.0 226.01961964522798 143.1026204916901 280.2553533987169 152.11153416009935 339.8745912592055 248.51508338955225 246.4712662373971 277.32849285211375 156.15133514502267 288.97676423162125 100.83661643792561 218.09347781842033
255.83882037725994 187.53913219455188 192.51779510085726 124.26550955197315 68.89766793200832 158.4016392707411 0.0 5.692040199089249 176.3220968357021 0.0 272.5391334641278 21.57700386466074 333.24662606657614 114.14678453980329 255.83882037725994 187.53913219455188
26.75646403397974 195.48255496093475 50.91975926391396 138.65154369542176 0.0 115.98324711355396 84.05680496957123 106.92241393497653 39.65492104676598 46.78857086314942 60.37967020813577 0.0 107.33833809455078 87.15866743982819 153.95879433695615 1.369858558210197 162.450272580388 59.874771293068086 263.78632958749904 47.052327912445435 230.33029172375177 114.15389978318545 211.2015779079116 155.72717879225775 175.96935781057107 182.46582334228026 140.60256477944506 194.36315208431392 106.79889540481055 212.76211773666137 72.03644208903539 196.63097056918997 26.75646403397974 195.48255496093475
48.42640927659849 125.05653974415978 0.0 100.5303245376512 29.663692450390812 54.77077903011188 48.80263556957283 7.004466627433672 107.79898042197274 0.0 150.89498711748413 39.31076904268965 133.60080177771226 87.61878396887325 115.40985587401032 119.50877283324235 85.36530505061238 148.9966926787031 48.42640927659849 125.05653974415978
264.8385747782163 68.31502224124145 300.8709203526471 105.66301847094309 372.7813432758128 196.37507297916073 258.91663300211894 197.55082709351132 208.31681977076576 213.9348930292348 139.67438080319957 264.67714119373113 115.90671071352652 179.75279022182144 29.7828813484295 149.18810875991898 0.0 64.23202217543319 95.14808143660063 24.88747899793225 158.01656598459635 19.71663548511752 201.12964763771126 19.046434443454515 265.54748070046287 0.0 264.8385747782163 68.31502224124145
62.16886535239689 31.253348664264017 76.70100719253526 11.890351464745258 100.58595185408845 9.317687191648659 135.66005597145528 0.0 139.7688012288291 36.45746211202599 187.66938308930992 50.171196500989126 149.55322415354567 84.36965631545146 153.14258683374408 114.55584787442267 124.54680302657123 124.46165527899883 108.00968687900338 163.64016762522255 72.31291752864078 155.8095524026075 44.45283886461993 137.28876974627383 19.829102598640475 117.55327097228944 45.31533892557958 80.91706250575173 36.5165876599434 61.34815364558936 0.0 11.620999392245523 62.16886535239689 31.253348664264017
17.775188095926012 104.37715127891428 10.126119057426394 75.73335801330502 0.0 54.0002813512058 1.0909254140220526 29.369564970557917 17.224425970815133 6.5708744221859945 43.12205300047104 0.0 66.51690835240436 12.771477145669628 104.88120126761623 5.705885894269599 81.21606822701997 46.80559544951009 131.78748652253003 74.8956483217193 137.88557612839435 130.2587172037839 68.34952649202846 99.47039673281895 44.057845270150395 113.64556236503938 17.775188095926012 104.37715127891428
232.5990651173596 107.87298150428283 169.78902876357645 191.07389322885888 89.74214287020631 133.14711107799758 0.0 75.04255186742445 99.84709510412105 32.13649553010353 143.65510327832035 0.0 206.79933058733738 24.576166947781175 232.5990651173596 107.87298150428283
0.0 163.1826793046386 52.27969616674946 95.60375342202104 27.421196088192403 61.01886321314366 44.22010358250168 25.11248704358752 76.55862647071703 0.0 116.73260886909618 14.307577128390236 155.22416571176842 11.065256860045054 177.88076028760054 41.05744610831334 157.55662579137902 78.04789286404325 192.13295176655294 109.15388859239619 177.77425778699435 144.24351625731066 147.17859036395612 172.00553751687409 108.19026645946003 158.4983130440088 103.27046804246132 102.04168552123967 0.0 163.1826793046386
159.51883711657337 41.476412057749 171.0625466517413 79.06727795067877 217.7603797560772 98.51686371476123 281.3202248783682 169.13629867483354 238.652271279001 234.94187398781634 134.72921003080887 145.42897032536257 101.2091074148422 223.90993903951562 84.0325443739593 162.30126581646078 0.0 163.50467412409466 31.011494062075883 101.72910125365232 24.865662486432598 45.523981263170214 63.97394927873981 0.0 123.22697176777787 17.671118610116537 159.51883711657337 41.476412057749
37.47081801496256 67.40947544902579 0.0 59.41719606461127 4.922817735511515 0.0 68.61760717593091 22.445998397637972 37.47081801496256 67.40947544902579
41.064861151497446 0.0 61.14512928347711 37.4977793264148 57.973286957861596 61.98605384863963 81.40710229417607 59.8167068000124 102.63909683391799 78.31171862584341 81.5029747832848 92.88896648423524 62.737887783439895 95.19076325776565 50.28057220948117 94.68451484280588 41.4951051337469 88.92188587208001 26.212653061882342 91.7074902473317 0.0 86.33188341984015 21.29188847836442 67.53030524771167 25.59933773656052 56.21712298491143 27.626516280817704 35.94380662371147 41.064861151497446 0.0
