70
0.0 111.2548883602635 19.227529295801276 55.793247119247056 81.91944747366757 0.0 197.79207196791322 54.843944737137846 125.73582842988617 161.2947487024602 34.49169220828372 197.045915177938 0.0 111.2548883602635
212.24909157242203 0.0 217.44619437498977 85.96888651642084 316.4509593400031 97.11541105630599 315.0260697678366 179.73494294172858 252.7928685651342 222.74000998725006 190.25849160454297 236.34461057175565 108.70053568163918 302.3569189511498 80.33462522553117 204.9470235377018 0.0 159.257411451682 22.32786498448999 77.12676343128516 67.87719852022973 6.912001998402047 151.39206975029703 38.00411802977479 212.24909157242203 0.0
44.57436483165964 0.0 126.4307597548432 14.972238919321853 282.8470791298386 87.01740968388614 121.11119139394403 166.2216005452716 0.0 111.1941290277263 44.57436483165964 0.0
158.185057960557 35.391028918531234 171.0059875271457 69.87271616849797 137.1542755718566 89.03930310610252 122.85387687840428 129.57966133898105 86.77283443637583 110.59071382833419 57.8942444179588 90.36919019312307 0.0 49.567151914043166 81.37165322342643 36.81850468318089 98.31199034483978 8.447996777190745 139.9031598373 0.0 158.185057960557 35.391028918531234
210.88667172310141 120.13695919686546 187.56880031246916 201.23915734275445 104.93834155314873 153.31047095662584 53.71868757724036 161.57475472379386 53.36878230101382 113.059529803922 0.0 0.0 109.11866802183022 53.02415188233718 133.65180309036788 90.03080594393404 210.88667172310141 120.13695919686546
0.0 135.82759065249158 3.9847635573355404 79.18101388721033 4.991593579459334 0.0 86.60985425615047 19.83489225387622 120.40415622128981 93.067060081558 181.74676279417673 31.3430270848348 209.66001638815624 70.2894064568305 221.75361592562624 120.66863076451796 233.44768930996707 185.07347235791028 145.018616161775 161.6985003388586 121.57909738200527 184.9187428095092 70.87606860770018 214.84074628719637 5.850306338280433 199.84599729874688 0.0 135.82759065249158
226.08375388995373 97.21779652764019 260.98395752936483 232.06751169850932 146.24305169143224 153.32391374454667 0.0 118.21533110723072 122.44303019105729 27.855171449191317 227.3085677678967 0.0 226.08375388995373 97.21779652764019
75.95132597383018 36.12233106560599 105.65993279130751 62.202460016455206 72.64036113971821 71.3325226028111 53.59493243298364 73.58122510344221 33.44809091524756 91.7846795532739 17.377827531520524 71.7190632598495 9.159198008400352 53.72641956515717 29.012522969572103 38.39357269566298 0.0 10.46505043936385 37.47199912724355 26.451403188319148 44.372390209467426 0.7506399409632323 66.04768509004909 0.0 90.59286011581005 8.822634231791383 75.95132597383018 36.12233106560599
53.33022960070684 151.980094345331 14.912111739573945 128.587570780894 28.27724261395224 85.44089699875688 0.0 0.0 82.55568174365811 32.79680335902859 136.41284843238543 2.206444670563343 114.9688377915567 97.61943398169795 216.02981010599393 92.0070105916018 196.46895407436529 149.35351148109277 178.86392028898098 211.52710963723234 104.55278662443148 138.47631641961698 71.26642018826657 190.8498873423057 53.33022960070684 151.980094345331
50.35470376550046 37.26867963861173 125.08077251817974 0.0 193.8117496164877 11.246189268067099 306.58305779849263 5.040703676666396 279.24176651435096 113.23085368378841 172.39077659315546 126.30163372234904 210.16403020127706 266.2269541068487 114.15700029597423 252.85446806525715 81.92758920391901 171.6266062468548 0.0 113.50028549458911 50.35470376550046 37.26867963861173
0.0 194.06068771383138 33.6659603525581 125.81445181743673 38.779610463708536 70.90080097699845 96.59290301037825 67.48241355762933 154.86168001993528 0.0 154.94949675734088 99.51619449397623 250.08227088599156 111.46741715048621 195.77157397513315 168.3929672133276 163.9342630676359 206.07442427646214 120.81704886623022 248.77917960073006 97.84182963207462 169.94153701321972 0.0 194.06068771383138
0.0 44.245508742604706 150.25721916395833 0.0 225.33480559271138 63.39691528207492 137.28957704683125 133.4143940062804 0.0 44.245508742604706
30.332316060851028 102.84223743393079 0.0 56.93244217505355 76.48808827764964 49.927601847215044 85.60127923856491 0.0 114.94771658977105 37.163909769158764 163.3283272271489 24.33705714426761 174.4312845928776 66.23099157275587 153.22904801163833 99.90303392179794 114.43683592309888 94.75302220464465 100.68587832047336 116.92872721725118 63.606397313265184 130.25800400736304 30.332316060851028 102.84223743393079
28.130919503626885 39.89899931585926 19.18432996227338 35.21391524245847 2.0804583236577514 54.08644238755609 0.8948714835834579 35.83430577579897 0.0 25.461745105480105 9.552945740633177 19.85663323691034 4.636910943880068 0.0 19.021300243293012 4.4849436047437194 31.2396907659285 4.476221325295015 21.743557658728577 23.852537325626997 57.80988162910158 24.631739627212582 43.29930255795732 38.25318248489491 28.130919503626885 39.89899931585926
44.382698391045494 19.844509180839466 88.14862202800377 38.223674857717185 110.70587763144567 6.498272898287496 151.69507908990732 0.0 173.3749828784974 30.90202247178781 248.39403173253658 50.08981108190956 175.75338006188105 97.04078268769443 116.75118555548833 92.13559108897081 135.52473681712115 132.36042076092502 124.46103430061277 217.9326936854722 81.62255905949424 165.67652346417907 27.892332896437722 173.5594337611937 0.0 134.81814564340482 21.1601651679253 87.43555086545071 1.997196456372933 42.71069376195504 44.382698391045494 19.844509180839466
149.48045317667152 164.47856218190228 113.51521777907979 147.48440923760265 43.36803053487982 184.1365642539988 0.0 135.07655597280396 28.256359674715227 74.83329717255607 84.97997373879375 52.220614440780466 86.34031375033376 19.740940649000173 113.4230292137591 0.0 143.53236193350568 11.23528786311018 179.98747854375742 12.90911400787612 219.46960793726035 32.25590468212465 242.76727079247365 76.97410881994936 163.3295397413918 90.8665571999414 177.9133648176331 136.33802989434517 149.48045317667152 164.47856218190228
0.0 59.245701076719286 23.381340869029508 35.97904153595225 47.06280512601439 38.64153418815856 58.92480397927431 0.0 96.5677048946894 3.8380842965737045 114.30466992237879 39.03125912509496 81.80452608584136 63.99120404103725 65.50558262241904 72.84460908729027 48.41633743519839 87.04332566853166 22.00882142134048 81.51501141629952 0.0 59.245701076719286
4.565406669001803 2.1077576390802477 37.78735381520357 0.0 77.65281219752404 11.583656926610573 52.80329633091385 45.21932658495882 37.93644452589561 71.40547511256021 0.0 68.38776740315645 4.3773966026707 32.404147639807505 4.565406669001803 2.1077576390802477
0.0 165.42054111479877 31.61242831563024 59.545970090871705 89.36142910779856 3.012161345960692 163.3623412387648 0.0 205.10785057362529 56.19537604382033 255.90446960237915 131.089163778429 187.2363900363071 188.11147401941224 108.21317269672788 179.3570372961844 0.0 165.42054111479877
150.01770702982682 0.0 210.47044931096082 47.586819263860384 246.4731652657092 132.06468080237823 195.9932563666007 213.8386269865723 100.93186557011849 164.99630131926023 73.3420041429491 140.186061918794 15.448349841448518 138.09753582032454 0.0 81.14244387470201 46.303841016489436 44.64427124667265 85.54102051896605 6.459951557634284 150.01770702982682 0.0
0.0 44.227331705044236 21.202727358758565 17.575369177702314 36.6810535838074 0.0 60.16854334489774 3.44778155514625 63.58862061246036 24.41702895029924 91.09148384659271 50.98408920310999 54.138841681020025 53.45648311100835 39.792160887607 42.49387227781504 0.0 44.227331705044236
257.6122204413235 123.97646475285366 154.69239961791703 166.72642304690527 131.4871461378749 246.7778426498149 59.49861249901157 228.63854225254045 24.415191130589662 172.40203859841483 0.0 120.21936398563116 37.034638180377435 80.18401614121683 80.1284238147025 76.51645225185027 131.56955593852626 0.0 126.9355129157414 97.27799450214881 257.6122204413235 123.97646475285366
209.14199502980557 106.44928229040924 150.57343317648923 114.34379115885831 154.89268265491225 171.94082945889653 110.09653466077631 152.56088227766088 89.98820566539956 112.79960510092705 47.15293077535432 145.65447563577658 0.0 135.06108724404896 3.7235886027347362 88.21255951179837 50.311192587198775 61.86571577567102 29.25155462347678 18.853070258130572 58.647348584431 0.0 93.13344135942381 13.851375984584749 100.73769981027489 74.89491474880568 160.55476849634638 0.22145026100872656 194.26406779343506 22.287254913955486 191.50056755157274 65.68173740661676 209.14199502980557 106.44928229040924
104.48448281772335 176.40009300930006 32.2756820001042 129.92456373120416 0.0 47.33338941022557 85.7180083950942 0.0 139.9456866810172 53.67765735318399 197.10584634193316 134.86173807358023 104.48448281772335 176.40009300930006
195.88188124582265 33.31783379135225 249.78092777128649 100.51683019388993 227.6905246562443 199.44201829515646 124.46813431565234 227.33550288326558 0.0 214.75863305689256 2.5771673718769534 87.03729611116128 91.89624121360123 50.841301666717335 133.20858111414114 0.0 195.88188124582265 33.31783379135225
76.25472060950369 100.15354016209787 32.95806034142648 71.57402938569919 0.0 39.21340364586287 29.47931329871819 6.2971082415632935 62.18870478980089 0.0 99.85397543116318 8.621611487187863 101.60843037653879 52.37184725334345 76.25472060950369 100.15354016209787
83.96856707391717 131.6546244199804 56.70439660150751 111.23467986145222 48.163147057626176 87.23987983194402 19.48091417316381 71.23189961045891 0.0 30.59956978851511 42.42248784595061 17.699658665904437 76.34395262826366 45.098241450419536 109.52982494803852 0.0 118.77794963930198 36.23162608313402 118.38588772166513 61.46208074085959 166.159003895475 103.83686622040143 150.58647693865527 164.13131391735033 83.96856707391717 131.6546244199804
163.4445971133905 127.11437270299984 187.23986931873134 169.33625221707544 159.57977333044158 200.06803674927883 119.04091473689222 195.20254217167965 84.09493308791568 192.42354033509017 40.71700614209499 182.0441302581469 0.0 143.49720789595312 42.164875710536364 100.82580852120887 31.90816313096883 36.85433598948529 76.33870276901695 0.0 128.85293759530683 55.69527824798915 206.1933986779859 11.013217157439243 168.1576156736245 101.07801910515307 163.4445971133905 127.11437270299984
200.29728482107834 0.0 250.22883508135578 68.29364287029148 349.58994595934104 115.16308704519689 253.54070541091482 168.73836882681144 204.42349680901907 183.13037816927664 135.844876391227 193.389958755161 0.0 124.55506337400504 91.65220980945656 14.306822458015517 200.29728482107834 0.0
0.0 84.73807915998705 99.50268409768113 0.0 185.75988890130827 38.68420386385309 134.69854965251403 145.2546611883453 0.0 84.73807915998705
82.70004068005586 31.455459849769085 123.13523662805943 10.631971661589574 145.97410510540146 32.47410479775027 112.46472902305575 67.53515966027716 99.30687709346758 81.33998069981656 114.39107715043184 112.57567032291445 90.34184392668254 119.67095331958333 70.56343695465652 127.93920410915999 53.032378710416836 108.44221395795506 0.0 140.04933824127437 45.97475787035506 78.88769240828424 9.658121576422616 70.35012968064743 14.173872848140405 47.25879939470617 38.10904652577827 39.88568425306714 36.948775669070045 0.0 66.5493796061157 27.19170641031075 82.70004068005586 31.455459849769085
37.6425570079941 32.75562585402854 30.366503316722614 28.13606111998142 0.0 20.669183182352967 20.92514489625637 3.7990614410053922 36.45516583446364 0.0 47.969123267904905 6.001980624894728 61.93746947777282 11.375558611665681 56.62892291202061 25.87126131453192 60.27599156768028 54.227147245267545 37.6425570079941 32.75562585402854
87.90685220752027 36.93564459872222 95.79753069058518 50.380639171219414 127.07491655005288 58.78829015512932 125.69006655092642 82.86852074359496 100.80601012652374 93.31782392221218 94.17762466136406 116.78697033070286 70.96990271607699 121.87909070151012 53.29026485944814 105.94066249670045 37.8286245964851 97.42220163606537 41.491909598739156 77.59853772666149 0.0 62.98886086663833 45.1046042344928 56.65113386891987 24.583041291845767 15.741783707721055 49.05287757249552 0.0 77.35177649282728 8.688546627901218 87.90685220752027 36.93564459872222
183.41289841247442 32.151322248930356 89.67981626467875 64.26871210237186 59.05959478954259 85.334556390837 0.0 22.049639789452243 85.76527526470507 0.0 183.41289841247442 32.151322248930356
28.353472077984193 7.869383064847142 44.4486525844806 0.0 45.38814325759161 15.563401003560188 53.87551912344625 25.293280017454975 39.77317104200638 32.600923266321246 36.38694686273395 41.02155737722639 28.684349371185817 44.402917607041985 18.697670264155548 50.04199015836086 11.882393885564412 40.720027290485845 4.967081546204099 34.3032997941704 0.38233001022449287 25.128819579609967 0.0 13.505105960943666 15.724218701718641 14.885593674072013 20.775609847890266 11.536766397457228 28.353472077984193 7.869383064847142
48.93254729078721 47.506403221539486 26.48511413836509 47.62785425269897 0.0 43.90959540840882 5.903639365611198 17.452891935292655 18.620658551384935 4.483328685206573 35.464463245321284 0.0 52.00405645194907 7.566276231775902 51.57441974349574 26.178873569898215 48.93254729078721 47.506403221539486
230.8799549832637 50.25611342719748 191.07520927496603 121.06687948283448 287.64931023871804 172.6672731561706 248.2920748491447 237.09994055228344 175.37752364899194 244.4397470290453 124.92458594379535 202.10289708453593 78.32009254595695 194.50907641228468 60.03751942929716 152.49932580843335 0.0 88.97675876381561 54.71244951585831 36.789073730547415 121.13165843371448 44.70130550789165 184.4023884962462 0.0 230.8799549832637 50.25611342719748
166.18578796302134 49.0112757078744 225.00732288248963 148.73760463115275 106.15295148664879 135.22291841425118 0.0 0.0 166.18578796302134 49.0112757078744
64.24268062191881 70.14253147187117 0.0 32.006839444732776 65.41183731416278 33.964225585335 123.46036331380509 0.0 145.6882659954776 60.03168648990862 100.0878233812699 95.22799748489595 66.68147049709144 111.82675323643176 64.24268062191881 70.14253147187117
97.14738820227997 19.6722861644608 79.3253197007481 51.309538296846 55.59773157424348 78.16349782245007 3.4418191164341465 64.03735709305631 0.0 0.0 60.772523239968464 22.69003428145696 97.14738820227997 19.6722861644608
167.44258141860007 12.27430366978561 233.34377565369505 0.0 242.25187020765318 64.13064864223239 243.7114543816495 110.1970923662075 222.69961276964037 146.30138000420098 199.95016779740666 194.3441683536118 150.46888439014043 184.69223486156892 93.5281851877022 196.34113324184193 74.37005945848998 140.38814587823114 0.0 85.5376760845066 114.35811452189694 71.10157855560328 157.4195356323558 101.43071164989755 167.44258141860007 12.27430366978561
22.414705442166728 73.10298823893056 5.795036852068314 62.63280026555013 10.704856739022368 42.0380747242648 0.0 22.674709163931055 5.709805749279106 0.0 35.90081375605268 10.853711238489353 47.835714750251036 9.236223463099762 63.324663509336126 0.09489238788271592 75.66734418661605 10.024849647171408 84.62261262913995 23.894621410912492 94.38853105109052 41.02689224815238 81.51097288685878 54.58166749333371 73.00373332300788 69.84522373625877 48.227924601300295 36.45943149429449 43.289368843155096 60.48453451505452 22.414705442166728 73.10298823893056
103.0308255453377 92.37146852008183 80.07703902011811 119.12883061759658 27.884269031147312 131.74344229021068 12.72124121392227 84.5145902716844 0.0 35.52113738991714 53.35918814415119 32.11580324288269 83.57750031619405 0.0 108.39179019222621 35.081303921246956 134.25390433540818 66.95791228983266 103.0308255453377 92.37146852008183
80.8142325964788 194.2201735947331 59.62143590867231 167.27752628193016 0.0 147.32132609750562 80.17124512591698 109.6632617250766 59.530236358308684 75.26040985620068 67.64295370321562 31.005656106824418 104.55704692829981 0.0 149.92818636238513 18.53397963532457 186.77590052260211 35.5219706575772 210.1586569333061 68.44671344200094 163.10653551226483 113.85598308722128 271.4957874821423 173.61481423866906 199.48971639731016 196.4160146336124 130.06712591074006 138.61038064114456 117.00277173734396 184.25838595215987 80.8142325964788 194.2201735947331
167.70664264548157 173.24773770461422 107.2338048986594 243.86903583257285 0.0 210.53438466623 52.37946118618132 109.07016758829702 16.20368079117077 1.2432010853293463 122.43541352003835 0.0 198.81650782328757 41.84859833948403 255.93213764271286 125.34277223950876 167.70664264548157 173.24773770461422
70.33705389721557 0.0 112.49067256719401 9.996192487710942 105.50550734339036 62.37574384059708 213.06021298591298 88.67974505748955 155.67904229267344 136.86044600095994 107.77394524606768 179.79442859934568 40.104569076275936 167.93554041968423 0.0 118.49003287614457 39.05448996948422 66.89382400056454 30.955942546990684 23.789952405606833 70.33705389721557 0.0
11.255613768585548 2.9916135684301537 23.267619945367272 3.2791734838207844 44.33335575473971 0.0 48.27253232028046 20.398202866354154 34.43900290998138 32.87106397690269 23.096967240794896 40.038819761343916 14.726348625138641 28.358233310174242 3.1138457112997457 25.161559054857875 0.0 11.41333681202579 11.255613768585548 2.9916135684301537
168.9432623227188 14.454741177170796 149.55591749529026 101.64466991582418 85.49615533554565 137.66636896276378 0.17584187746300017 118.2620392159393 0.0 20.03682756188811 85.98349315721124 0.0 168.9432623227188 14.454741177170796
124.3271504015396 102.75857266150835 138.98981758877983 0.0 161.56506297627092 56.708645567228906 195.21231054269575 63.7165828630465 241.9248407616592 84.49998530030962 234.077001596924 128.46931838467972 234.95717586262623 172.20339708562108 208.78813478795252 209.04120777692702 165.5326144783509 226.61633346250858 120.16344567110653 232.22233187119093 83.81888035378657 206.31984750997805 7.9803875282843535 223.28167233530087 28.304575560087784 151.15907159197138 0.0 108.81701721070617 60.583238949852245 83.07926718050214 37.70824598548535 7.4015643989600335 124.3271504015396 102.75857266150835
81.98988719439438 30.814352582548025 59.322598129464836 46.78440070683098 73.62261802751664 63.08801045145313 50.58438299686718 52.52377178249699 47.72863566921211 80.10152500070228 31.532162049982063 77.3935294590002 0.0 81.24700859948217 1.6391704458245897 53.95975234440722 22.95911760564806 38.09938424453186 17.563662497518777 16.424458598172222 33.31084927249093 0.0 52.46868524376056 16.420412781707697 64.74542407177756 23.912764219045002 81.98988719439438 30.814352582548025
57.21439093114037 140.2462764225076 0.0 129.5279538830891 5.260653406621486 54.82774846635988 95.1724892344046 0.0 152.22270569159275 84.72073258268261 66.31054513610793 114.58485465317422 57.21439093114037 140.2462764225076
53.919197507013905 4.262879849986817 110.85200281324393 0.0 157.0990645373688 29.41890006104991 194.51218749273932 72.09335692539454 117.7255220445121 98.03447370154373 139.69590169419314 168.29179312600647 87.40676395926802 166.71324783964872 0.0 190.2242759199029 14.892011727852577 101.40021388782858 22.811221813308265 51.76325085227155 53.919197507013905 4.262879849986817
331.1375234970095 160.68522889968412 266.0386180253605 199.50978331585654 214.71555537052743 200.0280891608774 211.63268377567513 279.55222228160824 153.59315552951193 296.7601830710614 82.53999680503316 300.0201684971065 103.45025151513059 204.14958801929242 0.0 185.41095778366991 100.87694520394365 135.42653659908748 83.23992968671172 80.52605574267788 123.4246606280978 47.01997198328709 172.13111651921693 44.262880369011896 234.8604219490907 0.0 221.24288793993864 111.7730978060665 310.9609516570922 99.91388883012561 331.1375234970095 160.68522889968412
12.407552792020454 42.27073487489735 0.0 14.25439846178778 34.40133063616199 10.828746247009896 48.64365928442878 0.5740305800230487 66.20583219314973 0.0 86.25604290858945 0.6412461530476605 64.6235257682821 38.104690286461455 128.774847485257 35.29140720170761 94.91227849813191 54.751465452690375 100.16053774444896 85.0940166036685 79.93730513675634 112.97037657684962 49.1143103930481 97.17632858082911 21.427323316110204 93.7415270217513 28.183552077976458 57.46135122349927 12.407552792020454 42.27073487489735
34.08477008450599 46.107889433253916 15.197599429740961 38.47122958256777 0.0 7.60072207963924 33.91301644927685 4.240210930038472 53.55712577009464 0.0 58.297798178001415 21.4686119717978 80.82147021315869 33.7597742218655 65.52455769980783 51.36658262741712 47.512308448839576 65.74930071517116 34.08477008450599 46.107889433253916
86.91306568870708 123.1610397154044 0.0 111.69934459041107 27.99213845114636 34.25726099449754 71.52395158063936 1.516506535724595 151.16089186435082 0.0 96.30140764309873 62.68363963210966 86.91306568870708 123.1610397154044
0.0 18.341463864391514 23.45488395319137 2.5750002347022587 49.796052752703645 0.0 64.68858523588054 27.520645106597584 47.646029360947495 62.77515618828558 22.60405104381428 35.77600205223541 0.0 18.341463864391514
58.31229315034631 50.327115072052365 0.0 19.478942294635104 65.61802896942679 0.0 151.32515645303297 31.568846293004512 105.76232092281043 141.70045476342762 58.31229315034631 50.327115072052365
0.0 114.7136134245719 46.295350327671 19.563165628850086 132.44625439447873 0.0 207.80900119850233 88.75088747105215 106.0071178635249 156.94320317035857 0.0 114.7136134245719
129.54011926552454 226.5772233725691 115.04589705797054 134.23865291384197 101.11701001481322 107.07826793173228 0.0 65.8773486125511 96.23171797292792 43.010771902514655 122.8100768625452 12.280726964094114 164.66626957576221 8.785191711580723 223.52911853562807 0.0 162.46359587805995 82.18840517211325 267.2261639226958 104.2237086748587 223.86563659973513 141.1454353774297 199.46029636841325 207.2964875947124 129.54011926552454 226.5772233725691
139.67200913916292 48.48578918807066 165.3634821397237 19.34869117287812 222.21133611294283 1.961955774412857 231.93269681818714 49.93792707944092 272.6338537336154 90.59909029746862 205.79173763173708 116.35620436202485 202.89960467825648 149.90116055777293 196.32601391233428 233.20304592771345 141.7689319798967 159.10066675958495 134.2568475529684 114.2813476339671 113.99007587059467 117.91439436260956 46.60007510290964 119.76222806023777 88.8043708678793 82.63318435764351 0.0 0.0 130.03216334708154 67.36971986597221 139.67200913916292 48.48578918807066
54.050819013301734 0.3537606311509336 70.54001994069102 35.463623484281555 56.270601123294625 67.2286125502013 29.208968255729033 50.872702140905574 0.0 38.74375234058539 11.365004701399528 0.0 54.050819013301734 0.3537606311509336
94.0604305649122 26.94951811096829 95.98478312593434 50.74270228988565 79.65667483515335 65.77747402799565 62.53083249681025 82.86073966941242 29.754093623468677 89.60659297334828 35.29110104413614 52.255403347636324 0.0 28.472797394125728 36.37479650977323 16.48684632743973 56.18681281384433 0.0 83.57376900496111 1.2354419455346175 94.0604305649122 26.94951811096829
238.49958786683607 101.5275877174935 192.3954105379264 171.5858881512272 141.36068692112968 165.20735249402588 0.0 174.39886437529668 49.728572494272285 32.73788705417496 182.0130949228503 0.0 238.49958786683607 101.5275877174935
156.91623715712277 0.20219347635602958 314.96517481574 0.0 279.27377706954337 183.36840233349506 113.20182435773674 193.88783356826332 0.0 53.72457943822563 156.91623715712277 0.20219347635602958
58.23333240882127 16.678732036127748 69.0135735482799 11.033142690535193 88.5433204080618 5.8157120116094845 98.51660048374734 20.36270104910718 94.3078481388178 37.2476037255968 102.41501615986749 55.37135266847162 79.29382649868948 58.08460623712532 76.06629020200353 77.63359563991429 59.7187023548978 99.15478528256952 42.57178362582064 77.5285198035669 2.975666522492048 94.35320138099965 12.143967406547006 57.00592333702807 0.0 37.7183717868593 25.827229175607442 23.650937406515744 27.757721560423136 7.4316395984874575 42.179804573471074 0.0 58.23333240882127 16.678732036127748
42.6769787644656 81.48671210123658 31.89363211213997 75.44548171337013 0.0 75.31701788364848 13.941437535030047 52.90421476293789 17.43174022066107 33.38172740621645 33.93519474499594 16.275171202176097 65.74878259085229 0.0 85.41235879224017 27.894147136532872 98.19309021985232 55.00513825538544 68.56890550827073 72.44104534197788 50.1186139322774 70.15593473896507 42.6769787644656 81.48671210123658
0.0 46.7286110200272 38.71326780288335 14.205395437210228 76.9079692927996 0.0 105.49433527484508 29.774280475510395 101.95534826770323 65.47526173252233 75.1223573961537 86.5340962634679 26.807703642075467 97.31081260810525 0.0 46.7286110200272
0.0 77.67969015556932 26.288716727119407 47.66620627588507 12.121228495573405 0.0 52.67727906570991 4.467707544923137 83.69570953864552 4.655826068779724 80.93300765708372 43.702204813145734 105.5683287553793 55.381821865134164 129.2582058345054 98.6364948073903 70.14502863886823 74.39465309008312 56.44181019149498 97.94294637994923 12.969859432966757 115.71751189956964 0.0 77.67969015556932
134.63952389182822 88.62355606885626 145.93516199762763 168.07899181344186 89.20567938462067 132.56251651278916 28.386992067594832 108.98000078668433 0.0 25.540109853294638 86.99909207096572 0.0 151.44079934043998 3.523582047256056 187.65780923578714 50.805975839537 134.63952389182822 88.62355606885626
