70
23.61268613216113 0.0 88.17739281019712 5.101510123560075 51.167745268111375 64.16941370608973 0.0 43.721186861336065 23.61268613216113 0.0
0.0 0.0 106.53030127062365 19.494580992806043 198.5572847691717 27.259711712570045 151.3805965166944 125.45454758607599 32.6871204845243 129.6103316258127 0.0 0.0
100.8752972381603 0.0 139.18018435865207 55.675251797195635 154.26693560901487 90.98313114935064 214.45940854419558 140.26838938918655 151.34401359317582 169.740411088844 105.89813510200122 154.5801892270551 61.633599992864845 173.40174238399877 48.16916670259715 129.4409002542757 0.0 77.0975745402869 50.596867917699456 34.74191381251468 100.8752972381603 0.0
2.8480661098483893 0.436307682416853 18.862748540285523 13.89472769226299 26.82212204274917 0.0 33.05559752590952 8.349880841818504 49.17886293773071 16.305263223455142 41.40255550703091 30.91003355065297 24.264266992687823 26.788025914414277 16.816235628191976 46.415025989548525 0.28652752634461365 43.62076866714048 0.0 24.889536270328392 8.833668170355821 15.424714390180938 2.8480661098483893 0.436307682416853
130.22657299099154 16.50462004034175 188.5339253695431 4.658279809733969 210.48545102830673 55.21950785363589 168.43385074141497 99.02074492046722 173.02185685587125 140.0772557008708 123.09059138936816 120.84066313705854 104.07830218608822 179.59803362625553 50.63358989551906 191.88567447522388 43.291002677287395 130.8975485803956 0.0 97.48239027983884 27.549024763588207 52.431508708784236 74.4042092214007 44.149533204872945 91.52164776520506 0.0 130.22657299099154 16.50462004034175
170.91534904021958 162.62773111521136 176.2118374219239 238.99849185974455 117.80130641720868 204.0897592040293 55.272870071118234 242.1255017344066 6.9935576152699355 201.27443988212286 0.0 136.35482313462188 78.4739736317851 108.77443063082325 20.303366368056686 8.148270130160057 95.69295552378597 0.0 148.60609347377718 25.085155616193518 184.67332569720264 55.507124464022894 261.3084398997278 76.88762462717158 211.31058223613792 140.22276539807075 170.91534904021958 162.62773111521136
197.1545507598096 114.1312085843242 129.79430468243822 184.80108425430018 64.14775646019635 105.517929542315 3.2858022110667875 139.55603463628051 9.026697190113445 88.58811974839861 0.0 16.747110762627756 75.37074484649773 0.0 99.12788086301276 69.42236835205226 197.1545507598096 114.1312085843242
6.545444287320024 36.06151258970755 0.0 11.4290548360308 30.982860235667914 18.82888539452493 46.63069945898779 0.0 63.22862090664553 12.501279958238143 68.04029499038133 31.71534991652051 75.24478685233412 56.926509037095485 46.261150688572826 55.61360255763019 31.270177580286912 56.41877779220147 22.447409798633117 46.6577433726265 6.545444287320024 36.06151258970755
156.5635210438067 174.99679428961883 96.56375118936987 156.48571655247503 0.0 106.65560698026742 82.91613862770376 35.200145397239744 132.44317390839188 0.0 175.02644773094954 49.34436770778083 218.81206363903084 52.00531666434779 213.66330612423133 93.17995159501403 182.90975716802723 110.78807035617449 156.5635210438067 174.99679428961883
109.44864750880406 26.146858494163176 111.34412684360693 56.83388001286439 65.97583896029597 56.74670400144661 68.5824771486337 91.2520110515118 41.92147459653519 95.96727038045631 18.72300993244903 79.74830020593788 1.3720551992392416 55.41738154514692 0.0 21.412953145764398 41.43334326737248 23.317456870135622 58.25109567960099 0.0 77.20523548536372 18.83690767816139 109.44864750880406 26.146858494163176
0.0 0.0 87.96504307070565 14.59189757781337 76.19615593770096 76.10819027990875 12.193818899706642 87.66501595814873 0.0 0.0
126.31090952530194 45.86894562530425 101.84859765143266 110.98304159405889 57.51917728373145 121.35306586262153 28.435455197320636 116.1273510432954 11.141779485473968 89.55588201326269 0.0 32.91197681781019 66.57205064785133 0.0 126.31090952530194 45.86894562530425
0.0 78.6173827388385 36.33108048480642 31.430043418018684 59.872958612515475 2.070443183922542 97.61616181572745 13.50025058650526 142.99238927315417 0.0 166.49100622736245 41.826259723686476 138.16761005567594 76.30107701112854 123.87821221647955 106.1996262722401 91.00592899613451 93.65687189552048 70.80578337690044 84.25685406581744 0.0 78.6173827388385
67.7005385710871 12.936537416965429 98.53364887892117 35.41020932522176 148.2947984612117 91.75532803505043 71.47551689872012 104.48403838812378 37.9499531288276 82.36060156961229 0.0 54.417012288633174 15.108080694546004 0.0 67.7005385710871 12.936537416965429
129.1454774713365 108.7536402130254 82.08799908119737 84.60430920958625 71.78244944098677 84.62222559211159 64.08746332025592 79.75419257962184 40.3541586538373 89.5197765546475 47.06647418514581 69.8115335287579 56.21145042255152 60.52685164825759 0.0 6.539158386926985 49.513700668301524 19.12325461532442 71.09730861620685 15.875761480953145 102.10679821259878 0.0 129.58249959725367 18.928484903425463 146.66311603739405 48.2289607300183 94.95947605487852 69.13903822378124 129.1454774713365 108.7536402130254
55.62149644744457 78.93408166142623 15.615356044277576 39.42704817874518 42.486783016907566 14.075357744390828 73.21291789856414 0.0 100.08275624218346 53.15125130009481 136.94298895727056 10.834482368563926 163.07605284335096 29.58968447380981 226.72215678445508 46.02238961404794 185.28617208063338 94.78741071699275 152.9797147278687 116.36651622178417 123.73085841040405 117.73558472339059 112.66478582886228 138.8618400627576 88.37751104650741 149.96755237130157 47.99132054467694 168.96833801493193 8.259066605794914 151.21663737908358 0.0 110.58254331562728 55.62149644744457 78.93408166142623
29.24561440888388 37.89676759558314 153.2791884441429 36.01680790094866 214.11347039162965 0.0 293.8806762991221 32.34277135320049 294.40531096148845 117.31052071113942 291.9691934438108 211.22211914657584 209.3400023917921 292.78179141531047 100.39847107748888 248.42481290567343 0.0 166.44148703993943 29.24561440888388 37.89676759558314
168.86880033640125 0.0 214.70089632454744 34.695487800269134 263.59458765414456 24.734130473459615 272.26179254509293 76.39790604623121 227.654765295012 120.94682222683721 309.9052491234178 155.6197787398934 334.636809337411 237.34482581318997 250.3595944180825 231.0872584413083 201.86814885992305 226.44725122079646 165.7234042369331 202.58624684843662 138.09799051822023 182.0584877031881 29.824160613515886 184.1478444703646 0.0 109.90120080563999 98.09323860785727 70.13623454234425 171.88397437713195 89.7852267717646 168.86880033640125 0.0
187.21257993624403 29.792363840366328 151.42500434799248 72.19049253417694 139.79271055128498 116.16745577773872 91.94104599952905 124.22398788054943 82.47076490762825 69.5101818323462 21.780302370666618 67.09030495211408 0.0 11.132114671985313 79.42201302475308 18.410011258035958 102.49909545154648 0.0 137.28051836269606 4.21346150180414 187.21257993624403 29.792363840366328
0.0 92.42894693337048 87.03408704634016 0.0 154.75743394114033 34.465900251134414 110.42932994435608 73.78108173620176 0.0 92.42894693337048
24.220971243865336 33.88278078245668 43.964998126646265 21.0329677583928 65.51389358997382 28.22277853722325 72.07131798311345 0.0 87.89935544711076 9.349891287834197 110.73288527204272 11.04926585630433 101.98189158515423 35.33426742011942 134.8303495574966 54.63737481051477 131.97461442057195 86.85404699338251 102.09489263596433 96.54643568947675 73.96928772796439 75.47127341785132 55.19306458149909 83.00010162640213 51.686260614396474 61.604070068735425 0.0 64.02879347783683 24.220971243865336 33.88278078245668
0.0 92.06604455041838 31.985575888328526 46.8549631874721 75.46118125111553 50.444326785714466 123.39065011123184 0.0 173.29813931349713 43.22469683190219 127.84818007794262 98.25201322868003 127.98116779041085 151.46844947205238 79.99629710088426 126.74844128921103 26.681898193956044 139.76465113112044 0.0 92.06604455041838
0.0 51.78046526219257 36.37648229147888 35.74163373376735 26.359813739285784 0.0 53.39518657066998 20.796364069461283 61.17894671597273 30.537709408902778 107.31063736696021 32.24496459939285 103.59464361194964 69.06848519611151 64.81072510233395 67.82617655638433 44.60096459077516 97.5602073213858 25.73006604581255 70.40575752069455 0.0 51.78046526219257
91.68542097854397 3.5422375083489115 122.23550427864706 59.66534302750598 96.17581931853785 108.48181740623669 49.34410118242059 107.52489660320857 0.0 75.84244635068397 12.430167042670774 0.0 91.68542097854397 3.5422375083489115
109.35828542414114 135.58231005885534 62.49432321381309 119.72343418176952 0.0 115.5312707107587 10.102102927047724 54.398395663019045 37.74111146979452 0.0 88.15153383168038 43.96809569159751 111.56670982118436 59.36274269217752 145.44026552981956 96.87392659761552 109.35828542414114 135.58231005885534
33.567891944451475 5.035899709765687 40.286128126172216 16.66146327913917 28.148349274077333 24.249517956642904 0.0 35.022825353134536 16.658904158427916 8.803685101624055 23.300595463593325 0.0 33.567891944451475 5.035899709765687
307.16538277003326 94.0122180480118 369.2011863246733 149.9354530872338 367.3804476760672 234.30758944642704 233.31900518071964 183.27316281524534 213.54525110067416 230.59954740411055 157.68034212726886 251.92986660471777 85.36427443257412 235.57931012031986 124.14908120697359 154.843654931722 0.0 73.06676933377973 151.5362116004609 87.11356136290021 194.4462345259538 107.68001718124904 226.12121735730648 0.0 308.0905108817468 3.6126392605423234 307.16538277003326 94.0122180480118
54.256731158312846 67.94268639188172 0.0 45.539107011156844 20.619838201463196 0.0 85.11020129092977 41.69716624235497 99.53273492077979 8.070146798160245 144.11606840455127 4.428678954480915 160.81969516440097 47.15773005539555 124.01244891231454 73.86495837135531 107.39079441922823 117.25993487966359 61.06410957126455 116.77350461876988 54.256731158312846 67.94268639188172
49.91785381640655 61.156399090923884 0.0 49.98211790481652 33.42924765316816 41.429520932992105 28.594156010512364 7.038214919813484 52.75376907766716 0.0 66.26319791543115 38.33424382694133 105.91976339689818 12.557272030665054 87.10373055952195 48.68149935263111 96.8693799268513 63.11823323305879 92.03232604380001 79.17162824736315 79.3464714171132 89.63667959681753 61.312209310990596 78.05676560480619 51.924987350967186 77.94302247093303 21.006002075879437 95.16355023159856 49.91785381640655 61.156399090923884
47.79482306344272 0.0 107.91349506130913 28.02488880562216 74.97412717770854 82.28906845047976 0.0 62.80371410210537 47.79482306344272 0.0
0.0 11.56706795634554 23.079348245888795 0.21791074958667878 37.84794805594274 0.0 49.67683818082584 22.43267970647183 22.72285033068077 27.042980599005418 0.0 11.56706795634554
5.302853453158676 5.82806436583931 19.45062051522953 0.0 29.85052720328791 14.61868825229891 18.316382043091764 29.72671466314182 0.0 22.96186785184362 5.302853453158676 5.82806436583931
145.61968941591533 181.32000679862705 110.26846997668127 209.38453354226056 82.04862824788373 151.4584653267932 2.539875373637585 201.67621962507764 0.0 139.50431641694962 16.713071362159212 95.73700466204352 16.4823908124377 52.02889343647646 77.87626563778406 70.69209258245225 91.18020275110358 28.618757798254492 136.23202610177478 0.0 169.15791662076268 35.9303427405946 204.45627256096998 69.82467661326007 166.95088429336656 112.02206199621828 213.9169784933129 177.69440303690504 145.61968941591533 181.32000679862705
170.8979903106607 3.7866106382778213 143.50716458707865 71.13525920193196 180.22274092098894 128.92276673866513 121.67115962606721 97.76654254765614 82.77924485484218 96.38567991491526 0.0 21.631000020762443 101.25391738746619 0.0 170.8979903106607 3.7866106382778213
40.041640769784124 0.0 158.4490485000178 17.61459711537819 94.83181900012467 101.69776795867392 0.0 106.71129326999991 40.041640769784124 0.0
151.4105316622166 122.7575533063986 98.01303254105083 107.75612429760703 53.5531790671709 102.0021411716316 0.0 32.181662077577336 81.04568509652897 0.0 128.00575375685258 34.84395419517832 121.00892544387779 70.31676255244832 151.4105316622166 122.7575533063986
185.94421473215957 276.4275109814281 111.36600312934941 267.92586020840224 0.0 253.3378928451231 63.59968173865589 158.78224408540768 80.94370200998944 76.01643890128945 199.8790639196716 0.0 308.63872000612866 93.38292997927915 214.9625048663093 209.911663056581 185.94421473215957 276.4275109814281
57.09138009717673 47.44255275579647 45.106583231733346 47.04666584696889 22.356158321715334 59.33989904069435 0.0 42.795405159653356 13.596068104932904 18.6683800789707 36.38503839787469 16.99758898390951 46.00899579366354 5.489463727626557 68.18753747701072 0.0 87.89382082073459 17.87077415530281 57.50156416291717 34.895223758184386 57.09138009717673 47.44255275579647
70.28911652844212 129.5507350738807 0.0 0.0 114.30152800057559 53.748705478942924 183.19589719590235 109.7041684890595 70.28911652844212 129.5507350738807
106.33423763315268 62.29779680790595 76.65046846281902 66.8366393672419 84.41223483527449 95.40610600586766 61.363171984892546 83.59640634094112 49.983628452350544 82.18378944615907 41.90744928706668 73.88584099968452 30.612031189231402 69.80565662211674 34.58968939739371 57.59491518191761 0.0 41.380045820517346 23.95069985517665 32.0576397089313 29.656385661968343 14.596919365696543 48.865690080064326 18.52028570572036 65.87150578851048 0.0 88.58142780020262 3.0152604714412163 83.80191710034327 34.38476795519339 76.83711495495645 48.96314931830681 106.33423763315268 62.29779680790595
44.860063361711 11.408322295144387 75.89503781229982 13.992791351636853 73.01596065505952 46.52419057739972 47.115144061532874 73.50542117453615 0.0 73.55746979653814 4.978359969928391 25.752495305146994 19.951638677776955 0.0 44.860063361711 11.408322295144387
305.54610841305623 220.78555085773183 182.3216978107686 292.04793562253553 122.76328847252682 174.3618346757678 0.0 129.15412085856264 101.95512976579684 69.09041049758764 190.7614268818392 0.0 222.40191874928112 106.53754130688186 305.54610841305623 220.78555085773183
173.36834060971526 38.893004859050585 184.82529091592568 91.15709627285673 145.48581632519767 120.66743410274496 109.70462748002264 106.90942497928881 79.05603885989157 120.83544542490729 0.0 106.9170646710088 82.56805670253017 67.11576675411321 81.10820648976186 14.474747849291177 131.69765138138797 0.0 173.36834060971526 38.893004859050585
218.20184746635897 52.59749228909553 274.8564735719187 135.69998311572743 204.68971548465385 202.30565451177563 80.2993704281847 229.68889841200632 0.0 91.00906890947094 123.95878854517332 0.0 218.20184746635897 52.59749228909553
105.028523942341 0.0 88.20675940793532 77.76081858595138 0.0 91.99040823560948 31.62955242266316 14.251132296341424 105.028523942341 0.0
111.7074132597311 60.136022565519326 33.1712131816131 52.11167191215959 0.0 30.39609537845115 24.963719680774005 0.0 49.56453575435549 11.969513522964405 111.7074132597311 60.136022565519326
286.8355311869369 69.39108017164403 157.40125255089194 112.4004636363882 107.43586714782741 95.84857746885626 0.0 53.726918982598 108.90289069038295 14.620397089005081 168.30262865161325 0.0 286.8355311869369 69.39108017164403
134.16218399237644 0.0 154.45130982792264 53.10528635879595 197.7368569660395 71.7182606960479 230.8378838026803 114.5178946707913 122.71488962176808 128.27846339222327 118.36402855976553 139.4870886579508 119.09116635132001 177.10068915655057 89.7828678948066 220.79312244397096 73.65005246959134 163.7451083155986 0.0 192.89285792773052 0.6252857621208534 140.4094541630806 11.177092491794525 100.44705607223013 84.90962780699293 108.40215201900206 35.586957198551545 12.465857661710317 90.27844111608633 54.846229761317055 134.16218399237644 0.0
94.5415713802574 57.95594766345581 50.00170697255459 86.9808014986051 0.0 48.181659651322896 36.667964027587516 0.0 82.8242900924147 13.365549460023438 94.5415713802574 57.95594766345581
53.34261839905662 17.149812235861546 76.57934141043454 19.358662378472673 102.25438043547958 39.4136688219716 85.31795253338265 63.26211583706089 72.49789194859957 83.32227770118034 44.5293870364754 70.56112081697255 26.096055711705645 83.90721731429748 24.00752519695132 53.86326748235406 17.119655247154185 47.524681812226945 16.957302526883893 38.153461456746854 0.0 20.136081305272114 30.12638936913828 29.292629128271287 27.50003044098287 0.0 36.94575441895367 37.96450751317367 53.34261839905662 17.149812235861546
38.28106033405238 128.06455486340818 0.0 7.831808258801971 157.1752996916979 0.0 108.66449763377403 116.44904800617203 38.28106033405238 128.06455486340818
287.0164604463766 145.94795790273162 251.69784117762322 189.37371165917963 175.09244118784977 163.40184912027365 173.74440781821372 240.45674510552732 125.63044397867192 257.4246080939431 84.11720312300648 224.93704793520567 60.547813221650756 184.40980440859494 57.08959605002845 145.30242028971716 0.0 99.01394156653066 82.20035939788919 83.22344299097463 114.70448477866739 80.15143589401798 118.8760174588827 0.0 164.70443549118295 21.895996794104278 181.57489881985018 67.09580485998866 268.01239297844563 36.55888583574993 219.80202555106862 106.26986443817833 287.0164604463766 145.94795790273162
97.61201887438803 62.51863465109206 88.69018976096731 70.28515011037344 80.33255826889844 85.72661815753652 65.70117350909726 76.18012547206955 39.84247610804459 95.48025967619047 44.21442386011836 65.30014823881407 0.0 62.951215091334305 38.49550846396622 40.784264119200586 32.92218605788875 21.952399857764846 41.02808029426899 4.750124398147605 61.14705692411647 8.147080141799577 76.31749584033032 8.799694268964338 98.37265505340478 0.0 92.76150122887316 29.86346314257611 120.76627296834681 33.820391747380185 101.46089660037171 50.43144498500409 97.61201887438803 62.51863465109206
161.0033517290306 26.36378516066084 156.41695790851833 69.82504828717482 213.220516137635 107.7031699537768 244.06082713781586 193.14053493862394 168.93769862041046 220.90389436136934 102.90077787891805 182.38619668217746 73.38056978723397 144.93611878480556 0.0 160.24715456240403 21.558008489555363 98.86068719372568 5.1908854399977145 53.575449133576896 103.75136321026635 88.33921241201251 82.17775279005345 0.0 123.195173187126 8.574188646120461 161.0033517290306 26.36378516066084
29.4806120188765 69.59968606373839 21.813836922830077 54.735605498373374 3.3361506725524066 60.63647091307405 19.272543841111997 40.03799131889069 15.802982550268055 35.14811284884793 0.0 21.070905817680057 11.522449721417047 14.780013366492 18.26311705346623 0.0 32.57215421263851 1.0826996610295225 43.529883034858415 8.320860183743605 57.47252996531725 10.893718223846847 68.63137565886885 21.860876286443528 81.1919129847222 38.2769886989919 51.359959579218696 45.600835856339785 60.4726930919843 69.78777240038498 39.10416378247112 58.46705545070709 29.4806120188765 69.59968606373839
96.17432131359595 72.33088829117511 115.4853823451472 132.5638932600516 80.70771848700196 137.80031064866353 53.85113652917772 119.45153377962124 35.64206035832581 98.47427357381217 13.463158772462577 78.16202566195567 33.717205234083366 50.85739870433787 0.0 0.0 57.02580582998655 13.153959308019829 81.85122075327973 60.88191164943699 109.96970964481646 0.32146813237871186 124.4662628048268 25.140357264870673 141.6415092825632 45.35725298697736 109.90517723511407 67.0252623303331 96.17432131359595 72.33088829117511
5.676042953304716 97.1868700006542 0.0 53.448139574406184 52.30499954243761 45.567653676694746 63.166860954518725 0.45411130469571503 106.28316036974687 0.0 118.65782347571732 45.299484761425546 136.04861284281554 66.23645654904257 149.62505169392975 97.68014957645204 114.20865533368234 110.73415335913421 99.64659458587617 142.5729471298523 64.3428099741145 144.220244037477 17.27035016912093 139.4101075782568 5.676042953304716 97.1868700006542
242.71267988646332 141.2652389045256 249.714199626033 195.98840853172112 186.65989821240817 186.56086466690545 154.6074862939982 181.84099438991808 108.29092969521673 210.24663796867816 90.30535036909295 165.31262199459445 0.0 147.8434755325598 123.96390556878258 109.06343325084804 81.34728999237308 52.90984040823466 107.31571228976479 0.0 159.1875238621101 36.63174350720914 204.2780773024289 28.218601666269237 202.4986787718678 85.27248931628024 175.49946418782466 114.6177259849474 242.71267988646332 141.2652389045256
249.7469540705519 29.087682420701086 333.1712064209362 69.3100634957646 249.57230849300714 127.10673594873838 288.04553230965155 238.78157642552793 191.9897567695691 223.7033802624901 128.03152072185927 206.82721452977864 117.32521626601493 140.80425861476806 82.15833428024553 114.87007935189975 0.0 38.60705734139152 81.8182302284178 0.0 154.77319124330563 38.73216305098737 165.47086719196665 98.38364364703362 249.7469540705519 29.087682420701086
0.0 42.15329313295953 2.1164941618346234 25.509653726176722 21.572414090498953 23.180948116706233 24.89171182619593 14.55578669073401 38.85415645368451 0.0 58.34426898695371 5.436822724270769 52.863032463265085 26.61182352658271 62.7126305397438 45.554683823142284 48.870184256294465 61.651339980573255 28.862415619445272 47.59601495450741 16.030246176272584 48.889618271278806 0.0 42.15329313295953
201.33903162773652 121.33102230985051 164.9408231993582 142.49204319750302 68.08626861201648 231.08627088957394 101.59488600393331 102.49026130740899 0.0 28.560418754791108 109.47269211852424 14.726526999151503 164.50534551266247 0.0 236.37931572889573 11.061531345437558 280.6182642688231 78.076714073331 201.33903162773652 121.33102230985051
123.50972740915552 65.71263444483884 113.53596801525848 87.18863455376044 87.3443883949067 93.02239179425284 66.05754952177733 76.798269396747 57.30648276067157 119.2280752340326 35.67610828546131 112.43460271691409 53.581134738912894 72.93729695489328 0.0 79.60988815093772 11.896846306236526 55.12230706774635 53.864801517714696 60.093651336552625 53.72936014954358 50.42051155104741 56.93179017293201 0.0 79.99981362801464 18.95400210586881 100.2668480453377 26.807810144300184 76.77489024092426 60.40287423721878 123.50972740915552 65.71263444483884
109.94780976336575 0.0 103.11624592157723 50.595404094878205 78.76369833752072 91.278738470961 34.43199741621706 78.14455372541318 0.0 46.52939750957748 13.338417282067716 0.23876807651797094 58.529407808949 8.403450042490007 109.94780976336575 0.0
121.27962416620454 0.0 90.95502385798142 105.90172974789155 24.129159263556126 100.98672139020411 0.0 18.674249307456236 121.27962416620454 0.0
182.07346502267234 69.75674838615778 282.57822556831417 90.7497976905075 177.80691286125494 109.2458590336906 148.6834853846782 90.57898544012698 128.97433043838527 257.72411617062005 83.50529577174137 167.67278253893198 0.0 132.56660292463403 116.503953585873 80.83991245255116 85.6170048844906 14.233623009792908 139.37219407725325 13.597398690223514 191.49011013831927 0.0 182.07346502267234 69.75674838615778
73.76916279980323 143.0249090449035 32.50241273118989 142.72767851242733 0.0 111.09683032924623 1.82634318953761 67.19347911698813 24.676230850762664 25.04675694928231 71.81198016590096 11.56997076309598 116.36973613757094 0.0 142.88604173025374 41.53672776334392 225.21860254003906 18.304014684840425 160.15147790014652 98.16400753965252 206.02305967668931 132.76685716303308 156.65915688560233 150.70840136574336 155.92499300962535 205.06410472093887 110.77900552675862 186.71568464814706 75.00656046042683 200.75373261979635 73.76916279980323 143.0249090449035
14.975631069661347 53.89377988487236 0.0 24.67824446674571 11.157024456442429 0.0 33.67207705395019 1.9617708834954897 54.682322330306405 2.150550951747519 70.22913673939965 27.63498548717159 47.038445070551205 47.190159757689216 14.975631069661347 53.89377988487236
37.9915901431482 0.0 57.92201867918331 13.623923452854427 77.76279385703366 25.692285670376165 91.9139372138192 62.958930962845216 52.09966998944131 64.4707627340376 15.602680895014771 82.0528490568079 0.0 46.31658369250064 30.961858797188484 25.58148305586613 37.9915901431482 0.0
7.454234234777957 35.01288502641948 0.0 6.949081051886864 29.832028437693992 9.171587595386725 48.28632075303531 0.0 51.9605181284977 20.249878945303138 57.14711997470411 37.91880273826588 40.84150360619684 45.32807290177618 20.47726713608695 53.71348085873775 7.454234234777957 35.01288502641948
54.913069247539696 0.0 86.81741197981113 30.825988868586606 137.1963318028627 21.869426008412447 107.18857058237165 76.61137172701163 99.42702158390551 93.87866415932776 108.23618793872967 118.78343539224481 89.8958460546369 137.03695523339877 65.80115312034587 120.94251298877138 37.144345903256436 136.37126901124634 17.328209410677005 115.78361620589048 30.423991314414735 87.76358249415613 0.0 51.924541770082826 30.723012197041413 35.06328907550331 54.913069247539696 0.0
