70
88.46634448284436 205.37184966192123 0.0 89.92951827591155 108.59767618033976 0.0 207.73103100425917 10.087744868865911 290.59256751515494 94.36798931620015 209.5568876869006 186.58812117015106 88.46634448284436 205.37184966192123
116.4163158382201 105.03077694767549 32.85624179443016 131.89737455692915 0.0 36.58392127877003 83.65514457551419 16.749797808171728 137.0366976813084 0.0 175.1970929949136 62.21362539424886 116.4163158382201 105.03077694767549
134.80047844109657 40.9833985697048 177.9792780973371 0.0 234.80229405996715 3.5984764074673166 242.14502658761768 67.10938191788675 238.01455936975353 109.29091657186038 272.2894469305835 162.41670657233473 253.45588622872998 220.92992116334958 206.43387112129966 269.60309784191475 142.38478465468646 246.15890602219832 81.46496302888028 256.2466138571273 80.56490297108463 172.36155258771092 70.32525907447739 137.65231171140118 0.0 95.75745115245881 57.410468965157975 60.97421216368285 92.3880031383654 36.473285843446774 134.80047844109657 40.9833985697048
157.55015106849947 0.0 228.9690820399432 43.53354853367745 338.43440777376816 78.80763073798342 157.14191049588015 159.5900014430365 268.1553226877506 264.92520276997016 180.96202262651954 282.998896055821 118.80255465225807 252.77272007774954 28.587817958261752 256.28854761874527 38.08418432132535 171.9230914187666 0.0 86.09042555434837 83.72516305931023 48.101378343520665 157.55015106849947 0.0
0.0 80.57737273171352 106.24155126032144 0.0 191.8773761890221 39.924367478944646 267.13874121493257 78.52923135129379 254.3195626353365 174.54893662794638 165.75337568238206 246.35866092481447 10.446728962265581 236.24530389175422 0.0 80.57737273171352
116.80947079043158 14.11894494866661 75.5300314138623 74.95526254769736 38.554216577860046 97.41973104581889 0.9515616678615686 78.05066813145918 16.64929625284708 45.9330392912761 0.0 0.0 37.97709235768042 19.508814940851906 116.80947079043158 14.11894494866661
32.127994718499025 99.92965473382043 13.896787784874725 76.60671399651997 0.0 45.66861189504157 58.23546733613664 45.04752877425208 68.14932504260146 46.403021995813994 74.18445018590187 0.0 91.89380178830007 22.459144706784677 113.01853271477498 30.661578431556855 142.05563011172927 49.13113418416757 98.4581794005359 65.95624794085404 87.19238713755297 72.66136837408993 86.12671364814621 107.62740716573242 63.77020896231136 92.22536322531826 32.127994718499025 99.92965473382043
0.0 35.233425807476635 10.754549760108162 10.808482848455043 34.19377952660315 0.0 55.49359086110222 17.33609886914705 54.059260058287805 50.68111885253886 25.167440571098737 37.272359776732955 0.0 35.233425807476635
0.0 45.366800500346386 39.896390752495904 28.325018193859307 57.942753274693004 0.0 81.25628552624455 23.494676325052367 92.98780500777292 41.62738730196136 87.79699808480386 60.47907446177305 79.54561073311882 82.62270576693115 55.4914702568484 81.73083444803456 56.249378144032946 55.711700420466485 0.0 45.366800500346386
81.25536981227044 180.30121707422342 43.62762621780489 125.31396200756959 0.0 7.914063235220311 124.5001646510529 0.0 206.88604746949198 9.12333824035089 357.56804988796335 39.664558834733356 158.93176654295462 125.38803283008426 220.7474518897555 236.26947841321243 123.88182922123923 296.73989431545186 81.25536981227044 180.30121707422342
0.0 205.71449833247314 116.57132312527642 144.35773494495425 147.49181100705061 99.01680707933377 201.9046222038579 0.0 243.06045135621673 128.84520875484367 303.2111690727821 133.3408933643971 355.8902144148939 186.9364173463754 349.17131938674834 264.4966482635436 299.59226607588687 332.88239079937483 219.88553470419734 319.2716739784587 156.21350297019927 310.673537612157 91.54798951285011 273.8687654901586 0.0 205.71449833247314
213.25987390914426 0.0 193.27032013896726 66.87157565264953 145.74371853253393 88.1121664246266 156.1295735681195 121.95408412301157 135.37511227144415 164.6133890075818 96.91206340922437 144.69367253990436 24.495116152317294 156.52602004534992 0.0 99.1311163251463 11.508424272363158 36.54449471941225 98.81075502680281 52.810421845297014 114.88358230902139 48.72755435750024 146.9868615901796 8.078540701998293 213.25987390914426 0.0
226.32750260973543 219.3724734703194 206.84167378655286 256.819178738164 166.59855821265438 285.79683494111043 129.2175439199607 246.64588920637652 104.35872628759287 216.63236753362443 97.33207075743218 182.37463288122822 0.0 141.0682256948665 82.23160410245207 108.70960915707124 97.76004170761213 68.08134284293058 122.316060838088 2.308217596504278 185.9594107913362 0.0 192.48752913769619 120.95986804318409 226.8247891093372 111.2612853437829 289.3151556727605 116.84239847685744 355.01102115300637 170.85515309050737 218.482868625435 179.85961121559484 226.32750260973543 219.3724734703194
167.25136803049338 47.88283508711686 126.66502364041274 111.67232785765027 56.48197855249509 110.50479600316665 0.0 58.05340809904794 57.09213713378921 0.0 109.4076993357605 12.369828808437077 167.25136803049338 47.88283508711686
60.72822988977859 0.0 118.69649977821427 38.61979606194912 40.754121252754004 68.57284149527692 0.0 8.511549950114173 60.72822988977859 0.0
97.97483326914374 126.65377967640408 25.04418277702763 109.62737908474945 0.0 15.091157184284206 93.75024407455196 7.68109653661265 157.66565348747798 0.0 173.5833960322248 62.95380528312147 147.11796600955057 109.60203977235942 97.97483326914374 126.65377967640408
250.9915149216281 177.4253197743256 128.94103562475283 245.12251425656834 0.0 112.72677774921628 179.30666140576182 0.0 250.9915149216281 177.4253197743256
174.6316575691356 86.98631309961604 166.20428520640303 107.15536252136592 170.00434311490437 129.34847818816658 176.49805667435277 173.0399051126682 138.9225903117328 168.26360560665591 115.65497069310096 141.0090251846217 79.5376735369017 173.93988588875473 54.22154510986826 153.02077452016687 0.0 132.56957713810547 76.96835135763449 96.33842905009017 14.020566943536494 37.78584385267243 89.93982724885615 62.40710298464029 95.30567736674091 0.0 127.69434191261742 48.18977736240877 176.0450097990451 7.5378780535071 197.3044591033697 42.938263632241764 174.6316575691356 86.98631309961604
0.0 68.34216920696974 100.74266347328957 0.0 216.70862080098243 77.18879364162095 142.02217451278756 195.24172510107417 40.652734413464216 163.3896321720454 0.0 68.34216920696974
123.60305930283566 0.0 168.98398189229323 151.33378756709175 16.79397732533466 159.45643784063856 0.0 33.88319904600957 123.60305930283566 0.0
271.24458307134296 247.90424306418788 212.6170436790808 262.8112917761355 166.28825714740196 234.26490865151936 118.8226357708356 234.76950449305906 73.36594547424336 200.49465681548207 0.0 126.61019643624452 168.15677321010546 157.1889896824771 124.16608845064295 0.0 199.3973957542287 68.80535817897602 278.5640603838889 56.730500967974464 270.9147367768543 138.90508946988024 320.65870172652376 197.56341828419727 271.24458307134296 247.90424306418788
0.0 93.20120237692988 19.512616651007107 22.276711871299568 77.63847584688078 0.0 127.57555501677606 26.966703116639856 153.55808325884271 83.08100349773034 112.16728208287543 129.88290887047117 72.06573231499208 93.46104662009533 0.0 93.20120237692988
115.70043355443335 0.0 183.292562904565 26.09425841887679 216.31563434319685 96.52899444394428 158.43000924383108 148.56911469902508 128.22688770762161 190.0939969280646 75.98930061688863 196.48459317963164 21.30242145847521 189.02830981341975 0.0 137.3243590977404 12.69839899412409 94.62736886880076 30.622116305797277 59.672442350970464 65.28655890828382 50.29035963770229 115.70043355443335 0.0
72.10093968050924 20.531454941727446 76.35371585317431 73.93542550048848 0.0 76.2979697110636 33.297871357650536 13.545232633213729 56.45020696366291 0.0 72.10093968050924 20.531454941727446
0.0 75.99269915012846 70.44710270058921 46.20452571392913 87.47304364498449 10.065428814643425 142.33292726440152 0.0 123.67336937032654 60.6207725802161 164.47145818714444 118.78804618956107 99.35594850874442 89.52761690583029 77.82348233897697 86.80256277460438 0.0 75.99269915012846
328.85798256584883 47.24914627149642 243.26683761695435 145.8914312826456 174.78157991780483 165.61455467432052 131.89414262476242 226.18846761350432 84.47438517195596 175.54292485763136 64.40910386793135 129.4577474692097 0.0 65.82308111401397 69.52278313944944 21.46309249830746 132.4242127239969 42.145746484237364 213.74784210897454 0.0 328.85798256584883 47.24914627149642
12.306616222593206 53.339037672659 0.0 46.65372412782121 8.902701428875872 30.810075616593878 3.3140317985470915 21.341291336181726 10.553514401191165 14.334764461474947 14.988854855262161 0.0 25.227923353072683 24.40316652201666 34.70045396681925 15.493699380902342 28.575622623848233 26.26673029625259 54.10957807377548 30.706952435480517 56.27553064311512 48.78970324472765 32.952446047205214 43.01167814057631 25.190196905940283 44.27963140257948 12.306616222593206 53.339037672659
28.376758796762886 41.94402571705969 0.0 39.95938729296702 9.188759930060627 22.896412497552873 29.74582890761856 20.005285033896257 24.390171162339442 0.0 41.46192835157541 10.890140622368634 50.560650050789775 4.493598472551639 55.87377224019828 14.694814339783662 77.7296436993949 8.190701347757368 64.29232588598492 26.131486726290376 71.47865335190434 34.9716355864887 78.95129482369939 51.3814614482678 64.12527904468843 55.87459525400676 46.73783599016977 35.98007353562164 37.89086172665118 73.10995247442926 36.97066360449827 43.53035689009525 28.376758796762886 41.94402571705969
171.93702669260085 14.667678078376007 174.05153662749382 91.46747049309953 143.54643544069125 166.4005879452497 85.74172332473748 105.21959383577611 9.85328872820702 99.16877839032752 0.0 2.047507202296103 96.6630730880457 0.0 171.93702669260085 14.667678078376007
179.91103050325393 143.5216610527618 140.06598801643833 135.43706468430378 78.9571773270454 171.59409935122122 55.12739090842412 117.41075638887557 0.0 73.8345145992331 90.18914448230925 38.67696822875947 109.53054802164812 19.382153055810065 132.75684949962692 0.3589846415350664 163.76495127953038 0.0 186.13994959361045 19.893678000555028 270.09089952558963 21.675449790394964 203.7647070417002 74.04055581594739 192.10736291318102 100.86290632156039 179.91103050325393 143.5216610527618
0.0 13.377553392129116 118.11792520313648 0.0 99.32251264397442 71.87607889460827 72.8783039696923 74.41905982202246 0.0 13.377553392129116
75.54243322909991 0.0 64.91110955401588 48.77412121240492 39.225759844015215 74.19851627537642 4.191481658214059 60.61889676627953 0.0 24.26318565877304 29.135949620709283 11.266439717983275 75.54243322909991 0.0
165.6935809861945 65.48979351437238 119.28901331062029 88.99213094064167 97.9338531686896 93.80589474674599 77.58941617272484 137.51836448604894 17.737153665756793 148.45578893412602 0.0 96.67716377759278 5.313966864775935 45.92910578012439 27.194157304630856 0.1774334823185768 75.0822713755033 0.0 110.88667317420197 8.850844068703502 114.52044432192476 48.14375598309472 165.6935809861945 65.48979351437238
211.18403543348884 137.18092514356772 299.4028177288793 215.55789942620518 221.13660754871023 296.62451725403844 129.68548767652902 285.75696842735795 72.08111689863165 253.5841584156067 0.0 204.4065111851208 51.11963215947213 136.36906808651815 66.02558090228922 0.0 177.99987784389384 54.922118555729725 211.18403543348884 137.18092514356772
254.23968681825414 29.205586375138118 235.31308476889677 120.82950826724345 158.04372375445638 153.6191717347297 101.61099852791438 205.0304545686221 22.369329576096632 175.71041509409133 0.0 92.25907896820681 33.47774284119437 24.10110930497524 98.23953328533366 16.075815297833117 162.25762937434862 0.0 254.23968681825414 29.205586375138118
16.72844071947317 24.260628190620295 0.0 16.353449175705478 18.174681114499947 11.465764751705777 23.006924750299703 7.557306972032208 28.859577692515217 0.0 36.76504460803102 2.7734562408109156 49.74983746722516 2.068892387246052 50.22073095534037 14.65887018939108 59.6980151809652 27.68322812884027 46.18573122387214 34.20541916992106 39.68257117429778 48.51373770347294 28.48271965850377 27.479270849264225 11.91782024903371 41.339297045869046 16.72844071947317 24.260628190620295
36.910696165514935 0.0 73.27601366616439 31.268902886049688 119.89662858723585 52.70937983579768 99.69579449526398 97.65887828126662 60.9083547920941 119.29837925572232 38.62208849780676 85.5663407101677 0.0 76.10554198205666 19.654767712697208 46.95193084158356 36.910696165514935 0.0
37.367214911203746 48.578317491355335 0.0 2.8497367236977666 48.706748935149335 1.4359953144491087 72.98330731323523 47.50585933944703 100.54648813191295 9.495727373389116 180.04036934742368 0.0 140.25098911415603 55.76211742671428 141.35908215383395 95.59471697654662 95.29595325130163 97.75444845591788 69.76143748918633 110.66887173139882 40.29754984583761 99.90697841883933 19.738317333160268 77.96249661372251 37.367214911203746 48.578317491355335
0.0 72.99277790717312 52.39555810842633 22.477486208185113 117.39840428105312 0.0 182.31756694807717 11.434773211121126 273.3537828822741 48.00378082418491 217.14258318151042 131.12399921033798 149.36842208441317 135.2292077117743 128.14593943518958 203.37020010300094 52.96675769306731 218.82706582616277 104.87732274868225 112.57563050861306 0.0 72.99277790717312
29.515615687766115 48.921618073934226 0.0 0.0 50.3470172733379 2.9649002359144987 70.88533516530647 31.523525328166343 29.515615687766115 48.921618073934226
100.36840586194285 57.13202820222813 117.87205511560805 93.05714926503285 65.72103197686796 82.85311733889688 55.57511478832281 115.18518800024248 37.53846203527489 91.49996955436988 34.29712670783995 74.788793479756 0.0 59.90988990214271 25.271794366087107 43.16875677695489 30.12333561609985 0.0 61.90134487203777 31.949575342746144 84.59760934367328 36.57882016276152 100.36840586194285 57.13202820222813
0.0 27.849184975777426 28.413998648822194 25.716784272168802 41.56377544309537 0.0 75.28254868549513 0.315739609156374 66.88567834459141 36.22676089343771 63.52305369212318 56.84794383920943 46.150506587437114 72.55669610907594 33.07481321794666 48.53287154914579 9.968129801680725 51.71256889584445 0.0 27.849184975777426
0.0 54.27033739442835 42.00535484601838 0.0 108.52356476326631 21.97207315764021 140.17978976067647 45.240621195255784 199.5332471889629 48.40862299417703 169.78662529380597 100.62912460168629 162.154090663501 133.54837478542828 141.8265633436984 179.18932362365507 104.3594368530289 131.70333788452763 112.99074405539348 95.39784890031216 47.0518714189632 108.92688866036242 0.0 54.27033739442835
279.09622731434536 0.0 304.32600209616885 102.55387678483964 366.15106280238604 164.60326912498488 369.5921320936309 258.6031184022945 266.55250079321524 284.26564754857645 212.4017136727895 313.8386089608003 153.85321559365383 301.30350850457125 96.4448514886862 285.6163236490129 34.550532992417345 245.3796991129998 0.0 174.14918784126817 79.54241449605281 124.58220271451663 137.21490578293378 112.69665038037016 176.53029255539928 3.0796329721823668 279.09622731434536 0.0
181.1361353789369 0.0 116.11350341302456 77.01590620508969 119.83184124187162 132.10253009509898 76.44068259581869 104.45867553885851 0.0 100.10081232554403 6.106786539205615 13.259116753390089 88.37214306320092 13.89734747330381 181.1361353789369 0.0
56.782202551567025 168.0019735537581 0.0 126.39627196633357 31.365951724411644 69.3099228162682 72.74105039233535 75.18091844780608 97.02249241015205 0.0 126.00130472896257 49.287997566944895 202.30213887476316 111.93653768261565 101.79808385740229 125.1280086105992 56.782202551567025 168.0019735537581
40.060732215192786 29.8474785786714 53.81878502383873 0.0 79.99758331240864 0.28637505112371286 66.02063259344989 29.77223827102563 84.45554829916443 46.1812810458631 87.0212246352364 78.38381022946342 50.15233382369925 62.33480205350311 35.72501169324107 75.37430629827634 36.70327816498694 41.70003472711828 2.0940233017675496 55.66884701949763 13.213244096359077 35.6505178689292 0.0 14.597890265242938 24.89895646671191 12.74458996140828 40.060732215192786 29.8474785786714
44.94783427137619 93.93352482041479 11.447018861628699 100.19179311986372 0.0 70.41035696283751 9.922063446448128 44.647171671370714 6.880387092816953 10.364749697455416 39.226144374708575 0.0 60.656791306808906 23.141950561640314 102.51315215044815 28.206679755730676 103.7245185570851 68.54355090584063 78.2324734066112 94.62834888603135 44.94783427137619 93.93352482041479
8.139562002010805 3.216028338957763 48.457572533154455 22.757802148275736 66.30345256945188 0.0 65.8436403396544 36.14873767697831 125.90982624784439 26.721965236031387 141.88325661380637 67.51594820442722 78.05753408877834 67.53417782580433 74.61962060680213 114.56511053408292 45.295791527745884 91.19578700393473 0.0 103.23308056829862 12.51162419338025 58.77669751357795 17.51442957686941 37.69604015452543 8.139562002010805 3.216028338957763
111.63029752107857 32.12122223188498 167.56319516825312 10.343101075995023 160.37332571029572 59.09122729446983 225.71991418312928 89.37321214902263 180.65983663683795 128.31586312432094 157.24321503168457 157.0888669641843 139.2716172272658 210.39957016124475 88.59264690066662 219.3098593966776 43.41047861454372 198.4765716935828 41.77330804594879 136.953747489304 0.0 127.18304508031159 28.974440712115168 89.73162421487142 2.6743812063240853 54.072977277352514 24.75331567903958 26.99929298681363 50.855393308620386 0.0 86.86620688307819 9.470260326098625 111.63029752107857 32.12122223188498
41.347526607687826 254.59933233591445 42.82113353989541 148.04552784122745 0.0 82.26407882273232 59.91376781184971 30.629663951456877 123.59034923856679 0.0 193.23429344048347 11.74104536995003 283.89502792343603 51.92666196045052 242.74454007962777 143.98541760058038 229.99255520910253 235.93355115936845 132.81651817228817 180.28736339811434 41.347526607687826 254.59933233591445
40.632458221467395 81.0609535324101 0.6794755266901049 64.90988498978604 0.0 4.4155392600390115 62.08287308213742 0.0 150.2553608060758 21.22739103834118 96.7337335793475 103.25976609027258 40.632458221467395 81.0609535324101
86.3613443322809 77.28189592559322 118.87504027071569 0.0 201.80256162293557 56.903217727321234 163.28514534288252 161.47674507107615 86.33765756655224 110.39366158064163 0.0 103.98333665852455 86.3613443322809 77.28189592559322
74.1471267302247 0.0 123.25229170285844 12.313179390191152 144.4558773850933 46.359208194004765 193.12089849592172 86.02364878061718 132.95590023100868 108.73085504764188 101.74899890455193 122.43550312994088 33.60031207473517 156.22251728845217 0.0 88.30188593346017 72.74376064024779 55.41030505137961 74.1471267302247 0.0
48.07644186118873 69.25644732641882 0.0 43.13560614035703 40.88690665118291 0.0 79.100589097681 23.916252656185875 57.08934006947888 42.71686340006349 48.07644186118873 69.25644732641882
0.0 80.38028375290537 61.21242901663257 4.167109900147878 132.6279173093741 0.0 173.39134991611022 77.69764550252783 91.8366187601697 134.0360361408134 0.0 80.38028375290537
109.46677038194329 47.78785270085979 99.19737325817806 69.05236278919234 72.96068937155309 66.55967214664199 60.921566094019234 80.49930464588483 41.190539290850616 83.46829598669653 35.02634833181644 62.80421155905067 0.0 54.836877392567374 35.603157195580586 36.32212076941626 15.456091337336531 0.0 52.381062485352764 21.171293719091636 64.7261998148526 18.680970846373583 86.93750864635814 10.904660611058674 112.83645112907922 21.219579114212124 109.46677038194329 47.78785270085979
124.80135060419042 0.0 101.41074315523701 95.47725122310834 0.0 102.1205044429968 43.00978314564861 21.817486653770402 124.80135060419042 0.0
32.91689819635169 14.876006263641983 41.217194157002076 0.0 58.75513719788085 1.0898727777250201 65.91586258628834 20.222390156544648 74.32329752062071 22.764137444373247 78.27436173904829 31.066564901633086 86.3717409433367 42.15910584425443 86.1348292960767 57.63684851836129 70.95861488888852 62.32014346660256 58.13296440630972 75.37219505779476 36.60818278843686 81.59441101938108 31.709514532051365 56.78350002899438 9.90682427291155 46.69817216072799 0.0 21.07108847009404 32.91689819635169 14.876006263641983
206.4430482923113 259.1860763003732 151.92687085499063 262.8725960552141 95.38697874252014 242.82768463944785 113.72769406731891 169.62926502905847 56.40338634830374 127.92308073075093 0.0 25.400922111999122 104.7802863388356 13.840066745677618 167.42812741350497 0.0 209.10710732867062 78.19306266128689 274.4424108401379 51.41802315020746 238.81693794477872 122.20117069213504 364.6776078035772 156.00087086644567 311.27621286058434 214.83586768673433 230.74220331809767 202.90379174067974 206.4430482923113 259.1860763003732
104.70189577178006 121.48395445585324 62.752426615488844 120.10038835550243 0.0 102.98905516818742 40.74075068926574 51.10482367891917 99.82345983622267 0.0 160.4172393899579 64.96124017728116 104.70189577178006 121.48395445585324
161.49239875760424 25.510980005801322 195.18610569990608 96.56620044949187 95.73680786401998 72.33728550993814 72.47222366563209 121.95787361262654 29.33458683241053 102.10295565474036 0.0 56.705055315280966 26.107238514597384 5.495811549295098 81.60850747224255 34.70108895083178 114.66333492445777 0.0 161.49239875760424 25.510980005801322
0.0 53.15639402246289 2.490386426874693 1.7406884738049726 54.737904545221824 0.0 98.0671616904108 14.453633168906848 126.43519558578414 67.75137510672161 76.01660046734058 112.82925920375027 22.213387334548827 96.25256418650974 0.0 53.15639402246289
151.40536944019289 298.63570291130793 122.96430612993362 207.83478643686402 91.70481114239823 194.52359043201665 36.7248662297545 179.83030736304175 6.763385402324587 131.84237647222642 0.0 69.46356122064225 103.36776337260798 83.40296570325063 100.039588810217 0.0 154.87903531945517 23.716660532399132 193.0249402449442 40.932523869405514 218.97361675103895 70.22376596628928 354.56852637848823 49.60275156183785 297.06162419160046 135.57615431804277 305.4605398434534 195.97149713239673 270.95009545453945 248.90168374133432 199.5661152157134 244.51268224979444 151.40536944019289 298.63570291130793
157.3627487465196 116.33304970428001 98.0634130346619 144.0551528290962 6.162390543043443 119.27622620506246 0.0 0.0 113.78187811742814 1.386997199731681 191.62564797543712 42.951623798383494 157.3627487465196 116.33304970428001
205.92872128232295 190.00283862616809 149.81363204559577 283.20721114864295 55.45733355014903 247.6920652314562 0.0 151.89638210577994 76.70152629358572 77.96396451603275 128.3118624170628 26.841371643857116 214.99976037764236 0.0 267.3136140887386 78.60736149899316 331.58505995177495 170.04078961240674 205.92872128232295 190.00283862616809
51.46096788901362 3.945106188613906 106.71592947331271 26.018206177790034 126.6055236502113 34.93329511714862 191.7075139592113 0.0 217.03357628286574 51.5536208059935 228.3966713110597 118.32277114204544 183.0998241469257 171.99325552855544 114.61705986627108 160.7364574259633 28.789608243229566 188.22580264963744 7.116217319511307 106.72696522186092 0.0 41.23403377653024 51.46096788901362 3.945106188613906
33.56918611074998 80.93207541875546 0.0 76.08283631295389 5.940821040792031 45.51655098090279 36.807231687840684 43.37245353109574 62.53456328977235 0.0 93.5726175982568 27.411863271694486 88.11160872728273 65.42269643462708 66.02115467648137 81.36177688456617 48.40012352323957 85.1960502355611 33.56918611074998 80.93207541875546
42.25169314859684 53.477815488706504 0.0 1.3035525831887753 67.92142678436214 0.0 110.43038535221166 18.097021881447382 112.13205919079854 70.70500259127311 61.28792769575118 108.26186286434071 42.25169314859684 53.477815488706504
248.44767085294848 41.012789097565125 180.22711226249743 138.43766707691282 92.11419567590873 93.58487374350634 48.98289527561019 95.22718851413856 0.0 35.43864106573982 68.29271971159517 5.9682221367044335 128.54796211790276 0.0 248.44767085294848 41.012789097565125
