70
200.2345552260205 162.78051280159272 24.559033831117745 207.8192903277966 0.0 35.455070081036446 102.42243108673777 12.609070526775426 243.6183758899152 0.0 200.2345552260205 162.78051280159272
18.481540120442077 141.2142234354397 0.0 84.8858699431147 46.631421772573134 45.790435638521984 83.88776106438945 22.190086365126888 125.70381470444987 27.937022405145086 191.09112514236827 0.0 262.2960144289138 36.680362208431056 216.0758448178837 107.9223730615868 128.98649903380237 106.36583139673515 162.15963533825317 209.1425597747417 106.53524675511825 175.01303900755607 46.919421982908005 191.04396524478545 18.481540120442077 141.2142234354397
150.43607377902075 77.98833147863107 172.1865454568384 122.7581036753626 123.33854216396625 110.35353858970186 98.30060665149219 70.18297146832785 69.90739940778613 152.90929581111013 62.168677401666514 106.94549625810856 29.374633434245823 99.78031673166433 0.3677342564141668 72.41500857318036 0.0 34.54116826700294 73.41608882144038 43.38447504601232 69.14502949929806 9.19710497632606 91.7849268541556 0.0 114.85864250396128 8.338894638257933 134.5715828986991 19.15880085091959 136.15682384855953 42.78444615114473 124.51826530627419 60.645013358360096 150.43607377902075 77.98833147863107
118.2156291447317 158.5459260448373 35.44538792010678 169.37113328391402 86.60353142058159 85.9169549615982 0.0 4.509392405359705 98.16287609822848 0.0 145.02466222331677 21.15736906279635 203.02124038490177 11.239471347025784 233.32738544076494 67.27552661081485 185.08540871988862 108.27696871331938 142.26085679253467 98.66709658093488 118.2156291447317 158.5459260448373
67.28594060463949 43.30737440290633 136.0357095317363 0.0 198.46880017686385 104.9759134876113 219.63665061533177 129.46817994294082 239.26907835833632 148.68316384536547 346.10085841267346 172.97337591752972 237.64649642862 201.71142792149064 260.01906671769757 267.0521362617476 213.6745939584686 291.88494684886916 160.94897761132222 295.84698511838974 167.9160816173897 198.9919406354632 127.51372916857392 206.9790194521413 83.69284650765891 178.67500363300098 0.0 95.23668496190362 67.28594060463949 43.30737440290633
0.0 87.01383492230202 72.01819720112366 54.752609411488336 96.40850640725475 40.03173452016025 113.11418306306196 0.08543369650600141 147.94477444219206 13.620159743084656 208.5246310772761 0.0 196.92826343254563 59.12736195937063 176.04178856251553 90.1614113197777 166.0220404131745 111.77902021590388 147.2461930220233 129.0507294425405 120.18241673000614 154.46760522789248 85.38851852262167 144.39974732801113 107.77596811157018 89.26833846627474 0.0 87.01383492230202
191.35344195779325 146.4264816910308 119.42789817388561 195.04866327293985 49.657420785672244 195.03824955268095 0.0 156.12953537257545 22.400689847936746 100.03006647523331 19.714881551088816 54.8738450108062 64.51498189998098 63.768903861108015 128.81067015828788 0.0 195.22448811105502 56.07010891100906 191.35344195779325 146.4264816910308
0.0 240.54829766330872 145.36913617746802 142.02499634094733 124.8614569730293 65.15370638635315 181.68076902263985 0.0 264.0178688368841 18.77672086669699 337.5792849155606 39.38057924696314 354.50444169173545 117.9713499362568 401.11271796004394 196.50278369371745 308.3569692980934 231.33195391636244 289.20051604181697 333.58484077447326 205.65064941243332 289.5424614427153 138.86140681706456 266.65900167060715 0.0 240.54829766330872
18.3684308850084 154.07959016469607 0.0 40.98433121661914 82.31613253114676 0.0 161.86997275318976 111.47353643825706 18.3684308850084 154.07959016469607
39.37011074190526 83.01131434418525 32.861098365375234 71.52515278635036 12.715427098729982 64.28785813142866 20.742105278098713 47.53664107480824 0.0 16.52308150495275 20.992767013068487 0.0 50.17908358665928 12.126433174194105 64.8698137944985 22.66224728827489 86.41965224679939 14.763050475148091 64.55435854876035 51.035593968081976 123.23131395620368 42.77414895830328 106.6788568521724 65.02194216292907 90.32453695702131 77.49109456976842 88.25598023895554 100.97563230445473 66.38921684018413 98.2054033138757 51.15879747559945 86.56357004679614 39.37011074190526 83.01131434418525
268.35111760280716 0.0 259.3549655781927 87.17021227520868 229.46256557823259 147.03048944731947 167.01913812664174 153.20614836319385 105.07457111736997 166.78141374409492 30.955029900574374 122.22037681382588 0.0 11.018978836760297 119.62344665930053 1.1808363978094292 170.58574905526257 43.80897901303034 268.35111760280716 0.0
0.0 23.996328834802142 24.502557852321033 14.68777758088369 16.47019259135388 3.296712256000447 25.052248617106315 0.0 33.13558614393739 4.3080190263891325 38.044463659775985 10.830161297101412 59.27317648985769 26.038101453562334 39.08676862263347 34.19015916098232 25.915941633261596 46.040954797591525 10.806446633638998 35.013497096734625 0.0 23.996328834802142
33.56965210032102 298.101482488648 0.0 230.24085240941167 95.6180094183692 154.59054543072017 12.448440201146184 116.69426332345637 24.988417333715773 57.64716152850541 66.91351268859617 0.0 133.02360287267982 3.0167055730701122 173.53475323788683 62.16345550671008 214.15196553299967 88.9780706982582 339.6155531086038 124.81897189347092 248.0934027077998 194.80965856328552 226.4749758566466 255.66549373677537 178.03132389071513 311.90441564569926 108.49395080144087 292.01883631096325 33.56965210032102 298.101482488648
0.0 126.96327186138777 50.88977629312765 0.0 167.1069608375396 5.684855554433739 147.00873982077206 130.58319560331935 0.0 126.96327186138777
0.0 50.68336721473285 45.707500351860816 0.0 103.22591657600645 11.64966492287288 232.36881582504535 67.26312827844299 101.41952320677355 125.98672270024261 28.988281391898454 113.32192698522798 0.0 50.68336721473285
103.60718435513783 98.34961306673372 75.42630629442777 155.98767753143204 29.298746536073956 123.03751148972617 25.91432210093958 74.58651874247568 0.0 18.77820108628439 55.40378837159783 4.328245396348841 105.46026888502112 0.0 128.69519540882692 39.661745256971415 179.69944285446945 85.62987292629285 103.60718435513783 98.34961306673372
63.380639017450335 101.95471334248421 59.658267028462916 57.3651560537501 113.67680124981268 88.12026789345595 130.74465547087408 21.90777956252802 181.63259719749865 0.0 180.95732434098915 76.60141667633455 232.27536518938047 85.84273875177425 271.4797277596136 127.80355139904708 199.2202514753913 156.67922083066205 214.07072148207027 211.0095204014098 154.09206496662563 183.64782988856396 132.7302143284125 225.778327529891 86.5452618599812 245.0234750567954 41.63272632731409 220.2385276287651 92.45363473688249 146.71154548514272 0.0 132.23107650327972 63.380639017450335 101.95471334248421
0.0 186.02423874989245 85.83015939090978 102.23179772538732 84.29412505376463 0.0 184.59255171078857 15.469309557959647 209.1975234033952 93.42207002767343 257.56761469848846 170.02486272782846 181.91571759391616 213.35806999984374 140.28702540039677 131.12653547260663 0.0 186.02423874989245
38.55853433987244 43.08932651496576 113.87877473953391 44.63486503167567 73.22737277228207 78.00834686041793 37.759659978850905 96.18307374161174 10.059961927255358 70.98535236112404 8.319911984474402 42.511780682780724 0.0 2.567740184111919 39.02231541783023 0.0 38.55853433987244 43.08932651496576
110.1139628090838 96.50775552566121 74.63310893475393 105.98058543968897 47.278559441013385 93.8425484331171 40.07750211832381 69.42316426596109 6.333409060163781 50.09532805283325 0.0 0.0 55.07538368246473 18.745896776414085 84.61418114083226 5.946994192023794 121.00478025945367 22.21387435150696 144.23967471589813 65.47770047049593 110.1139628090838 96.50775552566121
16.5921507787789 32.68892929276451 0.0 16.1958573616958 22.59556769087486 11.930167769511243 29.03302497404036 0.0 42.334429231918776 6.7436365195879375 52.47144340889348 4.68641477810101 62.612156567079936 8.027811301110432 65.51685014939993 18.9404037667868 79.48314418450882 26.58221432768775 44.8489187399917 30.178057580721884 69.84093714358572 51.40887310914299 66.35761580959627 72.63760330928108 48.734011389537386 70.93884822963676 32.29298439446488 71.74354419781636 28.293467493415235 49.93005589553252 26.325932027366576 40.14481148486162 16.5921507787789 32.68892929276451
190.90864591205238 135.09543293802489 174.50789025281196 241.92360994317187 72.81171180364352 261.3245218732718 0.0 187.246683740609 101.45015814296227 82.99745465941784 78.46101531082432 50.91033581867519 119.02459328982731 52.07580720866592 141.67262813342285 0.0 167.33490649597056 38.983279288642336 311.1283845969816 14.36055221614427 171.1352430905334 87.94230733205082 190.90864591205238 135.09543293802489
59.097144726884665 61.84669441828431 0.0 30.38453944197294 65.2536827363024 0.0 107.17286552359164 41.31188103872889 59.097144726884665 61.84669441828431
144.91669513882476 0.0 200.11319705709363 14.859443547297332 225.31367047099195 56.408557899454415 261.68399409497067 73.49982620576415 348.44080100034256 114.81521823231341 324.8330234280344 191.5514116390976 251.0893134225679 221.0223971905291 193.12544855172706 241.13443961826096 135.38583586183125 223.61613700743885 111.32096118409558 170.92165545568108 60.776488446410085 136.320734123876 0.0 58.335044486127714 141.3931887301789 74.08563352088657 144.91669513882476 0.0
173.05511642516788 74.2861711778892 203.497388571984 106.90968048697226 207.25619570585127 151.80826711260136 167.00192362826348 172.28883931055805 124.77638344488115 144.38939183237272 86.44220349730884 179.87545392086304 81.09550925305966 122.6398208077967 89.20317492540853 94.16639659771224 103.12944975887476 79.65600682783433 0.0 41.713732457267874 44.58610951268646 16.63874223783938 81.11232346759297 3.5813186274141913 116.92295048003412 36.84422818736832 145.4939789803792 0.0 168.57779736274296 19.841899418052634 224.08571590020648 24.66402453510989 173.05511642516788 74.2861711778892
17.47617076798562 101.91050803018928 77.19565453656094 90.41112523356745 106.7002136291635 46.38436003477166 167.97129890628293 0.0 208.08245071442542 61.24567817167811 218.09682329189135 119.60179594137884 321.6331484776532 168.55282707691748 208.51953469184656 205.37559377999676 177.5100236858844 234.359458408825 138.7087356866503 242.109599947818 76.91224869438796 311.7655951512485 49.798658402404584 241.134688908606 0.0 211.8509556202476 10.637904256846156 155.1468184171298 17.47617076798562 101.91050803018928
205.98634979977777 196.31309272555944 88.25003129083265 180.49903121933028 0.0 158.62192980423424 40.55161415880462 67.46017771970476 40.69883284147657 9.927898633021186 98.34543073777489 0.0 167.554199487008 3.7478152018338733 129.06825317164976 73.53828262445495 205.98634979977777 196.31309272555944
22.8870552997113 189.44113278883708 0.0 143.45087847474656 10.75564875081821 99.68999429305845 25.4438871860333 67.35060673850887 27.883605547736124 0.0 83.13906803851127 17.330652367667483 124.6753041941349 29.924495055254667 217.2941216315393 25.836386013440006 190.03886158594506 106.68283898540875 130.44938786438289 134.1752344816739 117.48469155604917 173.64413835658223 74.8810872087772 191.34790529158585 22.8870552997113 189.44113278883708
101.34852849376901 161.75511952894644 72.11310629525327 112.35949895164998 0.0 105.6186169649273 34.236397417189146 55.540178055781226 63.36988794073817 22.067160888599318 112.89451565260288 0.0 186.08312506678277 12.780759650623594 105.21911318725529 81.89656664382015 123.67031103367275 110.31616777062948 101.34852849376901 161.75511952894644
206.23284007020766 178.71500632858266 50.079712916993145 188.00439959176538 0.0 0.0 182.2103886676946 20.08677650677248 206.23284007020766 178.71500632858266
93.42747161590805 87.03633382580172 124.25733419237916 151.67019651589217 78.03065399268307 105.70940795994696 50.56584418460153 104.48215178548726 0.0 66.56779931108254 29.085902017044845 0.0 90.33430520608314 55.39136859039819 160.66105178615544 37.940546614481896 93.42747161590805 87.03633382580172
201.59189481364473 185.86062828369302 47.5170955160613 184.48801764723095 0.0 23.871439549323526 185.62303574669576 0.0 201.59189481364473 185.86062828369302
75.33811310640445 103.13881976706077 48.58285756984441 68.78366999957616 0.0 23.293345021079602 65.80110998148285 4.518264193582567 139.35400992078894 0.0 107.64546177085845 68.80282585753051 75.33811310640445 103.13881976706077
7.205356964281478 181.5104263969071 10.057764335777605 130.1308924513995 45.46924782175067 96.16645510760651 57.31868243956762 45.08879220575891 109.9684033042455 79.13484568939239 162.20360427920582 17.172531039059848 259.9137944372585 0.0 209.89902643364184 110.11705716177616 295.0873774438573 165.01904472734503 239.8098611769022 222.34242170734888 175.56095960110753 236.03060245994192 132.9386000317691 273.42794307990084 78.23898793158368 255.72107513798264 0.0 261.4109108606296 7.205356964281478 181.5104263969071
98.71613818067432 13.499332384823902 118.6234356807832 28.44296227529412 84.07401027411275 42.55715321929806 95.37462760071504 66.13188715973295 75.70654878115272 60.978407277700086 53.32707991377859 90.82444501249971 41.00656412531902 64.31775201054798 0.0 51.13781656866561 25.1217743967182 21.838335777543293 38.15783877666125 0.2107732060088523 68.06341651768673 24.629777108573094 83.9025841908625 0.0 98.71613818067432 13.499332384823902
232.78095648269215 146.28266878032875 133.9021127608876 124.97531202178618 119.13338266284984 152.03110812834646 85.47491747686325 153.69841865632023 0.0 166.75126364750693 3.0105180775304916 91.54676711436845 26.731145341712022 36.541334350561335 102.86245351016512 69.59035058967801 134.97667282187714 0.0 151.84702835262541 61.62194969552567 152.43111876518716 91.30160560929592 232.78095648269215 146.28266878032875
0.954349657873891 55.84967035910012 25.216113550685016 34.03456833454251 40.618442992869994 0.0 60.07663232010645 33.78572862058728 111.41371241732332 41.741956396005534 114.04322423681975 103.3468967239367 52.63262076330222 109.1440317141918 0.0 108.89599205178645 0.954349657873891 55.84967035910012
132.67646396560593 53.09192723449141 211.11415939306852 0.0 157.3369210836488 101.02579184451761 304.3391491346263 108.37412372794279 178.5004669977574 143.92073620548757 158.79919119909405 161.26818230527815 167.2652626555704 242.37221484952173 110.78455533038185 298.3935078819104 62.77556108405411 229.40596231987143 24.636714425492883 197.63701398828363 14.889454179998268 149.4487446902565 0.0 105.11604396042799 64.86911343212053 90.57602522209822 44.7256277661583 20.337508211080817 96.450798732211 14.697576050595032 132.67646396560593 53.09192723449141
4.963201128937982 0.0 29.727110256115807 5.104879176881553 41.590636540210696 18.3395722562377 56.19479436239263 24.850483591131052 68.43081275393041 45.122689488022516 35.09544734812715 40.21981515124354 31.221022904118215 64.09955784423111 17.94726662685568 52.14057519208295 0.0 45.11492147260748 10.023069460429724 28.36790036945854 4.963201128937982 0.0
0.0 0.0 219.55984368702508 12.783311296519244 215.33576844368224 168.42527571626732 73.89240811964217 188.29130584448893 0.0 0.0
286.0441152784735 309.95735661154174 188.89405707881153 279.90385713550234 134.92799158293474 224.85883363206065 0.0 224.3697004786063 41.16001802578944 117.97130814036662 94.02696207792127 57.41927932988797 138.38863171259467 0.0 207.0881960067067 56.87520114870772 284.0262471200915 2.8765478945383904 278.9401170353599 88.5884747376816 327.3756679928357 137.57710372281667 286.80726047923525 185.67830439012275 286.0441152784735 309.95735661154174
18.535594817077424 55.919376978803086 33.982056892437754 44.207160099706385 18.898852711735657 21.23926765381107 39.70289059855172 20.19465743374765 50.382358269604495 0.0 68.09373935910844 8.942402088090311 86.08142951400879 12.116613709877733 102.44676524067864 24.33963714334523 85.29955112407654 46.93662716518152 99.63784132104546 62.66104108031577 96.70369191540699 80.80922440579972 78.49976427568131 88.36077771094149 61.534360771520554 83.96353381423911 53.87133391004076 63.466106514280355 23.315264797255594 94.63922913562787 0.0 82.56227462182538 18.535594817077424 55.919376978803086
123.76784955630846 117.89957902321761 91.44280268690547 145.18221432194503 82.65506147210185 99.39173516639646 39.19599573297512 96.21611894110642 0.0 57.89301318945452 10.883672305372102 0.0 75.26472311188141 1.9146407946558952 109.70777121295392 37.98208438209244 135.520001940103 16.82845483452104 160.0775801721631 32.71446097501179 182.6556850219177 57.49403470370709 201.291182641178 98.80589488885958 181.2373060830691 145.03578313757055 123.76784955630846 117.89957902321761
117.33988074479743 91.23092496692627 148.7645661112201 69.97944732296307 179.9552848229825 0.0 237.53730752262672 24.524998661952168 264.2196496875313 76.66493230230829 255.13506035926952 126.63324774226153 232.862615125101 158.64010349549932 199.90013583415507 171.30241382671684 159.65941697361973 210.95965120774846 80.31722952576888 211.36935652694493 0.0 150.74016912088854 117.33988074479743 91.23092496692627
101.67479706134039 96.85969730039653 92.61750027855481 151.34259567029326 68.97147661314162 100.17731502799293 0.0 136.1271888644616 9.84158673111665 84.17532683904197 32.91241368738275 55.75675683292421 29.605932130525503 20.994358513555035 56.623712919526724 0.0 89.04664934040545 13.872763040803683 118.06829450900133 16.558016150033943 194.95929205939436 12.210839593512304 179.26618208006659 69.75490458927912 164.2556940312781 112.56243734414386 101.67479706134039 96.85969730039653
80.15229728368124 44.44545072693684 122.75827926854909 0.0 171.02360434366122 45.454565635626466 228.57277130163465 43.422253860773125 235.4613169827981 101.29842983109222 270.3561183827899 140.57529257566742 305.3775415908645 199.08929394446005 267.7434992593617 256.56918407397757 206.49552077527832 272.3754102894652 153.15064076208677 247.5968719539095 103.50666766486327 285.6346159897785 116.88841993606965 187.6618664712903 92.14373461193526 183.98499455594657 37.193129512969875 166.74479871651084 0.0 112.69234835834706 0.9774366805147565 42.957076653160385 80.15229728368124 44.44545072693684
0.0 31.303228455186343 77.12310709302577 0.0 180.99821537048462 37.85350082019221 116.73520976365734 141.59044969255189 25.79279487635415 111.50079565997952 0.0 31.303228455186343
105.31933137281794 68.3850145927786 0.0 76.25067272262692 44.439361744157225 47.4961395342322 28.82225624726172 0.0 91.33893550596513 40.191889355044054 103.9851688302308 50.35101567423972 124.24699545933436 9.357229412428083 161.95557332793936 2.6877253215882604 133.35477869334272 54.80075307518189 154.14588876359738 64.84937782874233 179.21927048203105 91.60162074514044 139.9831623937104 98.03776552702091 155.83096510352254 167.5533611932775 113.20553346898879 161.64475444638128 89.10534821839519 118.88800269714623 65.45509257014768 114.81307455908915 105.31933137281794 68.3850145927786
145.89227491075042 59.810735768121965 154.31108272769518 2.98573207323804 198.7390419250319 0.0 238.5661900453038 14.717002898279105 225.24210954914687 73.9421809951585 294.674677121112 80.91362319098286 249.46468873908992 118.05678202201281 268.6423261439024 168.409120768803 248.58961450018091 219.75058620184205 190.0121513899222 199.2116911679513 134.98193598966736 238.1510554002814 96.09698872914487 196.129667869829 58.10142897585865 155.85376383444418 0.0 102.37772828273988 54.99463527232703 42.91866264603709 145.89227491075042 59.810735768121965
0.0 113.47412686758469 19.39890345772551 39.321239512664 59.80046539770521 0.0 103.61407620855944 23.234977495507145 147.40877009575 47.26323206691401 162.19185601819956 127.86118983817465 78.85420270008892 146.23941985975927 0.0 113.47412686758469
156.1588734472676 75.09509394058361 150.30897402706645 118.92422368449247 120.41619663981984 152.23965995721454 80.83166221315146 135.8136029367007 49.550038419738826 137.3958802013542 0.0 122.48755893544863 7.055130393772814 76.64626358637402 23.88580294734257 38.897709173408686 54.50107819174653 0.0 87.40482328657022 65.8504909110531 147.63989642156588 26.158688548278413 156.1588734472676 75.09509394058361
0.0 105.60361740857158 42.159559737372405 67.99503687900618 48.87121499732126 26.345391822311427 87.667333764009 8.884483374183048 128.29088773828568 0.0 118.77317865358722 88.84083625933637 204.87492356428982 40.715823710592176 199.68045587337343 87.98216347490722 201.76126735401152 130.23932955410265 172.08758204588497 159.67755017011353 141.11607084231034 183.4976317030073 103.17175936067133 177.31515009052114 60.912085295621125 174.9276142631341 16.34396629614369 156.13519664309575 0.0 105.60361740857158
9.6362852136755 51.58277064596281 0.0 9.70940708028099 37.2371116358436 6.064230384592555 70.75825999133005 0.0 63.08762943675844 47.67421893977499 115.50835967548744 56.331348621448626 70.33604547285938 74.486368715972 52.18408639410523 73.15394375833212 41.38003004633236 100.94849397448866 32.93094060491867 76.1196592165901 0.02698557343332908 76.71766650604806 9.6362852136755 51.58277064596281
62.34892427675787 27.063384870519528 36.30454078414023 39.569677242405135 0.0 49.02013415741138 0.18594885615051737 11.364648048910738 29.201492626086676 17.418228809308857 49.05058626354686 0.0 62.34892427675787 27.063384870519528
0.0 48.606420764314 69.3142768999733 0.0 156.40961066456936 23.652100199040113 95.94202682719728 80.82034863351728 47.36241285436438 115.00458448582174 0.0 48.606420764314
21.242430614268983 106.88169839343952 0.0 0.0 109.30381888919986 3.4529943024679426 212.27680855415917 46.326263395953006 152.5259303349448 141.14954237861667 57.43262872690791 207.11417043834308 21.242430614268983 106.88169839343952
124.59534708167511 32.2441687525079 179.1641670354067 58.85980544248051 155.44827383672646 111.64793240027379 109.45481124742531 127.78759747712687 61.872845728922044 135.11630176112567 0.0 115.7752136367072 27.66306086383355 54.9077855169931 38.15682434136697 0.0 92.99387730191248 16.024363137904245 124.59534708167511 32.2441687525079
0.0 216.17447908436614 42.14935359726583 131.63190325492306 41.9951894439948 68.5207490799253 90.54936576441412 28.08062935436324 150.9680982340823 64.1527786823587 208.49852329702594 0.0 231.93801074888296 68.23183169056882 272.34430430839956 103.51067728686846 270.04454426672544 159.66786082603195 231.23001883399272 198.87792799662842 181.66584193207098 193.61975157372825 149.37564203910205 229.3840865040491 131.1162052616657 174.5925893853863 0.0 216.17447908436614
0.0 89.38944297313554 92.38135283412436 43.3952843481403 171.54765964804741 0.0 217.3317638052518 90.106254080969 148.92851065745984 141.898895814082 66.89545245801199 172.45456346932775 0.0 89.38944297313554
78.25511576511032 78.51451269983207 0.0 111.83953816583171 44.006582224758745 40.64862893404171 76.46338353071505 0.0 129.5510877723283 23.332613267974892 141.67218558293524 93.61714205256105 78.25511576511032 78.51451269983207
141.71635996363864 0.0 209.344822644779 18.81026055228429 343.39749195840784 81.88778290050749 227.25791505689 168.2218973550896 154.31170641109554 229.41925723696477 99.06418638819653 145.56937766617557 0.0 97.78341264557442 49.44581061372641 9.856656751131268 141.71635996363864 0.0
100.62981651848038 209.69508833568023 0.0 182.59256576794039 94.85329106190517 128.2541855767127 76.56909243462854 0.0 168.19078742213986 78.10863471429667 181.99946650506692 131.2318432140367 296.5209614127559 143.86128669725088 212.79365856574407 192.31091811307007 191.2239622459354 245.0268493899185 145.7210956497612 187.74165906345212 100.62981651848038 209.69508833568023
7.987356230237921 39.46103041684475 0.0 0.0 31.11434233862917 3.088457347517675 66.5831280920429 6.278512528065093 47.02865302088517 43.6688098415558 7.987356230237921 39.46103041684475
230.2961930265778 258.90072102572265 109.38703623490866 201.67339781228392 58.66389032024313 134.70037545558566 0.0 41.05797285174822 99.44266043472507 0.0 176.48371788067072 2.1732119239394763 274.4042167514706 28.66767937406783 274.0507213732974 134.69508816533371 230.2961930265778 258.90072102572265
0.0 38.39361496029407 15.06392375719156 16.633617408751036 37.197902996428226 12.83382414345796 79.748767668184 0.0 105.16275993224201 41.08841004662908 88.59824628671863 96.29972084571298 35.86151592410289 71.1563443061844 12.114994428317758 64.3940325515797 0.0 38.39361496029407
24.823185713106213 2.3061555042525015 146.6678882035627 0.0 252.22687207031666 30.19980817949157 281.30479969935374 147.33312097192567 155.86229293877477 150.10536976238453 81.42491158264025 216.3168221210073 0.0 138.0284866998408 24.823185713106213 2.3061555042525015
40.30029589266317 0.0 49.3515705281807 15.268348032146548 77.77464421180674 6.6785791785361965 55.50000801586947 32.53947315923601 46.775394465115696 37.853884328638344 65.24602003117377 59.147013642747424 51.7262778447932 67.23350938275013 38.09745148623436 47.97670512396783 23.87903298059919 60.60159205377349 15.688348974402345 51.26174295145128 11.142377292520422 39.98056230976934 0.0 24.344676954820414 7.976997087791602 7.668822409770257 29.411829862354182 12.719967954205018 40.30029589266317 0.0
111.47475782661871 111.59939799160979 59.52729091139588 5.861502490337955 123.20173839644832 0.0 174.73921816540587 26.118058191782396 187.74083739399362 83.92861491394581 240.05745760338993 78.69137507511651 281.954476776921 110.78464277852561 308.72437936311627 167.3148853492335 301.09226680819836 234.4880645445562 209.64726750930515 221.13587553626851 160.77221091252022 182.27056302949106 133.61446145658687 236.61837910559464 58.65581635798844 279.8059831195167 63.76188241312525 197.4574269326302 14.564179712463186 166.83620618600077 0.0 110.70993556032643 111.47475782661871 111.59939799160979
71.46503329821638 41.80237363847097 62.86037568439539 55.919623630607916 56.63204188962945 80.27225589498806 32.86558855909773 56.19178188972879 20.983997234072916 56.7906563237986 13.535207030952236 47.45090409985596 1.8547498100682418 41.631865736069216 17.448615109962148 28.40708984701793 0.0 16.630230984483376 6.757273530934043 5.550866813689979 21.682002138917554 6.991984339216344 30.203805848858224 0.0 34.7046109952536 19.237484957550862 36.12835361484615 22.916605934426627 48.262183273774966 19.855200233376266 81.90259876638424 24.376455891702093 71.46503329821638 41.80237363847097
35.607861400584234 25.98445866680359 34.991863702196206 16.22492263174543 42.889481046725344 0.0 57.07908363673749 6.469212636618536 71.33060003412098 15.045065324389114 72.61529627192425 32.48469398251106 73.69384552977391 52.61139394804631 50.808224810128586 48.70547813213581 38.93525846097379 52.7692959298855 31.075671770265707 42.16567606511576 0.0 37.08905790041713 35.607861400584234 25.98445866680359
