70
162.7069986601053 53.76267771554538 186.36302450549167 62.68986703112121 230.606447545236 76.44697999690871 138.7112343099801 101.6370869362438 172.5889977862113 124.00688951609857 183.32951006297344 172.62279012986465 143.20951399827277 130.7656980946311 117.93667141152032 182.05594443378453 115.59592797126348 130.71406960106523 128.91380975290812 106.51085283328904 0.0 108.7658032715649 58.62302834019387 70.92858245008753 121.57517974377154 84.51875926500587 98.37493872394492 0.0 143.07906677232114 16.96334413620501 162.7069986601053 53.76267771554538
66.44726040222481 9.10555876621774 115.16653372640326 0.0 195.92072205273595 35.9383460770566 152.15784005734164 103.50345113871191 124.36714592186172 191.81899433067505 28.240458157051464 175.54269183371164 17.810991614300356 89.85353616344491 0.0 46.40627698012016 53.11968461366253 39.00642022416648 66.44726040222481 9.10555876621774
12.817084017542413 33.87227190738028 0.0 5.601506129939665 29.709234792751573 0.0 61.90533796728741 2.0241849269594923 55.449592472383785 34.472445281720454 32.89699399810141 58.85915617006795 12.817084017542413 33.87227190738028
58.963321986313105 35.24396291364717 47.60912631800932 52.737392497548726 107.84110556967698 46.89185821012693 84.80601724222504 65.84926256833766 68.7080677258725 73.27748397035494 65.08938530195778 98.1313926715603 45.86638381234273 79.76284494980426 35.59459268041192 72.96565152222863 40.29061588017355 57.56016904788139 26.24116836054614 55.868986184077286 0.0 36.96459628223069 41.53694857097436 46.68781581950077 29.810611955430645 0.0 52.84044932354931 15.750107590963609 58.963321986313105 35.24396291364717
35.90512817621614 60.66634105780197 0.0 18.19639544668884 52.10296153098736 5.732703024074581 82.92290660845865 0.0 61.077787763931184 27.003694295199935 81.8259469468476 73.00274129116083 35.90512817621614 60.66634105780197
111.83578143246565 130.24761235663132 78.9203878704972 113.658157183143 57.09270046490714 127.56053547414004 16.01128415870558 128.99426198995022 0.0 93.40533958333603 42.20871459419298 69.96431778920814 52.89641109817359 53.986585360667476 68.93585761212961 36.49984321015362 106.59268614701428 0.0 133.6169955922764 32.48427586900171 158.34721670577818 68.62142360078387 172.17242152832557 120.76286953952498 111.83578143246565 130.24761235663132
60.80366584185146 1.7678932524386965 119.50423267415425 15.371239770288398 126.43123430642268 79.7207185095723 69.63946039104249 102.70739126582458 15.12759852111298 108.79903213199003 1.9977127820962863 57.993194180969496 0.0 0.0 60.80366584185146 1.7678932524386965
127.93285838440164 71.40572776885372 86.18106222801521 59.96627222490883 81.34861373590316 90.62829374422589 54.630487472741805 102.75575800294317 50.72876052894439 66.99362835379739 0.0 64.84118523964992 8.110685429715716 29.70764879007148 56.806163358363875 28.703915098295802 55.62895891098589 0.0 78.40208030260781 1.466099697227861 102.22003614564288 2.8848353643809403 128.45560319455413 14.808048655724399 80.44055348192079 43.26135696854498 127.93285838440164 71.40572776885372
154.9910906790574 29.039368799873813 142.13715517608665 60.15417667020988 177.1955678055993 85.05193214992254 149.19691198502346 106.62389902035336 132.4661895229607 132.6460040529081 103.01506174072553 97.86732545073933 66.0533113217709 145.6885517002716 103.504334478251 69.25763300720736 0.0 94.72008179715577 24.786257565390713 51.27412328929576 61.99551873703774 34.88678468486994 77.56404240834652 15.281419273784358 103.26882020743116 23.91145311738211 137.90327521992046 0.0 154.9910906790574 29.039368799873813
0.0 19.00304355094905 32.49447765309449 0.0 61.20714736647895 20.506174462653625 78.18904447663438 6.994031064580604 106.27392551172159 11.39034445250963 110.74722472971543 38.03652603521174 107.01443850476241 66.12402553054775 64.54739638205086 40.27616656698759 53.70692553641713 98.36954470252891 7.566675940336097 102.35364191763182 19.587360416029668 50.389379827065376 0.0 19.00304355094905
100.61881273321647 148.73468436886907 0.0 65.09994173689996 106.42446281639818 0.0 180.60522251056494 39.37429809445884 218.59860909474696 154.68943347512896 100.61881273321647 148.73468436886907
44.167317003538955 64.4091407604198 22.279922092370498 76.00931981043809 0.5558810497681748 57.528710723423906 0.0 28.181948966652918 28.130618252689544 19.403675442779452 59.68516384773248 0.0 76.75213949795412 31.45314703123777 85.34342651902034 69.18200613211306 44.167317003538955 64.4091407604198
23.902030069998688 42.420669419682376 25.112425733522812 33.33189978359453 0.0 6.265378587195094 28.804269810972343 11.534178437409402 41.094148933420655 0.0 51.03702682712259 18.636341335204996 44.90645800775012 35.12435816821665 84.8791371221565 23.288017993404843 74.78689993463017 40.98403262160121 69.25576951724682 53.27505630560507 56.581279509731274 59.068500750882826 45.33356235481733 68.32539954913415 32.25721080062357 65.12081760988221 36.45571073707279 42.915621400733734 23.902030069998688 42.420669419682376
105.99635777905246 0.0 125.60934316354088 37.282131543102686 154.36066096999252 7.292327879204919 164.14401358679805 31.289516426393668 218.7895180403211 37.13327717032909 246.65921356380943 77.91717820338869 213.0485330761204 113.53390638781175 155.36553072411607 105.34063015248341 142.91015633524233 144.29715908772084 108.43620022146132 142.69334155937275 106.37666938392529 88.34814842252413 78.8585076600285 93.45461073036199 25.52586449207851 84.46252784806458 0.0 42.739923278825735 56.33289570041521 22.832702719670387 81.26097021106352 7.88838751967716 105.99635777905246 0.0
217.5840447293029 172.47432562638033 137.10503567201084 264.6086309715485 60.077584551708526 177.2541648124281 0.0 94.31441524537188 77.04680536661937 24.471775180239476 173.10053190871093 0.0 306.90911386083997 56.324340788888456 217.5840447293029 172.47432562638033
176.6192863777963 147.7962647617572 0.0 113.00255518165783 62.88122281574455 13.54527376494238 138.1806490811395 0.0 176.6192863777963 147.7962647617572
4.889818866209794 0.0 41.17434262813747 14.667433833815466 45.732863148160675 23.522556305532305 61.63022295749215 23.886971605710514 78.32578619287432 52.75935423901356 47.40483195987022 50.71593018079558 11.769936859355397 73.44740043905682 0.0 34.25482156961877 4.889818866209794 0.0
174.4375725002688 99.23956309103467 133.38411338184983 124.17943126859946 106.64219395259131 149.87597650032978 74.9244448064451 130.71132244148987 0.0 140.39001635817976 10.307656052256334 77.17159258377079 27.45626792424541 22.793337700267017 84.56182875438091 30.7002123992402 138.2132554563379 0.0 133.45713408788794 67.46789054748142 174.4375725002688 99.23956309103467
12.120631685020669 8.495243086876428 95.86295518650459 10.755241103363204 194.71454689706366 0.0 187.18779407820864 98.28730980835408 156.72361977640833 165.57566172904484 92.7291090583321 172.78134967526836 68.51696931600276 122.62552015858545 0.0 92.39191814177245 12.120631685020669 8.495243086876428
110.16851594243545 145.89996240353602 96.59361428305134 197.0650793476554 66.85170747621845 174.2707198344715 42.89201497604776 156.76236652758075 27.845385801452835 130.6621966678568 24.736920623306645 100.12119385228351 0.0 41.57588412667198 62.46049812204939 55.789880008482456 86.38444450782718 0.0 123.31027909265308 40.840285272767815 162.74807164090495 53.07224079801357 201.2885172063517 83.98343227538584 126.6588595886593 119.6700765999847 167.77930105955033 169.3024986127879 110.16851594243545 145.89996240353602
99.26866821766647 36.40580143545011 177.6246390605449 43.81117077163224 128.0914587506786 86.43449233681721 95.58093137336823 135.56125878901565 64.92138591984332 82.08006262821024 0.0 69.1742132089619 21.072833229899473 6.833324868880069 78.28672789284435 0.0 99.26866821766647 36.40580143545011
146.56205364542643 166.1194163656643 102.35927486893708 186.8891968461378 63.570542680589945 159.17371866580737 25.370074034694497 129.4093926157867 0.0 70.81966515005377 54.74996981737585 37.197080535960275 96.57392150499007 19.15202136746504 152.02926133169342 0.0 194.42805800023814 39.09108734661373 185.91250714766625 95.37221380285894 183.92009900516126 139.52446630608486 146.56205364542643 166.1194163656643
0.0 43.77286163665587 21.915559182931275 0.0 89.35030025745776 65.73220318352898 112.90245196324643 11.365694799342819 149.1965650324138 18.870120445721668 155.4453174807608 58.23817327336372 207.9692562512078 78.66866681303101 168.93356011558458 114.68696811962187 168.24274554548396 153.98681805203844 145.29362605286192 189.8333816596999 102.00590459853449 182.91693372452272 91.537775208139 112.02167275615331 21.100825698018383 170.65031591457173 6.376747051889367 129.59284689159446 31.193664772125516 92.16315230527759 0.0 43.77286163665587
183.6283213583191 145.63806202022425 111.56776342064589 141.28541664057025 80.99551806132521 130.20781263263962 52.176167115315806 170.18703124030395 60.43705904105815 104.2493930489074 5.02800806490518 120.41851999555054 11.985173757406358 87.93718372140351 0.0 50.54081135765478 9.528265739297439 0.0 60.39350384633353 15.594671610655723 96.38621832691693 3.0683690610845105 129.35118992580414 24.158314058510925 256.4108193472046 6.539223613050183 156.73560809833896 89.15310989076553 183.6283213583191 145.63806202022425
96.65935898281295 159.9580347326501 49.56522768630208 175.03245305001354 38.95400424355683 122.39253943942867 0.0 89.44115668265151 11.297682557559192 26.93378225587189 74.96076245604505 0.0 132.44980733550744 29.181541967702202 193.731880205099 75.0083248414939 134.3577263057935 133.29411593474242 96.65935898281295 159.9580347326501
279.206050148609 142.5523543661211 201.0417529408634 261.9342017675648 83.84219780245625 256.26411606643273 103.63802084162816 165.5148674950849 0.0 0.0 179.59433630934632 29.348864965232707 279.206050148609 142.5523543661211
0.0 51.88561792942586 90.15642415449344 40.559009384997594 128.03714621046032 71.1406438381713 138.27114361581002 0.0 182.32524339807514 4.0666847951778635 152.340933921226 62.18892376614177 190.47177673808213 80.35994201876322 208.63911198175742 133.36602387391423 181.8569013836498 197.6364019417981 119.73433600576473 129.21974137095987 97.08776774265044 110.79626912090824 57.23361881312695 98.17760087790555 0.0 51.88561792942586
136.29781297128972 170.09547639634476 102.51408552269832 132.97578427907578 4.812831801836367 215.10161892721285 36.16114124258972 120.67855416747578 0.0 64.0001453759921 41.76982327937161 19.12748249484312 98.51196410842451 0.0 156.4635980516175 9.127108063952576 174.27744774788175 65.5198070185954 226.04074280790957 108.1358086666021 233.01517093850424 190.88069106848332 136.29781297128972 170.09547639634476
197.66602564274808 19.528266665537856 200.47125740681813 79.79683768433569 181.79122713040846 116.7543719744018 153.81530299610466 129.34971548839033 244.13447351529376 189.16597215059966 212.47877429031197 229.77419350740314 160.18262593745067 228.75452887874405 121.70281694424082 209.1967130894402 109.04508655572872 170.31585184915332 3.9794445370836513 197.97850188253028 0.0 136.3706615002074 45.84210006896842 90.73445160054186 66.98253916073043 54.32210406304597 108.25069353496002 40.28902607147896 147.53071113888822 0.0 197.66602564274808 19.528266665537856
164.10110982447324 10.871275959457236 179.3122104083119 48.69484626001271 245.91795329065832 57.39835671610231 279.4747851293856 117.59753250856164 171.62465078504053 118.59945674603284 155.80961381079734 133.18677278472865 136.40151314801057 147.38136520897763 102.855191000617 166.4915494836821 78.14948783551247 142.14159971168044 37.014233526191646 121.71092053232348 0.0 71.35259195140733 81.07937607728414 55.78442704096375 114.29746794255884 59.05071153143106 124.73485655437504 0.0 164.10110982447324 10.871275959457236
156.90134865047975 23.799037341602215 242.1160904463048 51.15162849688706 236.72059943354574 136.45637470084586 236.59543457887455 206.262564477598 167.2272761804021 209.84734955459894 125.91641246761046 184.5051563617524 19.978215806558637 155.08658153410443 0.0 0.0 156.90134865047975 23.799037341602215
273.7964433804045 235.67109482112568 119.77728325913982 149.57951110851613 95.34422324342327 182.66296484133312 0.0 199.78457782051277 19.388844041481917 114.13697891829757 34.79728908521466 31.889037639921654 116.13533646831876 0.0 155.0533722347094 86.03963023083517 237.55491782475707 117.21930453626067 273.7964433804045 235.67109482112568
84.8758018862793 44.42642574888877 93.83652781407118 0.0 118.96087685807433 19.517490700593065 137.00861573398964 38.414340824339625 151.82298987438372 62.06744590004114 139.88475972562293 85.99410227914487 125.25844867396913 109.9706905871 98.41643509097149 123.9742447485688 62.45291836444554 121.87070044129544 64.61024528477532 81.04852280595577 0.0 64.2109094154421 96.19106808624267 62.343765864337534 84.8758018862793 44.42642574888877
0.0 65.35408938068359 29.37912533068757 0.0 108.64139018234823 36.63386977942092 136.4080772193277 21.32380270868628 148.2346676037067 52.79008302390679 240.95705708517596 76.46220604067274 177.57919550300164 118.24989316160097 141.79740538152276 157.84780139596813 84.85218209479461 166.02991241464727 104.3676039433976 81.10617716401106 0.0 65.35408938068359
172.78894905478185 164.0980220919963 129.09884384407724 154.0157803745034 107.13764647907466 210.35949047631456 69.77871346069148 186.49326280752533 20.961106773658628 181.411038440725 8.432560351421444 135.75986975998063 0.0 93.50751900099115 7.477233550622145 47.446467094480795 29.127686277623752 0.0 92.1656143022616 39.6161831795514 114.08627296606124 66.50522223806412 143.16039242628085 54.0616129373352 204.55629227468475 47.16711379366605 213.12788860463525 93.20057505128922 168.22910841306583 123.727510177564 172.78894905478185 164.0980220919963
13.108610868718173 3.9713270333537807 57.71552336116986 0.0 88.85605021696684 5.77734713053254 136.43360284495253 28.802525062838434 90.25053956806475 58.72027917482426 77.8904812733216 120.44998766014649 38.41107973417783 78.936863553982 0.0 50.59034341733692 13.108610868718173 3.9713270333537807
117.01104045928012 185.57182102448607 0.0 180.3122843231329 62.60196349941265 117.44864518588427 72.30297529425907 71.50131642365942 121.06397507645008 57.7977008472683 143.03693127629876 0.0 188.0723774050228 75.29546511640034 236.84640657822774 33.8186355132796 238.76721118630493 90.66393214648875 283.7684957999164 105.3858470863578 305.83759079671415 148.94172012457844 247.0269003343364 173.30349071006077 231.21631700819017 197.42846138741567 215.01012954021013 251.48633047086878 167.3861229853666 270.58231665912035 151.21980559854535 190.90019611437702 117.01104045928012 185.57182102448607
65.15449501139699 14.578734038471453 111.79447061575323 8.867940556596892 175.01031192701902 0.0 204.60001224608897 55.485888131813894 190.97450773282839 108.52100235825719 152.5699523630313 137.77390869787405 109.8078418383712 163.9001772773095 86.09364478159948 116.92093228802369 0.0 116.70201294687365 39.848007058035606 57.94933697231687 65.15449501139699 14.578734038471453
48.54423408255187 0.0 78.76066933738586 25.42658145714188 102.91169714889017 25.28714449788672 110.89474432000725 48.22312005914513 94.93515913263657 69.96337107370469 108.25417664523164 83.5522789723644 121.99811114372206 117.42188574268195 86.21817619203057 104.40394674677873 71.1466325653898 113.7276225372135 59.40666869638011 97.44896698274852 16.497851591771877 110.79585328437022 0.0 83.21152687122512 30.712235522996508 58.83066437114185 39.64138711813342 39.933658752025906 48.54423408255187 0.0
58.66837888062466 198.23486766548433 0.0 201.48492873137303 12.928690916153158 136.564404222575 25.682861265387317 102.36764795129092 16.02135177173102 67.06844708666881 57.116526865416716 62.290511459862024 76.5033756109936 49.17695668821293 102.6764838034218 40.898173411200474 159.8074586721492 0.0 127.83463835356024 81.63040977970967 154.99338691247445 95.92100425411529 203.44392812250598 138.16319794071507 169.5980638349037 171.18601723184094 128.818893304246 180.21153265973263 95.71162266990932 167.5678958202115 58.66837888062466 198.23486766548433
81.1867017507083 0.0 114.12702692152101 7.898684349862165 99.20658378708623 38.894915690543314 122.66088529989288 91.99002268624247 74.52729992083994 114.44807949943092 26.59223055779148 95.25052164855333 32.18980279602101 45.880663403772445 0.0 0.6436931416812683 58.86974494802496 10.251366374796433 81.1867017507083 0.0
185.6643751775078 0.0 246.15209094477362 78.32150323882831 171.6387623595111 155.47368307948392 62.560380452747225 155.43571032504252 0.0 38.43808324043708 115.42896837475122 8.091236859768351 185.6643751775078 0.0
22.42578337838694 109.06398671313391 0.0 4.35277300249912 109.0136528733106 0.0 126.1508351062391 111.56926779697858 22.42578337838694 109.06398671313391
113.33590445276394 139.09464386783773 105.87307471496125 75.34569147398975 0.0 0.0 118.02962686496242 17.629669457882983 157.977162850995 48.12909839003724 183.17936400203797 114.90395927823002 113.33590445276394 139.09464386783773
174.12359815556567 121.92070559131515 96.03209693440725 120.54090354008973 30.17573859169795 136.4345866005632 0.0 68.25548261663995 53.196452442542224 24.021952868376893 110.88023149628158 0.0 156.96907541119975 48.859415519702836 174.12359815556567 121.92070559131515
138.74300949875737 0.0 185.38403569438066 17.606067966334393 257.5947562963765 231.00079545922114 0.0 105.7812000261318 138.74300949875737 0.0
65.08904881975097 64.34781466606513 54.0810578568348 60.18850385653485 27.913237679973356 28.635375129143043 37.79535151572399 0.0 65.5299861227225 25.080765420608543 92.03719170809465 2.7266304972211373 79.25384773909101 51.54901503926483 106.10308437797833 51.923229321695246 179.83498166421577 80.61748038577699 122.82980698446816 101.59829054487643 130.8231135305856 165.66300635473556 75.12017856594967 121.13530562700687 49.63727224744474 122.2224942871943 0.0 145.0483837342971 21.82836355166257 87.10202171986377 65.08904881975097 64.34781466606513
77.24837125181077 28.76087406905372 76.49579767678205 46.63599092777849 116.09847278854329 59.2114655318619 112.64594605901289 89.2357029819049 74.81043245733599 86.3101961073341 60.6895417455377 114.10719310186198 45.72864327748689 79.60763635273429 10.989734550383957 90.17884830546399 24.988742570763087 61.43196128438195 0.0 37.76888850120813 10.11244425164056 10.591437117216529 38.05625189104409 0.0 64.53565061396168 8.179080713075138 77.24837125181077 28.76087406905372
80.12560564492918 25.20734202873001 121.6140095221615 0.0 141.78458206949006 59.00368218838116 228.5763242075705 27.71258547909865 217.62910668035053 92.00445661361563 199.30942412616082 138.21061017460295 168.3541257821457 174.04163647958381 122.82118903114483 207.09447312685677 68.4870305641438 188.71643959735957 56.17144566945433 134.73510734194224 0.0 98.70389899121679 51.688760585483976 56.854594885373814 80.12560564492918 25.20734202873001
5.809511926210895 33.245697116011904 16.628342412489296 21.330215511365488 25.158019871339057 5.173055876492349 45.63014029314093 0.0 60.07785967777476 13.632664946653655 85.75111980975737 22.31989686267962 84.78069302694843 49.76486881918222 69.59337456825557 68.55476920289667 47.81552799924436 70.95630810243017 32.84521578168361 61.29260387746101 25.643383734313097 52.60751819140531 0.0 52.82470952044512 5.809511926210895 33.245697116011904
28.784068487795608 0.0 57.48348944478796 13.16656376034463 59.036376238753064 44.203680077398545 30.642980407567194 42.05915986062628 0.0 27.45253734559499 28.784068487795608 0.0
169.42803491079886 219.54138324483213 120.19729062063196 192.4961088821188 84.3711032678234 206.14466007384848 45.53612771822284 198.38587586404302 0.0 176.14098963756385 40.6658829301756 123.47123338965032 38.95826683003902 92.321716792272 82.07041820388635 91.01363089457575 66.00656276940671 0.0 117.95940218958899 20.734523921768456 126.42988430010398 91.14661169824714 197.4616626030969 56.238548315418356 154.6661120422848 110.9524186747303 207.16714595704389 139.7304917659149 244.39763396348428 215.84719061218985 169.42803491079886 219.54138324483213
31.75982434959647 105.93019019495046 0.0 63.894588635304714 27.5266279531032 22.08274236817526 70.6760063339903 20.259913657830175 119.34328231740727 0.0 141.6966210081592 43.8972743471611 164.2027451146241 96.06494509375057 119.45247405769507 136.5221804124253 69.47533195472109 117.14635696426978 31.75982434959647 105.93019019495046
196.34251820538952 52.290849880993065 131.19785904918368 106.83747719833616 107.31907220180996 128.92992493098455 76.9649259951379 171.6374686433491 41.50130900174594 138.7013171125131 0.0 114.0550056910608 30.826889326760437 72.54404467427847 13.665124491011483 0.9111079331820093 78.08535724818674 0.0 88.43995507859198 74.82723450764354 196.34251820538952 52.290849880993065
272.2703744355986 95.15346465089526 285.4122537203794 167.7282483939161 210.79265888560826 205.80668951251695 164.71694647550754 224.18278146304803 115.53987216043966 177.6566576865033 75.83835376129468 249.04456669673465 39.935913773853855 214.61570493700734 20.704924725065425 174.6502250867617 4.857142323774525 137.15908295337607 0.0 89.7507181121696 47.47388466150786 67.36412737906169 67.74212356114643 10.400674144065789 122.13702140927657 0.0 137.4721494827583 84.79578758411742 230.58530221570476 44.535428945300964 272.2703744355986 95.15346465089526
77.92222806334216 43.01260807959494 73.12711688847338 80.80384522819544 26.560689782751183 78.56835223598269 0.0 29.39031450048907 45.093896713916536 2.306069722992717 78.26028654676469 0.0 113.05917836149983 20.456994213036793 77.92222806334216 43.01260807959494
219.34626039756358 213.80254577894556 155.2074691307701 206.1515030252943 113.62567136395744 168.01786519435404 86.85559169474541 158.7908120007877 59.68224351274756 141.987047895209 10.040131947012341 117.02257348086565 0.0 65.86520312866448 58.59539837938917 45.005510235616114 75.77539383327493 0.0 122.56677430551042 50.7669135905129 158.12198404166645 10.98763529856926 157.6329444808909 65.85159023059784 202.3463210065475 68.31882626400385 144.0616794971553 99.30979821000213 179.48516435226918 125.09064555324512 219.34626039756358 213.80254577894556
131.21234068891903 53.97196686021883 129.86383239269574 89.32491139173416 80.48535202546341 79.88624045557822 75.48026406662547 122.65138185427624 46.5885498567295 113.72814817936977 57.07387547471173 70.33802002113292 31.939672297935658 66.64470414292421 0.0 34.49472813830967 24.978650934860667 6.9335260912726255 57.655430567450736 0.0 81.92771654591249 26.52504558326838 113.27502871222742 27.783579656880605 131.21234068891903 53.97196686021883
67.23329642168771 134.51467576681222 0.0 76.15912379296078 55.208172635981484 19.28420781333176 124.8507771976289 0.0 227.83752481916076 127.75493458835322 67.23329642168771 134.51467576681222
0.0 34.87876246856722 70.44247136614003 29.810238354464076 152.20635250734756 0.0 107.1187061930412 102.34385140652338 181.24741003029715 157.9143101445593 113.2963115702723 179.6344235643155 79.00610231997635 113.19703220318932 19.799488040608452 154.48550640822197 7.464556291250446 106.67603281839119 0.0 34.87876246856722
214.09375516178875 198.20489861409075 170.36848402064402 187.74092716550035 140.87142169062668 236.74748753448938 100.51105521527865 211.75439940645532 68.34214107113684 174.99470539571877 0.0 94.5109013049417 108.91001352486802 85.1055832781912 152.02805189309584 0.0 221.29031356965865 50.254950192263905 260.2668760745013 105.26684691659143 276.39769628460976 164.70314641060668 214.09375516178875 198.20489861409075
0.0 23.071840814047476 30.822536992938595 24.806516281790152 27.42364729481278 11.035537056255947 36.73828768968525 5.849586840912778 42.51571803552335 21.657502159932392 67.38642100088367 0.0 69.1303715707846 17.09912563253266 78.22243698509419 30.73282721099153 66.4209142221925 42.55783504802257 58.111640542227164 50.793787678430945 42.64703837226064 40.505407798634636 38.155577755263735 44.34432283772341 16.834968337254438 70.22404360793789 33.247352894130174 35.655636590805116 19.772267525608115 35.57052701277564 0.0 23.071840814047476
35.37205760202805 73.09885283876167 18.802652075362502 87.04392506674401 15.40173271709898 66.3682362271293 0.0 59.456688758931314 7.8230052385821125 44.59981793561139 4.825910637945782 26.715491774947587 25.70093683861191 32.640498306517465 34.023743894081065 0.0 47.205296690291746 22.782903436754275 49.60517809735592 37.479967073390036 79.16693860756183 37.40782043820452 90.17289793830763 59.84503330662958 93.33593897435935 93.30134502179786 50.162569681798445 80.38045361682526 35.37205760202805 73.09885283876167
179.88140715373908 0.0 181.3348567110171 66.25669781854606 219.70067382842703 131.00272344991302 154.3178780154664 172.5761950999678 70.35713366093847 180.55282082784205 0.0 111.773554234243 56.02135565578371 28.748870018474776 120.96896763619813 31.068570594920125 179.88140715373908 0.0
0.0 150.92918209571062 39.19507581016259 75.98645689495106 56.898385035736965 0.0 139.4649349111134 5.837377330129641 147.39551882793916 80.80016277398093 208.0050848970581 137.56319470640628 132.18882524557804 160.1686749421877 94.54046060961964 126.16509681984695 0.0 150.92918209571062
60.05936418121999 83.01482490472883 52.26700073873849 3.848861154619783 121.72652045124441 0.0 196.95218774504883 8.018693366880044 147.4198308027339 98.32575578987363 179.31285012343966 137.0926935554417 155.99505215911503 191.17712290779775 105.96665780063066 130.86534668142582 67.64534452858206 148.75974368353542 0.0 126.50170678175233 60.05936418121999 83.01482490472883
265.001209851014 131.10366825287116 189.95041567976256 203.86801394213273 118.49853196502758 151.3278842618086 0.0 116.30189324988574 70.21940930336606 24.2035098209071 156.10862394261218 0.0 252.411819320184 27.407803168030043 265.001209851014 131.10366825287116
126.4090091816247 152.86273249916795 77.99719844619756 220.36662435997033 43.874188934572715 175.66822100892824 23.00673944016026 124.52506765611147 0.0 42.733101161939985 75.78752359059936 15.938785742005152 145.44611875922118 0.0 171.5944548705959 70.32006710907731 166.00570256385942 113.6279749774832 235.7693437203526 161.90814328102235 194.96183696432098 210.63531580115 126.4090091816247 152.86273249916795
3.766050711238904 0.0 31.754770922192336 13.221662365823661 44.99436531788882 3.7437842195753888 77.04929967705405 7.724311179899132 58.22800163299209 33.467265476268366 47.45255455478868 47.83853250856015 30.339448238869238 46.56551474646706 12.396065990983232 43.10710087731522 0.0 24.33528699375401 3.766050711238904 0.0
217.43306442625692 35.761889750704434 251.87859481627333 60.12675711914463 226.59452472202838 93.35263160360898 254.65398515505413 150.28719804829026 219.88063346907705 191.74497635107164 162.7900793858987 172.04529624292425 111.49966219763948 217.08938240761034 90.88071987608171 149.6184110787344 8.873762491796697 156.85755259584812 0.0 92.28803156031843 40.68968226252443 42.83775095437116 82.37010683262284 18.860184198964497 132.337903983437 40.97992171722254 149.81665495656523 72.36105377972832 162.76464280028205 31.02853998889185 210.16218865258344 0.0 217.43306442625692 35.761889750704434
