70
0.0 26.8638594516839 67.72968002627279 24.22876827957611 117.5413997054004 0.0 154.76343113644225 62.78789394296525 102.36347431333282 153.30386196136794 7.183085085476293 108.85938706204908 0.0 26.8638594516839
70.33643601837358 56.73702460872257 117.82716756606621 23.270639344129073 129.5960879689949 52.17937252772163 131.61766766274363 85.11441501904861 85.42397338518357 78.93739839455603 73.43509208783203 108.55354772245289 37.11454515988211 123.51901408204614 35.576592387871415 79.59619092492113 0.0 59.65888027281991 39.43810745559327 41.50964797409298 54.18936946080639 31.95042998906802 65.6145313491326 0.0 70.33643601837358 56.73702460872257
59.005649416849764 153.17124722240212 74.32763451637494 103.45079979478741 24.13562132545212 116.55536895069126 13.269761406783914 91.33753573436796 0.0 54.627673980051796 35.01820480426597 40.16642732537088 67.99287967862254 47.66156287054513 87.83639957722241 0.0 106.02392024648944 46.91298748930377 102.72800149057841 75.82264056240868 189.36759963970638 50.76283477445172 128.46915473275436 93.16001260182712 149.7417062579654 121.40095971378153 107.61909041509362 115.71353165838127 108.21715916083518 151.49230031458077 85.01040017587204 142.16108463519166 59.005649416849764 153.17124722240212
0.0 47.705266292201614 2.7988593036690617 0.0 49.92256830121171 13.743187153459758 80.87872279000037 60.30179435388972 26.4014399474124 63.9876079265717 0.0 47.705266292201614
6.001414332009517 0.0 150.41351038085708 66.04296415454081 285.8686877321011 87.26347903307844 212.37713175619427 203.991850953754 142.42818959868137 262.0564301424405 42.93735864157031 255.21944773422064 0.0 153.89223957382882 6.001414332009517 0.0
50.75035487791783 64.46981308131365 35.3266773276093 78.16456061127491 21.945433170792484 62.23898194524415 1.2432123438167224 57.35924476414509 0.0 36.541769394904335 31.843482847174712 29.72036914070246 16.881274736065762 7.35726113571009 30.16969122957144 0.0 43.494603598805895 15.606356784713853 58.35780099020805 7.533504747325395 65.64111270252437 19.33593268940139 69.87618199322517 30.98960298620713 95.25177014916034 53.70401833750779 65.72612499928796 59.48890187034567 50.75035487791783 64.46981308131365
47.31484717825657 109.86090276680781 0.0 82.23378757926022 23.054361090241684 30.538696264866623 64.19438163953829 0.0 86.86449767343603 52.95318399107623 160.70850822556605 53.411254494081916 146.14923910254512 112.88547891787738 86.57448364423665 117.11678557370547 47.31484717825657 109.86090276680781
307.5254417217835 187.78118477746682 208.4625488288811 184.25504208641505 188.80175286288792 203.16470580812697 108.35175357544762 286.49636837086894 111.8010652033214 190.66573640826888 0.0 113.11724095769273 99.26676351893178 57.93082284394113 176.20588016788565 0.0 244.62983696982673 63.288752555650305 195.51349851369412 153.61788028992294 307.5254417217835 187.78118477746682
92.05052584463164 99.27277587173705 0.0 52.90221684257921 90.8631938348162 42.173145132641544 125.8269358191833 36.875065672749415 147.3336703247652 23.57539981627754 184.39466345823516 0.0 211.72519552403426 26.03954213642991 206.18159470672893 65.3856014006393 231.88674499793566 88.38628342967215 169.9040456786371 94.98018154089488 213.84643791479655 159.76512280007992 178.31302382145083 172.27239952995103 145.00164592742328 148.21001954183134 133.5770565600998 120.18597253582482 105.76933672439444 120.64314073142671 92.05052584463164 99.27277587173705
75.27739111217329 0.0 184.30878241612723 25.90600607061924 207.3259786390204 126.0838989123004 115.42816261504248 183.2115534922433 0.0 121.24343608331391 75.27739111217329 0.0
245.82551889558124 218.1441062566852 211.01387664792173 230.73624910241588 176.5632213820432 250.8436700797104 112.53795013927825 290.56406174903384 53.99378788129542 261.6812738059526 118.45776185166264 171.17985992412176 109.2020238500217 142.05819440175745 0.0 41.074022935529 125.34006983742293 66.42629506288682 158.5086148917939 0.0 213.77823439443006 38.98328639514689 224.73248642619794 102.14055384226302 300.1446540837451 93.21804615860856 318.0791979074571 147.47187808270485 290.2071330360304 195.55243428300312 245.82551889558124 218.1441062566852
0.0 63.97988990790386 140.41966492253323 0.0 299.54293835123076 64.519986476139 137.53770292581325 163.59017395315894 0.0 63.97988990790386
0.0 106.8243519192836 66.05635324824505 89.88877901159549 82.48644227805528 58.7932923230305 121.82199664496183 0.0 160.39132075351353 50.36749268196188 242.2240978098125 44.72784733120787 204.6723917259648 121.0495686568967 261.79263576368237 194.43828630453572 181.8759458155608 211.18729841251258 129.4604357371235 210.30956839213758 80.16032970596956 240.21654605430467 24.118314805010314 221.51963412078408 25.868896746876857 158.5392592748292 0.0 106.8243519192836
244.90969579736915 110.34387790302287 138.66210893561947 228.9460083141233 0.0 157.0254226928712 91.19001546419972 0.0 244.90969579736915 110.34387790302287
86.85494150727345 139.84577215264926 32.85686092821521 88.28881313491445 56.69185055871526 42.363403618126526 103.18407854437828 0.0 156.96745874372272 36.05952768816226 190.47267073523076 68.54081776238331 189.81705934230706 113.11650163290342 248.9303700538402 139.04850441149148 250.98274393523155 193.61368569196 192.52545318685458 212.42212671692178 152.62845359701407 220.33777953996852 123.4786028330527 181.07331490595 98.48942953208132 197.70094931523707 0.0 245.81012643243952 1.167226966821886 178.20813445425054 86.85494150727345 139.84577215264926
190.85288446025504 258.8896198722892 135.03228944753366 255.54849913927754 102.4332027330953 223.38686263064787 0.0 198.3437926194282 77.0241011019072 137.97709906785656 91.78829305659065 59.281568791436726 177.0052283497567 0.0 178.98549236575582 146.16623421355686 249.6892903237047 160.82754586114706 290.8714901701618 248.37820008978989 190.85288446025504 258.8896198722892
18.9386787409736 0.0 42.600687963758844 20.179679754660057 63.97639623778243 38.556453285742165 38.043882685603506 51.189257658914286 22.34569090912757 59.571047527760044 0.0 50.047294298536784 20.23605201255741 33.94754004207951 18.9386787409736 0.0
0.0 4.374855181764602 35.79579472359191 0.0 49.77631734321369 17.52232883929952 38.27045418700153 32.19462486791849 28.711680530894228 23.756091747123946 0.0 4.374855181764602
57.12284352171841 0.0 121.90747230031295 43.688323059836165 166.434416960889 48.13017375755914 233.75076585176623 66.14367514087735 259.5423502782488 142.31572404519522 210.02805898611797 199.9386177071508 147.73569768827429 230.82709778385504 90.34365572107934 197.22158035850418 65.3334400833811 154.28318747108017 0.0 122.46624338762024 3.613132960630395 48.34196847218137 57.12284352171841 0.0
90.24132935081641 38.83950818435777 109.65693535861512 49.84455329391537 134.41873498728637 75.84167302594658 121.6973361245774 105.51914520469747 94.80363623816685 125.96592482143042 65.03656140413837 105.17616744969423 26.43090244230357 125.85707768007224 0.0 99.19532215147736 31.39343022288051 63.41868091330895 14.108423400187803 27.84815241240902 64.76513762712695 57.7938336535679 76.32286156923692 0.0 90.24132935081641 38.83950818435777
57.072703549783746 62.822390931280275 39.87819784296446 73.00118575725978 24.36429367072457 60.13108547207505 22.472433939476495 43.15842136836945 0.0 18.555119724786245 33.266445461989896 19.644777659161385 48.093406766423904 0.0 76.82166146422674 2.0290909616147843 94.69029300536818 27.13833476303622 66.45975603337422 49.10862406686801 57.072703549783746 62.822390931280275
167.5258961897634 131.83600685977328 204.6237792143599 187.49082724836506 155.59379354062588 206.57234170568876 110.78887810956756 179.28740865864626 87.88004560791622 170.5107218606562 58.566791494064205 165.52331856618088 28.679116749809282 142.41911011568442 0.0 95.87181540559837 36.50574864192998 58.20935890782026 81.59034577029365 41.12983309279872 131.59494029741376 0.0 140.13497909203795 86.02311654120021 228.82151998675948 73.25308899219067 167.5258961897634 131.83600685977328
55.78368394680922 69.20424684962259 0.0 42.80898136422093 43.23284485680989 0.0 84.69966605508326 20.795500671591 134.69872357924393 34.65007469373393 130.27441982530488 89.82765665821526 80.90597819350208 124.65859337703543 55.78368394680922 69.20424684962259
0.0 34.304683550811305 12.47085815271413 22.529816805880756 15.62383838347931 17.265027282547607 18.12777329288035 10.523067529514364 23.605710269272237 3.756513113713069 31.567126821711668 6.706841436445373 47.49866462257002 0.0 46.59265897331234 15.615324643116907 51.16145542549083 24.677947800152836 42.613364054254504 32.20701565945464 41.67343785513843 44.50009678889552 30.88184917693512 49.590493473357526 23.684715861975775 33.49119994581571 15.95387641013751 35.31968677867738 0.0 34.304683550811305
0.0 33.424310049932416 5.178616987445068 6.148478805017334 30.40620363500168 0.0 52.21118390743383 11.807861638551657 68.00922114651001 17.493019262082527 91.40987738729649 24.176557141273193 79.79631357571628 47.189342842433604 76.45934051961135 64.08542263272753 73.69507856764375 87.90403073617006 48.64968575835416 70.38040991086108 33.25175144264605 79.51775153577097 18.583947678963803 71.09504197747167 29.672815018831777 50.48791054111781 0.0 33.424310049932416
35.9360364257746 56.153012813305615 23.894813426634784 56.79704850747962 19.806080509163507 46.41394855737973 25.66513482796229 37.25559293441807 0.0 16.180057379349357 21.050248506572316 11.690160324547527 33.790099095268246 4.528056889997011 47.42593523153374 13.058777772896356 66.28921740356233 0.0 70.32909409462417 17.900317923531325 71.48324829928143 30.333885922678313 65.10779981965234 40.712887212067876 71.44574885223463 52.70735668146026 68.60219623418135 66.23717315430412 54.893876829157506 70.57056398234374 43.56491923464375 54.51918274811489 35.9360364257746 56.153012813305615
120.66496585182571 74.37964972517076 99.58480937678964 82.95800418633877 88.43485066704227 99.15072888909754 68.06556561511437 98.01270089529157 44.61182509135364 96.01495030564178 33.413044811987646 75.17912416184078 0.0 48.659231845075546 18.82605767628641 16.01258512876531 50.58504126337793 4.969527202718645 78.83733534835027 0.0 88.8111467698871 38.2638796673347 118.2505654110773 31.677420582684285 121.00776324263211 54.09093594656492 120.66496585182571 74.37964972517076
0.0 141.61934584672838 39.91584937947786 0.0 165.0216540137351 97.08084981891093 250.99042097857193 125.75597414486666 309.91912140544343 234.1409052694796 188.37390661588498 275.7116772146669 115.94748229827383 249.94640189525794 39.18660542962371 230.23981245873838 0.0 141.61934584672838
28.161856405663315 7.766031404334925 107.70450787753327 0.0 55.95450262592357 62.928135653004404 18.32979021335032 47.08201406216672 0.0 22.222398531620442 28.161856405663315 7.766031404334925
91.84177699982695 135.17178240857675 58.499167480174755 86.98838104816363 24.96075229901229 134.58147974926 17.51656584608969 96.57526145872959 0.0 78.09367984188822 36.607594970866906 58.695856113343844 30.38657007479903 44.605352169421316 22.983981263072927 8.392705582601124 51.30538872923403 23.47777648212223 65.51361203337339 28.78288999948277 104.23574420212893 0.0 82.33673472516568 48.49635680778395 107.71069676917631 56.78460808138157 146.67478076231515 89.40850638020561 94.57157077996808 94.69622820225618 91.84177699982695 135.17178240857675
65.68028850141354 17.125407639687324 94.64178657526855 0.0 99.36442053158703 28.456410505850116 144.3697579247071 51.337798398776044 110.01511735807995 77.66638141628914 92.4009343570026 105.36284477665637 59.000103602815436 102.26318799972745 51.18298578492533 63.47594275708502 34.52967474377426 60.29161818732145 26.18816837063701 43.12016781398441 0.0 3.3409522461591834 58.02257816574993 36.166749874851575 65.68028850141354 17.125407639687324
71.34053939922077 36.58108106449004 120.75901490810614 46.34172402350898 78.34403478596013 67.76385509245142 70.21639681195698 89.41235115982707 43.265697125041385 107.15033738860248 31.109610523870828 74.38512293606911 0.0 61.18029326603246 29.254117141359714 41.97903520829366 24.446623375987485 0.0 59.692688531879526 15.174443726255852 71.34053939922077 36.58108106449004
219.8840714781798 136.8220576457942 114.41346760508587 190.16006308499811 0.0 103.6791023516803 134.9888590097932 0.0 219.8840714781798 136.8220576457942
43.07666463299108 47.78830324031732 18.06014281000965 51.953968983525925 0.0 27.265699527845115 20.242368497380085 0.0 44.854410021009556 13.184907701272948 53.398263098606236 30.171772282524117 43.07666463299108 47.78830324031732
121.9048948545594 170.20747103145237 82.21544023834045 136.89841687624863 95.60519708455615 92.98392684754627 0.0 71.87375248999224 21.445412508462027 0.0 95.69208971556206 24.91358148325412 130.85976202553067 38.68733758888222 214.930322834906 32.3810958132679 180.3271438741039 98.1494480404162 174.2326429341063 150.4268232089537 121.9048948545594 170.20747103145237
216.75060691382623 96.58760051879081 114.36015652893174 148.53319893217287 40.553646438866366 186.58895514361348 0.0 100.95260023599317 21.92189061610125 0.0 96.13991212768725 77.44292994176226 216.75060691382623 96.58760051879081
86.98498048139325 37.38395917774881 124.83470442932042 28.59133491881167 162.76012919463383 0.0 180.81975362657508 60.07113144804256 222.0735489236176 62.50690319596674 298.49951137954565 87.9631502401856 247.9282968493285 136.41613942467862 203.35103357512602 153.99883155670406 230.01044507496846 269.3051910913526 153.1903473671906 168.34630044020886 129.16637747443463 167.1508244115407 105.07037074696177 158.57150124022706 88.62033328569265 136.58289616906555 86.48971030443954 109.37809295496727 0.0 39.214830801030715 86.98498048139325 37.38395917774881
149.03166030548329 46.29301803185878 235.06362179746628 115.82767658189944 119.9092953348472 105.65158945473645 59.2610588361496 154.27969419769101 0.0 86.29217364150826 35.1500848003561 0.0 115.5979434613638 15.26707772240541 149.03166030548329 46.29301803185878
0.0 55.35142778987982 61.06035859397355 0.0 141.69156083005922 25.907266879904753 171.92637756891034 155.15903413789994 42.09371816515706 134.7312353894228 0.0 55.35142778987982
109.51464455163165 0.0 49.28668501123556 26.18929343689213 62.33842249072387 40.5522141111645 51.50210402013505 52.11688564796766 37.20057797996209 46.172475096321236 0.0 48.860127799491224 15.587207930061737 19.618339743992053 37.28988366569068 12.803917168552616 46.134830689918545 3.4271175072162805 55.03376293053729 15.891348103189756 109.51464455163165 0.0
137.0405755103269 116.81946251676437 228.487209358497 150.09424367570472 203.28344889211272 199.92168871399923 143.49603371236879 176.31719869646605 114.11869599956108 171.95174074604773 67.26963113595247 174.46010958905163 0.0 139.6943977657474 64.25721387680437 92.60782333791421 95.87384516739544 72.10698426681473 111.46252732471493 0.0 147.69651585452218 78.03963625485098 165.84459570306464 88.86595748211204 137.0405755103269 116.81946251676437
52.09998573578832 0.0 89.05446293586435 1.6553613268712084 119.38399231128633 23.092739904838353 91.2430286729682 51.92900084622917 102.85696699846025 98.5128461336961 63.2802865802922 85.04348227316389 46.74459826666339 61.475421930749974 0.0 19.748816251265083 52.09998573578832 0.0
0.0 63.18444167824103 134.29285246331364 0.0 225.60409758381707 127.11467695695504 106.64588435480597 113.23940694029764 0.0 63.18444167824103
90.813715423994 65.15971381046228 60.38791934547481 60.541933981040216 59.500284029167744 101.9567390068777 43.05988303195461 77.37424832562651 0.0 78.1721230938879 47.200863244527824 53.40805852903847 44.14921649443771 40.54276175020654 54.042499046572786 0.0 76.85752315308363 25.12462510277632 106.81995816319912 37.23508067283609 90.813715423994 65.15971381046228
48.63359100026447 40.58672568294642 25.304876336820776 48.43478777687402 0.0 30.75093105624255 26.817642490441905 21.29360811832065 35.49008139777539 1.0919705001014037 53.63584888011882 17.168957050132207 85.35305129255164 0.0 103.31077691209953 24.254156456537217 111.98037058718205 54.560203158096215 66.70555632585757 57.09026131539184 62.09669034449782 80.3539646722206 35.96240191739856 103.02431357177588 48.63359100026447 40.58672568294642
32.58538293813021 11.37638120273617 53.28340068019992 0.0657672615927396 50.13735873231337 19.372687891635238 45.637039934143004 30.248668533385256 35.824248634674106 32.41866756500026 29.52712260330385 45.16693224049119 18.502389145979464 40.07408707695757 8.491270400991425 33.18070319542869 6.308717186695873 20.3771958765344 0.0 0.0 22.62767496015337 1.8447862651649416 32.58538293813021 11.37638120273617
0.0 88.91773408849116 102.88753817120033 0.0 230.67684288057893 80.71453280084867 138.4290437428865 167.67122311737086 56.94693391552988 185.80090143913552 0.0 88.91773408849116
80.0784390693196 128.15764923640467 30.980611110380067 93.59288060715325 66.68319177693041 87.75214610842468 72.15891928490673 11.991517200970549 123.98834488523188 0.0 157.9313299524037 46.43392548552829 117.39144215696754 119.26952082844791 248.80858321737347 114.61115565733202 126.9442851182508 138.61911444567605 119.2729024067273 146.95211415793088 133.3945483452249 203.64340062044272 99.62012049641143 143.0197291840926 55.12884584932243 229.31709059971274 0.0 221.177914708571 4.9722474044170895 161.52852155189026 80.0784390693196 128.15764923640467
314.0004836787066 278.7093932215597 214.77379593533612 233.24734791442125 170.45281788438697 227.84964603756413 0.0 284.2877614900536 36.2940462545094 154.00426629753437 118.85692346455617 103.6802500715039 158.49649759754695 59.741948395780426 223.595460774225 0.0 310.6420993423575 23.639930375763868 322.6029048888562 118.7373138588888 239.03310276615125 167.66909309538454 314.0004836787066 278.7093932215597
166.4535951711057 19.210064856336956 100.89286083097207 87.09689039887981 46.93022982025698 127.44690178294464 0.0 51.172747945644275 65.52229176259941 0.0 166.4535951711057 19.210064856336956
0.0 71.7937446391957 76.31501662179026 0.0 176.82825160652578 28.09531509668485 98.92078147949707 96.50361622114207 0.0 71.7937446391957
132.47651518629624 122.54419090315399 85.31559083097758 117.16774953416568 63.08763254369498 113.3439986645805 35.19840166939568 126.95408219444563 0.0 118.38021405247365 16.769019510745437 80.47698408227127 13.237226262418886 55.897829645957884 50.21763684360481 59.572844729189214 61.60839312806664 66.18294713710762 83.1811040080006 0.0 115.93442282754066 14.320042193459265 117.45469322733891 53.47430226995006 137.3976467839539 83.8601188093502 132.47651518629624 122.54419090315399
46.42407809380485 21.067811399446413 49.67073970903776 32.08691917975031 40.29685350203117 39.38363933751073 29.953084424161062 38.91309171855666 24.02011882057225 28.602026568431285 20.26752084034821 28.390593043666414 12.053813256142234 28.495108018331067 2.168139804220786 22.28407816456327 0.0 10.335930024097621 10.753680992263696 4.094838061066042 22.115847609923847 9.337428590571264 28.107304909208878 6.7158341042708685 41.54848705657206 0.0 45.47215648601275 11.291971742688403 46.42407809380485 21.067811399446413
241.5246830496681 104.43491179644202 181.8138717575987 117.67620174724769 159.70176531178018 118.98692539073112 150.25746931820942 148.29950505361546 109.77190843459886 195.42884583742932 74.42372141794061 164.73572575009217 0.0 148.28428645545188 51.579015692268285 85.55278540627442 84.51076032805605 58.72132734438132 94.1159411913043 20.833689366751045 129.35817535353124 0.0 153.54061047303898 60.16156490093492 192.72801886938245 42.05653304179033 206.58109592474383 69.87692266982036 241.5246830496681 104.43491179644202
0.0 154.51212446333975 45.134567848952344 74.8597544596432 132.49559963546938 68.27983574351927 144.6821325273316 0.0 194.73302579718282 40.41799134228242 250.9424441849864 21.282131745022994 332.7370331727508 42.4092148955865 361.1045479257159 123.98979809743368 320.81172777595236 193.06453851352654 276.88587969414255 263.44337898578965 204.82814614323814 349.3287664023882 122.21450140293462 262.4445582906369 54.48679185396537 223.88875053907796 0.0 154.51212446333975
33.75894437892745 0.0 67.92480794394375 31.311888069875224 86.61376701110352 31.12809974848775 108.26021640685774 37.86267868195463 156.89494866345802 39.21513839904494 124.09417960706827 76.52289841186702 145.93958764466623 107.78495430269271 105.10479492532158 111.61825047296563 104.5720538978534 153.62105652242994 72.74428521874829 141.3353994442462 50.03182342335086 135.4616015127334 46.32102346627755 104.26199320936064 42.43491609336911 91.40324971692985 0.0 82.14825298064784 68.75280906086454 79.23378727631953 34.0334772065261 46.638078647577075 33.75894437892745 0.0
42.588409037353436 7.172607891133239 60.202193231406206 1.5273391020995462 69.67167592309332 15.755617553286854 69.9796490417726 31.939618525947907 71.6514594337213 50.08148996247817 56.54431282756567 61.436415659473596 39.63816998981638 66.25137674306472 28.210447253790456 50.77846263313127 0.0 58.64905121909092 7.423441890799019 34.46113102905083 5.23992431563682 18.24936346054625 10.393611742489476 0.0 34.63775602724801 17.65042814258983 42.588409037353436 7.172607891133239
128.83474397409208 0.0 189.11528818607178 19.688366113744166 216.80592330942585 75.65276330357432 190.0790020828577 126.64895942679486 261.12590656239433 195.7614228639032 167.87243659038745 193.35866089133356 143.09688482275524 260.0111719039156 98.47218980792235 198.58284729971678 30.493767329655668 221.17912255001926 12.186857656482516 167.2388267518499 0.0 110.30183529399754 38.624208185110945 67.49661131153061 93.60307028671473 71.40229709408811 128.83474397409208 0.0
16.38390807246418 166.37783554707528 0.0 99.65662556873393 39.99677158602961 48.97500235524596 105.0097826383513 0.0 173.00630961288005 49.84897066141328 207.16666875819797 132.04603762565722 108.06874209538002 137.76386507862378 83.60287659849295 152.71455145016722 16.38390807246418 166.37783554707528
172.49374801540347 78.79985165229068 111.08248253774487 91.10403770543978 99.42377544094772 103.37423429089802 84.94563729156877 135.42250509085815 44.86230753513871 158.95906578040626 28.521679958135053 116.1198180541684 0.0 91.7000120259018 0.5380247709734363 53.003878291320945 74.03419347928937 67.97177497697771 52.90584042515616 0.0 90.30593558790588 8.069000701843962 110.05946448635575 34.95688359421366 98.19512030651995 65.60190749007455 172.49374801540347 78.79985165229068
101.17009814363647 25.64106896480387 216.85552595622346 0.0 229.715193919657 123.07732913317534 125.89609222299752 185.1078292369619 26.10526213933639 161.19180135074703 0.0 66.7862062031904 92.886281731402 65.584679932852 101.17009814363647 25.64106896480387
75.74471898569686 24.896481586064347 84.31881723435231 45.110662724957606 104.18830558422694 61.185698503707016 67.99472631838758 70.95282743738164 80.25805980421323 100.67306224911086 58.12457158674039 98.89391580224385 40.212970607820296 97.20948959369606 38.92093756589621 75.152940928313 0.0 78.59431913609451 3.5110092909242496 53.30065014763967 8.407867628704452 28.188851896023422 25.136800824959067 0.0 56.78332349390972 8.116673302432318 75.74471898569686 24.896481586064347
80.38309367986582 52.74074652636314 41.348712558003506 75.25876491110253 0.0 52.37575462621078 32.62717561565609 22.3334247286397 74.29929143359294 0.0 80.38309367986582 52.74074652636314
102.660471184402 29.542941045353757 135.50604394621848 32.78699632550727 121.4131332311825 73.4628113233587 123.62610384500933 90.76279943283234 201.68314882096996 150.4656690887184 105.7473801958321 118.26247318070048 96.37245092534172 147.79468038044783 84.08053106949855 89.28874445170248 48.19132505401508 133.61464224355672 32.61509253849947 111.95614299353451 0.0 86.758553093045 55.867389842807754 74.4720711224503 63.494849435386314 60.69870064659716 69.61492118849013 0.0 102.660471184402 29.542941045353757
54.88513446688924 33.8627729141743 36.98703417884791 30.775718423324236 36.1811182922454 37.990244329419326 23.611620366934517 47.47302938591406 7.637922035186506 40.53701177243947 0.0 20.30982405850513 11.216565624404836 0.0 33.98579078060702 6.959406041019989 49.74007795981706 7.194482094792335 66.78871662854102 17.70613074837223 54.88513446688924 33.8627729141743
194.40885895034725 74.73158150592495 103.00557008430312 138.1900385969874 0.0 116.8641575946824 76.68452041597843 0.0 194.40885895034725 74.73158150592495
41.64118836442576 46.8450340071644 33.038341485662684 32.34988571262936 28.13791871406282 36.073159341508756 10.383088204653887 45.18106104867094 0.0 36.914657063830205 19.497167060483292 23.801486243405435 17.061324132219568 16.643790725839423 19.558611157772035 8.915885056921496 26.613135113051996 4.693562442930684 34.60276561518347 5.187969918356998 38.189750191372966 14.584534394138444 60.82180073669909 0.0 58.14642855542991 15.629438115658559 59.38186827320389 26.24457805690311 53.80074493281727 34.358912861750625 44.04455023859293 36.08158231349715 41.64118836442576 46.8450340071644
84.78824154600557 110.87601796365522 23.479670815229014 0.0 156.38935338964467 103.0654535654801 174.85432176017702 86.0157762954135 255.3598841207695 20.834826447532166 272.12451741070447 86.09974072829615 271.05903796031566 141.0018839971326 329.1578963895835 229.4801070551572 232.84631136938393 243.48700924674955 170.1159356550728 175.04688431424773 142.3827806198335 194.0500124719046 73.75047815850365 209.7416934640013 0.0 166.18169534993217 84.78824154600557 110.87601796365522
135.19633070447168 103.91662422387999 0.0 109.25736628365853 79.84751568359653 0.0 168.16553632214087 18.979590182470147 135.19633070447168 103.91662422387999
340.32095264436384 196.9576985344345 206.3286335012371 167.15095792985258 219.8132888673045 254.4339673969568 163.2256586036213 303.59116042228504 69.1846276672339 324.45979785087513 106.47333197231495 181.68011214770303 0.0 176.59026377037773 92.5022653313309 118.61826489121704 1.0393026018018645 19.651649875863356 90.04330485278959 0.0 160.08105414554853 34.01241444394135 209.03429573853637 7.553729199532896 274.13456210861057 15.204847575262107 297.3844721530305 72.15869047466441 313.8894868437967 126.34029783435439 340.32095264436384 196.9576985344345
