70
214.46453566073092 0.0 214.1135417610339 122.0238073948094 144.33683485437007 187.3424708878818 0.0 144.64031794179581 81.60668573260577 24.672813658319683 214.46453566073092 0.0
70.28252601365227 217.10363509539474 0.0 107.77792542991935 102.78302129370837 33.857003378843984 184.02898875950115 0.0 259.51715249513836 36.6788462533151 273.9045238287026 113.20742059632133 284.13556014248365 221.42943535256978 178.77648834508602 254.90251025050782 70.28252601365227 217.10363509539474
139.62282726765196 246.9306099041553 87.43455907755455 278.95513015058606 78.96636002111836 216.455510273975 0.0 213.214179624126 14.307415375718904 156.34190266375606 20.573274315610092 107.95112231847881 61.76374273743812 78.06940251761951 88.2266357383491 31.893063865737375 137.58338261961515 1.5324788638048972 163.6951490751031 96.79320597967833 288.620056050842 0.0 300.73851422212067 81.18208819340393 256.8448274385968 149.87645685707153 287.53426934374875 211.8872082124746 246.92886351592782 260.82028267897795 193.9086414593282 287.2262929381842 139.62282726765196 246.9306099041553
62.10601359362573 129.4595491371397 0.0 87.0432483617117 19.79998191208793 0.0 62.96385664661875 65.78827350177932 156.60166422066226 95.68359470401145 62.10601359362573 129.4595491371397
97.32962141421747 72.90781950711921 135.08598036695034 62.50424171402035 176.6217287238444 85.62712318074757 147.03002587767247 113.19092373662663 155.81451587222494 175.59518877769545 99.74939781080198 144.01448572410243 75.73491676503394 131.2787228526699 35.37545604590605 143.08891229561004 0.0 120.42389207045993 31.622900352953934 81.3262688965628 27.723511240064397 50.66032996161613 50.44552632998068 29.394633767044603 82.61879634492328 49.98263252011121 111.69459067930828 0.0 97.32962141421747 72.90781950711921
231.82505835767435 52.64038558191848 208.9496345169436 108.59716518217662 177.90072785756684 152.82744025815595 129.19446673721245 165.39503311612344 62.59985984089727 226.57564931878375 75.65236680251627 108.13721992926627 22.291045823053565 94.96478071375766 0.0 38.17872734173833 69.88070619329224 30.148165696915633 94.96837083471246 0.0 118.90706705913833 49.780265894055646 131.9178507605456 56.416010575312285 231.82505835767435 52.64038558191848
54.83883944591629 146.3939748219952 16.07926663705686 141.28084247752096 0.0 104.15844864548737 11.293280499678787 72.56205561636179 11.373373610353326 46.603400699459854 17.322018817968512 0.0 58.9177090196721 39.140232603791475 98.3696952249625 6.373595219764951 89.58384196798326 55.09415507591693 166.05274512616091 76.00857491671998 134.29690040102759 119.62128569533101 90.18615753082119 134.76308790736581 54.83883944591629 146.3939748219952
158.34603849223518 26.63183789218391 219.61169353594116 60.860902620041074 155.8679837982838 116.38643497761421 151.4479420186495 158.55778535296818 99.20758411541024 143.21325915896648 74.52687513103055 178.24418337774313 53.04959801336402 143.33283779398067 0.0 144.78966758747976 9.591531177442064 102.25520744048106 16.148646690741444 69.80564352211596 57.77225030087888 69.13528645275025 62.92213239730418 0.0 90.61580525025909 71.9508328470435 158.34603849223518 26.63183789218391
92.7682385832669 88.75703831485652 51.811267864449675 90.77647865923817 17.816580190520696 92.54039211075289 0.0 56.795568134491624 23.465921917194322 20.06391621496602 70.87144148885672 0.0 124.62962305082965 36.55811289648654 92.7682385832669 88.75703831485652
160.82528222977282 161.18404720940214 0.0 108.04417963601782 150.51380690433007 42.788784658163614 259.99919226809595 0.0 241.14195284276906 117.15385615270948 160.82528222977282 161.18404720940214
91.45799251264847 3.0003036102499294 271.109653907317 0.0 204.8776284419932 195.16341398502982 0.0 238.84586197254873 8.08355770484215 59.92430424344256 91.45799251264847 3.0003036102499294
216.51859741421475 121.90352265033273 302.41678738855023 182.83995926435676 218.93689810512905 210.3667133225437 190.97568009152758 279.44993972960015 121.5441530510698 269.55696333403057 57.42885926863718 257.5300183853612 27.728120913151457 200.53953662031012 0.0 150.1280066172679 42.52615274632424 102.53964021921104 6.496560027393315 9.297157363395655 91.96179490634742 17.312618441524236 147.16362824013194 0.0 143.97282097946632 119.4043609518825 264.1443377772139 47.33414316051761 216.51859741421475 121.90352265033273
18.754599914760604 25.724110992130456 76.3069010108864 25.343770333466928 159.24949360530138 0.0 171.337779802824 96.38627940057785 81.97651857123073 88.87392472703132 0.0 106.8718076143355 18.754599914760604 25.724110992130456
103.79021609033941 32.250926085258925 168.1318126968623 34.676224391664604 141.65622651706235 91.3411312571983 121.53714260767934 161.60164845631672 77.7767500096807 88.24626659538274 41.96916221265244 85.73289977893884 0.0 28.41398455890848 63.38130947273383 0.0 103.79021609033941 32.250926085258925
26.212928071498723 43.066056292246 0.0 7.6156242208311085 44.99671346177118 0.0 86.36383505096703 44.140290607224586 26.212928071498723 43.066056292246
70.38263150230374 103.40695497306663 0.0 164.33444613462532 34.408492579588824 102.91158393257498 5.797860169415344 81.60541207974286 7.128678958928759 47.61364074409381 47.61962893426153 44.855718561531994 69.02571341189426 37.70078114611072 99.48816711857181 21.33710332381135 165.73994131617968 0.0 173.72184918454073 55.99537284724616 155.70826781538796 97.321726112284 123.6817805500231 119.12689529617441 116.58925154728595 154.1596899263436 81.3900257598258 151.5155985878192 70.38263150230374 103.40695497306663
0.0 20.739314233486212 19.272330526328872 10.46007510156214 36.86763337580767 0.0 59.72223397009827 10.928398589210673 56.59146962797362 34.7385930185381 39.303448668237095 42.442181219832165 29.12500880478912 31.934021751019927 7.453193016473676 41.80822939399401 0.0 20.739314233486212
267.1920798369989 259.6585319507517 123.91840120098963 257.7691767822208 0.0 172.6359649582514 84.84449324182944 0.0 236.12327707128873 103.25976830022006 267.1920798369989 259.6585319507517
65.02706406913727 33.20016584501895 110.08423955233837 46.81155082440545 124.30920625395073 110.30210419282659 62.17912087297992 120.52261903640388 45.899754745845556 51.94473452445508 7.088952537756114 55.84856945827158 0.0 20.615814399672864 36.91953608401599 12.746708765491114 62.92363562020485 0.0 65.02706406913727 33.20016584501895
132.45021018009177 0.0 167.5043842299646 101.00842614678754 70.48790870753301 104.38553283733788 0.0 74.38982646839716 66.9225670170473 42.133715538614574 132.45021018009177 0.0
76.67359291755027 58.21234835781824 0.0 47.35884429125693 60.981009229829326 0.0 122.26654881550112 16.66176410874141 76.67359291755027 58.21234835781824
47.122183168693766 62.391727397061246 0.0 43.271342078379405 42.568377279441336 0.0 106.7231260689858 9.218536531824896 85.86549547749614 70.66540589259837 47.122183168693766 62.391727397061246
27.013212959472042 154.33816372015775 20.269879715833554 101.91664416115638 0.0 46.785710192189015 63.02355531951309 54.35063733168927 109.62758589620354 0.0 206.1329064021458 13.028296841439328 100.15588846757204 95.14508547597858 100.34597639184044 118.94112518132259 77.81974448988885 204.9195800056189 27.013212959472042 154.33816372015775
99.78739714326696 123.60928235092412 61.897784013136686 109.13185047372535 22.108663407063148 119.94989644644416 20.19367492720454 78.5446996320258 0.0 39.99991777701396 25.886507917255813 0.0 69.04558467144295 20.100931766374522 109.27582826527504 16.478597263825556 94.40157545060976 61.6409627152384 147.70345718490043 102.44248421765552 99.78739714326696 123.60928235092412
215.5538299170684 85.71814026880897 147.47199426811466 153.45162368545033 76.07455798021024 211.27670235410284 0.0 148.09537955930614 10.598837110866953 60.243011648079616 67.38415228896153 0.0 128.69856841157696 45.79199266138062 215.5538299170684 85.71814026880897
107.43526732103606 0.0 123.01290766071156 28.928522224958378 146.2370573962789 58.52601147317025 120.78050637256393 85.77508192962918 89.1158601325344 91.08783249308911 68.47467217775944 90.1480327529699 33.886340406342384 129.59733884680162 37.28534371570754 79.30150328061617 15.43060571778085 65.45233318041349 0.0 35.43452591980836 19.425090055310363 9.30560634283362 59.9688895153769 37.27480675810934 71.98525045643603 12.149906871331325 107.43526732103606 0.0
237.52337141538288 178.4000756354745 197.30132644437083 191.83049480000966 163.54011243124177 208.449954958717 119.55295313366778 223.58508517161255 79.79585052716973 201.52902319627714 5.783328005223041 187.0420525799317 0.0 120.85776253267483 68.32462692958234 79.81852829188844 41.30759504238995 8.856366130507496 111.02452262361018 15.994677175116792 153.22663417937207 58.66541831974944 187.91700400460707 18.04977897424037 252.88536837086752 0.0 299.70336244158807 37.809365310168545 156.83497253445773 107.7639968408875 244.85878515491737 137.05530161661065 237.52337141538288 178.4000756354745
116.24316854990872 0.0 151.046298105235 39.50720683862207 215.43658050676584 28.767948503341756 215.8684607419528 86.06533507832697 153.6598809274372 117.27125297768288 225.93823648031042 188.9415171714263 162.0561988033014 184.57808308655672 125.13327681006618 168.7783378577143 97.86511596324017 171.86313151243917 71.78541457329858 156.93336330180506 0.0 148.13118675807533 48.868634925933335 99.72129115733686 51.112426744439645 61.54665808379311 97.3755501567868 66.95330484132042 116.24316854990872 0.0
281.85808461189276 299.7772456985575 175.6652028409319 184.01975913452986 143.6352231434012 287.51019715828903 109.63442844465357 240.0588230155272 17.496154708300992 249.53823130042346 0.0 177.48163296565482 114.63237523407645 138.0227852228233 96.86650945725711 90.72665693480923 98.87819042603988 2.781975689864339 163.62630978059212 0.0 205.64221300114966 66.32724579198258 299.8210824503317 29.5278507718277 297.8667502851823 106.83178258677404 212.83479803505494 157.15742172348018 270.826576104178 207.73741284742897 281.85808461189276 299.7772456985575
51.37176499795001 78.37495608980171 107.81355446420955 78.32888225020483 158.7790102931882 0.0 274.94938204426296 3.7436738998906804 317.88190114130254 113.02406731675703 291.8606557751978 236.51554391616935 187.10951026621728 292.997501313861 91.03041390639336 262.76051502825186 37.62022773726676 197.0730198418346 0.0 133.24462491027205 51.37176499795001 78.37495608980171
139.5685452381045 24.04124002704394 150.03606701054258 57.72257854059666 186.11416422426555 106.86344071297627 138.06063476221874 136.4466225880089 92.76275573652566 111.56304953396825 67.1388905652555 113.18055545210647 69.06416397490227 83.33997721362658 12.544442189995621 66.75752543856464 0.0 6.12232458785131 63.41003657219672 0.0 103.48798741842697 10.665922754915279 139.5685452381045 24.04124002704394
105.84997372738951 0.0 125.1024183540038 16.210041250327656 128.3055610358207 40.58175296275549 183.3352395653484 34.83537084200435 138.5768406132512 66.2206172778816 196.153917412677 107.94065406282171 140.33724131336282 104.53451617084657 111.72291283725376 87.89662368682086 100.23406509033829 161.5729303861574 56.58187552959283 169.04134617060447 64.47111139814473 101.10754557364952 84.36841668014303 71.42858615196094 0.0 62.849314615689394 7.0203859594504365 23.04191671318558 49.25921085477826 6.900693453538956 86.6200527860043 21.9462377550321 105.84997372738951 0.0
217.5859219972059 158.6422924980913 134.2547388483465 181.19351135149174 73.38955049233064 186.1971472097846 0.0 133.16449441457257 82.78245671206327 86.45130902964988 132.37779477982923 0.0 206.1811002789682 67.31688487337529 217.5859219972059 158.6422924980913
180.9033223176496 78.9270095350964 151.99291396390555 129.72181127507247 99.12619234357132 144.04469437946597 54.66028975935514 115.31029449015101 0.0 69.44848929507224 57.34562946770498 27.025079258695527 102.9299016705585 0.0 158.07070425864225 23.10934641979332 180.9033223176496 78.9270095350964
0.0 2.1628426023590706 74.29017963914794 19.959728897576944 88.6155413125645 0.0 108.21850893794036 14.396363354664452 125.72238289795402 25.500320019427882 140.89920883449665 44.62482017762674 134.18135061739002 69.2212219841812 140.2950606171006 121.48114521404517 95.02501527114107 92.10864825215097 87.52996641226669 56.96315349089381 29.642668623262757 87.99578629355159 43.81016716921613 50.97115840706734 0.0 2.1628426023590706
0.0 34.75811105091529 5.841978169243447 12.956439284058064 21.296855229695566 0.0 35.73972109853855 13.743744169937798 49.872081796532996 24.564612074876862 43.66258593799674 48.2725074052652 24.23171868478589 32.56848171458469 0.0 34.75811105091529
28.668244376988667 49.935821113343906 0.0 25.729536806254586 18.43798116543809 0.0 54.197460119731716 13.93061501425484 28.668244376988667 49.935821113343906
82.2426492178252 142.4086184930641 0.0 87.1032730634542 51.41295539655562 0.0 157.17335319253016 43.63805933524111 82.2426492178252 142.4086184930641
77.70420141500689 54.46657389708268 77.76896837336672 68.76463454724352 69.41673682275675 67.42968744554507 52.60835767197378 74.23161090137634 54.04560223285476 58.222777783301254 0.0 46.09302881609983 39.31254462434384 30.440837365745026 55.48580056950274 24.741757153384825 67.6234556546333 17.73467911742054 85.94976042872044 0.0 80.53011131833138 41.40020938399961 112.04416257053664 32.224820724708195 130.89176083782593 50.54332367861585 94.54281679555716 60.07778402755551 77.70420141500689 54.46657389708268
70.36724800747432 10.84387811660514 96.39479885541763 0.0 167.73716368514093 14.937225703923446 111.9692943157161 63.1630524917598 74.18525678395272 56.83994610182765 0.0 42.99564201566601 70.36724800747432 10.84387811660514
78.93602613098626 31.559453455305402 107.78277046143435 0.0 146.2635737402588 26.77534468178372 131.89004967544852 69.86903026164448 127.56959193396958 144.11695768534736 58.37785816315008 120.68310119098273 19.05630966868702 82.1608075823445 0.0 17.204475639052703 78.93602613098626 31.559453455305402
137.71016510303508 0.0 289.3415658969486 54.16545319130651 114.75402219049595 159.32492487490455 0.0 23.039195562000387 137.71016510303508 0.0
27.327826351851883 44.9403032859286 0.0 32.46749774650515 17.711146081786524 17.662590344141925 31.276219439733097 8.523009745478241 48.08567482730703 18.44241618838837 57.033530828796 6.060689973886859 74.42804596925338 0.0 77.71386706996638 18.13891621120984 75.27987081973433 30.910045551761947 72.58999184685206 39.386897501675996 96.43559893158232 60.50997242076212 71.92222569068696 60.0964923967696 63.48151305775073 71.70840507595852 50.3053648281615 70.62527996744939 53.266912867871014 37.19229619627969 22.076683573505363 62.809970000601986 27.327826351851883 44.9403032859286
186.92140816385393 101.17520338364065 265.4268432682698 176.74731008280742 178.83745824086145 204.50594202681572 107.00230896979376 213.4976421795497 52.0250343124344 168.50864299928804 0.0 93.51209883047441 78.50453025967877 44.79024833147038 135.21810548521228 0.0 224.99186104306688 4.780847415698929 186.92140816385393 101.17520338364065
0.3975248836771641 102.66298950780597 53.098753949509245 58.073530299236616 0.0 9.623984142513706 64.5736576503627 23.63809524117682 83.65396020729604 45.8162901214995 117.98551183360487 0.0 171.83299430277162 8.755375121080554 168.74169394853834 60.31576854339841 176.53020853305577 118.50529792676429 136.1745370101123 160.46722368866003 81.30229440722992 145.1408487416163 65.63189020067176 88.62994153305803 0.3975248836771641 102.66298950780597
125.91587506817345 145.45962972318955 75.80551257094962 177.73686587997963 44.09935222224294 121.66410177199661 0.0 83.26506632427161 54.498764063991985 48.87589441648191 73.24085614242159 18.338389290278833 117.53416656206106 0.0 178.7757726668417 10.666213524278959 231.5921649252958 66.09523962174198 181.73972464939402 129.91809804097 125.91587506817345 145.45962972318955
95.36940951536643 182.61630288282183 0.0 182.96223546096533 53.91577530245648 98.27528026886134 29.58428746696235 0.0 127.1255296957244 10.79857149599016 202.01303272535702 43.231346497367156 204.3549458412054 122.68612210613756 159.54237332875167 175.70551969748752 95.36940951536643 182.61630288282183
129.76149811665218 14.132896347505323 109.41622794015755 77.00373226243413 43.577603444530155 76.97682534262204 0.0 9.549812998480917 76.17383321889646 0.0 129.76149811665218 14.132896347505323
37.75381087238237 0.2880571778945722 63.05191350613473 0.0 48.194800461020215 43.76606824716993 86.61175605634833 41.07945580441109 91.69917114078203 65.93253316899296 73.88350470446548 85.11788590205794 47.472322434197416 72.95147779538064 29.48183599394843 82.35318292927312 0.0 81.22514055005644 25.86952963264293 49.86684691029537 27.33076647278549 40.72426360291343 35.34924346258885 36.88957830538862 37.75381087238237 0.2880571778945722
80.86172767092982 82.76864449404214 54.004173747595544 128.4562845034387 40.415811182189 98.35694223519056 0.0 80.97361752973998 28.92478776856199 48.70977666624131 24.029161798770915 0.0 72.06632846975498 23.941153180404612 99.93707049579484 14.901198595491188 134.54778806246935 23.989476605739313 102.05690640513133 64.20355278750687 136.46847433285575 92.79702260243195 117.87949202920008 120.74928941037598 80.86172767092982 82.76864449404214
41.45124910323452 102.65957643829633 18.846771106923185 53.2960991523387 15.95397972565074 42.31023393081442 0.0 6.203468647745538 38.95888364143099 0.0 112.01124024087203 4.673292846476684 80.95713914302287 69.96052359550943 41.45124910323452 102.65957643829633
281.50901670433217 128.62713567233234 241.8600170924414 190.33168460234833 178.0131666359869 204.40526095648977 155.23368739024534 223.87220963612342 126.45609910517388 240.5031879528208 70.49708882506391 276.29666402036094 86.96722305146409 192.18061063438313 0.0 189.6148879413686 22.807228625658496 136.44622938030344 55.32872452655755 104.9936939888851 84.98307785495047 75.73502000755263 125.64901122491149 33.141175641389594 205.95110606102713 0.0 235.46414016182285 74.03453337048498 281.50901670433217 128.62713567233234
54.083616436588585 120.62318205373698 0.0 39.063434837328515 85.02426232493283 0.0 146.5381773969004 20.61728596987806 175.86054409740777 53.15402780803808 198.63205424198753 101.01443697901627 148.5096366938799 120.83515733662462 105.46387351042387 159.02919192108578 54.083616436588585 120.62318205373698
0.0 88.19944798653371 40.449404192846075 33.39456337761702 102.88675463213639 0.0 140.48793316835486 56.222780575864135 195.09799681071058 87.07706013106126 274.8929451702468 204.99095123624556 139.82348571629427 206.59061035535092 65.1159178356856 211.3228476262077 32.25662823294249 145.12018028601113 0.0 88.19944798653371
15.38237244827775 80.16693881516824 16.402961156809447 57.24021464063179 27.01268921943001 35.96621328640005 41.659785757888514 0.0 75.19926300637502 22.432565950448378 80.60195013706699 59.61095722056851 100.44650029146744 59.27534211375476 112.23921224836202 74.37530297931607 145.55503118429283 102.92688043701546 114.40733833323405 120.65938069004636 89.0122834260816 127.32682652123779 66.52451807776302 95.81283116862593 45.4930879278826 136.9057508708372 19.405422942364645 131.6038715709073 0.0 109.56638645846833 15.38237244827775 80.16693881516824
39.706203729173524 134.9077187333897 0.0 125.73983941920436 26.205937237204353 89.51511367877593 15.862853475111251 62.21621477319013 35.9692984970834 44.16317647290871 45.03020482992983 9.967405725260235 78.76277110523026 36.51992705443463 111.57347906204494 0.0 125.52117323698812 38.78515644370538 167.61212148551084 43.46556083678694 204.2790771402698 78.76990912803787 130.53398177937555 102.96851110156051 117.32864486005889 117.81815157164773 126.42335912506317 176.84904920426015 86.54275751651788 168.59015764632107 66.20217974098028 131.6207621316717 39.706203729173524 134.9077187333897
72.9487067843726 42.598272654790634 71.31809144984197 0.0 111.81107578211319 2.331481836273298 131.98577966363277 30.192269827741 175.43346481332935 25.081693638378624 215.12844519383313 65.19665665135946 200.8995025992884 119.70188093665243 152.58173034106625 150.26192516317366 92.83666494356069 189.92198933584868 15.850070588702465 169.3678133482339 0.0 91.81590081113686 72.9487067843726 42.598272654790634
68.64183934534272 6.640277909465965 98.4174951843847 0.0 117.79949278308143 22.43594369507025 105.61492157322255 55.53246356679554 134.18222612981563 73.61895699601226 124.74094845073783 100.25997977748916 116.48667420255765 130.42281998404627 75.52779253775684 106.61027523673631 60.836431191809325 111.76542086922136 41.02557560694612 115.18314077162093 16.313924079151548 111.87598495958885 6.097568075318492 88.45982204943498 0.0 65.5997042909233 43.60775749578397 60.02920812460239 28.54332646958295 28.85461042440734 60.35067591261685 58.62022066585429 68.64183934534272 6.640277909465965
0.0 183.6610266413886 103.51851315695643 126.73411186445236 105.94824702098481 75.65728231560591 120.51899848763696 0.0 194.6283813290091 127.67679306467872 240.80146901728253 44.56690906645103 346.53405637791974 14.162017119230399 330.1500788472425 106.30982013547418 336.2704375895173 162.7989237141041 300.8349739010225 210.5781866374053 271.8573138600589 251.13823979392058 225.83068008365376 269.8234090333858 183.04904354538445 235.0712810694862 134.32633512601305 250.22327828817794 68.04474678641861 238.59109841035686 0.0 183.6610266413886
155.98188628869036 67.73179906200829 56.42995608102328 87.91743123333939 0.0 52.60657512004702 61.064319262105954 0.0 155.98188628869036 67.73179906200829
10.720751431085233 38.60269198078138 0.0 13.755454854679762 20.81494798932438 3.8823018643497136 41.555068966830746 14.152594186105127 56.4812781228642 9.10039667328919 86.14275217368471 0.0 66.15118945647069 36.73887271550422 120.39376445348931 45.870916311858174 104.08342911537078 72.75767042906247 97.48472762643539 102.9017051804386 61.85600524337532 93.57333764537447 38.80062602519634 111.13988897827801 26.19989429286815 79.39446383230788 24.56549639366203 61.020405428407365 19.680867139439954 51.83949657450565 10.720751431085233 38.60269198078138
51.11380567256453 23.96394383407757 67.95516184920851 45.57703918417896 42.20529912974785 55.564203270119606 26.350562179301825 44.647485369120886 0.0 18.490409038350037 32.38019640878091 0.0 51.11380567256453 23.96394383407757
86.10648425069321 101.14635101437551 0.0 59.21331713285839 96.09481113039476 37.87485705871097 132.93715657945188 0.0 161.55223200853283 47.10519071026661 168.70760576327507 92.95333927197032 127.37053937185354 126.45276111400668 86.10648425069321 101.14635101437551
63.11244716183961 6.996598657605162 82.18416592892167 1.399324797358581 104.79623199107317 8.368158580971993 90.33270932564366 33.84985409307937 91.75893573821179 46.89542923014392 92.56747407529204 64.23461772055991 85.6976420535131 88.05670518494797 61.626888766720356 69.37689914651337 33.84634324053992 95.5825827791085 9.657535515196301 78.62265644873933 28.30349421137406 46.14390229725181 0.0 22.26544664949354 22.747358888029567 4.918841941815714 44.3862937518949 0.0 63.11244716183961 6.996598657605162
0.0 16.009819697276512 109.84556851796725 9.653273171850586 197.29264082821248 0.0 258.0266000276445 70.5447431074212 279.53069430506366 162.87518846476607 205.21412716404944 231.13411219346517 119.95555374894008 220.0600426602062 64.47496399457907 182.01465090182774 77.51465659787651 124.40572411160534 0.0 16.009819697276512
136.8154389407478 98.59863339937685 53.79675676705391 132.67009063932534 0.0 71.64321018807267 46.90964321966317 16.679075565101364 132.95290955065127 0.0 136.8154389407478 98.59863339937685
50.29460871476407 1.8107555470875099 60.87985942437611 7.312332763294506 80.16322457361052 9.795488271566057 72.15447325259302 26.754511916124727 78.11438170737905 47.74606948578932 52.36938109438891 33.517945781618636 38.3443158715864 60.98540842634327 34.57551186025097 37.15747609225315 34.925431708832704 25.869516993962065 0.0 0.0 42.32509526258488 12.17952149392896 50.29460871476407 1.8107555470875099
42.41694584045177 54.73071954224522 167.29289899223656 0.0 166.05094820521464 132.81583458374826 74.8590398971686 162.2810674129422 34.74493343359027 139.66690626326772 0.0 126.03814811566649 17.849009285684865 91.76762450661546 42.41694584045177 54.73071954224522
151.48887880738448 213.0770279591394 0.0 165.31747043068827 201.82879642128674 144.95456545110096 156.98755352654916 21.70122733505241 235.4493959775134 0.0 286.2486519184333 73.40634942720413 293.94394795416815 128.7062434313235 432.04722850754416 164.53058973938977 382.9486872734062 251.22388607309713 287.2463917661877 263.3696686846125 229.92551833179726 333.7844180744355 182.59925970713562 250.93969730642118 151.48887880738448 213.0770279591394
186.720279668361 61.729300411771014 229.70987228120418 114.43656684706075 218.0477517147839 192.67864815581248 133.6767157787873 184.54639748586405 93.8870945075268 152.7634820459586 0.0 167.1681686020462 32.826850825938635 92.37482786174036 10.773920680475129 0.21174101353904007 105.28106877802693 34.61620011076087 161.2274242003183 0.0 186.720279668361 61.729300411771014
